0 12.522
1 11.811
2 11.623
3 11.699
4 11.534
5 11.395
6 11.243
7 10.966
8 11.268
9 11.393
10 11.375
11 11.506
12 11.284
13 11.189
14 11.419
15 11.274
16 11.051
17 11.034
18 11.332
19 11.294
20 11.213
21 11.155
22 10.830
23 11.170
24 10.987
25 11.048
26 10.768
27 10.748
28 10.442
29 10.880
30 10.901
31 10.477
32 10.470
33 10.684
34 10.407
35 10.616
36 10.565
37 10.835
38 10.585
39 10.319
40 10.538
41 10.606
42 10.406
43 10.538
44 10.439
45 10.444
46 10.473
47 10.229
48 10.564
49 10.016
50 10.344
51 10.425
52 10.307
53 10.411
54 10.748
55 10.430
56 10.441
57 10.627
58 10.232
59 10.303
60 10.297
61 10.244
62 10.360
63 10.520
64 10.289
65 10.160
66 10.164
67 10.046
68 10.054
69 10.446
70 10.349
71 9.827
72 9.867
73 10.187
74 10.570
75 10.498
76 10.199
77 10.073
78 10.556
79 10.201
80 10.525
81 10.151
82 10.098
83 9.909
84 9.977
85 10.205
86 10.220
87 10.118
88 10.478
89 10.092
90 10.091
91 10.273
92 10.202
93 9.864
94 10.301
95 10.088
96 9.720
97 9.574
98 10.180
99 9.724
100 9.730
