2.00570585804e-08 112.844691866636
2.07779255948e-08 112.76801714765801
2.15666275546e-08 112.68711688966832
2.23511733366e-08 112.60952644843425
2.26989384553e-08 46.0102510893196
2.30775360356e-08 43.39851076268634
2.3915358806e-08 41.76866919218522
2.4474102892e-08 40.313111575904095
2.51551417477e-08 39.03139035545922
2.58389859e-08 37.96417755021822
2.6250952467e-08 36.84793586384647
2.70915120349e-08 35.68124930095267
2.77160002651e-08 34.46318728501482
2.84878543334e-08 33.04854244630049
2.95547739668e-08 31.69473662779712
3.01937587673e-08 30.618080852926234
3.08358247416e-08 29.553563473231733
3.17731544709e-08 28.33978203290751
3.28365434679e-08 27.017456029104466
3.39605809144e-08 25.703226729414144
3.50635441908e-08 24.57548708837972
3.57774943608e-08 23.59672580855111
3.68387913671e-08 22.631737569157536
3.77041743787e-08 21.661153284155755
3.8864261839e-08 20.61633681912886
4.01376665097e-08 19.622571210206104
4.09292977305e-08 18.7923022288956
4.20960753313e-08 17.86638913271085
4.34998504703e-08 16.848754122101013
4.47314387216e-08 15.90004856642106
4.61265011933e-08 14.923558464522747
4.7739678597e-08 13.859486286095025
4.96368369434e-08 10.900344626687328
5.07932465217e-08 5.803145449013812
5.18583525341e-08 4.631339835751238
5.30230148696e-08 4.121826199006758
5.4455868388e-08 3.5619770255842305
5.60131506434e-08 2.934945299236869
5.75427667568e-08 2.492729565214077
5.87090014382e-08 1.974582976466266
6.06724302403e-08 1.328014139064443
6.28317085546e-08 0.7582126530229978
6.50363798975e-08 0.24217768197623002
6.67206955022e-08 -0.1630701384759945
6.81593676378e-08 -0.49284438938336805
6.9827676534e-08 -0.9084772953650706
7.2248351042e-08 -1.344343136519889
7.43966922957e-08 -1.7484253293052738
7.59793454058e-08 -2.0742708489618202
7.74140265412e-08 -2.3852882562980007
7.99170111017e-08 -2.76064162969001
8.27817815135e-08 -3.1384825280848965
8.4814019401e-08 -3.4544198981829872
8.68493372857e-08 -3.778369141284422
8.94984966567e-08 -4.102765495530512
9.10932951605e-08 -5.285279788228593
9.26693872149e-08 -7.8360027490593716
9.4693776079e-08 -10.182630701650176
9.61993857387e-08 -10.925762746260872
9.87467089763e-08 -11.122259843611467
1.00498051926e-07 -11.833820768456867
1.02853190903e-07 -11.0345123683581
1.04800044135e-07 -12.273436373667607
1.07342854175e-07 -12.193383908699765
1.10756061668e-07 -12.416385798913012
1.1388637345e-07 -12.589418692876386
1.17995549986e-07 -12.656970160992884
1.20389785878e-07 -11.55416869605606
1.23204193039e-07 -12.648136324868162
1.25952280955e-07 -12.975571230699721
1.28973293729e-07 -13.116880777483196
1.3244044164e-07 -13.183597677211282
1.35367040527e-07 -13.289504993545648
1.3822090953e-07 -13.293854561349661
1.41231437178e-07 -13.302634067118703
1.45059270942e-07 -13.378625551753416
1.48769233337e-07 -13.356403825582092
1.52706219112e-07 -13.235124297088731
1.55733302927e-07 -13.245917318531909
1.58772923304e-07 -13.376684710861895
1.61958012111e-07 -13.389659707660428
1.64448154247e-07 -13.40935098720881
1.68703500169e-07 -13.47249201827701
1.73752573339e-07 -13.497398324410248
1.78526935109e-07 -13.630374208795438
1.83608235939e-07 -13.628171817312506
1.8935592224e-07 -13.73518111000535
1.98291862558e-07 -13.973404564917303
2.02986944957e-07 -14.048107787214285
2.06601928364e-07 -14.268799721547708
2.10548631953e-07 -14.543920440244015
2.15290769094e-07 -14.591841589253654
2.19467642478e-07 -14.711525735547383
2.23879040608e-07 -14.782048128014488
2.27572272895e-07 -14.763323287971325
2.3136639105e-07 -14.761110878031879
2.36169083673e-07 -14.500691259637293
2.40697007389e-07 -14.519085298991499
2.44810447152e-07 -15.10831711841847
2.50186867472e-07 -14.733842750459175
2.55956265677e-07 -15.13805527437949
2.61810236671e-07 -15.42308556632915
2.68063105521e-07 -16.080552272084084
2.75485409086e-07 -15.733707705849767
2.80923422044e-07 -15.728063506629326
2.87730906972e-07 -16.32507333026522
2.93598420877e-07 -16.79193841665495
2.98609175101e-07 -16.80433059769448
3.03848659165e-07 -16.942433912839974
3.09732221791e-07 -17.091969534981907
3.1451330546e-07 -17.143583804237657
3.19817524828e-07 -17.16002909110157
3.27448081376e-07 -17.50874837694844
3.33666297846e-07 -17.52556464198097
3.39605268846e-07 -17.420588682478325
3.44795956777e-07 -17.599106720143865
3.49810389179e-07 -17.779099774468335
3.57522372953e-07 -17.737608721320278
3.65227976191e-07 -17.989620621980613
3.70810194688e-07 -17.998870617526492
3.76440526555e-07 -18.06846052944868
3.82548451105e-07 -18.013479838116773
3.90054995981e-07 -18.117173636611255
3.97607740533e-07 -18.34631845536706
4.04150241432e-07 -18.721146800829175
4.11851080614e-07 -18.8169628267759
4.20602170546e-07 -18.82717222914186
4.30160164222e-07 -18.79655672009062
4.37994746734e-07 -19.02787111261963
4.4827200034e-07 -19.24857665992605
4.56328677199e-07 -19.348722458934184
4.63733084849e-07 -19.411613771499148
4.70561038594e-07 -19.460486954555662
4.77623151681e-07 -19.521268628328123
4.86756700828e-07 -19.52643145385081
4.93625499448e-07 -19.58393132590907
5.00064668669e-07 -19.550430038411903
5.11366160063e-07 -19.585036792767895
5.21867855391e-07 -19.62146971977657
5.301096199e-07 -19.74155324188598
5.3731459865e-07 -19.798393027963684
5.45330796177e-07 -19.833144298170915
5.54908107444e-07 -19.886167015805718
5.65742435556e-07 -19.938631689061047
5.72926790062e-07 -19.982526232575886
5.85367829666e-07 -20.022313180329483
6.02457368914e-07 -20.096091273322372
6.13832625225e-07 -20.088651384162333
6.26874662717e-07 -20.11245944586598
6.36919308173e-07 -20.160853520884103
6.43192254377e-07 -20.172030737247454
6.53403355783e-07 -20.18867309782768
6.61586156133e-07 -20.223073110059396
6.70750312817e-07 -20.231489324840666
6.85445438827e-07 -20.268951484000723
6.98206520494e-07 -20.310398413854188
7.10069056047e-07 -20.30036154534249
7.1945756406e-07 -20.29351184782756
7.29799683024e-07 -20.360464210491735
7.43515583858e-07 -20.434054856132818
7.56205357622e-07 -20.49678947949429
7.65095601237e-07 -20.45989061570294
7.74309467317e-07 -20.454755732851943
7.84139478109e-07 -20.48373994557671
7.92293257484e-07 -20.48284066501907
8.03364332881e-07 -20.54596432828925
8.16823135574e-07 -20.6043416204124
8.22856490715e-07 -20.604421689967808
8.39348391317e-07 -20.603136689893383
8.51418841968e-07 -20.573086354369174
8.62589713959e-07 -20.63796298454981
8.71862040143e-07 -20.67680878855954
8.84424374903e-07 -20.714551790853136
9.00685807014e-07 -20.741097832743563
9.15628045922e-07 -20.7742224126156
9.35069631215e-07 -20.78111619045574
9.49004454546e-07 -20.803121226714303
9.68022239879e-07 -20.82688992680297
9.85995528056e-07 -20.84815000104772
1.00305737103e-06 -20.863044965623224
1.02368478334e-06 -20.875381867032097
1.05123074494e-06 -20.890272129037506
1.08147773548e-06 -20.898412027564298
1.10005153047e-06 -20.893965744565968
1.13748920543e-06 -20.91412746780496
1.17492319616e-06 -20.92690673139429
1.20443091662e-06 -20.92885213686052
1.24981901486e-06 -20.960057361089433
1.27278762707e-06 -20.95419490355752
1.29559000006e-06 -20.962201248722337
1.31748769808e-06 -20.961622961827295
1.36044671479e-06 -20.98829770915256
1.40534826867e-06 -21.001336071514842
1.44621589694e-06 -21.026748079862664
1.48131787778e-06 -21.045643359961453
1.54720086503e-06 -21.123685352613833
1.588562969e-06 -21.12318963000385
1.61694525725e-06 -21.15154210741875
1.65855434411e-06 -21.159963709026854
1.7027144913e-06 -21.149573563952487
1.7440712609e-06 -21.116611141228674
1.79047954349e-06 -21.08739684513651
1.84182501437e-06 -21.056670273751763
1.88467017571e-06 -21.0189038608344
1.92166100035e-06 -21.001662601857163
1.9539238098e-06 -20.96160219877312
2.00130047071e-06 -20.92029404587501
2.11110599726e-06 -20.900840292490848
2.18706652246e-06 -20.83176492407805
2.28648820286e-06 -20.69264687643839
2.43033605383e-06 -20.50457145410327
2.54008016924e-06 -20.409481730774687
2.60658674211e-06 -20.39484677185397
2.69965398116e-06 -20.363503624581767
2.90157991958e-06 -20.344339418199766
3.06314484058e-06 -20.262079360193226
3.22362863134e-06 -20.19370353256666
3.357149673e-06 -20.091538549339298
3.57669442182e-06 -20.008224244710043
3.78196901633e-06 -19.9128422321294
3.92010661659e-06 -19.834009261887473
4.03504172386e-06 -19.768540891476867
4.15710886036e-06 -19.708672670496952
4.30967632201e-06 -19.592003371096503
4.44320929247e-06 -19.418286343330003
4.5490261393e-06 -19.323175350077918
4.74298082363e-06 -19.280979998728483
4.99595374435e-06 -19.226493768586238
5.19784556163e-06 -19.14905214564545
5.48176298309e-06 -19.11127941561808
5.67048574245e-06 -19.04112230468811
5.95799287829e-06 -18.964081213186795
6.39151471106e-06 -18.90120022083469
6.63270850989e-06 -18.774865024681894
7.07514291256e-06 -18.695935695060605
7.42968647149e-06 -18.59914665945592
7.68283292968e-06 -18.5031116723475
8.0474579762e-06 -18.397628075933028
8.63105619529e-06 -18.284280780752702
9.22052727429e-06 -18.215042102679853
