2.00570585804e-08 -4.400094262423348
2.07779255948e-08 -5.9971924955293545
2.15666275546e-08 -6.516982446808925
2.23511733366e-08 -7.062282317827588
2.26989384553e-08 -7.584098349929846
2.30775360356e-08 -8.499599102232892
2.3915358806e-08 -8.71933877010759
2.4474102892e-08 -9.828914164750216
2.51551417477e-08 -11.471423459217313
2.58389859e-08 -12.206717650778792
2.6250952467e-08 -11.50874525312841
2.70915120349e-08 -12.211553517311394
2.77160002651e-08 -12.410882339851469
2.84878543334e-08 -11.758962013817666
2.95547739668e-08 -11.8692562942827
3.01937587673e-08 -11.95097902307181
3.08358247416e-08 -12.52418055939053
3.17731544709e-08 -12.998106454631682
3.28365434679e-08 -13.429760784027685
3.39605809144e-08 -13.089450690314727
3.50635441908e-08 -13.232526869925358
3.57774943608e-08 -12.430299244197691
3.68387913671e-08 -13.473252048878734
3.77041743787e-08 -13.578620409983252
3.8864261839e-08 -13.592644825345694
4.01376665097e-08 -13.815533296667262
4.09292977305e-08 -14.231702367007443
4.20960753313e-08 -14.0632074118965
4.34998504703e-08 -13.512229075776375
4.47314387216e-08 -14.358794799155206
4.61265011933e-08 -14.595241307530081
4.7739678597e-08 -14.783473186393579
4.96368369434e-08 -14.94663140810578
5.07932465217e-08 -15.153806981274705
5.18583525341e-08 -15.53555745776876
5.30230148696e-08 -15.199816415637429
5.4455868388e-08 -13.583909466349532
5.60131506434e-08 -15.592429310799616
5.75427667568e-08 -15.72535665895716
5.87090014382e-08 -15.946278291196087
6.06724302403e-08 -15.93326798096539
6.28317085546e-08 -15.791951195543831
6.50363798975e-08 -15.946885384511319
6.67206955022e-08 -15.748622690866668
6.81593676378e-08 -16.004977672500473
6.9827676534e-08 -16.037746651890707
7.2248351042e-08 -16.358771066655507
7.43966922957e-08 -16.253541697139696
7.59793454058e-08 -16.25676749368418
7.74140265412e-08 -16.138115509013616
7.99170111017e-08 -16.288095635803828
8.27817815135e-08 -16.506805064543798
8.4814019401e-08 -16.431469156206724
8.68493372857e-08 -16.654632955195126
8.94984966567e-08 -16.79765312126566
9.10932951605e-08 -17.270661602837144
9.26693872149e-08 -17.894738025985767
9.4693776079e-08 -18.330136442816723
9.61993857387e-08 -18.328254131689654
9.87467089763e-08 -18.067403073897843
1.00498051926e-07 -18.592565213018098
1.02853190903e-07 -18.43229704443835
1.04800044135e-07 -18.864451348912255
1.07342854175e-07 -18.76649128400519
1.10756061668e-07 -18.82648007759876
1.1388637345e-07 -18.878106539979925
1.17995549986e-07 -18.816520913904164
1.20389785878e-07 -18.535636503389462
1.23204193039e-07 -18.867870938070133
1.25952280955e-07 -19.04728525928327
1.28973293729e-07 -19.09888946787079
1.3244044164e-07 -19.140510316209976
1.35367040527e-07 -19.183610798379384
1.3822090953e-07 -19.10792715811413
1.41231437178e-07 -19.096345783016154
1.45059270942e-07 -19.160602288726004
1.48769233337e-07 -19.14228734125672
1.52706219112e-07 -19.002555805723176
1.55733302927e-07 -18.95598808809769
1.58772923304e-07 -19.09109033347419
1.61958012111e-07 -19.126570435295008
1.64448154247e-07 -19.154410924576702
1.68703500169e-07 -19.190203552813053
1.73752573339e-07 -19.178758429202887
1.78526935109e-07 -19.223751600612353
1.83608235939e-07 -19.17277828737255
1.8935592224e-07 -19.158427702374787
1.98291862558e-07 -19.23916072738502
2.02986944957e-07 -19.249219683199975
2.06601928364e-07 -19.25400715282992
2.10548631953e-07 -19.274977778308617
2.15290769094e-07 -19.268771626690807
2.19467642478e-07 -19.274685506599248
2.23879040608e-07 -19.24425872985411
2.27572272895e-07 -19.25452727738042
2.3136639105e-07 -19.16294889285448
2.36169083673e-07 -19.14435391129107
2.40697007389e-07 -19.14231713338438
2.44810447152e-07 -19.205539699717633
2.50186867472e-07 -19.17618254750721
2.55956265677e-07 -19.202307199577312
2.61810236671e-07 -19.252863327027896
2.68063105521e-07 -19.34171305307212
2.75485409086e-07 -19.282165405454826
2.80923422044e-07 -19.260953561869734
2.87730906972e-07 -19.386284928369413
2.93598420877e-07 -19.484968668149854
2.98609175101e-07 -19.49990705360709
3.03848659165e-07 -19.537036652618767
3.09732221791e-07 -19.57570923396502
3.1451330546e-07 -19.58682208729158
3.19817524828e-07 -19.577243561019422
3.27448081376e-07 -19.683266026852493
3.33666297846e-07 -19.695624036977527
3.39605268846e-07 -19.667613867022304
3.44795956777e-07 -19.71549419465368
3.49810389179e-07 -19.77347731004805
3.57522372953e-07 -19.765873208980558
3.65227976191e-07 -19.847003796502534
3.70810194688e-07 -19.845487858023432
3.76440526555e-07 -20.04395586884778
3.82548451105e-07 -20.183768050027567
3.90054995981e-07 -20.262491534018814
3.97607740533e-07 -20.335797528949513
4.04150241432e-07 -20.593332418514343
4.11851080614e-07 -20.56216880412591
4.20602170546e-07 -20.64509655469478
4.30160164222e-07 -20.592079532990716
4.37994746734e-07 -20.684512048048
4.4827200034e-07 -20.83005961337546
4.56328677199e-07 -20.87940637860944
4.63733084849e-07 -20.91065366471627
4.70561038594e-07 -20.929185031839943
4.77623151681e-07 -20.966812059564077
4.86756700828e-07 -20.96420888832995
4.93625499448e-07 -20.990058863413914
5.00064668669e-07 -20.957293267753236
5.11366160063e-07 -20.97788066019462
5.21867855391e-07 -20.989320427624968
5.301096199e-07 -21.06132226728476
5.3731459865e-07 -21.098528565231547
5.45330796177e-07 -21.11815792371769
5.54908107444e-07 -21.150257979334803
5.65742435556e-07 -21.18413706886127
5.72926790062e-07 -21.211967017121104
5.85367829666e-07 -21.236494871373743
6.02457368914e-07 -21.28849525308958
6.13832625225e-07 -21.2713498247329
6.26874662717e-07 -21.284802684510133
6.36919308173e-07 -21.317320313968317
6.43192254377e-07 -21.323061447655924
6.53403355783e-07 -21.444021651721094
6.61586156133e-07 -21.405978546177536
6.70750312817e-07 -21.35874163675492
6.85445438827e-07 -21.385449320132487
6.98206520494e-07 -21.413991473725247
7.10069056047e-07 -21.398988339313348
7.1945756406e-07 -21.386881097672166
7.29799683024e-07 -21.441574024316445
7.43515583858e-07 -21.504548661126954
7.56205357622e-07 -21.560767463414983
7.65095601237e-07 -21.520949100247293
7.74309467317e-07 -21.510916301719277
7.84139478109e-07 -21.533989342698113
7.92293257484e-07 -21.526083481466735
8.03364332881e-07 -21.58029486060962
8.16823135574e-07 -21.633735661204923
8.22856490715e-07 -21.62918523406894
8.39348391317e-07 -21.62016629668755
8.51418841968e-07 -21.581414050777774
8.62589713959e-07 -21.64755648702667
8.71862040143e-07 -21.688785330631802
8.84424374903e-07 -21.72974732143897
9.00685807014e-07 -21.754596194303787
9.15628045922e-07 -21.7865118452506
9.35069631215e-07 -21.791054855708445
9.49004454546e-07 -21.807077430091546
9.68022239879e-07 -21.83481483901766
9.85995528056e-07 -21.854028908384436
1.00305737103e-06 -21.862956882834204
1.02368478334e-06 -21.878221470601197
1.05123074494e-06 -21.88881876659164
1.08147773548e-06 -21.89229475945914
1.10005153047e-06 -21.88141205807399
1.13748920543e-06 -21.90062756674419
1.17492319616e-06 -21.910297021555287
1.20443091662e-06 -21.909417302806602
1.24981901486e-06 -21.937052331077368
1.27278762707e-06 -21.93345131040197
1.29559000006e-06 -21.9353022066314
1.31748769808e-06 -21.930986600530453
1.36044671479e-06 -21.95351066339618
1.40534826867e-06 -21.96116876121171
1.44621589694e-06 -21.98090129871202
1.48131787778e-06 -21.995331509199083
1.54720086503e-06 -22.067606226146182
1.588562969e-06 -22.05806647857898
1.61694525725e-06 -22.086232358523837
1.65855434411e-06 -22.095944272015252
1.7027144913e-06 -22.08891567479629
1.7440712609e-06 -22.05652664190127
1.79047954349e-06 -22.02797040530954
1.84182501437e-06 -21.996297080548715
1.88467017571e-06 -21.957352589173254
1.92166100035e-06 -21.942376554281502
1.9539238098e-06 -21.901665337975295
2.00130047071e-06 -21.861437662939537
2.11110599726e-06 -21.842702253320134
2.18706652246e-06 -21.77483922736092
2.28648820286e-06 -21.633044095129506
2.43033605383e-06 -21.438962705237756
2.54008016924e-06 -21.336367285732713
2.60658674211e-06 -21.322197878613515
2.69965398116e-06 -21.2931024711691
2.90157991958e-06 -21.278155235162842
3.06314484058e-06 -21.200743075159146
3.22362863134e-06 -21.13585405412573
3.357149673e-06 -21.034933290508533
3.57669442182e-06 -20.952733448624407
3.78196901633e-06 -20.856986685812892
3.92010661659e-06 -20.77936292467723
4.03504172386e-06 -20.714017987023126
4.15710886036e-06 -20.65518115839398
4.30967632201e-06 -20.539845108982355
4.44320929247e-06 -20.368137471559606
4.5490261393e-06 -20.27401641193954
4.74298082363e-06 -20.23111086407851
4.99595374435e-06 -20.178162945515083
5.19784556163e-06 -20.10197050225073
5.48176298309e-06 -20.065910779380765
5.67048574245e-06 -19.997785542791824
5.95799287829e-06 -19.923790133370623
6.39151471106e-06 -19.865885474222274
6.63270850989e-06 -19.745129334050517
7.07514291256e-06 -19.673100434856792
7.42968647149e-06 -19.583607069768902
7.68283292968e-06 -19.494768744691875
8.0474579762e-06 -19.399237353391683
8.63105619529e-06 -19.30149449216021
9.22052727429e-06 -19.24745315471646
