2.00570585804e-08 110.53538106044823
2.07779255948e-08 110.45870634147028
2.15666275546e-08 110.37780608348055
2.23511733366e-08 110.30021564224651
2.26989384553e-08 110.266689538491
2.30775360356e-08 110.23077008620945
2.3915358806e-08 110.15333276992823
2.4474102892e-08 110.103183367517
2.51551417477e-08 110.04358343070584
2.58389859e-08 109.98533995042956
2.6250952467e-08 109.9509919471866
2.70915120349e-08 109.88255105212357
2.77160002651e-08 109.83306449108795
2.84878543334e-08 109.77341857516882
2.95547739668e-08 109.69357906397187
3.01937587673e-08 109.6471313704856
3.08358247416e-08 109.60143943190829
3.17731544709e-08 109.53641560435014
3.28365434679e-08 109.46493010050133
3.39605809144e-08 109.39184172275847
3.50635441908e-08 109.32243821484795
3.57774943608e-08 109.2786676654699
3.68387913671e-08 109.21519040956147
3.77041743787e-08 109.16477009850254
3.8864261839e-08 109.0989651580156
4.01376665097e-08 109.02895667399613
4.09292977305e-08 108.98654580998681
4.20960753313e-08 108.92550923558392
4.34998504703e-08 108.85427845476335
4.47314387216e-08 108.79365294092963
4.61265011933e-08 108.72696470731202
4.7739678597e-08 108.65231982100025
4.96368369434e-08 56.99394937592837
5.07932465217e-08 52.67011900406884
5.18583525341e-08 51.327533288241746
5.30230148696e-08 50.06075092256838
5.4455868388e-08 48.70439432400666
5.60131506434e-08 47.29440167439705
5.75427667568e-08 46.072199000995695
5.87090014382e-08 44.85935146514771
6.06724302403e-08 43.42279362745684
6.28317085546e-08 41.89029315617611
6.50363798975e-08 40.524251162131364
6.67206955022e-08 39.434675764220046
6.81593676378e-08 38.50494794438345
6.9827676534e-08 37.470994430776805
7.2248351042e-08 36.30465116511127
7.43966922957e-08 35.27899354986313
7.59793454058e-08 34.49408145780938
7.74140265412e-08 33.708309852395196
7.99170111017e-08 32.69667261895925
8.27817815135e-08 31.677561338240867
8.4814019401e-08 30.855173628447396
8.68493372857e-08 30.08429038939709
8.94984966567e-08 29.335786685002702
9.10932951605e-08 12.285501753007102
9.26693872149e-08 8.848507525233785
9.4693776079e-08 8.068401188395699
9.61993857387e-08 7.415469423500518
9.87467089763e-08 6.7390396937102395
1.00498051926e-07 6.072072076606499
1.02853190903e-07 5.571320719765836
1.04800044135e-07 4.815104731024608
1.07342854175e-07 4.093542491020479
1.10756061668e-07 2.404700050876645
1.1388637345e-07 1.1458165029465448
1.17995549986e-07 0.567782684303296
1.20389785878e-07 1.044864835768827
1.23204193039e-07 -0.10650510733292151
1.25952280955e-07 -1.413591089337121
1.28973293729e-07 -2.3179223458160543
1.3244044164e-07 -3.065144545771169
1.35367040527e-07 -3.634168102552856
1.3822090953e-07 -4.078731279822886
1.41231437178e-07 -4.5690791637962604
1.45059270942e-07 -5.1329338392593655
1.48769233337e-07 -5.701691181250158
1.52706219112e-07 -6.3870154532511165
1.55733302927e-07 -7.027768505405991
1.58772923304e-07 -8.060443747460724
1.61958012111e-07 -8.531738345871481
1.64448154247e-07 -9.10177183993573
1.68703500169e-07 -10.827903293230605
1.73752573339e-07 -12.003045806378488
1.78526935109e-07 -12.666057979002666
1.83608235939e-07 -13.106382395372798
1.8935592224e-07 -13.619779790711469
1.98291862558e-07 -14.231140967965516
2.02986944957e-07 -14.457787052700674
2.06601928364e-07 -14.971759932459321
2.10548631953e-07 -15.486186066841114
2.15290769094e-07 -15.589835871125786
2.19467642478e-07 -15.789623782216552
2.23879040608e-07 -15.948594060468402
2.27572272895e-07 -15.906066156912125
2.3136639105e-07 -15.986077495866269
2.36169083673e-07 -15.642452587218926
2.40697007389e-07 -15.677355390014483
2.44810447152e-07 -16.46392078426714
2.50186867472e-07 -15.932518319480991
2.55956265677e-07 -16.551206236180697
2.61810236671e-07 -16.928808375298537
2.68063105521e-07 -17.708499790858397
2.75485409086e-07 -17.296457474528673
2.80923422044e-07 -17.295305828084686
2.87730906972e-07 -17.975593985852214
2.93598420877e-07 -18.53254369681389
2.98609175101e-07 -18.521135041130506
3.03848659165e-07 -18.67759219894402
3.09732221791e-07 -18.870040721506548
3.1451330546e-07 -18.940012750944902
3.19817524828e-07 -18.956020084933996
3.27448081376e-07 -19.353145453909804
3.33666297846e-07 -19.362369639089813
3.39605268846e-07 -19.228175161557893
3.44795956777e-07 -19.42465901122283
3.49810389179e-07 -19.633960233656673
3.57522372953e-07 -19.57063773726383
3.65227976191e-07 -19.87332706543358
3.70810194688e-07 -19.865822438891897
3.76440526555e-07 -19.907093604354962
3.82548451105e-07 -19.799369038921377
3.90054995981e-07 -19.936716021692696
3.97607740533e-07 -20.215309998540185
4.04150241432e-07 -20.61523692383917
4.11851080614e-07 -20.726983880067394
4.20602170546e-07 -20.723862402988416
4.30160164222e-07 -20.704708464773248
4.37994746734e-07 -20.962680555341755
4.4827200034e-07 -21.199834864761307
4.56328677199e-07 -21.30997053227005
4.63733084849e-07 -21.375074365580815
4.70561038594e-07 -21.4275520756319
4.77623151681e-07 -21.491841463779217
4.86756700828e-07 -21.505008472626535
4.93625499448e-07 -21.559008065637506
5.00064668669e-07 -21.51636217205653
5.11366160063e-07 -21.548870003050702
5.21867855391e-07 -21.590008194447257
5.301096199e-07 -21.728601312517945
5.3731459865e-07 -21.78844417357775
5.45330796177e-07 -21.824618685409874
5.54908107444e-07 -21.881776435832897
5.65742435556e-07 -21.937589606342506
5.72926790062e-07 -21.985984556893406
5.85367829666e-07 -22.025681653348208
6.02457368914e-07 -22.10590050273781
6.13832625225e-07 -22.09580873219077
6.26874662717e-07 -22.11904989107282
6.36919308173e-07 -22.170009048494222
6.43192254377e-07 -22.18318563859758
6.53403355783e-07 -22.204560515506863
6.61586156133e-07 -22.237868602059727
6.70750312817e-07 -22.241677768416487
6.85445438827e-07 -22.280570501155005
6.98206520494e-07 -22.327756454039566
7.10069056047e-07 -22.312556587082923
7.1945756406e-07 -22.302744035150653
7.29799683024e-07 -22.378925849419254
7.43515583858e-07 -22.46667346771266
7.56205357622e-07 -22.539802414541306
7.65095601237e-07 -22.48583274890698
7.74309467317e-07 -22.47537391785911
7.84139478109e-07 -22.506312565795
7.92293257484e-07 -22.50675460726405
8.03364332881e-07 -22.576962998815397
8.16823135574e-07 -22.651779415300815
8.22856490715e-07 -22.646543687955266
8.39348391317e-07 -22.6381151577649
8.51418841968e-07 -22.599728925222315
8.62589713959e-07 -22.674949767622145
8.71862040143e-07 -22.725082418037694
8.84424374903e-07 -22.76726301640347
9.00685807014e-07 -22.79612514670432
9.15628045922e-07 -22.842850258661493
9.35069631215e-07 -22.84226527923125
9.49004454546e-07 -22.87219139812565
9.68022239879e-07 -22.901398697061985
9.85995528056e-07 -22.92391421350721
1.00305737103e-06 -22.94575374375946
1.02368478334e-06 -22.964460295714886
1.05123074494e-06 -22.98029827338589
1.08147773548e-06 -22.989853831117436
1.10005153047e-06 -22.982401475500318
1.13748920543e-06 -23.005610916324258
1.17492319616e-06 -23.021346168052453
1.20443091662e-06 -23.024749494527796
1.24981901486e-06 -23.057958152994097
1.27278762707e-06 -23.05353540290814
1.29559000006e-06 -23.062968065855337
1.31748769808e-06 -23.06205544336038
1.36044671479e-06 -23.088483347264507
1.40534826867e-06 -23.095164156532753
1.44621589694e-06 -23.123650033134282
1.48131787778e-06 -23.145240193085357
1.54720086503e-06 -23.231645808862538
1.588562969e-06 -23.230621851651847
1.61694525725e-06 -23.26049562605725
1.65855434411e-06 -23.27625016712507
1.7027144913e-06 -23.273374833878115
1.7440712609e-06 -23.241507275658897
1.79047954349e-06 -23.20850118634116
1.84182501437e-06 -23.177629485719187
1.88467017571e-06 -23.140891915439894
1.92166100035e-06 -23.12356822369029
1.9539238098e-06 -23.082938856210298
2.00130047071e-06 -23.041857849089745
2.11110599726e-06 -23.028984964574775
2.18706652246e-06 -22.96489072820733
2.28648820286e-06 -22.822893950177132
2.43033605383e-06 -22.619680710830856
2.54008016924e-06 -22.49151744167734
2.60658674211e-06 -22.485465895560495
2.69965398116e-06 -22.4592033008171
2.90157991958e-06 -22.447178936869783
3.06314484058e-06 -22.375472928632156
3.22362863134e-06 -22.31976418114389
3.357149673e-06 -22.226394203770184
3.57669442182e-06 -22.147859319614085
3.78196901633e-06 -22.054910058953553
3.92010661659e-06 -21.976528130932564
4.03504172386e-06 -21.91113170438058
4.15710886036e-06 -21.851815115676345
4.30967632201e-06 -21.740880489976995
4.44320929247e-06 -21.578944140038864
4.5490261393e-06 -21.4877279965528
4.74298082363e-06 -21.444188333917324
4.99595374435e-06 -21.388878910684042
5.19784556163e-06 -21.31021169207007
5.48176298309e-06 -21.270549481717936
5.67048574245e-06 -21.19848536013391
5.95799287829e-06 -21.120270976623566
6.39151471106e-06 -21.056846635827895
6.63270850989e-06 -20.93071311106656
7.07514291256e-06 -20.852429025839733
7.42968647149e-06 -20.756471840617806
7.68283292968e-06 -20.661106894683456
8.0474579762e-06 -20.556478530115477
8.63105619529e-06 -20.44416153342913
9.22052727429e-06 -20.375715834143307
