2.00570585804e-08 -10.177955606535527
2.07779255948e-08 -9.788739102148668
2.15666275546e-08 -10.85480937368034
2.23511733366e-08 -10.962673243048272
2.26989384553e-08 -10.974509202073257
2.30775360356e-08 -11.476200658469956
2.3915358806e-08 -11.75605894212017
2.4474102892e-08 -12.5344824593124
2.51551417477e-08 -13.888304248464983
2.58389859e-08 -14.62825434798146
2.6250952467e-08 -14.031092838045168
2.70915120349e-08 -14.70712653891922
2.77160002651e-08 -14.875989747662693
2.84878543334e-08 -14.218140563488774
2.95547739668e-08 -14.268411911746902
3.01937587673e-08 -14.267495220054748
3.08358247416e-08 -14.853226517130373
3.17731544709e-08 -15.255318814295968
3.28365434679e-08 -15.869893132361923
3.39605809144e-08 -15.544075514922874
3.50635441908e-08 -15.652568125286237
3.57774943608e-08 -14.735236829651228
3.68387913671e-08 -15.724021085902656
3.77041743787e-08 -15.9404093414891
3.8864261839e-08 -15.867779836744049
4.01376665097e-08 -15.873767956904139
4.09292977305e-08 -16.486009044887396
4.20960753313e-08 -16.255489826033028
4.34998504703e-08 -15.855878936740297
4.47314387216e-08 -16.612272703194755
4.61265011933e-08 -16.75676651402967
4.7739678597e-08 -16.86701507042887
4.96368369434e-08 -17.136670435037153
5.07932465217e-08 -17.34696453444191
5.18583525341e-08 -17.647853502465992
5.30230148696e-08 -17.32440357213816
5.4455868388e-08 -15.637226439855851
5.60131506434e-08 -17.45908044513218
5.75427667568e-08 -17.583737315560626
5.87090014382e-08 -17.82826683169867
6.06724302403e-08 -17.886653808578572
6.28317085546e-08 -17.56848071931052
6.50363798975e-08 -17.82711882113805
6.67206955022e-08 -17.688540873094013
6.81593676378e-08 -17.960558107473524
6.9827676534e-08 -17.85367414113599
7.2248351042e-08 -18.13455430619937
7.43966922957e-08 -17.948028737980735
7.59793454058e-08 -17.611579286120893
7.74140265412e-08 -17.69227903575009
7.99170111017e-08 -18.044640221773065
8.27817815135e-08 -18.091920903995437
8.4814019401e-08 -18.11751553331836
8.68493372857e-08 -18.164330903761204
8.94984966567e-08 -18.256511655711257
9.10932951605e-08 -18.444838049455946
9.26693872149e-08 -18.91767870773021
9.4693776079e-08 -19.413633825068118
9.61993857387e-08 -19.26184845795349
9.87467089763e-08 -19.096252889456906
1.00498051926e-07 -19.32031792115952
1.02853190903e-07 -19.295216497957007
1.04800044135e-07 -19.501106562013582
1.07342854175e-07 -19.431381389344146
1.10756061668e-07 -19.478540551511934
1.1388637345e-07 -19.482767030262828
1.17995549986e-07 -19.428886176737237
1.20389785878e-07 -19.301526656104848
1.23204193039e-07 -19.399760488736007
1.25952280955e-07 -19.547633910534252
1.28973293729e-07 -19.57607806217174
1.3244044164e-07 -19.59694004934942
1.35367040527e-07 -19.610947720661727
1.3822090953e-07 -19.563031439095376
1.41231437178e-07 -19.54067764370302
1.45059270942e-07 -19.585435734197297
1.48769233337e-07 -19.572836943202937
1.52706219112e-07 -19.493993652110433
1.55733302927e-07 -19.44014083744367
1.58772923304e-07 -19.51519344043127
1.61958012111e-07 -19.52872755201257
1.64448154247e-07 -19.53517997628134
1.68703500169e-07 -19.54510095430168
1.73752573339e-07 -19.526761997192892
1.78526935109e-07 -19.5378994842589
1.83608235939e-07 -19.500873966459217
1.8935592224e-07 -19.47598340766612
1.98291862558e-07 -19.514217936218166
2.02986944957e-07 -19.5026456748613
2.06601928364e-07 -19.50154847762903
2.10548631953e-07 -19.510402313405102
2.15290769094e-07 -19.50239577685152
2.19467642478e-07 -19.49799197603624
2.23879040608e-07 -19.476544030769524
2.27572272895e-07 -19.47704436091216
2.3136639105e-07 -19.420684474716197
2.36169083673e-07 -19.40387586259738
2.40697007389e-07 -19.396109261353764
2.44810447152e-07 -19.43066485633168
2.50186867472e-07 -19.40197368745548
2.55956265677e-07 -19.418729655555936
2.61810236671e-07 -19.445722804958585
2.68063105521e-07 -19.50266614461595
2.75485409086e-07 -19.461540270776908
2.80923422044e-07 -19.441245207267933
2.87730906972e-07 -19.5283644072692
2.93598420877e-07 -19.598614649819005
2.98609175101e-07 -19.610290774236468
3.03848659165e-07 -19.638603663715664
3.09732221791e-07 -19.669742504902906
3.1451330546e-07 -19.679236685572683
3.19817524828e-07 -19.676431130996754
3.27448081376e-07 -19.75964504807539
3.33666297846e-07 -19.773447696605665
3.39605268846e-07 -19.759802841720507
3.44795956777e-07 -19.7905169280452
3.49810389179e-07 -19.836355132119166
3.57522372953e-07 -19.840360100009292
3.65227976191e-07 -19.837517097029597
3.70810194688e-07 -19.77546180279993
3.76440526555e-07 -19.94790500726667
3.82548451105e-07 -20.07407785109973
3.90054995981e-07 -20.14247531073289
3.97607740533e-07 -20.206059122076184
4.04150241432e-07 -20.436071594205366
4.11851080614e-07 -20.40409335438465
4.20602170546e-07 -20.482082079451317
4.30160164222e-07 -20.430791664092872
4.37994746734e-07 -20.51058165607742
4.4827200034e-07 -20.64476370698275
4.56328677199e-07 -20.688367642976722
4.63733084849e-07 -20.71805145570167
4.70561038594e-07 -20.734449370948433
4.77623151681e-07 -20.76771837944986
4.86756700828e-07 -21.035349532749606
4.93625499448e-07 -20.78857094676772
5.00064668669e-07 -20.76188113448402
5.11366160063e-07 -20.781448526716467
5.21867855391e-07 -20.791800295197994
5.301096199e-07 -20.853047174118302
5.3731459865e-07 -20.88640975442857
5.45330796177e-07 -20.904528023665584
5.54908107444e-07 -20.933304608255632
5.65742435556e-07 -20.964405146114892
5.72926790062e-07 -20.987824082138097
5.85367829666e-07 -21.011653221848327
6.02457368914e-07 -21.059188330139044
6.13832625225e-07 -21.045088637717697
6.26874662717e-07 -21.059915880542952
6.36919308173e-07 -21.090150343815914
6.43192254377e-07 -21.093840623531896
6.53403355783e-07 -21.724399168100135
6.61586156133e-07 -21.431910831053294
6.70750312817e-07 -21.131445154163963
6.85445438827e-07 -21.157066270489686
6.98206520494e-07 -21.179963661881807
7.10069056047e-07 -21.170557159455342
7.1945756406e-07 -21.162648215223093
7.29799683024e-07 -21.206931880223976
7.43515583858e-07 -21.256270159783263
7.56205357622e-07 -21.30294969225112
7.65095601237e-07 -21.277145337613
7.74309467317e-07 -21.272388276846605
7.84139478109e-07 -21.29316111459144
7.92293257484e-07 -21.284194603088068
8.03364332881e-07 -21.329935023038992
8.16823135574e-07 -21.370960940875513
8.22856490715e-07 -21.356259319811322
8.39348391317e-07 -21.353478308742524
8.51418841968e-07 -21.32577923143841
8.62589713959e-07 -21.37972068867912
8.71862040143e-07 -21.40968468867969
8.84424374903e-07 -21.444184743139516
9.00685807014e-07 -21.465229148642884
9.15628045922e-07 -21.49007888658805
9.35069631215e-07 -21.500988005627626
9.49004454546e-07 -21.510180036124787
9.68022239879e-07 -21.532788280412426
9.85995528056e-07 -21.54892587305391
1.00305737103e-06 -21.55317192636719
1.02368478334e-06 -21.56574749045101
1.05123074494e-06 -21.57526335831571
1.08147773548e-06 -21.577963286175162
1.10005153047e-06 -21.568509764486237
1.13748920543e-06 -21.58623953656616
1.17492319616e-06 -21.59371029078209
1.20443091662e-06 -21.59142620329292
1.24981901486e-06 -21.61763829547398
1.27278762707e-06 -21.655491445870105
1.29559000006e-06 -21.62714113280036
1.31748769808e-06 -21.609379970455578
1.36044671479e-06 -21.630391081670204
1.40534826867e-06 -21.640137889351458
1.44621589694e-06 -21.657832057068042
1.48131787778e-06 -21.666211294144553
1.54720086503e-06 -21.732945777074512
1.588562969e-06 -21.726400121093207
1.61694525725e-06 -21.751560297052492
1.65855434411e-06 -21.756437128957025
1.7027144913e-06 -21.74444184251424
1.7440712609e-06 -21.71025471685609
1.79047954349e-06 -21.681623231912724
1.84182501437e-06 -21.64955789277176
1.88467017571e-06 -21.610197629240822
1.92166100035e-06 -21.594992089300213
1.9539238098e-06 -21.554713695392728
2.00130047071e-06 -21.51441264401928
2.11110599726e-06 -21.493606427111516
2.18706652246e-06 -21.432826241740386
2.28648820286e-06 -21.286458202014977
2.43033605383e-06 -21.106303245980293
2.54008016924e-06 -21.020481317220074
2.60658674211e-06 -20.9983053519229
2.69965398116e-06 -20.964597785258263
2.90157991958e-06 -20.94451109935649
3.06314484058e-06 -20.86293959096686
3.22362863134e-06 -20.794573521351836
3.357149673e-06 -20.69055640918652
3.57669442182e-06 -20.609998178476175
3.78196901633e-06 -20.517333347563678
3.92010661659e-06 -20.441898928108024
4.03504172386e-06 -20.37852656978348
4.15710886036e-06 -20.32114219125131
4.30967632201e-06 -20.209386778184587
4.44320929247e-06 -20.04141334567388
4.5490261393e-06 -19.948403729467593
4.74298082363e-06 -19.911918721901877
4.99595374435e-06 -19.867972503638782
5.19784556163e-06 -19.801838878421492
5.48176298309e-06 -19.77678687633192
5.67048574245e-06 -19.720072735013154
5.95799287829e-06 -19.662819273795897
6.39151471106e-06 -19.62770249850636
6.63270850989e-06 -19.532675178453836
7.07514291256e-06 -19.492692385303833
7.42968647149e-06 -19.4377250166581
7.68283292968e-06 -19.381735022624525
8.0474579762e-06 -19.33146962623067
8.63105619529e-06 -19.300854025078777
9.22052727429e-06 -19.308126117580514
