2.00570585804e-08 11.909852204331203
2.07779255948e-08 10.33252959093851
2.15666275546e-08 8.761341857427894
2.23511733366e-08 7.636134858274229
2.26989384553e-08 6.185399419607439
2.30775360356e-08 2.6573850933526373
2.3915358806e-08 0.09081220981505922
2.4474102892e-08 -0.06930081145728906
2.51551417477e-08 -2.5529884296842837
2.58389859e-08 -3.8246375735402793
2.6250952467e-08 -7.885647674828043
2.70915120349e-08 -8.746625223059944
2.77160002651e-08 -9.11603702900208
2.84878543334e-08 -7.414697020623027
2.95547739668e-08 -7.246835516038889
3.01937587673e-08 -6.769597610449669
3.08358247416e-08 -8.531017729252632
3.17731544709e-08 -10.337957797847785
3.28365434679e-08 -11.491748616615851
3.39605809144e-08 -12.293748219463218
3.50635441908e-08 -12.365583074539487
3.57774943608e-08 -10.777994829619267
3.68387913671e-08 -10.791809534919224
3.77041743787e-08 -9.91194895158182
3.8864261839e-08 -10.198676396668283
4.01376665097e-08 -11.31624265480795
4.09292977305e-08 -11.241930555636074
4.20960753313e-08 -11.690794819056471
4.34998504703e-08 -12.577390782455723
4.47314387216e-08 -13.22790795572837
4.61265011933e-08 -13.737160797987464
4.7739678597e-08 -13.60004382088514
4.96368369434e-08 -13.502732213864874
5.07932465217e-08 -13.631874991729987
5.18583525341e-08 -13.790223743221375
5.30230148696e-08 -13.527872485350578
5.4455868388e-08 -13.002492105250049
5.60131506434e-08 -14.214570317594927
5.75427667568e-08 -14.344964398598549
5.87090014382e-08 -14.458660286065118
6.06724302403e-08 -14.525118062938112
6.28317085546e-08 -14.770406734881561
6.50363798975e-08 -14.8460209893598
6.67206955022e-08 -14.577055391583755
6.81593676378e-08 -14.67703558877583
6.9827676534e-08 -15.101026858445188
7.2248351042e-08 -15.31218525010054
7.43966922957e-08 -15.227527935480396
7.59793454058e-08 -15.518066744038933
7.74140265412e-08 -15.408861213725814
7.99170111017e-08 -15.349600616539732
8.27817815135e-08 -15.674940439116817
8.4814019401e-08 -15.490665382013653
8.68493372857e-08 -15.970496863691395
8.94984966567e-08 -16.188266516142747
9.10932951605e-08 -16.853548547512958
9.26693872149e-08 -17.566263227296588
9.4693776079e-08 -17.860599801305234
9.61993857387e-08 -17.95975389792985
9.87467089763e-08 -17.660760571363966
1.00498051926e-07 -18.264095856621424
1.02853190903e-07 -18.102046882981817
1.04800044135e-07 -18.551913723220252
1.07342854175e-07 -18.464774059586922
1.10756061668e-07 -18.494257815820255
1.1388637345e-07 -18.534640113976828
1.17995549986e-07 -18.45130838023092
1.20389785878e-07 -18.229822488190777
1.23204193039e-07 -18.5359627511873
1.25952280955e-07 -18.700887174365697
1.28973293729e-07 -18.74455119922972
1.3244044164e-07 -18.78995794018843
1.35367040527e-07 -18.832230317280626
1.3822090953e-07 -18.7493754854814
1.41231437178e-07 -18.735075981519742
1.45059270942e-07 -18.80933321970135
1.48769233337e-07 -18.79624743477327
1.52706219112e-07 -18.633481376832343
1.55733302927e-07 -18.57985243513349
1.58772923304e-07 -18.74192380531661
1.61958012111e-07 -18.792772369447796
1.64448154247e-07 -18.82805667329084
1.68703500169e-07 -18.866367649489213
1.73752573339e-07 -18.869141464269
1.78526935109e-07 -18.910695315852607
1.83608235939e-07 -18.86468530793178
1.8935592224e-07 -18.85150491734995
1.98291862558e-07 -18.93708902236847
2.02986944957e-07 -18.950552479700498
2.06601928364e-07 -18.95467436652426
2.10548631953e-07 -18.98343554443516
2.15290769094e-07 -18.97355910784637
2.19467642478e-07 -18.983449373021095
2.23879040608e-07 -18.957394915976813
2.27572272895e-07 -18.96787630776484
2.3136639105e-07 -18.888330268058382
2.36169083673e-07 -18.860605568609913
2.40697007389e-07 -18.85645861479623
2.44810447152e-07 -18.928225928294076
2.50186867472e-07 -18.88896575527665
2.55956265677e-07 -18.921775607068206
2.61810236671e-07 -18.97714193737199
2.68063105521e-07 -19.081806148257073
2.75485409086e-07 -19.0176722088501
2.80923422044e-07 -18.99367804848911
2.87730906972e-07 -19.135574919327183
2.93598420877e-07 -19.245148526221605
2.98609175101e-07 -19.260757750328686
3.03848659165e-07 -19.30176779603753
3.09732221791e-07 -19.344410301659288
3.1451330546e-07 -19.357052476866855
3.19817524828e-07 -19.350971882162945
3.27448081376e-07 -19.465370123053425
3.33666297846e-07 -19.479831113259287
3.39605268846e-07 -19.452530866825548
3.44795956777e-07 -19.50963547986435
3.49810389179e-07 -19.571254183364083
3.57522372953e-07 -19.565825767231836
3.65227976191e-07 -19.659496050860362
3.70810194688e-07 -19.67454443486021
3.76440526555e-07 -19.875071545081674
3.82548451105e-07 -20.019550915848207
3.90054995981e-07 -20.102919667333133
3.97607740533e-07 -20.18288721809921
4.04150241432e-07 -20.446086309994122
4.11851080614e-07 -20.41196687681129
4.20602170546e-07 -20.500862041487842
4.30160164222e-07 -20.444042792636985
4.37994746734e-07 -20.535652487742034
4.4827200034e-07 -20.68513911164797
4.56328677199e-07 -20.73371461654356
4.63733084849e-07 -20.767993651761863
4.70561038594e-07 -20.78654315008219
4.77623151681e-07 -20.821644736946155
4.86756700828e-07 -20.7835364428011
4.93625499448e-07 -20.845989808041757
5.00064668669e-07 -20.81966973709016
5.11366160063e-07 -20.84088698518338
5.21867855391e-07 -20.85325808935668
5.301096199e-07 -20.919721201519295
5.3731459865e-07 -20.95571499117829
5.45330796177e-07 -20.975727313329564
5.54908107444e-07 -21.007210233203182
5.65742435556e-07 -21.040920589810447
5.72926790062e-07 -21.066472755250075
5.85367829666e-07 -21.0917867492418
6.02457368914e-07 -21.14144708321829
6.13832625225e-07 -21.127812476024133
6.26874662717e-07 -21.143623083218806
6.36919308173e-07 -21.17559729869121
6.43192254377e-07 -21.17964275065036
6.53403355783e-07 -21.23015082112594
6.61586156133e-07 -21.2317132604178
6.70750312817e-07 -21.219947916538253
6.85445438827e-07 -21.246549277081584
6.98206520494e-07 -21.27080052117155
7.10069056047e-07 -21.261630078224307
7.1945756406e-07 -21.253746106656344
7.29799683024e-07 -21.299943615487102
7.43515583858e-07 -21.350506754158822
7.56205357622e-07 -21.39842039070394
7.65095601237e-07 -21.3730458299813
7.74309467317e-07 -21.36860199885414
7.84139478109e-07 -21.390102104058712
7.92293257484e-07 -21.381392858567743
8.03364332881e-07 -21.428752126532885
8.16823135574e-07 -21.47065441450595
8.22856490715e-07 -21.467685537277568
8.39348391317e-07 -21.465645607511412
8.51418841968e-07 -21.437673872190082
8.62589713959e-07 -21.49216917881305
8.71862040143e-07 -21.522362128830466
8.84424374903e-07 -21.557507642252297
9.00685807014e-07 -21.578982092827424
9.15628045922e-07 -21.603811316724034
9.35069631215e-07 -21.61532729898466
9.49004454546e-07 -21.624409087610125
9.68022239879e-07 -21.647220551401716
9.85995528056e-07 -21.663558968092573
1.00305737103e-06 -21.6673431222359
1.02368478334e-06 -21.679772440668984
1.05123074494e-06 -21.689355074327565
1.08147773548e-06 -21.69216855573457
1.10005153047e-06 -21.6829968487855
1.13748920543e-06 -21.700560642272478
1.17492319616e-06 -21.70771445845979
1.20443091662e-06 -21.70533599366957
1.24981901486e-06 -21.73156739010293
1.27278762707e-06 -21.723083973052773
1.29559000006e-06 -21.727128603115254
1.31748769808e-06 -21.72348693118832
1.36044671479e-06 -21.744947142209377
1.40534826867e-06 -21.755736775553636
1.44621589694e-06 -21.774597716776462
1.48131787778e-06 -21.78714133045184
1.54720086503e-06 -21.854157074721755
1.588562969e-06 -21.848228213632588
1.61694525725e-06 -21.873202237131792
1.65855434411e-06 -21.87738812565913
1.7027144913e-06 -21.864613765090724
1.7440712609e-06 -21.82991372430873
1.79047954349e-06 -21.801041809273606
1.84182501437e-06 -21.7686607920583
1.88467017571e-06 -21.728999731218686
1.92166100035e-06 -21.713323518792222
1.9539238098e-06 -21.672591469045223
2.00130047071e-06 -21.631929449441763
2.11110599726e-06 -21.610230569503344
2.18706652246e-06 -21.53917014326202
2.28648820286e-06 -21.402302996928597
2.43033605383e-06 -21.220318371046012
2.54008016924e-06 -21.134887873799187
2.60658674211e-06 -21.111305599888247
2.69965398116e-06 -21.076503925018116
2.90157991958e-06 -21.054374031113895
3.06314484058e-06 -20.970067514341245
3.22362863134e-06 -20.89935935552807
3.357149673e-06 -20.79505896375072
3.57669442182e-06 -20.710600753945336
3.78196901633e-06 -20.61398139962352
3.92010661659e-06 -20.53559794768639
4.03504172386e-06 -20.469866069831234
4.15710886036e-06 -20.41002698420742
4.30967632201e-06 -20.29271942587787
4.44320929247e-06 -20.116512006205454
4.5490261393e-06 -20.01966768066511
4.74298082363e-06 -19.976530390025637
4.99595374435e-06 -19.92271757781095
5.19784556163e-06 -19.845510055188385
5.48176298309e-06 -19.808668593823498
5.67048574245e-06 -19.73942463651042
5.95799287829e-06 -19.663575373754085
6.39151471106e-06 -19.60286509727659
6.63270850989e-06 -19.478831793452414
7.07514291256e-06 -19.40273674686651
7.42968647149e-06 -19.30897373043492
7.68283292968e-06 -19.216093262400953
8.0474579762e-06 -19.115065021990183
8.63105619529e-06 -19.008977335807216
9.22052727429e-06 -18.946999021342656
