2.00570585804e-08 111.60632487641203
2.07779255948e-08 111.52965015743405
2.15666275546e-08 111.44874989944435
2.23511733366e-08 111.37115945821029
2.26989384553e-08 111.3376333544548
2.30775360356e-08 111.30171390217328
2.3915358806e-08 111.22427658589203
2.4474102892e-08 111.17412718348078
2.51551417477e-08 111.11452724666967
2.58389859e-08 111.05628376639336
2.6250952467e-08 111.02193576315042
2.70915120349e-08 110.95349486808735
2.77160002651e-08 110.90400830705175
2.84878543334e-08 110.84436239113262
2.95547739668e-08 110.76452287993567
3.01937587673e-08 110.7180751864494
3.08358247416e-08 110.67238324787209
3.17731544709e-08 110.60735942031394
3.28365434679e-08 110.53587391646514
3.39605809144e-08 110.46278553872227
3.50635441908e-08 110.39338203081178
3.57774943608e-08 110.34961148143373
3.68387913671e-08 110.28613422552525
3.77041743787e-08 110.23571391446634
3.8864261839e-08 110.1699089739794
4.01376665097e-08 110.09990048995994
4.09292977305e-08 110.05748962595064
4.20960753313e-08 109.99645305154772
4.34998504703e-08 109.92522227072712
4.47314387216e-08 109.86459675689346
4.61265011933e-08 109.79790852327582
4.7739678597e-08 109.72326363696408
4.96368369434e-08 90.01634456331809
5.07932465217e-08 85.9148451236841
5.18583525341e-08 85.16872807094084
5.30230148696e-08 84.514760118049
5.4455868388e-08 83.80452471198237
5.60131506434e-08 83.06992325716489
5.75427667568e-08 82.41907513332477
5.87090014382e-08 81.795839882812
6.06724302403e-08 81.04626113486307
6.28317085546e-08 80.23928429829647
6.50363798975e-08 79.50968440512818
6.67206955022e-08 78.93208399146974
6.81593676378e-08 75.48551482425971
6.9827676534e-08 65.82653270558589
7.2248351042e-08 62.993779282276634
7.43966922957e-08 60.71631654035826
7.59793454058e-08 59.01150073460025
7.74140265412e-08 57.212465983697726
7.99170111017e-08 54.76214902789011
8.27817815135e-08 52.49341955497567
8.4814019401e-08 50.64478618936583
8.68493372857e-08 48.856360533986745
8.94984966567e-08 47.161811960655584
9.10932951605e-08 13.669330937639241
9.26693872149e-08 10.232527883080618
9.4693776079e-08 9.452642419625876
9.61993857387e-08 8.798487969858012
9.87467089763e-08 8.120249144443765
1.00498051926e-07 7.451553031930306
1.02853190903e-07 6.948179024790889
1.04800044135e-07 6.190331182726226
1.07342854175e-07 5.465768678099462
1.10756061668e-07 3.7764400988452422
1.1388637345e-07 2.512586484158888
1.17995549986e-07 1.9271481548784806
1.20389785878e-07 2.389804840967308
1.23204193039e-07 1.2394128899294863
1.25952280955e-07 -0.05680226672812694
1.28973293729e-07 -0.956298546181646
1.3244044164e-07 -1.7015180175223819
1.35367040527e-07 -2.2703066906490292
1.3822090953e-07 -2.71518609464405
1.41231437178e-07 -3.2076181106451642
1.45059270942e-07 -3.775000825033551
1.48769233337e-07 -4.3477345391046995
1.52706219112e-07 -5.043748582825032
1.55733302927e-07 -5.6832991752064785
1.58772923304e-07 -6.704089581390647
1.61958012111e-07 -7.177893526081618
1.64448154247e-07 -7.749153164655638
1.68703500169e-07 -9.471625644344748
1.73752573339e-07 -10.650062672798668
1.78526935109e-07 -11.32555410506015
1.83608235939e-07 -11.773376402053103
1.8935592224e-07 -12.298953819648325
1.98291862558e-07 -12.92344941720043
2.02986944957e-07 -13.15989033657818
2.06601928364e-07 -13.694724803232617
2.10548631953e-07 -14.24466208047562
2.15290769094e-07 -14.35709479126529
2.19467642478e-07 -14.560258346690382
2.23879040608e-07 -14.7286886654637
2.27572272895e-07 -14.68626936011588
2.3136639105e-07 -14.770533955383108
2.36169083673e-07 -14.4235053671486
2.40697007389e-07 -14.463951286917613
2.44810447152e-07 -15.263810941005865
2.50186867472e-07 -14.713792485085783
2.55956265677e-07 -15.37624690955991
2.61810236671e-07 -15.77269324914456
2.68063105521e-07 -16.57190530036172
2.75485409086e-07 -16.13957969989807
2.80923422044e-07 -16.141999391416
2.87730906972e-07 -16.842983703100032
2.93598420877e-07 -17.4193615396945
2.98609175101e-07 -17.403550732783913
3.03848659165e-07 -17.56335413677899
3.09732221791e-07 -17.76521045772502
3.1451330546e-07 -17.838033587831546
3.19817524828e-07 -17.851183317364153
3.27448081376e-07 -18.25683513375781
3.33666297846e-07 -18.264679488336952
3.39605268846e-07 -18.123777831198957
3.44795956777e-07 -18.322163993536556
3.49810389179e-07 -18.537171341536762
3.57522372953e-07 -18.467411876117772
3.65227976191e-07 -18.780622152788105
3.70810194688e-07 -18.769080591258025
3.76440526555e-07 -18.804994712100026
3.82548451105e-07 -18.684486742204385
3.90054995981e-07 -18.83102720475403
3.97607740533e-07 -19.118382882711572
4.04150241432e-07 -19.52594058583427
4.11851080614e-07 -19.640169576833706
4.20602170546e-07 -19.63501314798595
4.30160164222e-07 -19.617219076791976
4.37994746734e-07 -19.879764351833835
4.4827200034e-07 -20.119147484023735
4.56328677199e-07 -20.230713716506592
4.63733084849e-07 -20.295536746640288
4.70561038594e-07 -20.3483260423029
4.77623151681e-07 -20.41365239666478
4.86756700828e-07 -20.42711104786121
4.93625499448e-07 -20.480888161192055
5.00064668669e-07 -20.435824419945824
5.11366160063e-07 -20.468164656574352
5.21867855391e-07 -20.509298918511092
5.301096199e-07 -20.651039606796502
5.3731459865e-07 -20.71138186312855
5.45330796177e-07 -20.747818058921766
5.54908107444e-07 -20.80531255867252
5.65742435556e-07 -20.861359087129223
5.72926790062e-07 -20.910623811936922
5.85367829666e-07 -20.950491528911094
6.02457368914e-07 -21.03136165472563
6.13832625225e-07 -21.02026318316217
6.26874662717e-07 -21.043032844745206
6.36919308173e-07 -21.09448890287053
6.43192254377e-07 -21.108129283787605
6.53403355783e-07 -21.130083240513663
6.61586156133e-07 -21.16306922646023
6.70750312817e-07 -21.16570095006105
6.85445438827e-07 -21.20473812973369
6.98206520494e-07 -21.253167501607656
7.10069056047e-07 -21.236351943125626
7.1945756406e-07 -21.22563642793766
7.29799683024e-07 -21.304116468267843
7.43515583858e-07 -21.395785445393187
7.56205357622e-07 -21.471417100741377
7.65095601237e-07 -21.412665978009223
7.74309467317e-07 -21.400629506158204
7.84139478109e-07 -21.43207805998197
7.92293257484e-07 -21.43295324513324
8.03364332881e-07 -21.505149682340452
8.16823135574e-07 -21.583598045848944
8.22856490715e-07 -21.577245824455836
8.39348391317e-07 -21.566878904200387
8.51418841968e-07 -21.527095385749007
8.62589713959e-07 -21.60473020466455
8.71862040143e-07 -21.657457423026912
8.84424374903e-07 -21.700374630276187
9.00685807014e-07 -21.72980529140692
9.15628045922e-07 -21.778677925992987
9.35069631215e-07 -21.777162491932152
9.49004454546e-07 -21.80819027391054
9.68022239879e-07 -21.838355516416613
9.85995528056e-07 -21.861297707874364
1.00305737103e-06 -21.88370270580716
1.02368478334e-06 -21.90260512387664
1.05123074494e-06 -21.918787477127076
1.08147773548e-06 -21.92841218787494
1.10005153047e-06 -21.92070828679109
1.13748920543e-06 -21.944237986158647
1.17492319616e-06 -21.960521969462214
1.20443091662e-06 -21.964302132958288
1.24981901486e-06 -21.99774479673176
1.27278762707e-06 -21.993537264386596
1.29559000006e-06 -22.003076743833077
1.31748769808e-06 -22.002416536293715
1.36044671479e-06 -22.029417338839366
1.40534826867e-06 -22.035648021462286
1.44621589694e-06 -22.06461072776765
1.48131787778e-06 -22.08644460082298
1.54720086503e-06 -22.173962224395552
1.588562969e-06 -22.17278103174535
1.61694525725e-06 -22.20374788853554
1.65855434411e-06 -22.220404383333822
1.7027144913e-06 -22.217847980124127
1.7440712609e-06 -22.18610448268867
1.79047954349e-06 -22.15398116636746
1.84182501437e-06 -22.124203087573072
1.88467017571e-06 -22.08824653450285
1.92166100035e-06 -22.07005829965813
1.9539238098e-06 -22.028985563624538
2.00130047071e-06 -21.987955250583262
2.11110599726e-06 -21.974800336671613
2.18706652246e-06 -21.910542722885886
2.28648820286e-06 -21.767436871957237
2.43033605383e-06 -21.561799389640363
2.54008016924e-06 -21.42931017440121
2.60658674211e-06 -21.42585844181817
2.69965398116e-06 -21.401747260409394
2.90157991958e-06 -21.392035853074297
3.06314484058e-06 -21.321798667888714
3.22362863134e-06 -21.26665951666036
3.357149673e-06 -21.172942923194803
3.57669442182e-06 -21.093989704964237
3.78196901633e-06 -21.000689616431295
3.92010661659e-06 -20.92220434760138
4.03504172386e-06 -20.856776535418398
4.15710886036e-06 -20.797565640667628
4.30967632201e-06 -20.687237535936305
4.44320929247e-06 -20.52664209624178
4.5490261393e-06 -20.435972971229354
4.74298082363e-06 -20.392262586825403
4.99595374435e-06 -20.33686558661941
5.19784556163e-06 -20.25807904525559
5.48176298309e-06 -20.2182149535209
5.67048574245e-06 -20.14598041798798
5.95799287829e-06 -20.06767791914701
6.39151471106e-06 -20.00425366633818
6.63270850989e-06 -19.87818857675954
7.07514291256e-06 -19.80002530680651
7.42968647149e-06 -19.704193600019217
7.68283292968e-06 -19.608931514625567
8.0474579762e-06 -19.504421844948745
8.63105619529e-06 -19.392245397241133
9.22052727429e-06 -19.323909585234823
