2.00570585804e-08 -7.884571452095706
2.07779255948e-08 -7.487977500237179
2.15666275546e-08 -7.9956037398378825
2.23511733366e-08 -8.10086925678597
2.26989384553e-08 -7.785467731204307
2.30775360356e-08 -8.441018402726499
2.3915358806e-08 -8.451119329256024
2.4474102892e-08 -8.61743499393991
2.51551417477e-08 -9.317525524720267
2.58389859e-08 -10.355635521057422
2.6250952467e-08 -10.34219108275449
2.70915120349e-08 -11.259410989845556
2.77160002651e-08 -10.707529872691332
2.84878543334e-08 -9.723436583683494
2.95547739668e-08 -9.654616152437697
3.01937587673e-08 -9.614664472223112
3.08358247416e-08 -10.265098114328786
3.17731544709e-08 -11.214776844163588
3.28365434679e-08 -12.478356726989666
3.39605809144e-08 -12.864200350306618
3.50635441908e-08 -12.877617106840333
3.57774943608e-08 -11.639377923482336
3.68387913671e-08 -12.157305596532922
3.77041743787e-08 -12.585251343619902
3.8864261839e-08 -13.058018593536971
4.01376665097e-08 -13.305186908704272
4.09292977305e-08 -13.116832361977963
4.20960753313e-08 -13.628687240087906
4.34998504703e-08 -13.161006180031542
4.47314387216e-08 -13.657066434629847
4.61265011933e-08 -13.918772498926934
4.7739678597e-08 -13.91956367143797
4.96368369434e-08 -13.793964670605035
5.07932465217e-08 -14.168592471683773
5.18583525341e-08 -14.59360787320557
5.30230148696e-08 -14.356071936973557
5.4455868388e-08 -13.718596790160703
5.60131506434e-08 -15.000959670311097
5.75427667568e-08 -15.151513694463674
5.87090014382e-08 -15.31576830450907
6.06724302403e-08 -15.185571690755516
6.28317085546e-08 -15.336293030481329
6.50363798975e-08 -15.425040911035488
6.67206955022e-08 -15.111934503036132
6.81593676378e-08 -15.38085232931028
6.9827676534e-08 -15.557157589961108
7.2248351042e-08 -15.94312271360512
7.43966922957e-08 -15.887668951793323
7.59793454058e-08 -16.083728783651743
7.74140265412e-08 -15.890042442072328
7.99170111017e-08 -15.935790783558573
8.27817815135e-08 -16.201421397406257
8.4814019401e-08 -16.14317545274387
8.68493372857e-08 -16.43121604195025
8.94984966567e-08 -16.585204433796925
9.10932951605e-08 -17.223245442183334
9.26693872149e-08 -18.002057624929513
9.4693776079e-08 -18.384756730554784
9.61993857387e-08 -18.414959987146894
9.87467089763e-08 -18.138771031018884
1.00498051926e-07 -18.616920127554884
1.02853190903e-07 -18.496733350659127
1.04800044135e-07 -18.851256178337685
1.07342854175e-07 -18.76128026552241
1.10756061668e-07 -18.789345012905912
1.1388637345e-07 -18.797789614427188
1.17995549986e-07 -18.711695963979118
1.20389785878e-07 -18.575696801133994
1.23204193039e-07 -18.769983298847954
1.25952280955e-07 -18.90040496514468
1.28973293729e-07 -18.935037458493817
1.3244044164e-07 -18.963441741819942
1.35367040527e-07 -18.9835143549763
1.3822090953e-07 -18.886112625348453
1.41231437178e-07 -18.871538088749183
1.45059270942e-07 -18.932497529955477
1.48769233337e-07 -18.917451680408206
1.52706219112e-07 -18.77331766726323
1.55733302927e-07 -18.696037582164458
1.58772923304e-07 -18.83407096873725
1.61958012111e-07 -18.87739434776173
1.64448154247e-07 -18.908092772763375
1.68703500169e-07 -18.931576132577355
1.73752573339e-07 -18.918352038547788
1.78526935109e-07 -18.939573656677958
1.83608235939e-07 -18.894201660794458
1.8935592224e-07 -18.86043256919428
1.98291862558e-07 -18.919860032924994
2.02986944957e-07 -18.927953926066195
2.06601928364e-07 -18.918842890203337
2.10548631953e-07 -18.939662345520766
2.15290769094e-07 -18.934846819933142
2.19467642478e-07 -18.938055460532034
2.23879040608e-07 -18.91676169356839
2.27572272895e-07 -18.919148759866736
2.3136639105e-07 -18.856382827159607
2.36169083673e-07 -18.842214911716077
2.40697007389e-07 -18.832096819784375
2.44810447152e-07 -18.867045605228085
2.50186867472e-07 -18.825686547788543
2.55956265677e-07 -18.847713748763233
2.61810236671e-07 -18.875781931686696
2.68063105521e-07 -18.933363014386778
2.75485409086e-07 -18.88739361320406
2.80923422044e-07 -18.862042246620767
2.87730906972e-07 -18.950130959939315
2.93598420877e-07 -19.017561439580078
2.98609175101e-07 -19.023556320396224
3.03848659165e-07 -19.048626774480375
3.09732221791e-07 -19.074254083624204
3.1451330546e-07 -19.078931624965527
3.19817524828e-07 -19.070676264804483
3.27448081376e-07 -19.15129396733306
3.33666297846e-07 -19.159150736339896
3.39605268846e-07 -19.139055471310407
3.44795956777e-07 -19.17756001649672
3.49810389179e-07 -19.22026310164801
3.57522372953e-07 -19.21719210776508
3.65227976191e-07 -19.27451595604672
3.70810194688e-07 -19.27779674898384
3.76440526555e-07 -19.458594401085172
3.82548451105e-07 -19.589570253138923
3.90054995981e-07 -19.65893603073191
3.97607740533e-07 -19.719681624500225
4.04150241432e-07 -19.947290282340752
4.11851080614e-07 -19.91222968773473
4.20602170546e-07 -19.99215765719928
4.30160164222e-07 -19.938357169550237
4.37994746734e-07 -20.0147331562127
4.4827200034e-07 -20.14930289305999
4.56328677199e-07 -20.19154620741216
4.63733084849e-07 -20.222667449743113
4.70561038594e-07 -20.2397106994135
4.77623151681e-07 -20.27110828812129
4.86756700828e-07 -20.285840944994113
4.93625499448e-07 -20.292969572749435
5.00064668669e-07 -20.270185430007395
5.11366160063e-07 -20.289874007684475
5.21867855391e-07 -20.30144851734275
5.301096199e-07 -20.359102546686294
5.3731459865e-07 -20.39222390828415
5.45330796177e-07 -20.410323318608405
5.54908107444e-07 -20.439427135817276
5.65742435556e-07 -20.47084821777836
5.72926790062e-07 -20.493475378348137
5.85367829666e-07 -20.518158369268612
6.02457368914e-07 -20.56410204995347
6.13832625225e-07 -20.55192826967012
6.26874662717e-07 -20.567939204324965
6.36919308173e-07 -20.598282697630076
6.43192254377e-07 -20.60127385607423
6.53403355783e-07 -20.75705417454889
6.61586156133e-07 -20.69877150242033
6.70750312817e-07 -20.642331339801785
6.85445438827e-07 -20.668039663701826
6.98206520494e-07 -20.687938257748797
7.10069056047e-07 -20.68203142862651
7.1945756406e-07 -20.676609782465967
7.29799683024e-07 -20.716079428508614
7.43515583858e-07 -20.75718123144466
7.56205357622e-07 -20.79874505582172
7.65095601237e-07 -20.784122523040146
7.74309467317e-07 -20.783322336879877
7.84139478109e-07 -20.80311696906825
7.92293257484e-07 -20.79200912187965
8.03364332881e-07 -20.83350217028432
8.16823135574e-07 -20.86596440757799
8.22856490715e-07 -20.86211280434987
8.39348391317e-07 -20.86450290150212
8.51418841968e-07 -20.84266689104924
8.62589713959e-07 -20.889737923789383
8.71862040143e-07 -20.912348298780444
8.84424374903e-07 -20.94362025736769
9.00685807014e-07 -20.9624435411122
9.15628045922e-07 -20.981537050243894
9.35069631215e-07 -20.996767453648722
9.49004454546e-07 -21.001264290012465
9.68022239879e-07 -21.019811461907025
9.85995528056e-07 -21.034119520143904
1.00305737103e-06 -21.034768476190038
1.02368478334e-06 -21.044623802545594
1.05123074494e-06 -21.053195799281568
1.08147773548e-06 -21.055226417321954
1.10005153047e-06 -21.047042341646723
1.13748920543e-06 -21.063003981276616
1.17492319616e-06 -21.06833042620537
1.20443091662e-06 -21.06479244266734
1.24981901486e-06 -21.089870403594823
1.27278762707e-06 -21.087950357074746
1.29559000006e-06 -21.08618205168458
1.31748769808e-06 -21.07985599290552
1.36044671479e-06 -21.100302357011806
1.40534826867e-06 -21.113248469635344
1.44621589694e-06 -21.130378576596172
1.48131787778e-06 -21.140424290651133
1.54720086503e-06 -21.202658609086313
1.588562969e-06 -21.197263340528465
1.61694525725e-06 -21.219711006488716
1.65855434411e-06 -21.21962480858044
1.7027144913e-06 -21.203212325497347
1.7440712609e-06 -21.167472020467848
1.79047954349e-06 -21.138627523493263
1.84182501437e-06 -21.105598698040716
1.88467017571e-06 -21.06522926513319
1.92166100035e-06 -21.049757316251423
1.9539238098e-06 -21.009527981568034
2.00130047071e-06 -20.968553549243772
2.11110599726e-06 -20.944834132538084
2.18706652246e-06 -20.873694510187804
2.28648820286e-06 -20.737690708302317
2.43033605383e-06 -20.56372830236625
2.54008016924e-06 -20.493162379035837
2.60658674211e-06 -20.462717263755856
2.69965398116e-06 -20.424235106053864
2.90157991958e-06 -20.397557780772566
3.06314484058e-06 -20.30843757423861
3.22362863134e-06 -20.23349673015553
3.357149673e-06 -20.12662076205264
3.57669442182e-06 -20.04141965121004
3.78196901633e-06 -19.94493730662299
3.92010661659e-06 -19.866773613706307
4.03504172386e-06 -19.801379049529366
4.15710886036e-06 -19.74132922811082
4.30967632201e-06 -19.622734776368034
4.44320929247e-06 -19.44223203009772
4.5490261393e-06 -19.343046463351463
4.74298082363e-06 -19.3011707036094
4.99595374435e-06 -19.24934228143828
5.19784556163e-06 -19.17440951814725
5.48176298309e-06 -19.140249939419718
5.67048574245e-06 -19.073731225561183
5.95799287829e-06 -19.001440822717342
6.39151471106e-06 -18.945323905518947
6.63270850989e-06 -18.8263193906645
7.07514291256e-06 -18.756467481166524
7.42968647149e-06 -18.669791243152872
7.68283292968e-06 -18.58357277709321
8.0474579762e-06 -18.49236291453061
8.63105619529e-06 -18.401762667507874
9.22052727429e-06 -18.35485654966181
