2.00570585804e-08 17.107918993235725
2.07779255948e-08 16.016915176247
2.15666275546e-08 15.00857949860112
2.23511733366e-08 14.120880894491316
2.26989384553e-08 9.36816586382926
2.30775360356e-08 5.737381485025885
2.3915358806e-08 2.1971012432796684
2.4474102892e-08 1.6509932762807793
2.51551417477e-08 -0.9512666895024786
2.58389859e-08 -1.2545441465402654
2.6250952467e-08 -1.1616896285627334
2.70915120349e-08 -2.3614843500586176
2.77160002651e-08 -1.1811646478140077
2.84878543334e-08 -3.46049164178023
2.95547739668e-08 -4.337528650626407
3.01937587673e-08 -4.721141804396137
3.08358247416e-08 -3.8651374004996484
3.17731544709e-08 -5.115884248390856
3.28365434679e-08 -5.6149015565949725
3.39605809144e-08 -6.922492775686816
3.50635441908e-08 -7.357429026659567
3.57774943608e-08 -7.41490282513902
3.68387913671e-08 -8.400579596954834
3.77041743787e-08 -8.688143052980678
3.8864261839e-08 -8.668630529905037
4.01376665097e-08 -9.518108114730943
4.09292977305e-08 -9.626664709449045
4.20960753313e-08 -10.473088228891477
4.34998504703e-08 -9.493197463574518
4.47314387216e-08 -10.852294822855505
4.61265011933e-08 -11.851952930746563
4.7739678597e-08 -11.968940305033101
4.96368369434e-08 -11.697254924813194
5.07932465217e-08 -12.297904039641509
5.18583525341e-08 -12.922015535144673
5.30230148696e-08 -12.749960158062748
5.4455868388e-08 -12.264884849179225
5.60131506434e-08 -13.670419117360844
5.75427667568e-08 -13.82511365745328
5.87090014382e-08 -14.043292953199021
6.06724302403e-08 -13.9725040606098
6.28317085546e-08 -14.514200619472398
6.50363798975e-08 -14.578127877554522
6.67206955022e-08 -13.981231696028594
6.81593676378e-08 -14.068836311346132
6.9827676534e-08 -15.054228125642801
7.2248351042e-08 -15.188429264456524
7.43966922957e-08 -15.167308430370248
7.59793454058e-08 -15.715703387379016
7.74140265412e-08 -15.621875714447988
7.99170111017e-08 -15.194362924228912
8.27817815135e-08 -15.721742428349728
8.4814019401e-08 -15.304152702474958
8.68493372857e-08 -16.197421137112194
8.94984966567e-08 -16.508860964384887
9.10932951605e-08 -16.989008485402763
9.26693872149e-08 -17.44709030660686
9.4693776079e-08 -17.275610590863288
9.61993857387e-08 -17.450978360289234
9.87467089763e-08 -16.948595899980546
1.00498051926e-07 -17.653681003521903
1.02853190903e-07 -17.703878232963156
1.04800044135e-07 -17.914123270475542
1.07342854175e-07 -17.864892157542663
1.10756061668e-07 -17.667022581130297
1.1388637345e-07 -17.740638676846885
1.17995549986e-07 -17.501921865148063
1.20389785878e-07 -17.784584147796203
1.23204193039e-07 -17.78104856727696
1.25952280955e-07 -17.815862826577778
1.28973293729e-07 -17.843853288528535
1.3244044164e-07 -17.827197810629222
1.35367040527e-07 -17.841188746987036
1.3822090953e-07 -17.653842699163114
1.41231437178e-07 -17.727755083970763
1.45059270942e-07 -17.712335938994244
1.48769233337e-07 -17.74350371201629
1.52706219112e-07 -17.47381241682342
1.55733302927e-07 -17.281004107642353
1.58772923304e-07 -17.542331355207992
1.61958012111e-07 -17.66289428357664
1.64448154247e-07 -17.704202323595922
1.68703500169e-07 -17.75118635649389
1.73752573339e-07 -17.810509918210187
1.78526935109e-07 -17.800663771541927
1.83608235939e-07 -17.75971758581936
1.8935592224e-07 -17.694793897656375
1.98291862558e-07 -17.80196779538955
2.02986944957e-07 -17.868535390048955
2.06601928364e-07 -17.78886232131164
2.10548631953e-07 -17.87621982098672
2.15290769094e-07 -17.812394133642123
2.19467642478e-07 -17.816781890353198
2.23879040608e-07 -17.793602785350636
2.27572272895e-07 -17.76577488394949
2.3136639105e-07 -17.73274351834172
2.36169083673e-07 -17.715242844509795
2.40697007389e-07 -17.695575720932077
2.44810447152e-07 -17.731125559484298
2.50186867472e-07 -17.66053798770873
2.55956265677e-07 -17.69742132695111
2.61810236671e-07 -17.723192103655947
2.68063105521e-07 -17.813581620205
2.75485409086e-07 -17.733457818239103
2.80923422044e-07 -17.70483454580718
2.87730906972e-07 -17.819663324170925
2.93598420877e-07 -17.962763607700104
2.98609175101e-07 -17.950939135249747
3.03848659165e-07 -17.997639743104436
3.09732221791e-07 -18.05866154918025
3.1451330546e-07 -18.081230916204603
3.19817524828e-07 -18.08041178326024
3.27448081376e-07 -18.251999104420463
3.33666297846e-07 -18.25287591640106
3.39605268846e-07 -18.17827954026292
3.44795956777e-07 -18.27041753483946
3.49810389179e-07 -18.379072760318955
3.57522372953e-07 -18.346639026287846
3.65227976191e-07 -18.50643882810686
3.70810194688e-07 -18.49860191882815
3.76440526555e-07 -18.567080647329767
3.82548451105e-07 -18.532797708860947
3.90054995981e-07 -18.619232648449916
3.97607740533e-07 -18.78620528252612
4.04150241432e-07 -19.082883504516992
4.11851080614e-07 -19.153061487182313
4.20602170546e-07 -19.158676755685704
4.30160164222e-07 -19.12969967279306
4.37994746734e-07 -19.325433013218166
4.4827200034e-07 -19.52504794875427
4.56328677199e-07 -19.613638372503573
4.63733084849e-07 -19.669433579965478
4.70561038594e-07 -19.715661079033723
4.77623151681e-07 -19.76594918079612
4.86756700828e-07 -19.82784790169523
4.93625499448e-07 -19.821648265683514
5.00064668669e-07 -19.7841528347804
5.11366160063e-07 -19.81147355784092
5.21867855391e-07 -19.845299358919355
5.301096199e-07 -19.964478093727713
5.3731459865e-07 -20.01723789530506
5.45330796177e-07 -20.04924803931565
5.54908107444e-07 -20.09990866231957
5.65742435556e-07 -20.150157839091584
5.72926790062e-07 -20.192380396970094
5.85367829666e-07 -20.22985706057147
6.02457368914e-07 -20.300993242451213
6.13832625225e-07 -20.290978475407165
6.26874662717e-07 -20.31235326999235
6.36919308173e-07 -20.359718298641532
6.43192254377e-07 -20.370717994574335
6.53403355783e-07 -20.49366699197195
6.61586156133e-07 -20.46603969364343
6.70750312817e-07 -20.425913313437263
6.85445438827e-07 -20.461776961164254
6.98206520494e-07 -20.504679860734676
7.10069056047e-07 -20.491503403595814
7.1945756406e-07 -20.482324156081027
7.29799683024e-07 -20.55254604541431
7.43515583858e-07 -20.63308134585175
7.56205357622e-07 -20.700360266016794
7.65095601237e-07 -20.65237218953216
7.74309467317e-07 -20.643566606691692
7.84139478109e-07 -20.6730284053965
7.92293257484e-07 -20.67296005636765
8.03364332881e-07 -20.739365961569824
8.16823135574e-07 -20.80733776666922
8.22856490715e-07 -20.801599022434942
8.39348391317e-07 -20.795695742070897
8.51418841968e-07 -20.762644239652772
8.62589713959e-07 -20.83255569648457
8.71862040143e-07 -20.877729226282263
8.84424374903e-07 -20.916752362478086
9.00685807014e-07 -20.943940744733744
9.15628045922e-07 -20.984876269952267
9.35069631215e-07 -20.987659876100082
9.49004454546e-07 -21.013561088869047
9.68022239879e-07 -21.03992990175844
9.85995528056e-07 -21.061107206804117
1.00305737103e-06 -21.0793194365843
1.02368478334e-06 -21.09491125562426
1.05123074494e-06 -21.10983349163677
1.08147773548e-06 -21.11948123132948
1.10005153047e-06 -21.111928723963253
1.13748920543e-06 -21.133252602092625
1.17492319616e-06 -21.147181543178185
1.20443091662e-06 -21.14966397732241
1.24981901486e-06 -21.18157081604341
1.27278762707e-06 -21.181440605020107
1.29559000006e-06 -21.186602492671703
1.31748769808e-06 -21.183695426007468
1.36044671479e-06 -21.20945062782792
1.40534826867e-06 -21.218291799212487
1.44621589694e-06 -21.245909156389985
1.48131787778e-06 -21.266113353100067
1.54720086503e-06 -21.3497780971151
1.588562969e-06 -21.350389960896045
1.61694525725e-06 -21.381421839081085
1.65855434411e-06 -21.39457951789752
1.7027144913e-06 -21.387951542714255
1.7440712609e-06 -21.354268195876372
1.79047954349e-06 -21.321449509201145
1.84182501437e-06 -21.290913876283078
1.88467017571e-06 -21.254817841549645
1.92166100035e-06 -21.236377784208578
1.9539238098e-06 -21.195803265587585
2.00130047071e-06 -21.15485040701453
2.11110599726e-06 -21.14037509775156
2.18706652246e-06 -21.075961195189493
2.28648820286e-06 -20.934156359794365
2.43033605383e-06 -20.735367047254854
2.54008016924e-06 -20.618200201477705
2.60658674211e-06 -20.608014798787032
2.69965398116e-06 -20.5799421910652
2.90157991958e-06 -20.566481690176268
3.06314484058e-06 -20.493031676718168
3.22362863134e-06 -20.433418327662807
3.357149673e-06 -20.336753823212085
3.57669442182e-06 -20.25696981168079
3.78196901633e-06 -20.163888875935122
3.92010661659e-06 -20.08556979345294
4.03504172386e-06 -20.020719734823807
4.15710886036e-06 -19.961025777396628
4.30967632201e-06 -19.849169595262232
4.44320929247e-06 -19.68431750252477
4.5490261393e-06 -19.59219523569155
4.74298082363e-06 -19.54972310333759
4.99595374435e-06 -19.495492743862776
5.19784556163e-06 -19.418388696137768
5.48176298309e-06 -19.380481464953498
5.67048574245e-06 -19.31027730576855
5.95799287829e-06 -19.234396188157454
6.39151471106e-06 -19.17383296740625
6.63270850989e-06 -19.050811524962768
7.07514291256e-06 -18.9763895962668
7.42968647149e-06 -18.88531627209388
7.68283292968e-06 -18.793615081022985
8.0474579762e-06 -18.695103134546656
8.63105619529e-06 -18.592583237057966
9.22052727429e-06 -18.533712386810137
