2.00570585804e-08 111.5449692473322
2.07779255948e-08 111.46829452835425
2.15666275546e-08 111.38739427036452
2.23511733366e-08 111.30980382913049
2.26989384553e-08 111.276277725375
2.30775360356e-08 111.24035827309342
2.3915358806e-08 111.1629209568122
2.4474102892e-08 111.11277155440098
2.51551417477e-08 111.05317161758984
2.58389859e-08 110.99492813731354
2.6250952467e-08 110.96058013407057
2.70915120349e-08 110.89213923900755
2.77160002651e-08 110.84265267797193
2.84878543334e-08 110.78300676205279
2.95547739668e-08 110.70316725085587
3.01937587673e-08 110.65671955736957
3.08358247416e-08 110.61102761879226
3.17731544709e-08 110.54600379123411
3.28365434679e-08 110.47451828738531
3.39605809144e-08 110.40142990964245
3.50635441908e-08 110.33202640173192
3.57774943608e-08 110.2882558523539
3.68387913671e-08 110.22477859644545
3.77041743787e-08 110.17435828538652
3.8864261839e-08 110.10855334489958
4.01376665097e-08 110.03854486088014
4.09292977305e-08 109.99613399687081
4.20960753313e-08 109.93509742246789
4.34998504703e-08 109.86386664164732
4.47314387216e-08 109.80324112781364
4.61265011933e-08 109.736552894196
4.7739678597e-08 109.66190800788422
4.96368369434e-08 109.57728496836191
5.07932465217e-08 109.52727560076062
5.18583525341e-08 109.48221188336774
5.30230148696e-08 109.43398337241089
5.4455868388e-08 109.37608202219602
5.60131506434e-08 109.31485545368082
5.75427667568e-08 109.25635176357815
5.87090014382e-08 109.2127819936953
6.06724302403e-08 109.14134850704045
6.28317085546e-08 109.06541111478629
6.50363798975e-08 108.99052366583868
6.67206955022e-08 108.93500263816932
6.81593676378e-08 79.08522004555165
6.9827676534e-08 65.82755476122173
7.2248351042e-08 62.99361729818585
7.43966922957e-08 60.71600608433249
7.59793454058e-08 59.01114971515085
7.74140265412e-08 57.21100331665643
7.99170111017e-08 54.72758006142647
8.27817815135e-08 52.455782521986066
8.4814019401e-08 50.605340833247325
8.68493372857e-08 48.815068460751576
8.94984966567e-08 47.118795423158645
9.10932951605e-08 14.397727685034853
9.26693872149e-08 10.962585390898138
9.4693776079e-08 10.183115354664151
9.61993857387e-08 9.520921026402755
9.87467089763e-08 8.832441312118535
1.00498051926e-07 8.154590843942318
1.02853190903e-07 7.631699151358806
1.04800044135e-07 6.872429688258297
1.07342854175e-07 6.134860233528965
1.10756061668e-07 4.407410817659915
1.1388637345e-07 3.1097259392534653
1.17995549986e-07 2.501421954584508
1.20389785878e-07 2.945537768724428
1.23204193039e-07 1.779089999078252
1.25952280955e-07 0.4891298348979731
1.28973293729e-07 -0.40005562202909317
1.3244044164e-07 -1.1371264375606387
1.35367040527e-07 -1.7017701737202664
1.3822090953e-07 -2.141825716921282
1.41231437178e-07 -2.6376541134164917
1.45059270942e-07 -3.2151218689421306
1.48769233337e-07 -3.7999629434818907
1.52706219112e-07 -4.528514604250276
1.55733302927e-07 -5.162698619042693
1.58772923304e-07 -6.117771987004804
1.61958012111e-07 -6.585410402699264
1.64448154247e-07 -7.144906548332621
1.68703500169e-07 -8.869198381486562
1.73752573339e-07 -10.083126962771537
1.78526935109e-07 -10.80147693562521
1.83608235939e-07 -11.266736452526821
1.8935592224e-07 -11.828848429767923
1.98291862558e-07 -12.486682838587896
2.02986944957e-07 -12.746622263267824
2.06601928364e-07 -13.320485895337626
2.10548631953e-07 -13.923054819241415
2.15290769094e-07 -14.04541222635806
2.19467642478e-07 -14.253548345922304
2.23879040608e-07 -14.434747325665192
2.27572272895e-07 -14.384556511460858
2.3136639105e-07 -14.475618025061202
2.36169083673e-07 -14.119200878058841
2.40697007389e-07 -14.166553948074515
2.44810447152e-07 -14.991153482284965
2.50186867472e-07 -14.404533647108899
2.55956265677e-07 -15.123712527998414
2.61810236671e-07 -15.543015240212583
2.68063105521e-07 -16.36513273495789
2.75485409086e-07 -15.913306195715691
2.80923422044e-07 -15.912150748094014
2.87730906972e-07 -16.629642151270268
2.93598420877e-07 -17.240976405377246
2.98609175101e-07 -17.20888063048809
3.03848659165e-07 -17.375266023751813
3.09732221791e-07 -17.59704293507206
3.1451330546e-07 -17.677871145967764
3.19817524828e-07 -17.691553467462782
3.27448081376e-07 -18.117306273992213
3.33666297846e-07 -18.11943272192226
3.39605268846e-07 -17.96350972408205
3.44795956777e-07 -18.170575290874687
3.49810389179e-07 -18.399137366591816
3.57522372953e-07 -18.32021476504294
3.65227976191e-07 -18.65527089121023
3.70810194688e-07 -18.634073140843988
3.76440526555e-07 -18.659816521437158
3.82548451105e-07 -18.521348790032455
3.90054995981e-07 -18.68396726255189
3.97607740533e-07 -18.993407532934462
4.04150241432e-07 -19.409083075583077
4.11851080614e-07 -19.527172104664167
4.20602170546e-07 -19.516899288389666
4.30160164222e-07 -19.5034627392588
4.37994746734e-07 -19.775931544663806
4.4827200034e-07 -20.02325114410941
4.56328677199e-07 -20.138806443325443
4.63733084849e-07 -20.20539984450619
4.70561038594e-07 -20.259470520907925
4.77623151681e-07 -20.324876917529593
4.86756700828e-07 -20.341949319169927
4.93625499448e-07 -20.394446576809862
5.00064668669e-07 -20.346369736156305
5.11366160063e-07 -20.377049748322037
5.21867855391e-07 -20.42133483874371
5.301096199e-07 -20.57039543692016
5.3731459865e-07 -20.63189951486485
5.45330796177e-07 -20.668757514809904
5.54908107444e-07 -20.72821678749127
5.65742435556e-07 -20.785742515366223
5.72926790062e-07 -20.8363092273881
5.85367829666e-07 -20.87641815744864
6.02457368914e-07 -20.959572392480688
6.13832625225e-07 -20.94847761876938
6.26874662717e-07 -20.971145855783192
6.36919308173e-07 -21.024475584673148
6.43192254377e-07 -21.038533739879284
6.53403355783e-07 -21.062514079735315
6.61586156133e-07 -21.095366402712628
6.70750312817e-07 -21.0966321321009
6.85445438827e-07 -21.136790944693736
6.98206520494e-07 -21.18794570057809
7.10069056047e-07 -21.16967485053997
7.1945756406e-07 -21.158353236774524
7.29799683024e-07 -21.240808414441595
7.43515583858e-07 -21.33615759980249
7.56205357622e-07 -21.4138723172971
7.65095601237e-07 -21.35284095549958
7.74309467317e-07 -21.340143405184847
7.84139478109e-07 -21.372724253119216
7.92293257484e-07 -21.374698051638575
8.03364332881e-07 -21.449795658852338
8.16823135574e-07 -21.531022481490126
8.22856490715e-07 -21.52473788052267
8.39348391317e-07 -21.514010758830224
8.51418841968e-07 -21.474286370963547
8.62589713959e-07 -21.553638651311935
8.71862040143e-07 -21.607829405347587
8.84424374903e-07 -21.651515690561702
9.00685807014e-07 -21.681509929039713
9.15628045922e-07 -21.73235345469201
9.35069631215e-07 -21.730117427875122
9.49004454546e-07 -21.76265090698874
9.68022239879e-07 -21.79337387780916
9.85995528056e-07 -21.816641921732476
1.00305737103e-06 -21.840384223939346
1.02368478334e-06 -21.86057398528895
1.05123074494e-06 -21.876919104617322
1.08147773548e-06 -21.88704015003548
1.10005153047e-06 -21.879211445555846
1.13748920543e-06 -21.903186683705577
1.17492319616e-06 -21.91978574882743
1.20443091662e-06 -21.92380061375175
1.24981901486e-06 -21.957712436692844
1.27278762707e-06 -21.953967262415915
1.29559000006e-06 -21.96386633509114
1.31748769808e-06 -21.963178888050145
1.36044671479e-06 -21.990337216967262
1.40534826867e-06 -21.996168790170756
1.44621589694e-06 -22.026698847984967
1.48131787778e-06 -22.050032453214072
1.54720086503e-06 -22.14018609772829
1.588562969e-06 -22.140077201290275
1.61694525725e-06 -22.172148601654527
1.65855434411e-06 -22.190112175927013
1.7027144913e-06 -22.188712943837494
1.7440712609e-06 -22.157192284614617
1.79047954349e-06 -22.123869823903327
1.84182501437e-06 -22.09357387037152
1.88467017571e-06 -22.057606340285027
1.92166100035e-06 -22.0397919193123
1.9539238098e-06 -21.998936708128767
2.00130047071e-06 -21.958181779644526
2.11110599726e-06 -21.94680856562472
2.18706652246e-06 -21.88366198324477
2.28648820286e-06 -21.739876558536736
2.43033605383e-06 -21.531286588578
2.54008016924e-06 -21.394418911588403
2.60658674211e-06 -21.391162522657744
2.69965398116e-06 -21.36709516926851
2.90157991958e-06 -21.35819608331952
3.06314484058e-06 -21.2907265658111
3.22362863134e-06 -21.238676294580962
3.357149673e-06 -21.14691626656029
3.57669442182e-06 -21.068934661722416
3.78196901633e-06 -20.976233623875203
3.92010661659e-06 -20.897847163147645
4.03504172386e-06 -20.832527945935347
4.15710886036e-06 -20.77337543079468
4.30967632201e-06 -20.66289209782454
4.44320929247e-06 -20.501878965031437
4.5490261393e-06 -20.41140507438245
4.74298082363e-06 -20.368109653026956
4.99595374435e-06 -20.312903700445105
5.19784556163e-06 -20.234469506792735
5.48176298309e-06 -20.194941099286616
5.67048574245e-06 -20.122983253907798
5.95799287829e-06 -20.04493621715725
6.39151471106e-06 -19.98171837461161
6.63270850989e-06 -19.855813875038784
7.07514291256e-06 -19.7777943978667
7.42968647149e-06 -19.68210323237274
7.68283292968e-06 -19.586928449346395
8.0474579762e-06 -19.48254514207992
8.63105619529e-06 -19.370522869728454
9.22052727429e-06 -19.30230495907744
