2.00570585804e-08 -2.605348636988502
2.07779255948e-08 -5.781867436023919
2.15666275546e-08 -7.342843144755808
2.23511733366e-08 -7.081562080413093
2.26989384553e-08 -6.825243967958471
2.30775360356e-08 -7.537356848596659
2.3915358806e-08 -8.722025346274137
2.4474102892e-08 -8.095024619390927
2.51551417477e-08 -10.051529553498938
2.58389859e-08 -11.095093071091426
2.6250952467e-08 -12.255384680676748
2.70915120349e-08 -12.809978734998218
2.77160002651e-08 -12.512572372227325
2.84878543334e-08 -11.91267520191186
2.95547739668e-08 -12.205804840420022
3.01937587673e-08 -12.057875300665287
3.08358247416e-08 -13.21852610380214
3.17731544709e-08 -14.358679121212539
3.28365434679e-08 -14.261204077545713
3.39605809144e-08 -14.50380627119273
3.50635441908e-08 -14.595341144956741
3.57774943608e-08 -14.225302016719155
3.68387913671e-08 -15.367234153131086
3.77041743787e-08 -15.311062588360393
3.8864261839e-08 -14.93540089375486
4.01376665097e-08 -15.695884358220091
4.09292977305e-08 -16.193950875316396
4.20960753313e-08 -15.882714230107936
4.34998504703e-08 -15.554023763659849
4.47314387216e-08 -16.28738829423424
4.61265011933e-08 -16.809658836725895
4.7739678597e-08 -16.868973407518382
4.96368369434e-08 -17.24510373680406
5.07932465217e-08 -17.35334300257751
5.18583525341e-08 -17.66451554139806
5.30230148696e-08 -17.2351147749079
5.4455868388e-08 -15.932532762830569
5.60131506434e-08 -17.65905400233558
5.75427667568e-08 -17.813618459841727
5.87090014382e-08 -18.15160105942865
6.06724302403e-08 -17.920035650841776
6.28317085546e-08 -17.69872234551444
6.50363798975e-08 -18.026302715388468
6.67206955022e-08 -17.84990013251833
6.81593676378e-08 -18.141042742065103
6.9827676534e-08 -18.20912988345544
7.2248351042e-08 -18.554891266834794
7.43966922957e-08 -18.453766193696914
7.59793454058e-08 -18.45567735735964
7.74140265412e-08 -18.31697983737662
7.99170111017e-08 -18.49935404136898
8.27817815135e-08 -18.70527550860627
8.4814019401e-08 -18.544073212450492
8.68493372857e-08 -18.967987256899967
8.94984966567e-08 -19.16309396605471
9.10932951605e-08 -19.541689178523498
9.26693872149e-08 -20.121217816600954
9.4693776079e-08 -20.329280395700785
9.61993857387e-08 -20.280666969370785
9.87467089763e-08 -19.91224240596445
1.00498051926e-07 -20.418392035288015
1.02853190903e-07 -20.418748690810844
1.04800044135e-07 -20.68174440985654
1.07342854175e-07 -20.60190128722131
1.10756061668e-07 -20.561144346133524
1.1388637345e-07 -20.60096397380144
1.17995549986e-07 -20.474870490872277
1.20389785878e-07 -20.472849514620506
1.23204193039e-07 -20.582538346944588
1.25952280955e-07 -20.705831709453697
1.28973293729e-07 -20.73167050266818
1.3244044164e-07 -20.750352488877745
1.35367040527e-07 -20.775045357957367
1.3822090953e-07 -20.665489661295133
1.41231437178e-07 -20.666413263715164
1.45059270942e-07 -20.70685366779817
1.48769233337e-07 -20.708312128347984
1.52706219112e-07 -20.53088974163193
1.55733302927e-07 -20.435908649586487
1.58772923304e-07 -20.597345709918507
1.61958012111e-07 -20.664792783953416
1.64448154247e-07 -20.694664913243344
1.68703500169e-07 -20.722537279025694
1.73752573339e-07 -20.730627461241987
1.78526935109e-07 -20.7425814778938
1.83608235939e-07 -20.698471010515007
1.8935592224e-07 -20.66323194305231
1.98291862558e-07 -20.734063388881566
2.02986944957e-07 -20.757024879987227
2.06601928364e-07 -20.730395104665256
2.10548631953e-07 -20.77142134685294
2.15290769094e-07 -20.74826914634312
2.19467642478e-07 -20.750362772124987
2.23879040608e-07 -20.726423563789375
2.27572272895e-07 -20.722950655637405
2.3136639105e-07 -20.664067937722663
2.36169083673e-07 -20.64077270605293
2.40697007389e-07 -20.631759184790056
2.44810447152e-07 -20.678010608030725
2.50186867472e-07 -20.626432104426193
2.55956265677e-07 -20.664388539826867
2.61810236671e-07 -20.7037280745162
2.68063105521e-07 -20.80576872847937
2.75485409086e-07 -20.727055611741754
2.80923422044e-07 -20.704668997396247
2.87730906972e-07 -20.843220111406467
2.93598420877e-07 -20.989471166491448
2.98609175101e-07 -20.99001834212917
3.03848659165e-07 -21.040055692643463
3.09732221791e-07 -21.107001695721195
3.1451330546e-07 -21.129907190157837
3.19817524828e-07 -21.124247063973264
3.27448081376e-07 -21.293395213406157
3.33666297846e-07 -21.30101217451361
3.39605268846e-07 -21.2398035083431
3.44795956777e-07 -21.320484136987766
3.49810389179e-07 -21.423179763487703
3.57522372953e-07 -21.39103891232393
3.65227976191e-07 -21.539959827098848
3.70810194688e-07 -21.51811508738954
3.76440526555e-07 -21.624889366193024
3.82548451105e-07 -21.64465213312041
3.90054995981e-07 -21.74151227895267
3.97607740533e-07 -21.890250309355437
4.04150241432e-07 -22.199574814347542
4.11851080614e-07 -22.240707228249953
4.20602170546e-07 -22.27372075720738
4.30160164222e-07 -22.242079619045235
4.37994746734e-07 -22.418036220561866
4.4827200034e-07 -22.607879042358938
4.56328677199e-07 -22.690612796508212
4.63733084849e-07 -22.739232681896667
4.70561038594e-07 -22.777619082764787
4.77623151681e-07 -22.830234074065743
4.86756700828e-07 -22.88768864887342
4.93625499448e-07 -22.877902414862525
5.00064668669e-07 -22.8340960876103
5.11366160063e-07 -22.860379525835235
5.21867855391e-07 -22.88828487970718
5.301096199e-07 -23.005423810128555
5.3731459865e-07 -23.05698709153517
5.45330796177e-07 -23.086318579270547
5.54908107444e-07 -23.134117762579415
5.65742435556e-07 -23.182000630744085
5.72926790062e-07 -23.22482951515442
5.85367829666e-07 -23.2579553212871
6.02457368914e-07 -23.330024558306143
6.13832625225e-07 -23.314191187908584
6.26874662717e-07 -23.332575949969275
6.36919308173e-07 -23.37711825887917
6.43192254377e-07 -23.388919547161798
6.53403355783e-07 -23.535054974493242
6.61586156133e-07 -23.492540015344353
6.70750312817e-07 -23.4366278525576
6.85445438827e-07 -23.470863837593463
6.98206520494e-07 -23.51397359950672
7.10069056047e-07 -23.495181150275442
7.1945756406e-07 -23.481474779138274
7.29799683024e-07 -23.55537314683253
7.43515583858e-07 -23.642735818462562
7.56205357622e-07 -23.716023447716893
7.65095601237e-07 -23.656501525187075
7.74309467317e-07 -23.642367052304827
7.84139478109e-07 -23.671265046915856
7.92293257484e-07 -23.668841045655782
8.03364332881e-07 -23.737618008431745
8.16823135574e-07 -23.813516618595827
8.22856490715e-07 -23.805758290071346
8.39348391317e-07 -23.791996113838884
8.51418841968e-07 -23.744810234728767
8.62589713959e-07 -23.824750803284445
8.71862040143e-07 -23.87935693286157
8.84424374903e-07 -23.924948939554646
9.00685807014e-07 -23.954396046631004
9.15628045922e-07 -24.00198178593159
9.35069631215e-07 -23.998573201390222
9.49004454546e-07 -24.028086703984336
9.68022239879e-07 -24.060174260400387
9.85995528056e-07 -24.083119798549305
1.00305737103e-06 -24.1039823925043
1.02368478334e-06 -24.12356296133148
1.05123074494e-06 -24.138466562173626
1.08147773548e-06 -24.146781450729968
1.10005153047e-06 -24.136785381533066
1.13748920543e-06 -24.160117026329004
1.17492319616e-06 -24.175794633232996
1.20443091662e-06 -24.178789290937893
1.24981901486e-06 -24.211205302336452
1.27278762707e-06 -24.21167122808763
1.29559000006e-06 -24.21626927542289
1.31748769808e-06 -24.213684295174446
1.36044671479e-06 -24.239962784065405
1.40534826867e-06 -24.24457467257335
1.44621589694e-06 -24.270509542947032
1.48131787778e-06 -24.290032791165892
1.54720086503e-06 -24.374538073266905
1.588562969e-06 -24.36809862438723
1.61694525725e-06 -24.396823260203334
1.65855434411e-06 -24.41362034945707
1.7027144913e-06 -24.413172581728055
1.7440712609e-06 -24.383370124210522
1.79047954349e-06 -24.353621723365052
1.84182501437e-06 -24.323997169338078
1.88467017571e-06 -24.287581474739902
1.92166100035e-06 -24.270506606917067
1.9539238098e-06 -24.229417666083144
2.00130047071e-06 -24.18856925476797
2.11110599726e-06 -24.17433022763641
2.18706652246e-06 -24.110272194562818
2.28648820286e-06 -23.965074682753404
2.43033605383e-06 -23.758846667694243
2.54008016924e-06 -23.626521162166576
2.60658674211e-06 -23.625433776165913
2.69965398116e-06 -23.60268620554494
2.90157991958e-06 -23.59410829633896
3.06314484058e-06 -23.523411905850082
3.22362863134e-06 -23.46782834928733
3.357149673e-06 -23.37345798461819
3.57669442182e-06 -23.294394165031534
3.78196901633e-06 -23.200573205110835
3.92010661659e-06 -23.12267713200496
4.03504172386e-06 -23.057615698818317
4.15710886036e-06 -22.99893252312131
4.30967632201e-06 -22.88868471953848
4.44320929247e-06 -22.728087312208622
4.5490261393e-06 -22.637908359997745
4.74298082363e-06 -22.59459893189829
4.99595374435e-06 -22.540542445985565
5.19784556163e-06 -22.463160615355058
5.48176298309e-06 -22.42501659639941
5.67048574245e-06 -22.354788067646645
5.95799287829e-06 -22.27925749721937
6.39151471106e-06 -22.21974378201741
6.63270850989e-06 -22.0980455535339
7.07514291256e-06 -22.02529071391215
7.42968647149e-06 -21.935436298930547
7.68283292968e-06 -21.845702635137457
8.0474579762e-06 -21.74920669586524
8.63105619529e-06 -21.649673157372128
9.22052727429e-06 -21.593668426141043
