2.00570585804e-08 1.1018032079308213
2.07779255948e-08 -1.3388262703311362
2.15666275546e-08 -2.411910585987748
2.23511733366e-08 -3.095277211925385
2.26989384553e-08 -3.203173446008595
2.30775360356e-08 -4.846604874603223
2.3915358806e-08 -5.484410628829728
2.4474102892e-08 -5.0065858613710645
2.51551417477e-08 -7.165513280368231
2.58389859e-08 -8.475003480452692
2.6250952467e-08 -9.989553484580732
2.70915120349e-08 -10.586362135571832
2.77160002651e-08 -10.729973106393771
2.84878543334e-08 -10.0569483543294
2.95547739668e-08 -10.240708753765261
3.01937587673e-08 -10.255252655570501
3.08358247416e-08 -11.215856011022488
3.17731544709e-08 -12.61617074759156
3.28365434679e-08 -13.107869964795434
3.39605809144e-08 -13.75207347070289
3.50635441908e-08 -13.825420713875623
3.57774943608e-08 -12.605053678391386
3.68387913671e-08 -13.147513209753413
3.77041743787e-08 -12.703491110837454
3.8864261839e-08 -12.891509870636938
4.01376665097e-08 -13.813438926896097
4.09292977305e-08 -13.884351999551562
4.20960753313e-08 -13.902018271847993
4.34998504703e-08 -14.114960710286503
4.47314387216e-08 -14.781614662978129
4.61265011933e-08 -15.223754384864172
4.7739678597e-08 -15.188108253072777
4.96368369434e-08 -15.140238109105837
5.07932465217e-08 -15.30825439115872
5.18583525341e-08 -15.580849367274858
5.30230148696e-08 -15.279521387309188
5.4455868388e-08 -14.5878656722901
5.60131506434e-08 -15.96372354398045
5.75427667568e-08 -16.10047638356602
5.87090014382e-08 -16.257347689385156
6.06724302403e-08 -16.2314984221085
6.28317085546e-08 -16.43752677683114
6.50363798975e-08 -16.519086454542126
6.67206955022e-08 -16.19403019831754
6.81593676378e-08 -16.366730373792514
6.9827676534e-08 -16.799184256965823
7.2248351042e-08 -17.02200804761049
7.43966922957e-08 -16.95946053396016
7.59793454058e-08 -17.28510516161436
7.74140265412e-08 -17.159458087156075
7.99170111017e-08 -17.028357701877823
8.27817815135e-08 -17.387181301332696
8.4814019401e-08 -17.171450396577058
8.68493372857e-08 -17.72527136031355
8.94984966567e-08 -17.968850073218704
9.10932951605e-08 -18.56271369365671
9.26693872149e-08 -19.180980705782098
9.4693776079e-08 -19.339875672956857
9.61993857387e-08 -19.412687273288945
9.87467089763e-08 -19.01836765884122
1.00498051926e-07 -19.656866196867817
1.02853190903e-07 -19.586411500393837
1.04800044135e-07 -19.936682680157595
1.07342854175e-07 -19.846989490275533
1.10756061668e-07 -19.813843732872265
1.1388637345e-07 -19.85315059211193
1.17995549986e-07 -19.7239656964134
1.20389785878e-07 -19.676452481236737
1.23204193039e-07 -19.88123645117733
1.25952280955e-07 -19.99470531216994
1.28973293729e-07 -20.02052886023639
1.3244044164e-07 -20.048747660630326
1.35367040527e-07 -20.078556808476876
1.3822090953e-07 -19.954233378166357
1.41231437178e-07 -19.95179943113964
1.45059270942e-07 -20.009586347474844
1.48769233337e-07 -20.00337055376763
1.52706219112e-07 -19.80164351972833
1.55733302927e-07 -19.707402614289528
1.58772923304e-07 -19.891036571066053
1.61958012111e-07 -19.968314438732733
1.64448154247e-07 -20.010343326129124
1.68703500169e-07 -20.043622412351887
1.73752573339e-07 -20.047403330864782
1.78526935109e-07 -20.06952703533878
1.83608235939e-07 -20.018325354086073
1.8935592224e-07 -19.98290134312382
1.98291862558e-07 -20.06214427110735
2.02986944957e-07 -20.090493387256608
2.06601928364e-07 -20.062639510104965
2.10548631953e-07 -20.099794049503792
2.15290769094e-07 -20.081301502411307
2.19467642478e-07 -20.08411032623451
2.23879040608e-07 -20.056359572831276
2.27572272895e-07 -20.058280041618005
2.3136639105e-07 -19.986537746090605
2.36169083673e-07 -19.97312554531974
2.40697007389e-07 -19.96522986922502
2.44810447152e-07 -19.995525382542347
2.50186867472e-07 -19.956791476955516
2.55956265677e-07 -19.9781573455682
2.61810236671e-07 -20.003638828681467
2.68063105521e-07 -20.049918348047598
2.75485409086e-07 -20.004936585035303
2.80923422044e-07 -19.98004411119637
2.87730906972e-07 -20.055816124280618
2.93598420877e-07 -20.119736641325936
2.98609175101e-07 -20.122045227848112
3.03848659165e-07 -20.144130796469646
3.09732221791e-07 -20.16915335114384
3.1451330546e-07 -20.17347195955371
3.19817524828e-07 -20.16084410883831
3.27448081376e-07 -20.2352338806026
3.33666297846e-07 -20.23916961235343
3.39605268846e-07 -20.21140318743322
3.44795956777e-07 -20.24254620410013
3.49810389179e-07 -20.284849263620153
3.57522372953e-07 -20.273841547241148
3.65227976191e-07 -20.337051190126992
3.70810194688e-07 -20.329444695545483
3.76440526555e-07 -20.495098505696284
3.82548451105e-07 -20.6048583122098
3.90054995981e-07 -20.671142306622173
3.97607740533e-07 -20.73203290048368
4.04150241432e-07 -20.960630054622563
4.11851080614e-07 -20.935176155709293
4.20602170546e-07 -21.003734543717094
4.30160164222e-07 -20.954404483121145
4.37994746734e-07 -21.041619625969695
4.4827200034e-07 -21.17737140371937
4.56328677199e-07 -21.224047789376634
4.63733084849e-07 -21.253607557416032
4.70561038594e-07 -21.27248612304328
4.77623151681e-07 -21.305464300087678
4.86756700828e-07 -21.329587056388753
4.93625499448e-07 -21.326305627771518
5.00064668669e-07 -21.290394635214234
5.11366160063e-07 -21.308640247648057
5.21867855391e-07 -21.318647148644068
5.301096199e-07 -21.39162865198697
5.3731459865e-07 -21.427604916642267
5.45330796177e-07 -21.445818462376728
5.54908107444e-07 -21.477023852356588
5.65742435556e-07 -21.51010339774242
5.72926790062e-07 -21.538685223738526
5.85367829666e-07 -21.561480222726708
6.02457368914e-07 -21.61283377187386
6.13832625225e-07 -21.59325944225516
6.26874662717e-07 -21.604824874671813
6.36919308173e-07 -21.63686666096293
6.43192254377e-07 -21.643161170178125
6.53403355783e-07 -21.81153742653043
6.61586156133e-07 -21.746882678216217
6.70750312817e-07 -21.67526975793441
6.85445438827e-07 -21.700851041370633
6.98206520494e-07 -21.731601158048456
7.10069056047e-07 -21.713612846389097
7.1945756406e-07 -21.698563381012356
7.29799683024e-07 -21.75730037007868
7.43515583858e-07 -21.82763136815109
7.56205357622e-07 -21.888469727571206
7.65095601237e-07 -21.838318039403475
7.74309467317e-07 -21.824468971318183
7.84139478109e-07 -21.847996257808184
7.92293257484e-07 -21.841026916941907
8.03364332881e-07 -21.899519986072683
8.16823135574e-07 -21.961150702642172
8.22856490715e-07 -21.954330581734254
8.39348391317e-07 -21.94078695069674
8.51418841968e-07 -21.89261547486202
8.62589713959e-07 -21.966281881706884
8.71862040143e-07 -22.014931593682448
8.84424374903e-07 -22.059133537026597
9.00685807014e-07 -22.085716216603196
9.15628045922e-07 -22.122240463893554
9.35069631215e-07 -22.12181427450909
9.49004454546e-07 -22.142225707461
9.68022239879e-07 -22.173042097455685
9.85995528056e-07 -22.193525180972827
1.00305737103e-06 -22.205978137210387
1.02368478334e-06 -22.22294983224578
1.05123074494e-06 -22.234097165081693
1.08147773548e-06 -22.239044244817855
1.10005153047e-06 -22.225730612758518
1.13748920543e-06 -22.246102327037548
1.17492319616e-06 -22.257641704350647
1.20443091662e-06 -22.25764140257747
1.24981901486e-06 -22.286211279087667
1.27278762707e-06 -22.28599548320353
1.29559000006e-06 -22.28647803826815
1.31748769808e-06 -22.281607325658683
1.36044671479e-06 -22.304731135431005
1.40534826867e-06 -22.309568686300672
1.44621589694e-06 -22.329477590684917
1.48131787778e-06 -22.34458001608445
1.54720086503e-06 -22.419783656167787
1.588562969e-06 -22.407684043044725
1.61694525725e-06 -22.433969322111842
1.65855434411e-06 -22.44685228588225
1.7027144913e-06 -22.44440928499033
1.7440712609e-06 -22.414566998399337
1.79047954349e-06 -22.386927203371265
1.84182501437e-06 -22.35652194143801
1.88467017571e-06 -22.318908921640308
1.92166100035e-06 -22.303467393125437
1.9539238098e-06 -22.26268685210156
2.00130047071e-06 -22.22234112893957
2.11110599726e-06 -22.205125857703237
2.18706652246e-06 -22.139071909089274
2.28648820286e-06 -21.99496040558097
2.43033605383e-06 -21.795171979861514
2.54008016924e-06 -21.679792516040678
2.60658674211e-06 -21.67261895961706
2.69965398116e-06 -21.64676030107436
2.90157991958e-06 -21.63573582401923
3.06314484058e-06 -21.56200206528915
3.22362863134e-06 -21.500685045584476
3.357149673e-06 -21.401853852555313
3.57669442182e-06 -21.32087706106673
3.78196901633e-06 -21.22574667777736
3.92010661659e-06 -21.148395317629905
4.03504172386e-06 -21.08360312766461
4.15710886036e-06 -21.025020255741083
4.30967632201e-06 -20.912638954554808
4.44320929247e-06 -20.74661474013289
4.5490261393e-06 -20.654618015402946
4.74298082363e-06 -20.611391402093773
4.99595374435e-06 -20.558469694016935
5.19784556163e-06 -20.4823614247779
5.48176298309e-06 -20.44607197025759
5.67048574245e-06 -20.377866130205767
5.95799287829e-06 -20.30448298478754
6.39151471106e-06 -20.24781514073613
6.63270850989e-06 -20.128883322712134
7.07514291256e-06 -20.059273921375905
7.42968647149e-06 -19.972853376595737
7.68283292968e-06 -19.88599577110662
8.0474579762e-06 -19.793808380670384
8.63105619529e-06 -19.70110422135054
9.22052727429e-06 -19.6516660798142
