2.00570585804e-08 -1.2470911415045656
2.07779255948e-08 -4.632250622128296
2.15666275546e-08 -6.366907039273563
2.23511733366e-08 -5.933044234706053
2.26989384553e-08 -5.6243424457383036
2.30775360356e-08 -6.349449677880635
2.3915358806e-08 -7.609074388010377
2.4474102892e-08 -6.900965790556192
2.51551417477e-08 -8.756090757301159
2.58389859e-08 -9.837268234437033
2.6250952467e-08 -11.239571578881353
2.70915120349e-08 -11.76491933831003
2.77160002651e-08 -11.262815334578832
2.84878543334e-08 -10.803681475558768
2.95547739668e-08 -11.183224343565485
3.01937587673e-08 -11.12484638776386
3.08358247416e-08 -12.295053087962422
3.17731544709e-08 -13.487099798615759
3.28365434679e-08 -13.000459179029008
3.39605809144e-08 -12.930360029765588
3.50635441908e-08 -13.026789570205977
3.57774943608e-08 -13.288531897477107
3.68387913671e-08 -14.56029597934132
3.77041743787e-08 -14.503251770756208
3.8864261839e-08 -14.117364403360163
4.01376665097e-08 -14.930922493976283
4.09292977305e-08 -15.397466636673862
4.20960753313e-08 -15.050854070518845
4.34998504703e-08 -14.492068877890404
4.47314387216e-08 -15.205150324778522
4.61265011933e-08 -15.755071679317219
4.7739678597e-08 -15.878822741706585
4.96368369434e-08 -16.365777611940416
5.07932465217e-08 -16.456269749809707
5.18583525341e-08 -16.794139386688194
5.30230148696e-08 -16.323754842084988
5.4455868388e-08 -14.852454925192987
5.60131506434e-08 -16.732010777777553
5.75427667568e-08 -16.903285719742414
5.87090014382e-08 -17.287572789249396
6.06724302403e-08 -16.952614811327983
6.28317085546e-08 -16.554243884822142
6.50363798975e-08 -16.98029521796324
6.67206955022e-08 -16.86919252011323
6.81593676378e-08 -17.21072118371964
6.9827676534e-08 -17.123472974228342
7.2248351042e-08 -17.547617369055928
7.43966922957e-08 -17.453752740188584
7.59793454058e-08 -17.3207958578894
7.74140265412e-08 -17.11520307900431
7.99170111017e-08 -17.47056324350435
8.27817815135e-08 -17.605960921010833
8.4814019401e-08 -17.48219748732531
8.68493372857e-08 -17.828438351887826
8.94984966567e-08 -17.992693212623806
9.10932951605e-08 -18.241678259494286
9.26693872149e-08 -18.84596297654941
9.4693776079e-08 -19.152655875222003
9.61993857387e-08 -19.012739822451117
9.87467089763e-08 -18.680275699741863
1.00498051926e-07 -19.087732036995483
1.02853190903e-07 -19.108940488886624
1.04800044135e-07 -19.344202104894222
1.07342854175e-07 -19.259850479205163
1.10756061668e-07 -19.24392585480887
1.1388637345e-07 -19.283849603953144
1.17995549986e-07 -19.175195012790496
1.20389785878e-07 -19.14213870467337
1.23204193039e-07 -19.227589192200746
1.25952280955e-07 -19.368925630684053
1.28973293729e-07 -19.39253284379651
1.3244044164e-07 -19.404296857868182
1.35367040527e-07 -19.42257160468497
1.3822090953e-07 -19.326626253732755
1.41231437178e-07 -19.324884360442525
1.45059270942e-07 -19.355226271381134
1.48769233337e-07 -19.35372505833996
1.52706219112e-07 -19.210434864854378
1.55733302927e-07 -19.125838828584413
1.58772923304e-07 -19.25326099409959
1.61958012111e-07 -19.302453819735078
1.64448154247e-07 -19.321805629452946
1.68703500169e-07 -19.344289878754715
1.73752573339e-07 -19.34466844741592
1.78526935109e-07 -19.351231462231432
1.83608235939e-07 -19.308458218953
1.8935592224e-07 -19.271342496937997
1.98291862558e-07 -19.33072229194898
2.02986944957e-07 -19.345718761575817
2.06601928364e-07 -19.320785172855466
2.10548631953e-07 -19.352532678453017
2.15290769094e-07 -19.329781092653533
2.19467642478e-07 -19.32745854771408
2.23879040608e-07 -19.302890059282397
2.27572272895e-07 -19.297075587887427
2.3136639105e-07 -19.239424655176798
2.36169083673e-07 -19.222072858985584
2.40697007389e-07 -19.21153586843277
2.44810447152e-07 -19.243155198988802
2.50186867472e-07 -19.202286803643744
2.55956265677e-07 -19.22339711856816
2.61810236671e-07 -19.247831047718584
2.68063105521e-07 -19.30850692289193
2.75485409086e-07 -19.25470701420616
2.80923422044e-07 -19.231272545433377
2.87730906972e-07 -19.32146726036703
2.93598420877e-07 -19.408496597973226
2.98609175101e-07 -19.411467785266744
3.03848659165e-07 -19.442447373721627
3.09732221791e-07 -19.479657855041744
3.1451330546e-07 -19.490374748119457
3.19817524828e-07 -19.483910012524547
3.27448081376e-07 -19.590253447398112
3.33666297846e-07 -19.597586067986903
3.39605268846e-07 -19.562402237705186
3.44795956777e-07 -19.609346433019077
3.49810389179e-07 -19.67308820769955
3.57522372953e-07 -19.66100547322653
3.65227976191e-07 -19.7242519228993
3.70810194688e-07 -19.686684108130066
3.76440526555e-07 -19.815087741223344
3.82548451105e-07 -19.881760544767573
3.90054995981e-07 -19.951679533163443
3.97607740533e-07 -20.04632553691551
4.04150241432e-07 -20.301673808510195
4.11851080614e-07 -20.309343301889413
4.20602170546e-07 -20.35881547129783
4.30160164222e-07 -20.316293883003063
4.37994746734e-07 -20.44214029284357
4.4827200034e-07 -20.60077207184427
4.56328677199e-07 -20.66353588667794
4.63733084849e-07 -20.70273225129214
4.70561038594e-07 -20.73148540225649
4.77623151681e-07 -20.773509818859246
4.86756700828e-07 -20.919206688145735
4.93625499448e-07 -20.808295236376438
5.00064668669e-07 -20.77286140112134
5.11366160063e-07 -20.796071605678186
5.21867855391e-07 -20.815306763776185
5.301096199e-07 -20.905565603609624
5.3731459865e-07 -20.948791639847506
5.45330796177e-07 -20.97297446723001
5.54908107444e-07 -21.012217292976167
5.65742435556e-07 -21.052572552661225
5.72926790062e-07 -21.08687576475939
5.85367829666e-07 -21.116150205434458
6.02457368914e-07 -21.17672763965168
6.13832625225e-07 -21.161847110716835
6.26874662717e-07 -21.17849725720125
6.36919308173e-07 -21.216963154049935
6.43192254377e-07 -21.22534351933848
6.53403355783e-07 -21.56931036321196
6.61586156133e-07 -21.41766232300821
6.70750312817e-07 -21.268839861803997
6.85445438827e-07 -21.299307477223927
6.98206520494e-07 -21.33431958139642
7.10069056047e-07 -21.31970447980187
7.1945756406e-07 -21.30826570081839
7.29799683024e-07 -21.3702993846388
7.43515583858e-07 -21.442024182492595
7.56205357622e-07 -21.503923738527263
7.65095601237e-07 -21.45905461008951
7.74309467317e-07 -21.449028035314797
7.84139478109e-07 -21.474847612406563
7.92293257484e-07 -21.470394994325368
8.03364332881e-07 -21.530708092394846
8.16823135574e-07 -21.59133257811733
8.22856490715e-07 -21.583133009514192
8.39348391317e-07 -21.574772143898684
8.51418841968e-07 -21.534420351446407
8.62589713959e-07 -21.604396273236766
8.71862040143e-07 -21.64898317790918
8.84424374903e-07 -21.690304805225175
9.00685807014e-07 -21.716830013424236
9.15628045922e-07 -21.753055086836376
9.35069631215e-07 -21.755759539788265
9.49004454546e-07 -21.777223387198923
9.68022239879e-07 -21.804974641876235
9.85995528056e-07 -21.825749952588943
1.00305737103e-06 -21.83984466308072
1.02368478334e-06 -21.855373180332123
1.05123074494e-06 -21.868330730467363
1.08147773548e-06 -21.87495402146976
1.10005153047e-06 -21.86526648503599
1.13748920543e-06 -21.885903073293214
1.17492319616e-06 -21.89838349875054
1.20443091662e-06 -21.89945560150271
1.24981901486e-06 -21.929457747589183
1.27278762707e-06 -21.941214904534853
1.29559000006e-06 -21.935171662762706
1.31748769808e-06 -21.92797773027008
1.36044671479e-06 -21.95269314718459
1.40534826867e-06 -21.960656350730197
1.44621589694e-06 -21.98300814223588
1.48131787778e-06 -21.998828639046764
1.54720086503e-06 -22.075924890985227
1.588562969e-06 -22.069087226049398
1.61694525725e-06 -22.09591301781991
1.65855434411e-06 -22.10737915339422
1.7027144913e-06 -22.102143352789902
1.7440712609e-06 -22.071291268672944
1.79047954349e-06 -22.04299603267669
1.84182501437e-06 -22.0127919419945
1.88467017571e-06 -21.975520899671935
1.92166100035e-06 -21.959109655684983
1.9539238098e-06 -21.918660787695536
2.00130047071e-06 -21.877980409642
2.11110599726e-06 -21.86030954360156
2.18706652246e-06 -21.79611180604725
2.28648820286e-06 -21.651345581326943
2.43033605383e-06 -21.45663682056079
2.54008016924e-06 -21.348220890872298
2.60658674211e-06 -21.338671184364294
2.69965398116e-06 -21.311141011693557
2.90157991958e-06 -21.297526178407942
3.06314484058e-06 -21.221189384998873
3.22362863134e-06 -21.157974310988337
3.357149673e-06 -21.058089309383824
3.57669442182e-06 -20.97736602776515
3.78196901633e-06 -20.883394208468452
3.92010661659e-06 -20.806195787738496
4.03504172386e-06 -20.74185363926761
4.15710886036e-06 -20.68332977999988
4.30967632201e-06 -20.570998190416333
4.44320929247e-06 -20.40457399095832
4.5490261393e-06 -20.31255213919711
4.74298082363e-06 -20.27172174743233
4.99595374435e-06 -20.220897007850468
5.19784556163e-06 -20.147381548854256
5.48176298309e-06 -20.11381352498507
5.67048574245e-06 -20.04835863591166
5.95799287829e-06 -19.97887433009756
6.39151471106e-06 -19.92715575971662
6.63270850989e-06 -19.813871611317673
7.07514291256e-06 -19.751478230691944
7.42968647149e-06 -19.673074081728146
7.68283292968e-06 -19.594156142474354
8.0474579762e-06 -19.513177947276425
8.63105619529e-06 -19.43766475900795
9.22052727429e-06 -19.40456466553885
