2.00570585804e-08 110.86831985903501
2.07779255948e-08 110.79164514005703
2.15666275546e-08 110.7107448820673
2.23511733366e-08 110.63315444083327
2.26989384553e-08 110.59962833707777
2.30775360356e-08 110.56370888479623
2.3915358806e-08 110.48627156851501
2.4474102892e-08 110.43612216610376
2.51551417477e-08 110.37652222929262
2.58389859e-08 110.31827874901632
2.6250952467e-08 110.28393074577338
2.70915120349e-08 110.21548985071033
2.77160002651e-08 110.1660032896747
2.84878543334e-08 110.10635737375557
2.95547739668e-08 110.02651786255865
3.01937587673e-08 109.98007016907235
3.08358247416e-08 109.93437823049504
3.17731544709e-08 109.86935440293689
3.28365434679e-08 109.79786889908809
3.39605809144e-08 109.72478052134522
3.50635441908e-08 109.65537701343473
3.57774943608e-08 109.61160646405668
3.68387913671e-08 109.54812920814823
3.77041743787e-08 109.49770889708932
3.8864261839e-08 109.43190395660235
4.01376665097e-08 109.36189547258292
4.09292977305e-08 109.31948460857359
4.20960753313e-08 109.25844803417067
4.34998504703e-08 109.1872172533501
4.47314387216e-08 109.12659173951641
4.61265011933e-08 109.0599035058988
4.7739678597e-08 108.98525861958703
4.96368369434e-08 93.70856668455832
5.07932465217e-08 89.59655322779778
5.18583525341e-08 88.81579248861712
5.30230148696e-08 88.12425346528983
5.4455868388e-08 87.37317633828837
5.60131506434e-08 86.5959019950459
5.75427667568e-08 85.90809471141263
5.87090014382e-08 85.24775127474018
6.06724302403e-08 84.45463553275884
6.28317085546e-08 83.60046985027324
6.50363798975e-08 82.8291574007926
6.67206955022e-08 82.21839694621227
6.81593676378e-08 73.84439860534317
6.9827676534e-08 58.282574698183005
7.2248351042e-08 56.03343500055045
7.43966922957e-08 54.33850867012487
7.59793454058e-08 53.058337002889665
7.74140265412e-08 51.73600906999544
7.99170111017e-08 50.02157782660025
8.27817815135e-08 48.31245830829828
8.4814019401e-08 46.90731172749523
8.68493372857e-08 45.544038180295686
8.94984966567e-08 44.21437258863473
9.10932951605e-08 13.558615838381264
9.26693872149e-08 10.122311545668357
9.4693776079e-08 9.340920419023652
9.61993857387e-08 8.6758851891542
9.87467089763e-08 7.9855672544947875
1.00498051926e-07 7.305411343980893
1.02853190903e-07 6.772223676180502
1.04800044135e-07 6.018989285046317
1.07342854175e-07 5.279869736211534
1.10756061668e-07 3.4963124350349624
1.1388637345e-07 2.1783962917135042
1.17995549986e-07 1.5588877723562362
1.20389785878e-07 2.0025579718367155
1.23204193039e-07 0.8238647250074287
1.25952280955e-07 -0.4635085654433375
1.28973293729e-07 -1.3444783628565204
1.3244044164e-07 -2.072729994155271
1.35367040527e-07 -2.631022735082354
1.3822090953e-07 -3.0623354575297874
1.41231437178e-07 -3.5539969900534842
1.45059270942e-07 -4.130644246431089
1.48769233337e-07 -4.715824918673185
1.52706219112e-07 -5.459272702707192
1.55733302927e-07 -6.108254729197945
1.58772923304e-07 -7.045541975743049
1.61958012111e-07 -7.488033327319997
1.64448154247e-07 -8.02156291859929
1.68703500169e-07 -9.754860632411727
1.73752573339e-07 -10.983140116299495
1.78526935109e-07 -11.703716592209524
1.83608235939e-07 -12.155775905628296
1.8935592224e-07 -12.72156353587458
1.98291862558e-07 -13.384714412285085
2.02986944957e-07 -13.644148471448212
2.06601928364e-07 -14.221621980134728
2.10548631953e-07 -14.835427178120995
2.15290769094e-07 -14.95404702457445
2.19467642478e-07 -15.159405085777529
2.23879040608e-07 -15.331652312232237
2.27572272895e-07 -15.287427042746145
2.3136639105e-07 -15.372140015385746
2.36169083673e-07 -15.005653578296425
2.40697007389e-07 -15.050043288559003
2.44810447152e-07 -15.877393383042822
2.50186867472e-07 -15.298817271477105
2.55956265677e-07 -16.00696455431455
2.61810236671e-07 -16.422895636381618
2.68063105521e-07 -17.242613543149524
2.75485409086e-07 -16.78963945175426
2.80923422044e-07 -16.795853680852254
2.87730906972e-07 -17.51894118533317
2.93598420877e-07 -18.11323987398461
2.98609175101e-07 -18.0937979903237
3.03848659165e-07 -18.256529289649322
3.09732221791e-07 -18.468362819630187
3.1451330546e-07 -18.54450165878729
3.19817524828e-07 -18.55427933247457
3.27448081376e-07 -18.96763602975888
3.33666297846e-07 -18.974791307749776
3.39605268846e-07 -18.8275621366529
3.44795956777e-07 -19.026605956624827
3.49810389179e-07 -19.24694681506662
3.57522372953e-07 -19.17008214082938
3.65227976191e-07 -19.495305506163213
3.70810194688e-07 -19.478751807264807
3.76440526555e-07 -19.50918194054786
3.82548451105e-07 -19.376894035858776
3.90054995981e-07 -19.533723957925524
3.97607740533e-07 -19.829826130042505
4.04150241432e-07 -20.245933189289083
4.11851080614e-07 -20.362386999565203
4.20602170546e-07 -20.3556628252919
4.30160164222e-07 -20.341032757522733
4.37994746734e-07 -20.60842330481603
4.4827200034e-07 -20.85019549044697
4.56328677199e-07 -20.963581045233646
4.63733084849e-07 -21.0281127280183
4.70561038594e-07 -21.08123970339114
4.77623151681e-07 -21.14776057226829
4.86756700828e-07 -21.161452859303836
4.93625499448e-07 -21.214995952154446
5.00064668669e-07 -21.16680766994201
5.11366160063e-07 -21.19835173206564
5.21867855391e-07 -21.239821538910505
5.301096199e-07 -21.385803601054242
5.3731459865e-07 -21.44706466790999
5.45330796177e-07 -21.483503193308728
5.54908107444e-07 -21.54168307844104
5.65742435556e-07 -21.59847468334609
5.72926790062e-07 -21.64895772504162
5.85367829666e-07 -21.688335142599016
6.02457368914e-07 -21.771140548194033
6.13832625225e-07 -21.758564293389888
6.26874662717e-07 -21.78112695458021
6.36919308173e-07 -21.832903520573034
6.43192254377e-07 -21.847022580560427
6.53403355783e-07 -21.86969220723128
6.61586156133e-07 -21.902787754417588
6.70750312817e-07 -21.90412835560037
6.85445438827e-07 -21.943264328978906
6.98206520494e-07 -21.99255646786193
7.10069056047e-07 -21.97435426109537
7.1945756406e-07 -21.962464968564475
7.29799683024e-07 -22.043084075467057
7.43515583858e-07 -22.137222584009635
7.56205357622e-07 -22.21511350373452
7.65095601237e-07 -22.15354539989938
7.74309467317e-07 -22.14041411902486
7.84139478109e-07 -22.172103522382372
7.92293257484e-07 -22.17245828970824
8.03364332881e-07 -22.24598481146895
8.16823135574e-07 -22.32699254070213
8.22856490715e-07 -22.32016998024914
8.39348391317e-07 -22.30817872505245
8.51418841968e-07 -22.26532910250907
8.62589713959e-07 -22.34561349635605
8.71862040143e-07 -22.400659023708656
8.84424374903e-07 -22.445209020646764
9.00685807014e-07 -22.47524515729809
9.15628045922e-07 -22.526497719446894
9.35069631215e-07 -22.5233417510319
9.49004454546e-07 -22.555848521613036
9.68022239879e-07 -22.587210521961794
9.85995528056e-07 -22.610609260626063
1.00305737103e-06 -22.634312782060576
1.02368478334e-06 -22.654425426632137
1.05123074494e-06 -22.67074795378462
1.08147773548e-06 -22.68042808249735
1.10005153047e-06 -22.672195641804123
1.13748920543e-06 -22.696309569095412
1.17492319616e-06 -22.713175566966946
1.20443091662e-06 -22.717219087614893
1.24981901486e-06 -22.75105235452046
1.27278762707e-06 -22.746959328501553
1.29559000006e-06 -22.75670673092339
1.31748769808e-06 -22.756237855922826
1.36044671479e-06 -22.78353378727492
1.40534826867e-06 -22.78881027199803
1.44621589694e-06 -22.817881383808846
1.48131787778e-06 -22.84000662316773
1.54720086503e-06 -22.92852020313711
1.588562969e-06 -22.92603447139353
1.61694525725e-06 -22.95641708738139
1.65855434411e-06 -22.97419185276471
1.7027144913e-06 -22.973405037074954
1.7440712609e-06 -22.94270439489471
1.79047954349e-06 -22.910971822857647
1.84182501437e-06 -22.88124696262736
1.88467017571e-06 -22.845243851638863
1.92166100035e-06 -22.827379335485404
1.9539238098e-06 -22.786250770273803
2.00130047071e-06 -22.745258372100004
2.11110599726e-06 -22.73259047310608
2.18706652246e-06 -22.66862565754316
2.28648820286e-06 -22.524607270644708
2.43033605383e-06 -22.316619792615256
2.54008016924e-06 -22.179599459506512
2.60658674211e-06 -22.178277864114996
2.69965398116e-06 -22.155422817930607
2.90157991958e-06 -22.146861752252036
3.06314484058e-06 -22.07757405322281
3.22362863134e-06 -22.024051028611545
3.357149673e-06 -21.931431369995167
3.57669442182e-06 -21.852901976606148
3.78196901633e-06 -21.75957616289851
3.92010661659e-06 -21.681157532716092
4.03504172386e-06 -21.61574066737799
4.15710886036e-06 -21.556671796422457
4.30967632201e-06 -21.446502336487654
4.44320929247e-06 -21.286395309389228
4.5490261393e-06 -21.19610788543355
4.74298082363e-06 -21.15239000348003
4.99595374435e-06 -21.09703240243512
5.19784556163e-06 -21.018251307322494
5.48176298309e-06 -20.978391205547524
5.67048574245e-06 -20.906187785347868
5.95799287829e-06 -20.827953811165294
6.39151471106e-06 -20.764645718360214
6.63270850989e-06 -20.63872118261409
7.07514291256e-06 -20.560707219123792
7.42968647149e-06 -20.464997848916738
7.68283292968e-06 -20.369839582142234
8.0474579762e-06 -20.265432974731482
8.63105619529e-06 -20.15338158136001
9.22052727429e-06 -20.08513885127433
