2.00570585804e-08 -1.6294278016676351
2.07779255948e-08 -4.604827597143373
2.15666275546e-08 -5.947843491918231
2.23511733366e-08 -5.901503414284171
2.26989384553e-08 -5.70107207792276
2.30775360356e-08 -6.403434763183615
2.3915358806e-08 -7.503090390285248
2.4474102892e-08 -6.967347895411635
2.51551417477e-08 -9.01375754574218
2.58389859e-08 -10.034200101069558
2.6250952467e-08 -10.840333333376215
2.70915120349e-08 -11.415404070410787
2.77160002651e-08 -11.276720171337999
2.84878543334e-08 -10.639991265772238
2.95547739668e-08 -10.840055655523734
3.01937587673e-08 -10.575890185133012
3.08358247416e-08 -11.688914645789104
3.17731544709e-08 -12.661232147056694
3.28365434679e-08 -12.873121376494922
3.39605809144e-08 -13.13144044279236
3.50635441908e-08 -13.2249648567606
3.57774943608e-08 -12.545367601012764
3.68387913671e-08 -13.593496082446109
3.77041743787e-08 -13.59484775445663
3.8864261839e-08 -13.22887113420093
4.01376665097e-08 -13.824167108225467
4.09292977305e-08 -14.427938437669674
4.20960753313e-08 -14.128082796718068
4.34998504703e-08 -13.938774492031612
4.47314387216e-08 -14.711945213036657
4.61265011933e-08 -15.182639180286365
4.7739678597e-08 -15.196985805550547
4.96368369434e-08 -15.492290589561811
5.07932465217e-08 -15.624275824122002
5.18583525341e-08 -15.904122184618544
5.30230148696e-08 -15.518235462040032
5.4455868388e-08 -14.282807166438019
5.60131506434e-08 -15.900069638931747
5.75427667568e-08 -16.02960772694857
5.87090014382e-08 -16.32587015899695
6.06724302403e-08 -16.219022888407167
6.28317085546e-08 -16.091266009247924
6.50363798975e-08 -16.374900622616337
6.67206955022e-08 -16.14481485787161
6.81593676378e-08 -16.398652431087108
6.9827676534e-08 -16.58573686404229
7.2248351042e-08 -16.857729501193752
7.43966922957e-08 -16.74051959507198
7.59793454058e-08 -16.818730606498796
7.74140265412e-08 -16.76224208265122
7.99170111017e-08 -16.82163222833745
8.27817815135e-08 -17.070541300581176
8.4814019401e-08 -16.88584290761299
8.68493372857e-08 -17.368435610734075
8.94984966567e-08 -17.590805262246228
9.10932951605e-08 -18.00774516343357
9.26693872149e-08 -18.63615841568869
9.4693776079e-08 -18.903923121906203
9.61993857387e-08 -18.925168251323228
9.87467089763e-08 -18.54124976435706
1.00498051926e-07 -19.15658895837126
1.02853190903e-07 -19.100553268778363
1.04800044135e-07 -19.44311347620095
1.07342854175e-07 -19.34749701116356
1.10756061668e-07 -19.33008885535547
1.1388637345e-07 -19.37383208782291
1.17995549986e-07 -19.244605968630395
1.20389785878e-07 -19.17528328418335
1.23204193039e-07 -19.392558322901216
1.25952280955e-07 -19.51598629232405
1.28973293729e-07 -19.540455681141232
1.3244044164e-07 -19.573602255281287
1.35367040527e-07 -19.602575880308656
1.3822090953e-07 -19.480646508417898
1.41231437178e-07 -19.469250226229512
1.45059270942e-07 -19.53321521395808
1.48769233337e-07 -19.52375681380005
1.52706219112e-07 -19.329826116044934
1.55733302927e-07 -19.243035065253352
1.58772923304e-07 -19.421791710711176
1.61958012111e-07 -19.48640315268255
1.64448154247e-07 -19.529143829394208
1.68703500169e-07 -19.56568351721701
1.73752573339e-07 -19.569598751503406
1.78526935109e-07 -19.595570273455643
1.83608235939e-07 -19.543487653235097
1.8935592224e-07 -19.511340255063132
1.98291862558e-07 -19.593841498883215
2.02986944957e-07 -19.62187950947365
2.06601928364e-07 -19.598555012687456
2.10548631953e-07 -19.6353086135894
2.15290769094e-07 -19.618129267775842
2.19467642478e-07 -19.622549654910415
2.23879040608e-07 -19.594270621182915
2.27572272895e-07 -19.596809678633143
2.3136639105e-07 -19.520720041676753
2.36169083673e-07 -19.506660452094458
2.40697007389e-07 -19.499841013546018
2.44810447152e-07 -19.53893064698839
2.50186867472e-07 -19.497995448741506
2.55956265677e-07 -19.523103834543882
2.61810236671e-07 -19.55432934277679
2.68063105521e-07 -19.61179431498566
2.75485409086e-07 -19.562455754490713
2.80923422044e-07 -19.538137577752813
2.87730906972e-07 -19.628277479989507
2.93598420877e-07 -19.704290670981877
2.98609175101e-07 -19.709611223936534
3.03848659165e-07 -19.73681031486435
3.09732221791e-07 -19.767597577796728
3.1451330546e-07 -19.774998114611456
3.19817524828e-07 -19.76399239824589
3.27448081376e-07 -19.851091658016735
3.33666297846e-07 -19.85752622721447
3.39605268846e-07 -19.827937625224592
3.44795956777e-07 -19.865601136992808
3.49810389179e-07 -19.915625910118074
3.57522372953e-07 -19.90497093076855
3.65227976191e-07 -19.974389871290015
3.70810194688e-07 -19.965369771158386
3.76440526555e-07 -20.135203112319196
3.82548451105e-07 -20.24672597185731
3.90054995981e-07 -20.31698588081487
3.97607740533e-07 -20.38769089338647
4.04150241432e-07 -20.6283740035918
4.11851080614e-07 -20.606106827242428
4.20602170546e-07 -20.67617075432387
4.30160164222e-07 -20.627015608187328
4.37994746734e-07 -20.722143413086343
4.4827200034e-07 -20.865060970565786
4.56328677199e-07 -20.915322013056148
4.63733084849e-07 -20.946969890846603
4.70561038594e-07 -20.967428642564848
4.77623151681e-07 -21.00308825870632
4.86756700828e-07 -21.03610979179959
4.93625499448e-07 -21.02691294287642
5.00064668669e-07 -20.99123332321426
5.11366160063e-07 -21.01074275925162
5.21867855391e-07 -21.02268203847705
5.301096199e-07 -21.099433974010203
5.3731459865e-07 -21.13696287245692
5.45330796177e-07 -21.156613830105414
5.54908107444e-07 -21.189612916730958
5.65742435556e-07 -21.22423645014056
5.72926790062e-07 -21.253759439837076
5.85367829666e-07 -21.277847494099454
6.02457368914e-07 -21.331324015496868
6.13832625225e-07 -21.312954426679596
6.26874662717e-07 -21.32555205848518
6.36919308173e-07 -21.35892525191086
6.43192254377e-07 -21.365605590642645
6.53403355783e-07 -21.546174646965497
6.61586156133e-07 -21.47584600399506
6.70750312817e-07 -21.399957273346295
6.85445438827e-07 -21.426695279858322
6.98206520494e-07 -21.45856208517086
7.10069056047e-07 -21.44108449936531
7.1945756406e-07 -21.426924936941653
7.29799683024e-07 -21.486501589929965
7.43515583858e-07 -21.558025462642497
7.56205357622e-07 -21.619720603308814
7.65095601237e-07 -21.569191404829667
7.74309467317e-07 -21.5557127960613
7.84139478109e-07 -21.57985941133878
7.92293257484e-07 -21.573755883407244
8.03364332881e-07 -21.633043163462453
8.16823135574e-07 -21.696090474503364
8.22856490715e-07 -21.688632283077567
8.39348391317e-07 -21.67556912643682
8.51418841968e-07 -21.629158975956436
8.62589713959e-07 -21.702544525705427
8.71862040143e-07 -21.75137711528383
8.84424374903e-07 -21.795174739791833
9.00685807014e-07 -21.82191215092851
9.15628045922e-07 -21.85966308916546
9.35069631215e-07 -21.859443830501277
9.49004454546e-07 -21.88059899832806
9.68022239879e-07 -21.91155557928621
9.85995528056e-07 -21.93215244327562
1.00305737103e-06 -21.945245563849063
1.02368478334e-06 -21.962669023983565
1.05123074494e-06 -21.9742784172441
1.08147773548e-06 -21.979568312563273
1.10005153047e-06 -21.966492195420216
1.13748920543e-06 -21.987288426832187
1.17492319616e-06 -21.999286945479078
1.20443091662e-06 -21.999628996002563
1.24981901486e-06 -22.02857276342747
1.27278762707e-06 -22.029293585118253
1.29559000006e-06 -22.029733584305916
1.31748769808e-06 -22.024810062036074
1.36044671479e-06 -22.04815361408749
1.40534826867e-06 -22.05288660827761
1.44621589694e-06 -22.073619361668356
1.48131787778e-06 -22.089345805945463
1.54720086503e-06 -22.16576973406901
1.588562969e-06 -22.1549336278754
1.61694525725e-06 -22.181796468986086
1.65855434411e-06 -22.195200879638286
1.7027144913e-06 -22.19278924005298
1.7440712609e-06 -22.162736315425256
1.79047954349e-06 -22.134574322661337
1.84182501437e-06 -22.104341020265537
1.88467017571e-06 -22.06701244194157
1.92166100035e-06 -22.051215629192022
1.9539238098e-06 -22.010346052285215
2.00130047071e-06 -21.969940954709358
2.11110599726e-06 -21.953227166061012
2.18706652246e-06 -21.887716715791484
2.28648820286e-06 -21.743773000924392
2.43033605383e-06 -21.54382311367933
2.54008016924e-06 -21.425901815415898
2.60658674211e-06 -21.418932610932565
2.69965398116e-06 -21.393264527145767
2.90157991958e-06 -21.38263579927782
3.06314484058e-06 -21.309806180206074
3.22362863134e-06 -21.24931965000092
3.357149673e-06 -21.151029836181294
3.57669442182e-06 -21.070393336516396
3.78196901633e-06 -20.975666386853213
3.92010661659e-06 -20.898281452228396
4.03504172386e-06 -20.83346767990863
4.15710886036e-06 -20.774935880089764
4.30967632201e-06 -20.663427070050076
4.44320929247e-06 -20.49921284688328
4.5490261393e-06 -20.40769519637469
4.74298082363e-06 -20.364431495137545
4.99595374435e-06 -20.311435735472294
5.19784556163e-06 -20.235199420615054
5.48176298309e-06 -20.198684730536847
5.67048574245e-06 -20.130199892608083
5.95799287829e-06 -20.056671868266456
6.39151471106e-06 -19.99995170348273
6.63270850989e-06 -19.881114806687897
7.07514291256e-06 -19.811743813638692
7.42968647149e-06 -19.725561280181417
7.68283292968e-06 -19.639180551258256
8.0474579762e-06 -19.547543532988293
8.63105619529e-06 -19.455673849737316
9.22052727429e-06 -19.407071042402862
