2.00570585804e-08 17.308226872535453
2.07779255948e-08 16.217223055542384
2.15666275546e-08 15.208887377899407
2.23511733366e-08 14.321188773790375
2.26989384553e-08 9.563752778080499
2.30775360356e-08 5.815865678408613
2.3915358806e-08 2.368624692904838
2.4474102892e-08 1.8371333804932597
2.51551417477e-08 -0.7581536975947891
2.58389859e-08 -1.0654432062870107
2.6250952467e-08 -0.9765522788597139
2.70915120349e-08 -2.1686501283825237
2.77160002651e-08 -1.0187268078491485
2.84878543334e-08 -3.264424348985255
2.95547739668e-08 -4.140443514840168
3.01937587673e-08 -4.522670608626708
3.08358247416e-08 -3.6791509527790254
3.17731544709e-08 -4.927992800929914
3.28365434679e-08 -5.4255616363072825
3.39605809144e-08 -6.728496577047743
3.50635441908e-08 -7.162104688658552
3.57774943608e-08 -7.222541873882726
3.68387913671e-08 -8.206502890389494
3.77041743787e-08 -8.491401965207544
3.8864261839e-08 -8.475551917973476
4.01376665097e-08 -9.323817382746505
4.09292977305e-08 -9.4316827344866
4.20960753313e-08 -10.276983500490033
4.34998504703e-08 -9.311751341468252
4.47314387216e-08 -10.658792386129456
4.61265011933e-08 -11.655051066204166
4.7739678597e-08 -11.77283408136472
4.96368369434e-08 -11.50434322997814
5.07932465217e-08 -12.127228050230876
5.18583525341e-08 -12.757902084374592
5.30230148696e-08 -12.591291663832457
5.4455868388e-08 -12.13546888080431
5.60131506434e-08 -13.502094555017536
5.75427667568e-08 -13.65716735746497
5.87090014382e-08 -13.87201892397271
6.06724302403e-08 -13.807762521386408
6.28317085546e-08 -14.343595316232012
6.50363798975e-08 -14.408930511094944
6.67206955022e-08 -13.839522643488799
6.81593676378e-08 -13.925257711575483
6.9827676534e-08 -14.881418401004638
7.2248351042e-08 -15.018808554529294
7.43966922957e-08 -15.001307443117945
7.59793454058e-08 -15.53948354957523
7.74140265412e-08 -15.450348811269336
7.99170111017e-08 -15.04156584682682
8.27817815135e-08 -15.553929364588761
8.4814019401e-08 -15.156335531783121
8.68493372857e-08 -16.023638062620506
8.94984966567e-08 -16.3316366189704
9.10932951605e-08 -16.8256065311187
9.26693872149e-08 -17.367976253610912
9.4693776079e-08 -17.391956099333015
9.61993857387e-08 -17.567556824033367
9.87467089763e-08 -17.144636680664405
1.00498051926e-07 -17.862250742584536
1.02853190903e-07 -17.797510730419596
1.04800044135e-07 -18.15482079402758
1.07342854175e-07 -18.080831238796563
1.10756061668e-07 -18.01369270627773
1.1388637345e-07 -18.096396598008262
1.17995549986e-07 -17.94621922104364
1.20389785878e-07 -17.908326932397607
1.23204193039e-07 -18.1295249117372
1.25952280955e-07 -18.26069787240685
1.28973293729e-07 -18.329710259848127
1.3244044164e-07 -18.35810723298065
1.35367040527e-07 -18.405199961952775
1.3822090953e-07 -18.296392758813553
1.41231437178e-07 -18.32288304564365
1.45059270942e-07 -18.36686008872107
1.48769233337e-07 -18.37082190285816
1.52706219112e-07 -18.179932150381113
1.55733302927e-07 -18.100905103438947
1.58772923304e-07 -18.29899962612101
1.61958012111e-07 -18.36024183793355
1.64448154247e-07 -18.39663288791558
1.68703500169e-07 -18.460420859440397
1.73752573339e-07 -18.502609313493856
1.78526935109e-07 -18.552421546770546
1.83608235939e-07 -18.512562892389752
1.8935592224e-07 -18.50598579324639
1.98291862558e-07 -18.629924276670828
2.02986944957e-07 -18.66015472058379
2.06601928364e-07 -18.66464808898302
2.10548631953e-07 -18.719057252076468
2.15290769094e-07 -18.687719243603787
2.19467642478e-07 -18.707136294900046
2.23879040608e-07 -18.678822052043074
2.27572272895e-07 -18.682307586328186
2.3136639105e-07 -18.602563334930814
2.36169083673e-07 -18.556509418721156
2.40697007389e-07 -18.54966298078265
2.44810447152e-07 -18.67167839539009
2.50186867472e-07 -18.61383252596459
2.55956265677e-07 -18.659597583084825
2.61810236671e-07 -18.740095370304424
2.68063105521e-07 -18.90262467067693
2.75485409086e-07 -18.811635634176035
2.80923422044e-07 -18.78565288447004
2.87730906972e-07 -18.995876470504264
2.93598420877e-07 -19.14757380183474
2.98609175101e-07 -19.17550114167596
3.03848659165e-07 -19.232204622388565
3.09732221791e-07 -19.29136534789756
3.1451330546e-07 -19.312599975774006
3.19817524828e-07 -19.30827820991839
3.27448081376e-07 -19.453629070346288
3.33666297846e-07 -19.477715038268734
3.39605268846e-07 -19.445398743927463
3.44795956777e-07 -19.518829965371886
3.49810389179e-07 -19.595501462256912
3.57522372953e-07 -19.591414151010838
3.65227976191e-07 -19.708158335944766
3.70810194688e-07 -19.729451599723326
3.76440526555e-07 -19.92919377559106
3.82548451105e-07 -20.072573010197573
3.90054995981e-07 -20.15678943082259
3.97607740533e-07 -20.252655453725858
4.04150241432e-07 -20.54534678934801
4.11851080614e-07 -20.523355750755933
4.20602170546e-07 -20.615523373626417
4.30160164222e-07 -20.56275378572311
4.37994746734e-07 -20.668920662495168
4.4827200034e-07 -20.82813935404679
4.56328677199e-07 -20.882758661228422
4.63733084849e-07 -20.920340783911776
4.70561038594e-07 -20.942279905766192
4.77623151681e-07 -20.98192906563518
4.86756700828e-07 -20.936265796303594
4.93625499448e-07 -21.010246341493556
5.00064668669e-07 -20.983701624559636
5.11366160063e-07 -21.007752290626463
5.21867855391e-07 -21.021367187971897
5.301096199e-07 -21.091590127574044
5.3731459865e-07 -21.130125390409525
5.45330796177e-07 -21.152019201815847
5.54908107444e-07 -21.185425340240748
5.65742435556e-07 -21.221005164513635
5.72926790062e-07 -21.24878203814454
5.85367829666e-07 -21.275569613574838
6.02457368914e-07 -21.32762207165228
6.13832625225e-07 -21.314135266972634
6.26874662717e-07 -21.33091793104149
6.36919308173e-07 -21.364037726638493
6.43192254377e-07 -21.368689767397846
6.53403355783e-07 -21.3990384031951
6.61586156133e-07 -21.413372318509325
6.70750312817e-07 -21.410828443325087
6.85445438827e-07 -21.438012011166236
6.98206520494e-07 -21.4634067157222
7.10069056047e-07 -21.454168430375248
7.1945756406e-07 -21.445959505989784
7.29799683024e-07 -21.493596432423914
7.43515583858e-07 -21.546026760512873
7.56205357622e-07 -21.59562573740741
7.65095601237e-07 -21.56824458346926
7.74309467317e-07 -21.563217799564136
7.84139478109e-07 -21.58515552003763
7.92293257484e-07 -21.5768007948677
8.03364332881e-07 -21.625474529660714
8.16823135574e-07 -21.669497584397384
8.22856490715e-07 -21.666878203202643
8.39348391317e-07 -21.66412872891607
8.51418841968e-07 -21.632735132104408
8.62589713959e-07 -21.689292707341977
8.71862040143e-07 -21.721411174539746
8.84424374903e-07 -21.757774019891947
9.00685807014e-07 -21.7800526075956
9.15628045922e-07 -21.80579139591415
9.35069631215e-07 -21.81620335436812
9.49004454546e-07 -21.82673912178754
9.68022239879e-07 -21.850664403749697
9.85995528056e-07 -21.86789775661547
1.00305737103e-06 -21.872798248267614
1.02368478334e-06 -21.885958370361728
1.05123074494e-06 -21.895963885326104
1.08147773548e-06 -21.899337317659224
1.10005153047e-06 -21.889672908325757
1.13748920543e-06 -21.907924145064563
1.17492319616e-06 -21.91581977780178
1.20443091662e-06 -21.914025924400036
1.24981901486e-06 -21.940715538192222
1.27278762707e-06 -21.93107322817911
1.29559000006e-06 -21.93629904106387
1.31748769808e-06 -21.933293410860223
1.36044671479e-06 -21.954954643589396
1.40534826867e-06 -21.965084623777614
1.44621589694e-06 -21.983600315957467
1.48131787778e-06 -21.996398930932628
1.54720086503e-06 -22.063681642798066
1.588562969e-06 -22.056473844177376
1.61694525725e-06 -22.07969603541848
1.65855434411e-06 -22.084512477337903
1.7027144913e-06 -22.073290612364154
1.7440712609e-06 -22.039657590748625
1.79047954349e-06 -22.011616121781273
1.84182501437e-06 -21.97963588349031
1.88467017571e-06 -21.940207685590934
1.92166100035e-06 -21.924741580238887
1.9539238098e-06 -21.8839357257975
2.00130047071e-06 -21.843385787325538
2.11110599726e-06 -21.821775588469663
2.18706652246e-06 -21.75054299074298
2.28648820286e-06 -21.613752340887388
2.43033605383e-06 -21.43127127746751
2.54008016924e-06 -21.34326578477993
2.60658674211e-06 -21.321156636477568
2.69965398116e-06 -21.28695051431245
2.90157991958e-06 -21.26553470718479
3.06314484058e-06 -21.181862810265052
3.22362863134e-06 -21.111647267451985
3.357149673e-06 -21.007521960141673
3.57669442182e-06 -20.92304309517713
3.78196901633e-06 -20.82620580915912
3.92010661659e-06 -20.74782692647142
4.03504172386e-06 -20.682086204701704
4.15710886036e-06 -20.62230482096031
4.30967632201e-06 -20.50542044756957
4.44320929247e-06 -20.33050365331271
4.5490261393e-06 -20.23421633197963
4.74298082363e-06 -20.190695164993258
4.99595374435e-06 -20.136494641226527
5.19784556163e-06 -20.058741635245042
5.48176298309e-06 -20.02129757968428
5.67048574245e-06 -19.951471992417574
5.95799287829e-06 -19.874913283230754
6.39151471106e-06 -19.813317134441697
6.63270850989e-06 -19.688370400726235
7.07514291256e-06 -19.611124716564035
7.42968647149e-06 -19.516170166622366
7.68283292968e-06 -19.421985919520253
8.0474579762e-06 -19.319130396700288
8.63105619529e-06 -19.210138773718462
9.22052727429e-06 -19.145257400451897
