2.00570585804e-08 0.25913249906109925
2.07779255948e-08 -3.130398419746527
2.15666275546e-08 -4.865109079058207
2.23511733366e-08 -4.430427093826786
2.26989384553e-08 -4.121595357327127
2.30775360356e-08 -4.843762093905731
2.3915358806e-08 -6.104769335587754
2.4474102892e-08 -5.394811489990342
2.51551417477e-08 -7.254318869736764
2.58389859e-08 -8.324582400523099
2.6250952467e-08 -9.766103992836783
2.70915120349e-08 -10.321081772718443
2.77160002651e-08 -9.85519963028203
2.84878543334e-08 -9.303992469645486
2.95547739668e-08 -9.686018063069561
3.01937587673e-08 -9.626783865176698
3.08358247416e-08 -10.815199032004095
3.17731544709e-08 -12.041075579611153
3.28365434679e-08 -11.672892331396504
3.39605809144e-08 -11.882988701296632
3.50635441908e-08 -11.989301848708436
3.57774943608e-08 -11.889982190615733
3.68387913671e-08 -13.09557886100761
3.77041743787e-08 -13.021210515021643
3.8864261839e-08 -12.635078631483509
4.01376665097e-08 -13.463952309202575
4.09292977305e-08 -13.923320301447625
4.20960753313e-08 -13.63217244001838
4.34998504703e-08 -13.195161321776453
4.47314387216e-08 -13.951144279291334
4.61265011933e-08 -14.55722553684003
4.7739678597e-08 -14.644747164107038
4.96368369434e-08 -15.024710439184076
5.07932465217e-08 -15.142521104208306
5.18583525341e-08 -15.49136831367602
5.30230148696e-08 -15.071117387427101
5.4455868388e-08 -13.909859660601093
5.60131506434e-08 -15.591914031250134
5.75427667568e-08 -15.755870264711355
5.87090014382e-08 -16.08901407594289
6.06724302403e-08 -15.849131580947741
6.28317085546e-08 -15.801773685813586
6.50363798975e-08 -16.065102224154664
6.67206955022e-08 -15.818516725163072
6.81593676378e-08 -16.069960567287552
6.9827676534e-08 -16.34812704277973
7.2248351042e-08 -16.63862936909002
7.43966922957e-08 -16.57576691628458
7.59793454058e-08 -16.7669240293651
7.74140265412e-08 -16.63916586453569
7.99170111017e-08 -16.62113832394639
8.27817815135e-08 -16.920243349885638
8.4814019401e-08 -16.679610537636407
8.68493372857e-08 -17.268411916529196
8.94984966567e-08 -17.513003864025926
9.10932951605e-08 -17.931868970789267
9.26693872149e-08 -18.607218685959047
9.4693776079e-08 -18.85485472522072
9.61993857387e-08 -18.876314143929143
9.87467089763e-08 -18.458420454941255
1.00498051926e-07 -19.1158372429949
1.02853190903e-07 -19.07033375823255
1.04800044135e-07 -19.410148341571038
1.07342854175e-07 -19.310204118885963
1.10756061668e-07 -19.291788626690497
1.1388637345e-07 -19.3441970310627
1.17995549986e-07 -19.202528189573243
1.20389785878e-07 -19.142773264790712
1.23204193039e-07 -19.369244396330927
1.25952280955e-07 -19.493951678522464
1.28973293729e-07 -19.52926984678576
1.3244044164e-07 -19.562604735264692
1.35367040527e-07 -19.594625609917188
1.3822090953e-07 -19.467509373317725
1.41231437178e-07 -19.461037300733345
1.45059270942e-07 -19.52637515318147
1.48769233337e-07 -19.518135461497096
1.52706219112e-07 -19.32372671854511
1.55733302927e-07 -19.232239687924128
1.58772923304e-07 -19.417775797525266
1.61958012111e-07 -19.477978243573283
1.64448154247e-07 -19.52130136138785
1.68703500169e-07 -19.562921395023587
1.73752573339e-07 -19.56989675239474
1.78526935109e-07 -19.601556839793133
1.83608235939e-07 -19.54917672645341
1.8935592224e-07 -19.518906953915476
1.98291862558e-07 -19.60988068132523
2.02986944957e-07 -19.641233984439232
2.06601928364e-07 -19.619134147170406
2.10548631953e-07 -19.66106602483159
2.15290769094e-07 -19.642783080528694
2.19467642478e-07 -19.649781482345574
2.23879040608e-07 -19.62081598867556
2.27572272895e-07 -19.6218625292476
2.3136639105e-07 -19.541291261044634
2.36169083673e-07 -19.526263816523453
2.40697007389e-07 -19.519686067764113
2.44810447152e-07 -19.572598090271498
2.50186867472e-07 -19.524646546156767
2.55956265677e-07 -19.559233076963487
2.61810236671e-07 -19.59997228964925
2.68063105521e-07 -19.68422235932708
2.75485409086e-07 -19.618835953949137
2.80923422044e-07 -19.59652623810515
2.87730906972e-07 -19.717743369993435
2.93598420877e-07 -19.826066487256284
2.98609175101e-07 -19.83483880038714
3.03848659165e-07 -19.873548294099734
3.09732221791e-07 -19.91754020013851
3.1451330546e-07 -19.930624223929208
3.19817524828e-07 -19.920650331248098
3.27448081376e-07 -20.042358243788925
3.33666297846e-07 -20.051580090827663
3.39605268846e-07 -20.0107808003062
3.44795956777e-07 -20.068120099547087
3.49810389179e-07 -20.138965244561028
3.57522372953e-07 -20.121849583110013
3.65227976191e-07 -20.228933809019843
3.70810194688e-07 -20.231894018900697
3.76440526555e-07 -20.390106717304285
3.82548451105e-07 -20.476097654646352
3.90054995981e-07 -20.551440246417137
3.97607740533e-07 -20.645445469571975
4.04150241432e-07 -20.916115985231094
4.11851080614e-07 -20.9186745195192
4.20602170546e-07 -20.976980615283132
4.30160164222e-07 -20.933903987152163
4.37994746734e-07 -21.05951720788294
4.4827200034e-07 -21.219427591789092
4.56328677199e-07 -21.282137892581325
4.63733084849e-07 -21.32010568342399
4.70561038594e-07 -21.348011357567124
4.77623151681e-07 -21.392488528113468
4.86756700828e-07 -21.402350204497054
4.93625499448e-07 -21.42600969267555
5.00064668669e-07 -21.387624685265344
5.11366160063e-07 -21.411306292155494
5.21867855391e-07 -21.42894782300366
5.301096199e-07 -21.51999035146651
5.3731459865e-07 -21.56408564535935
5.45330796177e-07 -21.587770113028967
5.54908107444e-07 -21.62680169259847
5.65742435556e-07 -21.666991489469233
5.72926790062e-07 -21.702274662151567
5.85367829666e-07 -21.730269963728368
6.02457368914e-07 -21.79183229534801
6.13832625225e-07 -21.774305501765454
6.26874662717e-07 -21.789582546212372
6.36919308173e-07 -21.827207770691516
6.43192254377e-07 -21.836209954111375
6.53403355783e-07 -21.93870359803902
6.61586156133e-07 -21.91551464460592
6.70750312817e-07 -21.876666445931512
6.85445438827e-07 -21.90641806195292
6.98206520494e-07 -21.94182945006453
7.10069056047e-07 -21.924613720397794
7.1945756406e-07 -21.910660682960973
7.29799683024e-07 -21.97507413564258
7.43515583858e-07 -22.05052693034869
7.56205357622e-07 -22.115629076502394
7.65095601237e-07 -22.065362596518206
7.74309467317e-07 -22.052650797578096
7.84139478109e-07 -22.078381107673337
7.92293257484e-07 -22.07264676993894
8.03364332881e-07 -22.13476472029297
8.16823135574e-07 -22.19941081092501
8.22856490715e-07 -22.195091331684196
8.39348391317e-07 -22.182940707225
8.51418841968e-07 -22.134121965674986
8.62589713959e-07 -22.210282691730264
8.71862040143e-07 -22.260322323295973
8.84424374903e-07 -22.305649642888604
9.00685807014e-07 -22.33366697267696
9.15628045922e-07 -22.372267230256256
9.35069631215e-07 -22.37134748189161
9.49004454546e-07 -22.395016636151382
9.68022239879e-07 -22.42566592745284
9.85995528056e-07 -22.447631207607238
1.00305737103e-06 -22.46309156451815
1.02368478334e-06 -22.480166543408913
1.05123074494e-06 -22.492941198568765
1.08147773548e-06 -22.499086083069237
1.10005153047e-06 -22.48831838997068
1.13748920543e-06 -22.50955346243174
1.17492319616e-06 -22.522498379677366
1.20443091662e-06 -22.523662353980143
1.24981901486e-06 -22.55377595676503
1.27278762707e-06 -22.550501732677454
1.29559000006e-06 -22.554723439847344
1.31748769808e-06 -22.551954922559005
1.36044671479e-06 -22.57658290472073
1.40534826867e-06 -22.582724225785917
1.44621589694e-06 -22.604482691319056
1.48131787778e-06 -22.62135593686552
1.54720086503e-06 -22.698917897569807
1.588562969e-06 -22.688560192360328
1.61694525725e-06 -22.714260903747366
1.65855434411e-06 -22.727367955251374
1.7027144913e-06 -22.725151738785378
1.7440712609e-06 -22.695804862278955
1.79047954349e-06 -22.668175482304818
1.84182501437e-06 -22.637907746997584
1.88467017571e-06 -22.600260711538667
1.92166100035e-06 -22.584877210262796
1.9539238098e-06 -22.54431641517106
2.00130047071e-06 -22.503828747457362
2.11110599726e-06 -22.486843715069554
2.18706652246e-06 -22.420216127357214
2.28648820286e-06 -22.276638839748337
2.43033605383e-06 -22.076687037320838
2.54008016924e-06 -21.961233552865487
2.60658674211e-06 -21.9549113058247
2.69965398116e-06 -21.929140569189407
2.90157991958e-06 -21.917445937373664
3.06314484058e-06 -21.842707412801033
3.22362863134e-06 -21.781432290527995
3.357149673e-06 -21.683075844881273
3.57669442182e-06 -21.601992541771438
3.78196901633e-06 -21.50669733440553
3.92010661659e-06 -21.42897316335732
4.03504172386e-06 -21.363856235652385
4.15710886036e-06 -21.305144884727078
4.30967632201e-06 -21.19168964604765
4.44320929247e-06 -21.024531657407174
4.5490261393e-06 -20.932318102919915
4.74298082363e-06 -20.88899130083299
4.99595374435e-06 -20.835265110060384
5.19784556163e-06 -20.758240757877438
5.48176298309e-06 -20.720905364219952
5.67048574245e-06 -20.651595525393716
5.95799287829e-06 -20.576433782595785
6.39151471106e-06 -20.517034941347916
6.63270850989e-06 -20.394923332466995
7.07514291256e-06 -20.321283473882843
7.42968647149e-06 -20.23025326416596
7.68283292968e-06 -20.139365711397623
8.0474579762e-06 -20.041170374011877
8.63105619529e-06 -19.93911613304919
9.22052727429e-06 -19.8807130258543
