2.00570585804e-08 -7.931124467522615
2.07779255948e-08 -7.609552297393453
2.15666275546e-08 -8.201724275256588
2.23511733366e-08 -8.287028805782917
2.26989384553e-08 -7.986430760048314
2.30775360356e-08 -8.647257540806763
2.3915358806e-08 -8.890165285891811
2.4474102892e-08 -8.884164360746418
2.51551417477e-08 -9.98924526741257
2.58389859e-08 -11.020256841746068
2.6250952467e-08 -11.443821107702824
2.70915120349e-08 -12.158743350615673
2.77160002651e-08 -11.857382925994287
2.84878543334e-08 -11.06720548471047
2.95547739668e-08 -11.171074442444272
3.01937587673e-08 -10.926861992910368
3.08358247416e-08 -11.991710194894019
3.17731544709e-08 -12.93779636032312
3.28365434679e-08 -13.493546010448846
3.39605809144e-08 -13.789133204441534
3.50635441908e-08 -13.84006254019674
3.57774943608e-08 -12.911392789211554
3.68387913671e-08 -13.817175956777056
3.77041743787e-08 -13.937792611389597
3.8864261839e-08 -13.854979085323052
4.01376665097e-08 -14.244355690159473
4.09292977305e-08 -14.65707252986111
4.20960753313e-08 -14.558345256747756
4.34998504703e-08 -14.353541552958617
4.47314387216e-08 -14.991731425930155
4.61265011933e-08 -15.365070414825318
4.7739678597e-08 -15.334834371250658
4.96368369434e-08 -15.604882215142602
5.07932465217e-08 -15.756309172206876
5.18583525341e-08 -16.006991652770168
5.30230148696e-08 -15.64891888083418
5.4455868388e-08 -14.589455822726066
5.60131506434e-08 -15.981172881464367
5.75427667568e-08 -16.113136486653488
5.87090014382e-08 -16.381694244554097
6.06724302403e-08 -16.278852092132297
6.28317085546e-08 -16.12621567719914
6.50363798975e-08 -16.40851479241835
6.67206955022e-08 -16.20991657845064
6.81593676378e-08 -16.482268524014223
6.9827676534e-08 -16.57103651982454
7.2248351042e-08 -16.86739773783885
7.43966922957e-08 -16.73519197826645
7.59793454058e-08 -16.727201987864866
7.74140265412e-08 -16.68814935288023
7.99170111017e-08 -16.840816367676766
8.27817815135e-08 -17.016397241089372
8.4814019401e-08 -16.91851075909009
8.68493372857e-08 -17.281645780050148
8.94984966567e-08 -17.474137399934186
9.10932951605e-08 -17.92356752890847
9.26693872149e-08 -18.611758736082372
9.4693776079e-08 -18.93571963849503
9.61993857387e-08 -18.94577904317766
9.87467089763e-08 -18.589650654255728
1.00498051926e-07 -19.163817936187094
1.02853190903e-07 -19.091568200107858
1.04800044135e-07 -19.441363211025894
1.07342854175e-07 -19.341101146682824
1.10756061668e-07 -19.34835802215916
1.1388637345e-07 -19.376186493028747
1.17995549986e-07 -19.263820623459154
1.20389785878e-07 -19.161587427489778
1.23204193039e-07 -19.394051155965606
1.25952280955e-07 -19.519146782746418
1.28973293729e-07 -19.540284096442768
1.3244044164e-07 -19.573812314587947
1.35367040527e-07 -19.600971909989667
1.3822090953e-07 -19.488018354118303
1.41231437178e-07 -19.467233582651993
1.45059270942e-07 -19.53875365909316
1.48769233337e-07 -19.524426327206463
1.52706219112e-07 -19.340123108426262
1.55733302927e-07 -19.25937170791279
1.58772923304e-07 -19.42418189011879
1.61958012111e-07 -19.48834060674293
1.64448154247e-07 -19.53009054569179
1.68703500169e-07 -19.55914530926575
1.73752573339e-07 -19.552263330658967
1.78526935109e-07 -19.577206823331174
1.83608235939e-07 -19.524875937496873
1.8935592224e-07 -19.493335369725763
1.98291862558e-07 -19.56756985361033
2.02986944957e-07 -19.5908600276765
2.06601928364e-07 -19.57436454783943
2.10548631953e-07 -19.61235538698603
2.15290769094e-07 -19.60372364487258
2.19467642478e-07 -19.609886213601364
2.23879040608e-07 -19.586432682597454
2.27572272895e-07 -19.59067543993477
2.3136639105e-07 -19.518937410526377
2.36169083673e-07 -19.496659264413566
2.40697007389e-07 -19.490968658885464
2.44810447152e-07 -19.54469044387757
2.50186867472e-07 -19.489890060386294
2.55956265677e-07 -19.53175895635863
2.61810236671e-07 -19.57343894659163
2.68063105521e-07 -19.677885787333672
2.75485409086e-07 -19.599805088926395
2.80923422044e-07 -19.578979007214173
2.87730906972e-07 -19.7205573343479
2.93598420877e-07 -19.853824979280162
2.98609175101e-07 -19.860797036590675
3.03848659165e-07 -19.907934635449628
3.09732221791e-07 -19.963113011315023
3.1451330546e-07 -19.979027814233632
3.19817524828e-07 -19.971952592664664
3.27448081376e-07 -20.12244393590727
3.33666297846e-07 -20.132267074172937
3.39605268846e-07 -20.083587801920366
3.44795956777e-07 -20.156925371447095
3.49810389179e-07 -20.244497508480578
3.57522372953e-07 -20.222444350972786
3.65227976191e-07 -20.350276681322093
3.70810194688e-07 -20.344543535991427
3.76440526555e-07 -20.471940119870496
3.82548451105e-07 -20.520865262983655
3.90054995981e-07 -20.597647271275314
3.97607740533e-07 -20.716956792809533
4.04150241432e-07 -21.008941864924303
4.11851080614e-07 -21.038029198120768
4.20602170546e-07 -21.08160463388787
4.30160164222e-07 -21.043494968217516
4.37994746734e-07 -21.19684162897979
4.4827200034e-07 -21.370974723998103
4.56328677199e-07 -21.44460439057532
4.63733084849e-07 -21.489965808600502
4.70561038594e-07 -21.52386627834234
4.77623151681e-07 -21.573199510984203
4.86756700828e-07 -21.600663866633504
4.93625499448e-07 -21.615403519910252
5.00064668669e-07 -21.57800417943311
5.11366160063e-07 -21.60567370453237
5.21867855391e-07 -21.628847261153886
5.301096199e-07 -21.728815402252565
5.3731459865e-07 -21.777175307354234
5.45330796177e-07 -21.804233401525828
5.54908107444e-07 -21.847621511827597
5.65742435556e-07 -21.891598418077862
5.72926790062e-07 -21.930320811570418
5.85367829666e-07 -21.962363643460627
6.02457368914e-07 -22.027707357020397
6.13832625225e-07 -22.01316548486639
6.26874662717e-07 -22.0308028306116
6.36919308173e-07 -22.072325441011763
6.43192254377e-07 -22.08220337942838
6.53403355783e-07 -22.1893228232802
6.61586156133e-07 -22.16633902725598
6.70750312817e-07 -22.128163229578725
6.85445438827e-07 -22.160618561289816
6.98206520494e-07 -22.199093475899552
7.10069056047e-07 -22.183497602692313
7.1945756406e-07 -22.171087502581123
7.29799683024e-07 -22.238035517337252
7.43515583858e-07 -22.314034847703518
7.56205357622e-07 -22.378725835216493
7.65095601237e-07 -22.332690477554422
7.74309467317e-07 -22.32205815912895
7.84139478109e-07 -22.349168984258625
7.92293257484e-07 -22.345414972632085
8.03364332881e-07 -22.40870349776614
8.16823135574e-07 -22.471098828843964
8.22856490715e-07 -22.4692838523246
8.39348391317e-07 -22.46055863252048
8.51418841968e-07 -22.417297099114286
8.62589713959e-07 -22.490339853013005
8.71862040143e-07 -22.536878542313907
8.84424374903e-07 -22.580264719740285
9.00685807014e-07 -22.60824482309127
9.15628045922e-07 -22.643927041343836
9.35069631215e-07 -22.645185651838887
9.49004454546e-07 -22.668671473035474
9.68022239879e-07 -22.697161306540472
9.85995528056e-07 -22.71938623027149
1.00305737103e-06 -22.73470963868845
1.02368478334e-06 -22.7496300548786
1.05123074494e-06 -22.763077258876898
1.08147773548e-06 -22.76970685685108
1.10005153047e-06 -22.761632382838584
1.13748920543e-06 -22.782173958785286
1.17492319616e-06 -22.794823535862406
1.20443091662e-06 -22.796188531027127
1.24981901486e-06 -22.826558084197835
1.27278762707e-06 -22.823921423529747
1.29559000006e-06 -22.828104519499156
1.31748769808e-06 -22.82563977360313
1.36044671479e-06 -22.85104129343695
1.40534826867e-06 -22.860220416276725
1.44621589694e-06 -22.883071031326715
1.48131787778e-06 -22.900688518757853
1.54720086503e-06 -22.97819589753574
1.588562969e-06 -22.970952631747835
1.61694525725e-06 -22.998569928871525
1.65855434411e-06 -23.009861310459904
1.7027144913e-06 -23.004541565893426
1.7440712609e-06 -22.973848308323262
1.79047954349e-06 -22.9456833450785
1.84182501437e-06 -22.914750471944885
1.88467017571e-06 -22.876562657306813
1.92166100035e-06 -22.861246007341734
1.9539238098e-06 -22.82113690550394
2.00130047071e-06 -22.780587234317125
2.11110599726e-06 -22.762764265084783
2.18706652246e-06 -22.695542566756195
2.28648820286e-06 -22.552811381303158
2.43033605383e-06 -22.356692928453526
2.54008016924e-06 -22.251783410246446
2.60658674211e-06 -22.24212269525679
2.69965398116e-06 -22.214089893025353
2.90157991958e-06 -22.1994480476844
3.06314484058e-06 -22.12163186794033
3.22362863134e-06 -22.057258296098297
3.357149673e-06 -21.957312061541337
3.57669442182e-06 -21.875579035911123
3.78196901633e-06 -21.780297690275262
3.92010661659e-06 -21.70243626911924
4.03504172386e-06 -21.63729211338233
4.15710886036e-06 -21.578353476230568
4.30967632201e-06 -21.46256102676312
4.44320929247e-06 -21.290752070734193
4.5490261393e-06 -21.197188031177348
4.74298082363e-06 -21.15489031508782
4.99595374435e-06 -21.101587864992673
5.19784556163e-06 -21.025314872542758
5.48176298309e-06 -20.988893056869813
5.67048574245e-06 -20.92044320268333
5.95799287829e-06 -20.845852652405377
6.39151471106e-06 -20.78666375298603
6.63270850989e-06 -20.664453839890385
7.07514291256e-06 -20.590559835737892
7.42968647149e-06 -20.49911411382235
7.68283292968e-06 -20.408084979348665
8.0474579762e-06 -20.309616598772678
8.63105619529e-06 -20.207218950742195
9.22052727429e-06 -20.14858637387355
