2.00570585804e-08 -9.821274429801328
2.07779255948e-08 -9.43351615510695
2.15666275546e-08 -10.124593416015081
2.23511733366e-08 -10.244063546862598
2.26989384553e-08 -10.207862316256588
2.30775360356e-08 -10.885008717794427
2.3915358806e-08 -10.934832660309148
2.4474102892e-08 -12.180903285737543
2.51551417477e-08 -13.129806737038521
2.58389859e-08 -13.629233487820294
2.6250952467e-08 -13.022296018727424
2.70915120349e-08 -13.750677307253511
2.77160002651e-08 -13.79432086369549
2.84878543334e-08 -12.937577522117223
2.95547739668e-08 -13.07614930365903
3.01937587673e-08 -13.560884077724765
3.08358247416e-08 -13.677320662831605
3.17731544709e-08 -13.906130612345393
3.28365434679e-08 -14.877085139871795
3.39605809144e-08 -14.871288882408237
3.50635441908e-08 -14.904492447445925
3.57774943608e-08 -13.633257148261194
3.68387913671e-08 -14.252045427720347
3.77041743787e-08 -14.67572308414293
3.8864261839e-08 -15.008229646297124
4.01376665097e-08 -14.80975814971925
4.09292977305e-08 -14.813158434412209
4.20960753313e-08 -15.251192613247113
4.34998504703e-08 -15.04277543475689
4.47314387216e-08 -15.504143904886817
4.61265011933e-08 -15.495542940729315
4.7739678597e-08 -15.43425132214304
4.96368369434e-08 -15.433782204832454
5.07932465217e-08 -15.773778262407795
5.18583525341e-08 -16.04058899597362
5.30230148696e-08 -15.88510402710348
5.4455868388e-08 -14.999378440829396
5.60131506434e-08 -16.138976602138527
5.75427667568e-08 -16.284876396625634
5.87090014382e-08 -16.36468200563224
6.06724302403e-08 -16.479971482270173
6.28317085546e-08 -16.51858975800903
6.50363798975e-08 -16.527115434314986
6.67206955022e-08 -16.346600162207082
6.81593676378e-08 -16.535352739021974
6.9827676534e-08 -16.602181649470197
7.2248351042e-08 -16.86613415405082
7.43966922957e-08 -16.726658935225174
7.59793454058e-08 -16.76802845028285
7.74140265412e-08 -16.738330112043386
7.99170111017e-08 -16.857870797636778
8.27817815135e-08 -16.98026478612192
8.4814019401e-08 -17.02379068136478
8.68493372857e-08 -17.148358620250242
8.94984966567e-08 -17.25936913978309
9.10932951605e-08 -17.874882263057543
9.26693872149e-08 -18.439574372021376
9.4693776079e-08 -18.66628067790981
9.61993857387e-08 -18.709786685560275
9.87467089763e-08 -18.459928587225058
1.00498051926e-07 -18.878665709951214
1.02853190903e-07 -18.767503116738318
1.04800044135e-07 -19.08131111941246
1.07342854175e-07 -18.99547536532385
1.10756061668e-07 -19.009373393865836
1.1388637345e-07 -19.00776630123881
1.17995549986e-07 -18.951067209860796
1.20389785878e-07 -18.82931450992003
1.23204193039e-07 -19.003894896881995
1.25952280955e-07 -19.120233386440198
1.28973293729e-07 -19.14782492632164
1.3244044164e-07 -19.16082583509185
1.35367040527e-07 -19.18240449605164
1.3822090953e-07 -19.099217094273477
1.41231437178e-07 -19.106365314032466
1.45059270942e-07 -19.148550720215823
1.48769233337e-07 -19.139885765999992
1.52706219112e-07 -19.004788255487
1.55733302927e-07 -18.93356431270903
1.58772923304e-07 -19.045568213542943
1.61958012111e-07 -19.113036358407093
1.64448154247e-07 -19.136684648442362
1.68703500169e-07 -19.144307764689586
1.73752573339e-07 -19.125419680029005
1.78526935109e-07 -19.139563628078243
1.83608235939e-07 -19.09547295685138
1.8935592224e-07 -19.062275381337663
1.98291862558e-07 -19.10777740826007
2.02986944957e-07 -19.109610030613815
2.06601928364e-07 -19.099068090250924
2.10548631953e-07 -19.112942151047868
2.15290769094e-07 -19.108007908300806
2.19467642478e-07 -19.10532650588062
2.23879040608e-07 -19.08490961856441
2.27572272895e-07 -19.09254551407102
2.3136639105e-07 -19.03505864171767
2.36169083673e-07 -19.019412997182457
2.40697007389e-07 -19.011716735491873
2.44810447152e-07 -19.0296789563673
2.50186867472e-07 -19.00186564083789
2.55956265677e-07 -19.014385486435202
2.61810236671e-07 -19.0312854465596
2.68063105521e-07 -19.06739161211867
2.75485409086e-07 -19.032945448465433
2.80923422044e-07 -19.01071860069647
2.87730906972e-07 -19.067772993576426
2.93598420877e-07 -19.114688758225107
2.98609175101e-07 -19.115333907600217
3.03848659165e-07 -19.131659794330325
3.09732221791e-07 -19.149507870153087
3.1451330546e-07 -19.1507707178368
3.19817524828e-07 -19.142631011878784
3.27448081376e-07 -19.20127362823346
3.33666297846e-07 -19.205258710443736
3.39605268846e-07 -19.191942221256845
3.44795956777e-07 -19.21334660175757
3.49810389179e-07 -19.243523503815346
3.57522372953e-07 -19.242244898778758
3.65227976191e-07 -19.255511299403075
3.70810194688e-07 -19.226926482938133
3.76440526555e-07 -19.390718622246766
3.82548451105e-07 -19.506476311111072
3.90054995981e-07 -19.56650505566337
3.97607740533e-07 -19.613368006735392
4.04150241432e-07 -19.804917196453793
4.11851080614e-07 -19.766568984855873
4.20602170546e-07 -19.836157224726065
4.30160164222e-07 -19.783501772916004
4.37994746734e-07 -19.845814978175667
4.4827200034e-07 -19.965095176278005
4.56328677199e-07 -20.001289367591276
4.63733084849e-07 -20.028499898048146
4.70561038594e-07 -20.042135840937306
4.77623151681e-07 -20.066080681289655
4.86756700828e-07 -20.228323666231454
4.93625499448e-07 -20.08236436053526
5.00064668669e-07 -20.05822981164716
5.11366160063e-07 -20.074153217518706
5.21867855391e-07 -20.08328519895675
5.301096199e-07 -20.13726443119453
5.3731459865e-07 -20.166464782328084
5.45330796177e-07 -20.181737218653254
5.54908107444e-07 -20.208047501304797
5.65742435556e-07 -20.23643564037951
5.72926790062e-07 -20.258423084627182
5.85367829666e-07 -20.281244322626662
6.02457368914e-07 -20.32174749866521
6.13832625225e-07 -20.308655702321374
6.26874662717e-07 -20.32255978768719
6.36919308173e-07 -20.35151328338945
6.43192254377e-07 -20.35388093103456
6.53403355783e-07 -20.8076834617326
6.61586156133e-07 -20.595294423825052
6.70750312817e-07 -20.3908050269332
6.85445438827e-07 -20.415578140403902
6.98206520494e-07 -20.436102030949023
7.10069056047e-07 -20.428567604133306
7.1945756406e-07 -20.422015189271114
7.29799683024e-07 -20.462684539289953
7.43515583858e-07 -20.505233306008684
7.56205357622e-07 -20.54670200000144
7.65095601237e-07 -20.53024217675454
7.74309467317e-07 -20.528392522226007
7.84139478109e-07 -20.547997472991398
7.92293257484e-07 -20.53789493355314
8.03364332881e-07 -20.580435204669357
8.16823135574e-07 -20.61381805490756
8.22856490715e-07 -20.604990316302008
8.39348391317e-07 -20.606144857575806
8.51418841968e-07 -20.58369232978771
8.62589713959e-07 -20.631885539012508
8.71862040143e-07 -20.65560524907462
8.84424374903e-07 -20.68729558410039
9.00685807014e-07 -20.706381032408267
9.15628045922e-07 -20.725327042359197
9.35069631215e-07 -20.739460884720522
9.49004454546e-07 -20.74452291068839
9.68022239879e-07 -20.763311045924503
9.85995528056e-07 -20.777854457966605
1.00305737103e-06 -20.7787549217334
1.02368478334e-06 -20.78810488393851
1.05123074494e-06 -20.796490286669332
1.08147773548e-06 -20.798551366558634
1.10005153047e-06 -20.790230183661627
1.13748920543e-06 -20.80573168561684
1.17492319616e-06 -20.810986500522567
1.20443091662e-06 -20.807121395740104
1.24981901486e-06 -20.832039481630538
1.27278762707e-06 -20.854215597713406
1.29559000006e-06 -20.835627606347146
1.31748769808e-06 -20.822226717592308
1.36044671479e-06 -20.843220440747267
1.40534826867e-06 -20.856830337786455
1.44621589694e-06 -20.874510470433897
1.48131787778e-06 -20.88389978097659
1.54720086503e-06 -20.947784192110717
1.588562969e-06 -20.943167408802147
1.61694525725e-06 -20.96785667618162
1.65855434411e-06 -20.96865341111485
1.7027144913e-06 -20.95266614330938
1.7440712609e-06 -20.917491161245444
1.79047954349e-06 -20.888978304718698
1.84182501437e-06 -20.85636425949783
1.88467017571e-06 -20.81652292642471
1.92166100035e-06 -20.801164954919777
1.9539238098e-06 -20.76140751090832
2.00130047071e-06 -20.72081531137946
2.11110599726e-06 -20.697824127373124
2.18706652246e-06 -20.632154685537827
2.28648820286e-06 -20.489945275096254
2.43033605383e-06 -20.314353359651136
2.54008016924e-06 -20.245594816421686
2.60658674211e-06 -20.216824939767776
2.69965398116e-06 -20.17994338153084
2.90157991958e-06 -20.15525718845523
3.06314484058e-06 -20.067663441737146
3.22362863134e-06 -19.993404604038126
3.357149673e-06 -19.886409055728166
3.57669442182e-06 -19.80324078435673
3.78196901633e-06 -19.70900864432155
3.92010661659e-06 -19.63242133209758
4.03504172386e-06 -19.568477267452643
4.15710886036e-06 -19.509679518233547
4.30967632201e-06 -19.392268955329207
4.44320929247e-06 -19.21248787962385
4.5490261393e-06 -19.11518836771627
4.74298082363e-06 -19.077894815960754
4.99595374435e-06 -19.031663550960324
5.19784556163e-06 -18.96354539984535
5.48176298309e-06 -18.936713380609064
5.67048574245e-06 -18.877894521239718
5.95799287829e-06 -18.816338435882727
6.39151471106e-06 -18.77449752351901
6.63270850989e-06 -18.6713932544874
7.07514291256e-06 -18.62124615037937
7.42968647149e-06 -18.55567066763023
7.68283292968e-06 -18.48937361561415
8.0474579762e-06 -18.425750285486295
8.63105619529e-06 -18.37622534548752
9.22052727429e-06 -18.367014910645167
