2.00570585804e-08 -7.825706460337969
2.07779255948e-08 -7.42909361520962
2.15666275546e-08 -7.9367047526792796
2.23511733366e-08 -8.04194071353755
2.26989384553e-08 -7.7264341966176815
2.30775360356e-08 -8.380600924744193
2.3915358806e-08 -8.385356302780202
2.4474102892e-08 -8.553205964842398
2.51551417477e-08 -9.23310711510252
2.58389859e-08 -10.272492384250647
2.6250952467e-08 -10.249715375932631
2.70915120349e-08 -11.174779814981044
2.77160002651e-08 -10.635731452541343
2.84878543334e-08 -9.477270690894542
2.95547739668e-08 -9.237887851415834
3.01937587673e-08 -9.087082460203305
3.08358247416e-08 -9.921942085390889
3.17731544709e-08 -10.76457633501709
3.28365434679e-08 -12.36558366023283
3.39605809144e-08 -12.749270534582799
3.50635441908e-08 -12.740170940500697
3.57774943608e-08 -11.206728364562736
3.68387913671e-08 -11.318434479347367
3.77041743787e-08 -12.095272985241266
3.8864261839e-08 -12.72816404897302
4.01376665097e-08 -12.71147688607956
4.09292977305e-08 -12.216604115439367
4.20960753313e-08 -13.09260245147766
4.34998504703e-08 -12.843654653171363
4.47314387216e-08 -13.058971858952923
4.61265011933e-08 -12.998181298280443
4.7739678597e-08 -12.608014312210486
4.96368369434e-08 -12.085989023182414
5.07932465217e-08 -12.766795827859028
5.18583525341e-08 -12.79066241688394
5.30230148696e-08 -12.934397409272336
5.4455868388e-08 -13.048285584581564
5.60131506434e-08 -13.30540087537215
5.75427667568e-08 -13.485425011523873
5.87090014382e-08 -13.317633090016592
6.06724302403e-08 -13.314631658539078
6.28317085546e-08 -13.830586540819198
6.50363798975e-08 -13.759134808543713
6.67206955022e-08 -13.36534096009293
6.81593676378e-08 -13.664589222069445
6.9827676534e-08 -13.804640004993857
7.2248351042e-08 -14.184656722510304
7.43966922957e-08 -14.072659208996932
7.59793454058e-08 -14.317849292707265
7.74140265412e-08 -14.213698825885942
7.99170111017e-08 -14.27230315985424
8.27817815135e-08 -14.341435634402778
8.4814019401e-08 -14.570944579323246
8.68493372857e-08 -14.64751573625935
8.94984966567e-08 -14.748423472768877
9.10932951605e-08 -15.660266392965632
9.26693872149e-08 -16.509678204093042
9.4693776079e-08 -16.940490867209512
9.61993857387e-08 -17.088373777253842
9.87467089763e-08 -16.90511657104755
1.00498051926e-07 -17.37855531998342
1.02853190903e-07 -17.144655385986994
1.04800044135e-07 -17.61145108042728
1.07342854175e-07 -17.529420379233088
1.10756061668e-07 -17.593262296780523
1.1388637345e-07 -17.59694026549692
1.17995549986e-07 -17.548867493483066
1.20389785878e-07 -17.26586331650506
1.23204193039e-07 -17.56702236633526
1.25952280955e-07 -17.731124901941868
1.28973293729e-07 -17.782382733945497
1.3244044164e-07 -17.814143909111877
1.35367040527e-07 -17.842872124100282
1.3822090953e-07 -17.774455484947012
1.41231437178e-07 -17.772787046422884
1.45059270942e-07 -17.833715756109463
1.48769233337e-07 -17.81611676760666
1.52706219112e-07 -17.69273827636114
1.55733302927e-07 -17.64588145703747
1.58772923304e-07 -17.757443074853327
1.61958012111e-07 -17.80346413372809
1.64448154247e-07 -17.830840357345835
1.68703500169e-07 -17.849442334877494
1.73752573339e-07 -17.836165529554286
1.78526935109e-07 -17.869484660091935
1.83608235939e-07 -17.828621729210603
1.8935592224e-07 -17.809729455221586
1.98291862558e-07 -17.87535068988307
2.02986944957e-07 -17.878406277379185
2.06601928364e-07 -17.886555557813978
2.10548631953e-07 -17.903946915651524
2.15290769094e-07 -17.904693104057607
2.19467642478e-07 -17.91250208268648
2.23879040608e-07 -17.894846510688396
2.27572272895e-07 -17.908500107608347
2.3136639105e-07 -17.846389790671907
2.36169083673e-07 -17.822828353765097
2.40697007389e-07 -17.817304871526147
2.44810447152e-07 -17.870706480691744
2.50186867472e-07 -17.837090921240737
2.55956265677e-07 -17.864203955110526
2.61810236671e-07 -17.909002726343935
2.68063105521e-07 -17.996788203349304
2.75485409086e-07 -17.946677788139475
2.80923422044e-07 -17.925746672145173
2.87730906972e-07 -18.040988890685576
2.93598420877e-07 -18.128579368870653
2.98609175101e-07 -18.14143316809629
3.03848659165e-07 -18.175881568965487
3.09732221791e-07 -18.208399530348636
3.1451330546e-07 -18.217177985977543
3.19817524828e-07 -18.213901669027095
3.27448081376e-07 -18.3101391184955
3.33666297846e-07 -18.32408538545844
3.39605268846e-07 -18.308265005414178
3.44795956777e-07 -18.359058780127
3.49810389179e-07 -18.407935609015404
3.57522372953e-07 -18.41044791879378
3.65227976191e-07 -18.482885485969163
3.70810194688e-07 -18.509730821541147
3.76440526555e-07 -18.712624612603022
3.82548451105e-07 -18.857894400835384
3.90054995981e-07 -18.933399873895674
3.97607740533e-07 -19.000030362924072
4.04150241432e-07 -19.231010019123936
4.11851080614e-07 -19.193328861205075
4.20602170546e-07 -19.280895047674683
4.30160164222e-07 -19.225619561929015
4.37994746734e-07 -19.300504108947898
4.4827200034e-07 -19.437420690618282
4.56328677199e-07 -19.479424516361185
4.63733084849e-07 -19.512778620362717
4.70561038594e-07 -19.530044338090363
4.77623151681e-07 -19.55899766493898
4.86756700828e-07 -19.52736931153759
4.93625499448e-07 -19.58259553547591
5.00064668669e-07 -19.5661319796708
5.11366160063e-07 -19.587285661429632
5.21867855391e-07 -19.599631444782112
5.301096199e-07 -19.65263982440203
5.3731459865e-07 -19.68393001978737
5.45330796177e-07 -19.70212068280444
5.54908107444e-07 -19.73095279835914
5.65742435556e-07 -19.761884046859485
5.72926790062e-07 -19.78311296849217
5.85367829666e-07 -19.807674935238346
6.02457368914e-07 -19.851706810882796
6.13832625225e-07 -19.84336531391635
6.26874662717e-07 -19.86095518627375
6.36919308173e-07 -19.890513009759907
6.43192254377e-07 -19.892517101576573
6.53403355783e-07 -19.954080553253043
6.61586156133e-07 -19.94774182433516
6.70750312817e-07 -19.93661470027127
6.85445438827e-07 -19.96242897809538
6.98206520494e-07 -19.979677937745578
7.10069056047e-07 -19.978437197339808
7.1945756406e-07 -19.976607440503074
7.29799683024e-07 -20.00920757429698
7.43515583858e-07 -20.042042588682442
7.56205357622e-07 -20.077177558047673
7.65095601237e-07 -20.07120876016129
7.74309467317e-07 -20.073851993189514
7.84139478109e-07 -20.092255583603
7.92293257484e-07 -20.081745654047573
8.03364332881e-07 -20.11863246280162
8.16823135574e-07 -20.144607739390402
8.22856490715e-07 -20.142033061326224
8.39348391317e-07 -20.148623547594646
8.51418841968e-07 -20.129251384002465
8.62589713959e-07 -20.16958894560819
8.71862040143e-07 -20.18621400206606
8.84424374903e-07 -20.213870775783718
9.00685807014e-07 -20.230267156792195
9.15628045922e-07 -20.24396441080959
9.35069631215e-07 -20.26307438730756
9.49004454546e-07 -20.262499853569665
9.68022239879e-07 -20.2785423865052
9.85995528056e-07 -20.290774403728875
1.00305737103e-06 -20.287596972237843
1.02368478334e-06 -20.295965498179754
1.05123074494e-06 -20.303834716955215
1.08147773548e-06 -20.30550129462158
1.10005153047e-06 -20.29736216583835
1.13748920543e-06 -20.3128196478905
1.17492319616e-06 -20.316827862838984
1.20443091662e-06 -20.311999407797778
1.24981901486e-06 -20.33608060882768
1.27278762707e-06 -20.32731612512108
1.29559000006e-06 -20.329661842736684
1.31748769808e-06 -20.324841602151196
1.36044671479e-06 -20.344306509637754
1.40534826867e-06 -20.35844131515475
1.44621589694e-06 -20.374138352408302
1.48131787778e-06 -20.38262827441735
1.54720086503e-06 -20.439911374833528
1.588562969e-06 -20.436545441407155
1.61694525725e-06 -20.450524065530267
1.65855434411e-06 -20.44562138788671
1.7027144913e-06 -20.42637308619956
1.7440712609e-06 -20.390680449468995
1.79047954349e-06 -20.36260829239673
1.84182501437e-06 -20.329969372090645
1.88467017571e-06 -20.289545845124785
1.92166100035e-06 -20.2733987266921
1.9539238098e-06 -20.233127780446054
2.00130047071e-06 -20.191402836995486
2.11110599726e-06 -20.164816043259584
2.18706652246e-06 -20.090294741900593
2.28648820286e-06 -19.960672011825338
2.43033605383e-06 -19.799964392144716
2.54008016924e-06 -19.74023100171675
2.60658674211e-06 -19.70311741531681
2.69965398116e-06 -19.659483766819434
2.90157991958e-06 -19.62611487343323
3.06314484058e-06 -19.530506023169487
3.22362863134e-06 -19.45031920237387
3.357149673e-06 -19.34053614889045
3.57669442182e-06 -19.253277884715317
3.78196901633e-06 -19.156055402999613
3.92010661659e-06 -19.07704888478918
4.03504172386e-06 -19.01103547599569
4.15710886036e-06 -18.950211447203095
4.30967632201e-06 -18.83237621066894
4.44320929247e-06 -18.653223609806354
4.5490261393e-06 -18.552481861677727
4.74298082363e-06 -18.508891011538374
4.99595374435e-06 -18.45506306062107
5.19784556163e-06 -18.377365377693536
5.48176298309e-06 -18.340440763250328
5.67048574245e-06 -18.270719064237184
5.95799287829e-06 -18.194449579989545
6.39151471106e-06 -18.13326982276353
6.63270850989e-06 -18.00893553635774
7.07514291256e-06 -17.93276884448678
7.42968647149e-06 -17.83910518482643
7.68283292968e-06 -17.747029283612328
8.0474579762e-06 -17.64727559959242
8.63105619529e-06 -17.54359861691352
9.22052727429e-06 -17.48431735651979
