2.00570585804e-08 -11.529015404775429
2.07779255948e-08 -10.798160933043405
2.15666275546e-08 -12.193206389045216
2.23511733366e-08 -12.159951557280287
2.26989384553e-08 -12.083299355799397
2.30775360356e-08 -12.225643856946135
2.3915358806e-08 -12.487675604472173
2.4474102892e-08 -13.30142919379373
2.51551417477e-08 -13.948174341355575
2.58389859e-08 -14.329767700134148
2.6250952467e-08 -13.762419907043409
2.70915120349e-08 -14.226784279043343
2.77160002651e-08 -14.407931174787905
2.84878543334e-08 -13.917488861536178
2.95547739668e-08 -13.976294800954385
3.01937587673e-08 -14.111525600349616
3.08358247416e-08 -14.308028210814072
3.17731544709e-08 -14.573212476445448
3.28365434679e-08 -15.156377142497696
3.39605809144e-08 -14.949220756170384
3.50635441908e-08 -14.99844786454765
3.57774943608e-08 -14.100999270200681
3.68387913671e-08 -14.757453386459261
3.77041743787e-08 -15.0431658192066
3.8864261839e-08 -15.16703322811292
4.01376665097e-08 -14.792979272778979
4.09292977305e-08 -15.101849572653947
4.20960753313e-08 -15.285064913573393
4.34998504703e-08 -15.122506525076275
4.47314387216e-08 -15.669740231090245
4.61265011933e-08 -15.627912579426386
4.7739678597e-08 -15.670771105845866
4.96368369434e-08 -15.829636891601965
5.07932465217e-08 -16.048818271650262
5.18583525341e-08 -16.345416268153706
5.30230148696e-08 -16.167656116979053
5.4455868388e-08 -14.847404995314783
5.60131506434e-08 -16.254372189916893
5.75427667568e-08 -16.378411531966684
5.87090014382e-08 -16.512711195606208
6.06724302403e-08 -16.735541172339737
6.28317085546e-08 -16.60938692196391
6.50363798975e-08 -16.637167338740184
6.67206955022e-08 -16.55812160056538
6.81593676378e-08 -16.71896900019177
6.9827676534e-08 -16.725303202692082
7.2248351042e-08 -16.878926082326913
7.43966922957e-08 -16.717581642302996
7.59793454058e-08 -16.555710839033225
7.74140265412e-08 -16.659023173171278
7.99170111017e-08 -16.870839654020358
8.27817815135e-08 -16.915545757704642
8.4814019401e-08 -16.954639219726708
8.68493372857e-08 -16.982914437132813
8.94984966567e-08 -17.06595228051009
9.10932951605e-08 -17.53214100416288
9.26693872149e-08 -18.052807578400085
9.4693776079e-08 -18.41908364922839
9.61993857387e-08 -18.432658486003184
9.87467089763e-08 -18.292162595996416
1.00498051926e-07 -18.615887086270284
1.02853190903e-07 -18.48172237105733
1.04800044135e-07 -18.796432767621702
1.07342854175e-07 -18.725323582950864
1.10756061668e-07 -18.772118199415708
1.1388637345e-07 -18.76935470660299
1.17995549986e-07 -18.731379631809162
1.20389785878e-07 -18.536604573750722
1.23204193039e-07 -18.732433124979025
1.25952280955e-07 -18.87135661039285
1.28973293729e-07 -18.905183934638053
1.3244044164e-07 -18.930634492092693
1.35367040527e-07 -18.945586276876192
1.3822090953e-07 -18.90286558789264
1.41231437178e-07 -18.8912252105061
1.45059270942e-07 -18.939376239773303
1.48769233337e-07 -18.921419330736754
1.52706219112e-07 -18.826655426263166
1.55733302927e-07 -18.760124145430716
1.58772923304e-07 -18.856967045936052
1.61958012111e-07 -18.888052866227383
1.64448154247e-07 -18.903562190814654
1.68703500169e-07 -18.911248807873164
1.73752573339e-07 -18.89126274425078
1.78526935109e-07 -18.90934380709595
1.83608235939e-07 -18.869641234996536
1.8935592224e-07 -18.84422185001916
1.98291862558e-07 -18.887750707916894
2.02986944957e-07 -18.88026704194221
2.06601928364e-07 -18.87748207832624
2.10548631953e-07 -18.88603180583261
2.15290769094e-07 -18.88169604868999
2.19467642478e-07 -18.878553390183008
2.23879040608e-07 -18.857528880166477
2.27572272895e-07 -18.861303516463884
2.3136639105e-07 -18.802075496810147
2.36169083673e-07 -18.790003436618868
2.40697007389e-07 -18.783226326176354
2.44810447152e-07 -18.810023216920953
2.50186867472e-07 -18.788808735472116
2.55956265677e-07 -18.801121817538657
2.61810236671e-07 -18.82700997184427
2.68063105521e-07 -18.87343742155428
2.75485409086e-07 -18.839188789164837
2.80923422044e-07 -18.81884853844067
2.87730906972e-07 -18.887971311383346
2.93598420877e-07 -18.942060411609525
2.98609175101e-07 -18.949262178062696
3.03848659165e-07 -18.970986606322143
3.09732221791e-07 -18.99222641922735
3.1451330546e-07 -18.996775198375268
3.19817524828e-07 -18.992239626070393
3.27448081376e-07 -19.05701777358101
3.33666297846e-07 -19.06589691629027
3.39605268846e-07 -19.054711525460185
3.44795956777e-07 -19.079716795876386
3.49810389179e-07 -19.113897944530365
3.57522372953e-07 -19.117537722298408
3.65227976191e-07 -19.122305683547765
3.70810194688e-07 -19.092107008327012
3.76440526555e-07 -19.282935095742545
3.82548451105e-07 -19.424099385105023
3.90054995981e-07 -19.491590596353298
3.97607740533e-07 -19.53653926800964
4.04150241432e-07 -19.737577479818967
4.11851080614e-07 -19.6889711518156
4.20602170546e-07 -19.770107345196358
4.30160164222e-07 -19.714707108808888
4.37994746734e-07 -19.770511479474813
4.4827200034e-07 -19.88900997162697
4.56328677199e-07 -19.92190698142685
4.63733084849e-07 -19.946492515096544
4.70561038594e-07 -19.958323422479957
4.77623151681e-07 -19.982518028089338
4.86756700828e-07 -20.164839614925718
4.93625499448e-07 -19.99653061883587
5.00064668669e-07 -19.974197820041148
5.11366160063e-07 -19.99022180367262
5.21867855391e-07 -19.99713658162254
5.301096199e-07 -20.045218146215227
5.3731459865e-07 -20.072506841665223
5.45330796177e-07 -20.086661079219645
5.54908107444e-07 -20.110493306040716
5.65742435556e-07 -20.13681328210275
5.72926790062e-07 -20.154250125031602
5.85367829666e-07 -20.174317326006843
6.02457368914e-07 -20.215126901646485
6.13832625225e-07 -20.201920742450547
6.26874662717e-07 -20.215216930836675
6.36919308173e-07 -20.241549762310783
6.43192254377e-07 -20.242851183562998
6.53403355783e-07 -20.757078988638767
6.61586156133e-07 -20.514237929066645
6.70750312817e-07 -20.27723679650375
6.85445438827e-07 -20.300330043855908
6.98206520494e-07 -20.317609718267065
7.10069056047e-07 -20.311120715084748
7.1945756406e-07 -20.305149437406484
7.29799683024e-07 -20.34057954000135
7.43515583858e-07 -20.37861496968486
7.56205357622e-07 -20.416745151547097
7.65095601237e-07 -20.401128253086185
7.74309467317e-07 -20.399274896349475
7.84139478109e-07 -20.417430070186562
7.92293257484e-07 -20.40669723480446
8.03364332881e-07 -20.445450504212317
8.16823135574e-07 -20.47642099035337
8.22856490715e-07 -20.464017981802144
8.39348391317e-07 -20.46481453192954
8.51418841968e-07 -20.44260863709834
8.62589713959e-07 -20.488304155668303
8.71862040143e-07 -20.51045094012246
8.84424374903e-07 -20.540875244692387
9.00685807014e-07 -20.55848955366347
9.15628045922e-07 -20.576257053019738
9.35069631215e-07 -20.591321279019894
9.49004454546e-07 -20.59337689012839
9.68022239879e-07 -20.6123372324248
9.85995528056e-07 -20.625415460057845
1.00305737103e-06 -20.62400218973871
1.02368478334e-06 -20.633903885782807
1.05123074494e-06 -20.641300458286373
1.08147773548e-06 -20.642252321506426
1.10005153047e-06 -20.632484800744955
1.13748920543e-06 -20.64806515192354
1.17492319616e-06 -20.65247572747964
1.20443091662e-06 -20.647774306384342
1.24981901486e-06 -20.671702559613372
1.27278762707e-06 -20.700341178804536
1.29559000006e-06 -20.676203764227346
1.31748769808e-06 -20.659748773662365
1.36044671479e-06 -20.678962473757537
1.40534826867e-06 -20.69030316485575
1.44621589694e-06 -20.705999613015052
1.48131787778e-06 -20.712228379655407
1.54720086503e-06 -20.773047009796677
1.588562969e-06 -20.76757222944879
1.61694525725e-06 -20.78899393781382
1.65855434411e-06 -20.788898760830044
1.7027144913e-06 -20.77264193619566
1.7440712609e-06 -20.73699565846953
1.79047954349e-06 -20.708307802687855
1.84182501437e-06 -20.675666747273887
1.88467017571e-06 -20.635614813868237
1.92166100035e-06 -20.620152633153772
1.9539238098e-06 -20.57996187448179
2.00130047071e-06 -20.539196435339633
2.11110599726e-06 -20.51570984619378
2.18706652246e-06 -20.45146410010029
2.28648820286e-06 -20.309699092140782
2.43033605383e-06 -20.138661739731482
2.54008016924e-06 -20.067309402426773
2.60658674211e-06 -20.03727564206831
2.69965398116e-06 -19.999017113154544
2.90157991958e-06 -19.973248125358722
3.06314484058e-06 -19.885776106723704
3.22362863134e-06 -19.812191519877352
3.357149673e-06 -19.705288329255488
3.57669442182e-06 -19.62274042738123
3.78196901633e-06 -19.529128815743313
3.92010661659e-06 -19.453055334724418
4.03504172386e-06 -19.3892354168997
4.15710886036e-06 -19.331010958013287
4.30967632201e-06 -19.21756778977555
4.44320929247e-06 -19.04552035889612
4.5490261393e-06 -18.949805236335003
4.74298082363e-06 -18.91224640207495
4.99595374435e-06 -18.867098792004597
5.19784556163e-06 -18.799559959755832
5.48176298309e-06 -18.77331589928587
5.67048574245e-06 -18.71515999625217
5.95799287829e-06 -18.655689422061492
6.39151471106e-06 -18.6175718061709
6.63270850989e-06 -18.519159032770787
7.07514291256e-06 -18.475121935099295
7.42968647149e-06 -18.415900119123783
7.68283292968e-06 -18.356175558800487
8.0474579762e-06 -18.30103697133547
8.63105619529e-06 -18.263677275507895
9.22052727429e-06 -18.265230666659427
