2.00570585804e-08 112.37254907083835
2.07779255948e-08 112.29587435186036
2.15666275546e-08 112.21497409387064
2.23511733366e-08 112.13738365263657
2.26989384553e-08 112.10385754888108
2.30775360356e-08 112.06793809659956
2.3915358806e-08 111.99050078031831
2.4474102892e-08 111.94035137790706
2.51551417477e-08 111.88075144109595
2.58389859e-08 111.82250796081965
2.6250952467e-08 111.78815995757671
2.70915120349e-08 111.71971906251363
2.77160002651e-08 111.67023250147804
2.84878543334e-08 111.6105865855589
2.95547739668e-08 111.53074707436195
3.01937587673e-08 111.48429938087568
3.08358247416e-08 111.43860744229838
3.17731544709e-08 111.37358361474023
3.28365434679e-08 111.30209811089142
3.39605809144e-08 111.22900973314856
3.50635441908e-08 111.15960622523806
3.57774943608e-08 111.11583567586001
3.68387913671e-08 111.05235841995153
3.77041743787e-08 111.00193810889263
3.8864261839e-08 110.93613316840569
4.01376665097e-08 110.86612468438622
4.09292977305e-08 110.82371382037692
4.20960753313e-08 110.762677245974
4.34998504703e-08 110.6914464651534
4.47314387216e-08 110.63082095131975
4.61265011933e-08 110.56413271770211
4.7739678597e-08 110.48948783139036
4.96368369434e-08 110.40486479186802
5.07932465217e-08 110.3548554242667
5.18583525341e-08 110.30979170687385
5.30230148696e-08 110.26156319591698
5.4455868388e-08 110.20366184570213
5.60131506434e-08 110.14243527718696
5.75427667568e-08 110.08393158708427
5.87090014382e-08 110.04036181720139
6.06724302403e-08 109.96892833054656
6.28317085546e-08 109.89299093829243
6.50363798975e-08 109.8181034893448
6.67206955022e-08 109.76258246167544
6.81593676378e-08 75.24922756595357
6.9827676534e-08 67.95464697820987
7.2248351042e-08 65.13286424957451
7.43966922957e-08 62.85716516421588
7.59793454058e-08 61.15297127428379
7.74140265412e-08 59.35291969412674
7.99170111017e-08 56.85052769285132
8.27817815135e-08 54.57691295101155
8.4814019401e-08 52.72524429908458
8.68493372857e-08 50.933595258989854
8.94984966567e-08 49.23592933042076
9.10932951605e-08 14.30866914721532
9.26693872149e-08 10.87307686511568
9.4693776079e-08 10.09331217539761
9.61993857387e-08 9.430794843799221
9.87467089763e-08 8.742832429367846
1.00498051926e-07 8.065554811533726
1.02853190903e-07 7.539484768173782
1.04800044135e-07 6.785758132301915
1.07342854175e-07 6.050918237833283
1.10756061668e-07 4.299650725934896
1.1388637345e-07 2.999201856109927
1.17995549986e-07 2.4008267269740102
1.20389785878e-07 2.869015460950486
1.23204193039e-07 1.6969687133292055
1.25952280955e-07 0.3847382886586601
1.28973293729e-07 -0.5155424351097189
1.3244044164e-07 -1.257277270161822
1.35367040527e-07 -1.8221837039961528
1.3822090953e-07 -2.2597410075676976
1.41231437178e-07 -2.7512562977373065
1.45059270942e-07 -3.322989719443161
1.48769233337e-07 -3.901771534358332
1.52706219112e-07 -4.613506457639531
1.55733302927e-07 -5.244291843592045
1.58772923304e-07 -6.197245648483236
1.61958012111e-07 -6.6520830180562776
1.64448154247e-07 -7.1987772935274705
1.68703500169e-07 -8.947777625898603
1.73752573339e-07 -10.176707850967581
1.78526935109e-07 -10.88091063996248
1.83608235939e-07 -11.332649342409745
1.8935592224e-07 -11.877075538903952
1.98291862558e-07 -12.513368028736927
2.02986944957e-07 -12.755419454737797
2.06601928364e-07 -13.292682264472347
2.10548631953e-07 -13.833243291017965
2.15290769094e-07 -13.93771809034694
2.19467642478e-07 -14.138879634578764
2.23879040608e-07 -14.298010824791128
2.27572272895e-07 -14.246268465382613
2.3136639105e-07 -14.325039832240371
2.36169083673e-07 -13.959835657277985
2.40697007389e-07 -13.991435200470981
2.44810447152e-07 -14.802735954199044
2.50186867472e-07 -14.246908018120173
2.55956265677e-07 -14.864757914634197
2.61810236671e-07 -15.229327054866566
2.68063105521e-07 -16.010641486203724
2.75485409086e-07 -15.598930001524351
2.80923422044e-07 -15.590966605840364
2.87730906972e-07 -16.26282529231684
2.93598420877e-07 -16.807299925372725
2.98609175101e-07 -16.79828637822917
3.03848659165e-07 -16.95142075044332
3.09732221791e-07 -17.12744757932697
3.1451330546e-07 -17.188898426238815
3.19817524828e-07 -17.20972434124439
3.27448081376e-07 -17.598294952023053
3.33666297846e-07 -17.606459105618036
3.39605268846e-07 -17.478833170225293
3.44795956777e-07 -17.677283031946317
3.49810389179e-07 -17.87993307697807
3.57522372953e-07 -17.82624090040376
3.65227976191e-07 -18.108556481188906
3.70810194688e-07 -18.108024996703804
3.76440526555e-07 -18.15608957426516
3.82548451105e-07 -18.06176158077706
3.90054995981e-07 -18.183998434665057
3.97607740533e-07 -18.45002737052281
4.04150241432e-07 -18.837262698713886
4.11851080614e-07 -18.945528610682103
4.20602170546e-07 -18.943793073729232
4.30160164222e-07 -18.91496067748924
4.37994746734e-07 -19.165658398895438
4.4827200034e-07 -19.39991143368276
4.56328677199e-07 -19.506656954735284
4.63733084849e-07 -19.57262377826691
4.70561038594e-07 -19.624193608231877
4.77623151681e-07 -19.685922862824846
4.86756700828e-07 -19.69821561105102
4.93625499448e-07 -19.75240240290355
5.00064668669e-07 -19.716359830693115
5.11366160063e-07 -19.74990335422231
5.21867855391e-07 -19.790427367469945
5.301096199e-07 -19.92011608331333
5.3731459865e-07 -19.97865671458574
5.45330796177e-07 -20.01471785019647
5.54908107444e-07 -20.070569407011043
5.65742435556e-07 -20.12534456272421
5.72926790062e-07 -20.171006705617025
5.85367829666e-07 -20.211590200239208
6.02457368914e-07 -20.28829507923809
6.13832625225e-07 -20.28137412198373
6.26874662717e-07 -20.305857128331525
6.36919308173e-07 -20.356355520558814
6.43192254377e-07 -20.368023093477795
6.53403355783e-07 -20.387862309661223
6.61586156133e-07 -20.421764654830817
6.70750312817e-07 -20.429230244031345
6.85445438827e-07 -20.46810141160205
6.98206520494e-07 -20.51250348389278
7.10069056047e-07 -20.501571909856516
7.1945756406e-07 -20.494743611239272
7.29799683024e-07 -20.565368355878086
7.43515583858e-07 -20.643671411725002
7.56205357622e-07 -20.709591545876272
7.65095601237e-07 -20.668341243786323
7.74309467317e-07 -20.662369915081314
7.84139478109e-07 -20.692638961181814
7.92293257484e-07 -20.693422976173892
8.03364332881e-07 -20.759749513749668
8.16823135574e-07 -20.823583347458275
8.22856490715e-07 -20.821717035824967
8.39348391317e-07 -20.81965333698905
8.51418841968e-07 -20.789806365626056
8.62589713959e-07 -20.856739775950615
8.71862040143e-07 -20.898125271418685
8.84424374903e-07 -20.93620333743641
9.00685807014e-07 -20.96318855628934
9.15628045922e-07 -21.000844585758514
9.35069631215e-07 -21.006305513841347
9.49004454546e-07 -21.030874546842945
9.68022239879e-07 -21.055567426724075
9.85995528056e-07 -21.076849648843435
1.00305737103e-06 -21.09406903695149
1.02368478334e-06 -21.10835594441845
1.05123074494e-06 -21.12363170174742
1.08147773548e-06 -21.132559598396078
1.10005153047e-06 -21.12741091745876
1.13748920543e-06 -21.148372233814293
1.17492319616e-06 -21.161927505162858
1.20443091662e-06 -21.1643113909523
1.24981901486e-06 -21.19628190072833
1.27278762707e-06 -21.19130430095911
1.29559000006e-06 -21.199902176787795
1.31748769808e-06 -21.19901234810397
1.36044671479e-06 -21.225547962272564
1.40534826867e-06 -21.23697080707415
1.44621589694e-06 -21.26448011666327
1.48131787778e-06 -21.285128549164313
1.54720086503e-06 -21.36720922847347
1.588562969e-06 -21.36857729962508
1.61694525725e-06 -21.397763069196756
1.65855434411e-06 -21.408636044717788
1.7027144913e-06 -21.40041089241675
1.7440712609e-06 -21.36736783611979
1.79047954349e-06 -21.33563759630068
1.84182501437e-06 -21.30455195517648
1.88467017571e-06 -21.267261521051793
1.92166100035e-06 -21.249859297295686
1.9539238098e-06 -21.209803250604985
2.00130047071e-06 -21.168605506640425
2.11110599726e-06 -21.152268484069545
2.18706652246e-06 -21.085507998769017
2.28648820286e-06 -20.94599045764835
2.43033605383e-06 -20.753150658088423
2.54008016924e-06 -20.647186092803103
2.60658674211e-06 -20.633747181099103
2.69965398116e-06 -20.60314324605345
2.90157991958e-06 -20.585830550995723
3.06314484058e-06 -20.50781972150906
3.22362863134e-06 -20.444309163097117
3.357149673e-06 -20.345758892849815
3.57669442182e-06 -20.264590651926717
3.78196901633e-06 -20.1706552080951
3.92010661659e-06 -20.091947830409758
4.03504172386e-06 -20.02657487589822
4.15710886036e-06 -19.96675797910101
4.30967632201e-06 -19.852030480113648
4.44320929247e-06 -19.68195132503802
4.5490261393e-06 -19.587983675133678
4.74298082363e-06 -19.545682008473896
4.99595374435e-06 -19.49095326803633
5.19784556163e-06 -19.413279468772963
5.48176298309e-06 -19.374991034323607
5.67048574245e-06 -19.30420704012137
5.95799287829e-06 -19.226773505712885
6.39151471106e-06 -19.16362070188709
6.63270850989e-06 -19.03726603149645
7.07514291256e-06 -18.958463064175618
7.42968647149e-06 -18.861930227427024
7.68283292968e-06 -18.766066373323127
8.0474579762e-06 -18.660865141362983
8.63105619529e-06 -18.54785567323932
9.22052727429e-06 -18.47888874271665
