2.00570585804e-08 111.8262483664092
2.07779255948e-08 111.74957364743122
2.15666275546e-08 111.66867338944152
2.23511733366e-08 111.59108294820746
2.26989384553e-08 111.55755684445197
2.30775360356e-08 111.52163739217042
2.3915358806e-08 111.4442000758892
2.4474102892e-08 111.39405067347795
2.51551417477e-08 111.33445073666681
2.58389859e-08 111.27620725639053
2.6250952467e-08 111.24185925314757
2.70915120349e-08 111.17341835808452
2.77160002651e-08 111.12393179704893
2.84878543334e-08 111.06428588112976
2.95547739668e-08 110.98444636993284
3.01937587673e-08 110.93799867644654
3.08358247416e-08 110.89230673786926
3.17731544709e-08 110.82728291031111
3.28365434679e-08 110.7557974064623
3.39605809144e-08 110.68270902871944
3.50635441908e-08 110.61330552080892
3.57774943608e-08 110.56953497143087
3.68387913671e-08 110.50605771552242
3.77041743787e-08 110.45563740446352
3.8864261839e-08 110.38983246397655
4.01376665097e-08 110.3198239799571
4.09292977305e-08 110.27741311594778
4.20960753313e-08 110.21637654154489
4.34998504703e-08 110.14514576072429
4.47314387216e-08 110.0845202468906
4.61265011933e-08 110.017832013273
4.7739678597e-08 109.94318712696122
4.96368369434e-08 109.85856408743891
5.07932465217e-08 109.80855471983759
5.18583525341e-08 109.76349100244474
5.30230148696e-08 109.71526249148786
5.4455868388e-08 109.65736114127301
5.60131506434e-08 109.59613457275782
5.75427667568e-08 109.53763088265515
5.87090014382e-08 109.49406111277227
6.06724302403e-08 109.42262762611745
6.28317085546e-08 109.34669023386328
6.50363798975e-08 109.27180278491568
6.67206955022e-08 109.21628175724629
6.81593676378e-08 74.2559413755771
6.9827676534e-08 66.34027959666369
7.2248351042e-08 63.51328153619238
7.43966922957e-08 61.23682391920117
7.59793454058e-08 59.53238450074817
7.74140265412e-08 57.730325292904276
7.99170111017e-08 55.17725159049776
8.27817815135e-08 52.89976072998142
8.4814019401e-08 51.04605848106296
8.68493372857e-08 49.252456586999
8.94984966567e-08 47.55306826262635
9.10932951605e-08 13.720078142328829
9.26693872149e-08 10.283478366396022
9.4693776079e-08 9.502716594663891
9.61993857387e-08 8.842250756753604
9.87467089763e-08 8.157245157071328
1.00498051926e-07 7.482356502155206
1.02853190903e-07 6.96078590487209
1.04800044135e-07 6.207983851658749
1.07342854175e-07 5.476485382544528
1.10756061668e-07 3.724373826151947
1.1388637345e-07 2.428414606180869
1.17995549986e-07 1.829225656332106
1.20389785878e-07 2.2951052267147425
1.23204193039e-07 1.1245785179075085
1.25952280955e-07 -0.17923575982655393
1.28973293729e-07 -1.0741147763664785
1.3244044164e-07 -1.8122747444522993
1.35367040527e-07 -2.375357537357157
1.3822090953e-07 -2.8116081896073304
1.41231437178e-07 -3.301583534537034
1.45059270942e-07 -3.8713950180368926
1.48769233337e-07 -4.4481817587523125
1.52706219112e-07 -5.160973182148631
1.55733302927e-07 -5.803190966763388
1.58772923304e-07 -6.774076739583766
1.61958012111e-07 -7.224625971096035
1.64448154247e-07 -7.7683524707106955
1.68703500169e-07 -9.508451536765655
1.73752573339e-07 -10.724059303283369
1.78526935109e-07 -11.418484974420274
1.83608235939e-07 -11.862684299040303
1.8935592224e-07 -12.401496507816262
1.98291862558e-07 -13.035658563612188
2.02986944957e-07 -13.27563862318123
2.06601928364e-07 -13.813291201082976
2.10548631953e-07 -14.362379311638058
2.15290769094e-07 -14.466968234208217
2.19467642478e-07 -14.6671548786017
2.23879040608e-07 -14.823641013489208
2.27572272895e-07 -14.778783820628341
2.3136639105e-07 -14.855822113425532
2.36169083673e-07 -14.49195549613188
2.40697007389e-07 -14.52546113410692
2.44810447152e-07 -15.333011359626774
2.50186867472e-07 -14.7858574057053
2.55956265677e-07 -15.41135282970172
2.61810236671e-07 -15.786337574744842
2.68063105521e-07 -16.5720109967802
2.75485409086e-07 -16.15397598960741
2.80923422044e-07 -16.15413987014066
2.87730906972e-07 -16.840314112329885
2.93598420877e-07 -17.38877087475359
2.98609175101e-07 -17.383637696707694
3.03848659165e-07 -17.53794536921015
3.09732221791e-07 -17.721847464536985
3.1451330546e-07 -17.787247227964947
3.19817524828e-07 -17.802601988332583
3.27448081376e-07 -18.192453613798243
3.33666297846e-07 -18.203618795661292
3.39605268846e-07 -18.07473797286564
3.44795956777e-07 -18.268522240847034
3.49810389179e-07 -18.47255345401277
3.57522372953e-07 -18.412579660115732
3.65227976191e-07 -18.705604817320655
3.70810194688e-07 -18.70197588146202
3.76440526555e-07 -18.747067451431043
3.82548451105e-07 -18.645454478615513
3.90054995981e-07 -18.776095941102533
3.97607740533e-07 -19.045199875359486
4.04150241432e-07 -19.44325899404874
4.11851080614e-07 -19.55333753789649
4.20602170546e-07 -19.55237905864231
4.30160164222e-07 -19.530260062614786
4.37994746734e-07 -19.78424428203072
4.4827200034e-07 -20.018139365098477
4.56328677199e-07 -20.1264299970644
4.63733084849e-07 -20.190872513607708
4.70561038594e-07 -20.24275940225653
4.77623151681e-07 -20.307001940590915
4.86756700828e-07 -20.318323327230964
4.93625499448e-07 -20.373056536261366
5.00064668669e-07 -20.3319542479192
5.11366160063e-07 -20.36523650257117
5.21867855391e-07 -20.404928856416426
5.301096199e-07 -20.53978454722661
5.3731459865e-07 -20.599280404641057
5.45330796177e-07 -20.635151094033652
5.54908107444e-07 -20.691417719354796
5.65742435556e-07 -20.746613096974478
5.72926790062e-07 -20.79435008560899
5.85367829666e-07 -20.833834871015924
6.02457368914e-07 -20.913204412957043
6.13832625225e-07 -20.903200266684657
6.26874662717e-07 -20.926594336335427
6.36919308173e-07 -20.97689731875932
6.43192254377e-07 -20.98979043638981
6.53403355783e-07 -21.010175571422458
6.61586156133e-07 -21.0438209789357
6.70750312817e-07 -21.04845901245995
6.85445438827e-07 -21.08698600821552
6.98206520494e-07 -21.132811695611203
7.10069056047e-07 -21.118596627236137
7.1945756406e-07 -21.109185271893516
7.29799683024e-07 -21.18352573913993
7.43515583858e-07 -21.268442445663652
7.56205357622e-07 -21.33978125955754
7.65095601237e-07 -21.289224986382756
7.74309467317e-07 -21.279788833063755
7.84139478109e-07 -21.31026779860059
7.92293257484e-07 -21.31012096239627
8.03364332881e-07 -21.379043822404334
8.16823135574e-07 -21.450362636668565
8.22856490715e-07 -21.44640717815067
8.39348391317e-07 -21.439276703018102
8.51418841968e-07 -21.401382201985555
8.62589713959e-07 -21.47508949538085
8.71862040143e-07 -21.523262042562514
8.84424374903e-07 -21.565010708584957
9.00685807014e-07 -21.593570391815113
9.15628045922e-07 -21.637354526774764
9.35069631215e-07 -21.638367433489492
9.49004454546e-07 -21.66655860515244
9.68022239879e-07 -21.694747172641065
9.85995528056e-07 -21.717216296204683
1.00305737103e-06 -21.73740772072039
1.02368478334e-06 -21.754427663150587
1.05123074494e-06 -21.770190748340532
1.08147773548e-06 -21.779337776770802
1.10005153047e-06 -21.772584684739314
1.13748920543e-06 -21.795136158683512
1.17492319616e-06 -21.810379700080624
1.20443091662e-06 -21.813524770477663
1.24981901486e-06 -21.846314492331707
1.27278762707e-06 -21.841545337085115
1.29559000006e-06 -21.850602999576765
1.31748769808e-06 -21.850070978350622
1.36044671479e-06 -21.877056690261938
1.40534826867e-06 -21.885415023500563
1.44621589694e-06 -21.91286002722454
1.48131787778e-06 -21.93360279339565
1.54720086503e-06 -22.017693321718973
1.588562969e-06 -22.015908057958328
1.61694525725e-06 -22.044438621501534
1.65855434411e-06 -22.05830934468002
1.7027144913e-06 -22.05397948815274
1.7440712609e-06 -22.02267481172165
1.79047954349e-06 -21.992005593572465
1.84182501437e-06 -21.961956891081236
1.88467017571e-06 -21.925293829100077
1.92166100035e-06 -21.90771714947047
1.9539238098e-06 -21.867070504098592
2.00130047071e-06 -21.82587319853841
2.11110599726e-06 -21.810520197359594
2.18706652246e-06 -21.744588836340952
2.28648820286e-06 -21.602819956063897
2.43033605383e-06 -21.40330118042815
2.54008016924e-06 -21.28341910396054
2.60658674211e-06 -21.276537290394494
2.69965398116e-06 -21.250117288652014
2.90157991958e-06 -21.236999039269833
3.06314484058e-06 -21.162056019478534
3.22362863134e-06 -21.102422550338638
3.357149673e-06 -21.006109379350995
3.57669442182e-06 -20.925805044144283
3.78196901633e-06 -20.83178274755317
3.92010661659e-06 -20.75320579234596
4.03504172386e-06 -20.687779229430127
4.15710886036e-06 -20.628379898478123
4.30967632201e-06 -20.515879171115763
4.44320929247e-06 -20.3508517262187
4.5490261393e-06 -20.258708910124348
4.74298082363e-06 -20.215488814357393
4.99595374435e-06 -20.160404022318367
5.19784556163e-06 -20.082049121648467
5.48176298309e-06 -20.04288586577497
5.67048574245e-06 -19.97135546310919
5.95799287829e-06 -19.893487776863452
6.39151471106e-06 -19.830258468406576
6.63270850989e-06 -19.704127563049312
7.07514291256e-06 -19.62572261705816
7.42968647149e-06 -19.52957698071483
7.68283292968e-06 -19.434060962871847
8.0474579762e-06 -19.329222579863995
8.63105619529e-06 -19.216653499042252
9.22052727429e-06 -19.148014354493903
