2.00570585804e-08 12.731869069071678
2.07779255948e-08 11.128595283084664
2.15666275546e-08 8.935769596418785
2.23511733366e-08 7.634394061864096
2.26989384553e-08 7.527899600322161
2.30775360356e-08 1.402737298045075
2.3915358806e-08 -1.2050253336504575
2.4474102892e-08 -0.7935381273912405
2.51551417477e-08 -2.902890944917587
2.58389859e-08 -4.036860166374272
2.6250952467e-08 -7.638925771785523
2.70915120349e-08 -8.412122631253993
2.77160002651e-08 -8.850754524204852
2.84878543334e-08 -7.163169806732363
2.95547739668e-08 -6.853829538753413
3.01937587673e-08 -5.983884615830462
3.08358247416e-08 -8.229813598178339
3.17731544709e-08 -10.020709618656923
3.28365434679e-08 -11.240469808857625
3.39605809144e-08 -12.00522363499902
3.50635441908e-08 -12.063282342213896
3.57774943608e-08 -10.408198929292787
3.68387913671e-08 -10.230905057814219
3.77041743787e-08 -8.724317020811249
3.8864261839e-08 -9.392325536902923
4.01376665097e-08 -10.631119655142562
4.09292977305e-08 -10.366955117469658
4.20960753313e-08 -10.820366630508346
4.34998504703e-08 -12.201358686305568
4.47314387216e-08 -12.737272537781521
4.61265011933e-08 -13.128958322391028
4.7739678597e-08 -12.884562888859932
4.96368369434e-08 -12.750861600750632
5.07932465217e-08 -12.864609236940979
5.18583525341e-08 -12.790454583820235
5.30230148696e-08 -12.606720984148055
5.4455868388e-08 -12.415064997379055
5.60131506434e-08 -13.091913219423681
5.75427667568e-08 -13.210498989040907
5.87090014382e-08 -13.148577068036772
6.06724302403e-08 -13.44212408085697
6.28317085546e-08 -13.671160518492243
6.50363798975e-08 -13.694761850118532
6.67206955022e-08 -13.623640356277477
6.81593676378e-08 -13.68510442156785
6.9827676534e-08 -13.888345809782486
7.2248351042e-08 -14.021845159253822
7.43966922957e-08 -13.886837914374922
7.59793454058e-08 -14.008991206285884
7.74140265412e-08 -14.011859164893735
7.99170111017e-08 -14.190843349936955
8.27817815135e-08 -14.301608468477944
8.4814019401e-08 -14.337683880749005
8.68493372857e-08 -14.507129279043475
8.94984966567e-08 -14.65427009794945
9.10932951605e-08 -15.68057817507485
9.26693872149e-08 -16.65055756976374
9.4693776079e-08 -17.118722774518794
9.61993857387e-08 -17.183452636821947
9.87467089763e-08 -16.86481091881774
1.00498051926e-07 -17.483174427608795
1.02853190903e-07 -17.309730791447883
1.04800044135e-07 -17.772438873381915
1.07342854175e-07 -17.657453111663422
1.10756061668e-07 -17.729272803566808
1.1388637345e-07 -17.738700509051277
1.17995549986e-07 -17.657463454244365
1.20389785878e-07 -17.41216653696673
1.23204193039e-07 -17.76647694298338
1.25952280955e-07 -17.915930890984164
1.28973293729e-07 -17.936857276702078
1.3244044164e-07 -17.99180990947736
1.35367040527e-07 -18.025119935468645
1.3822090953e-07 -17.933235970510474
1.41231437178e-07 -17.885209319997358
1.45059270942e-07 -17.98614921472076
1.48769233337e-07 -17.958327205392813
1.52706219112e-07 -17.78063645974982
1.55733302927e-07 -17.717160899004277
1.58772923304e-07 -17.880109387204016
1.61958012111e-07 -17.93833345221322
1.64448154247e-07 -17.983600299245417
1.68703500169e-07 -18.010490054566667
1.73752573339e-07 -17.9895149905691
1.78526935109e-07 -18.026440990319514
1.83608235939e-07 -17.971799965856256
1.8935592224e-07 -17.949579588951416
1.98291862558e-07 -18.01932222420156
2.02986944957e-07 -18.03290264762746
2.06601928364e-07 -18.032563974546328
2.10548631953e-07 -18.05854694709108
2.15290769094e-07 -18.064487555303906
2.19467642478e-07 -18.072656259633547
2.23879040608e-07 -18.04949544522203
2.27572272895e-07 -18.06198104331625
2.3136639105e-07 -17.981169664930206
2.36169083673e-07 -17.95823008860672
2.40697007389e-07 -17.955419204901304
2.44810447152e-07 -18.014183007297966
2.50186867472e-07 -17.96369827447048
2.55956265677e-07 -18.005154347524673
2.61810236671e-07 -18.050539842369524
2.68063105521e-07 -18.153615194817846
2.75485409086e-07 -18.081658529459965
2.80923422044e-07 -18.060315282754807
2.87730906972e-07 -18.197334664832468
2.93598420877e-07 -18.319940741008033
2.98609175101e-07 -18.327320853267857
3.03848659165e-07 -18.371107674809856
3.09732221791e-07 -18.41928776537113
3.1451330546e-07 -18.431341552966806
3.19817524828e-07 -18.424936910684423
3.27448081376e-07 -18.562596102609355
3.33666297846e-07 -18.571126182499967
3.39605268846e-07 -18.529814169433223
3.44795956777e-07 -18.599124762938928
3.49810389179e-07 -18.67718010519782
3.57522372953e-07 -18.660649263621984
3.65227976191e-07 -18.780896511901723
3.70810194688e-07 -18.78985585023341
3.76440526555e-07 -18.942746260509544
3.82548451105e-07 -19.023663598161868
3.90054995981e-07 -19.096903816478573
3.97607740533e-07 -19.199811113580942
4.04150241432e-07 -19.470568483732954
4.11851080614e-07 -19.479935656354797
4.20602170546e-07 -19.534680675712792
4.30160164222e-07 -19.489602756775426
4.37994746734e-07 -19.620333078665816
4.4827200034e-07 -19.784624485753774
4.56328677199e-07 -19.84983510491007
4.63733084849e-07 -19.892545393207293
4.70561038594e-07 -19.92131542916956
4.77623151681e-07 -19.965459318025204
4.86756700828e-07 -19.950215259784436
4.93625499448e-07 -20.00255335235527
5.00064668669e-07 -19.971461306445022
5.11366160063e-07 -19.997402461826162
5.21867855391e-07 -20.01814760664648
5.301096199e-07 -20.10529498257192
5.3731459865e-07 -20.149309223376683
5.45330796177e-07 -20.174620826577403
5.54908107444e-07 -20.21430425397616
5.65742435556e-07 -20.255067220497338
5.72926790062e-07 -20.28851914323875
5.85367829666e-07 -20.319185037473815
6.02457368914e-07 -20.378474763482053
6.13832625225e-07 -20.36627590317199
6.26874662717e-07 -20.384404323717995
6.36919308173e-07 -20.422890207957884
6.43192254377e-07 -20.43029945943153
6.53403355783e-07 -20.47061205465392
6.61586156133e-07 -20.48324343701318
6.70750312817e-07 -20.476593606539772
6.85445438827e-07 -20.507574192657707
6.98206520494e-07 -20.540322907133167
7.10069056047e-07 -20.529132343227673
7.1945756406e-07 -20.52024152768874
7.29799683024e-07 -20.57755653526251
7.43515583858e-07 -20.641981514102852
7.56205357622e-07 -20.6989135314007
7.65095601237e-07 -20.66366213242339
7.74309467317e-07 -20.65693063435252
7.84139478109e-07 -20.681982218483128
7.92293257484e-07 -20.676963000768254
8.03364332881e-07 -20.733155031023514
8.16823135574e-07 -20.786149010916
8.22856490715e-07 -20.784259142936392
8.39348391317e-07 -20.780309792952472
8.51418841968e-07 -20.748037665427375
8.62589713959e-07 -20.810690345878555
8.71862040143e-07 -20.848211880048424
8.84424374903e-07 -20.88597436100995
9.00685807014e-07 -20.91067797685576
9.15628045922e-07 -20.941226501094228
9.35069631215e-07 -20.947769537302158
9.49004454546e-07 -20.965363600788123
9.68022239879e-07 -20.989924203324016
9.85995528056e-07 -21.00931265589992
1.00305737103e-06 -21.020220850751528
1.02368478334e-06 -21.033125604356407
1.05123074494e-06 -21.04535961494249
1.08147773548e-06 -21.05075707053704
1.10005153047e-06 -21.043205501973354
1.13748920543e-06 -21.062246352358187
1.17492319616e-06 -21.07279074577378
1.20443091662e-06 -21.07282454260082
1.24981901486e-06 -21.101707176835596
1.27278762707e-06 -21.09492622520564
1.29559000006e-06 -21.100737911776555
1.31748769808e-06 -21.098484792158764
1.36044671479e-06 -21.122544555154988
1.40534826867e-06 -21.13331843118044
1.44621589694e-06 -21.15507266887132
1.48131787778e-06 -21.17099594187517
1.54720086503e-06 -21.24418010691128
1.588562969e-06 -21.238996288595906
1.61694525725e-06 -21.266719092531616
1.65855434411e-06 -21.274415689275507
1.7027144913e-06 -21.26439147969942
1.7440712609e-06 -21.231199263041056
1.79047954349e-06 -21.20207641838921
1.84182501437e-06 -21.170393916069088
1.88467017571e-06 -21.131573152650745
1.92166100035e-06 -21.115571961648428
1.9539238098e-06 -21.07527400366145
2.00130047071e-06 -21.03433965264246
2.11110599726e-06 -21.01455796249717
2.18706652246e-06 -20.945153445133847
2.28648820286e-06 -20.806304967563527
2.43033605383e-06 -20.618473156348095
2.54008016924e-06 -20.52390894820919
2.60658674211e-06 -20.506555777658782
2.69965398116e-06 -20.47458516738805
2.90157991958e-06 -20.455597730340934
3.06314484058e-06 -20.374245912582296
3.22362863134e-06 -20.30639943154126
3.357149673e-06 -20.204232778229546
3.57669442182e-06 -20.120931723751887
3.78196901633e-06 -20.02504321852605
3.92010661659e-06 -19.946628728797805
4.03504172386e-06 -19.881072270343353
4.15710886036e-06 -19.821485584874317
4.30967632201e-06 -19.704970093786052
4.44320929247e-06 -19.530990401427857
4.5490261393e-06 -19.43546696704609
4.74298082363e-06 -19.39257932738932
4.99595374435e-06 -19.33844258339044
5.19784556163e-06 -19.261148296255612
5.48176298309e-06 -19.22379437438576
5.67048574245e-06 -19.154139918623493
5.95799287829e-06 -19.07782848937044
6.39151471106e-06 -19.01636478880924
6.63270850989e-06 -18.891573988553596
7.07514291256e-06 -18.814532290594563
7.42968647149e-06 -18.719596618141658
7.68283292968e-06 -18.62556833839521
8.0474579762e-06 -18.522754254063656
8.63105619529e-06 -18.413669322155705
9.22052727429e-06 -18.348659291116185
