2.00570585804e-08 110.66019578589695
2.07779255948e-08 110.58352106691899
2.15666275546e-08 110.50262080892927
2.23511733366e-08 110.4250303676952
2.26989384553e-08 110.39150426393971
2.30775360356e-08 110.35558481165819
2.3915358806e-08 110.27814749537694
2.4474102892e-08 110.22799809296572
2.51551417477e-08 110.16839815615455
2.58389859e-08 110.11015467587828
2.6250952467e-08 110.07580667263531
2.70915120349e-08 110.00736577757229
2.77160002651e-08 109.95787921653667
2.84878543334e-08 109.89823330061753
2.95547739668e-08 109.81839378942058
3.01937587673e-08 109.77194609593431
3.08358247416e-08 109.726254157357
3.17731544709e-08 109.66123032979885
3.28365434679e-08 109.58974482595008
3.39605809144e-08 109.51665644820719
3.50635441908e-08 109.44725294029666
3.57774943608e-08 109.40348239091861
3.68387913671e-08 109.34000513501019
3.77041743787e-08 109.28958482395129
3.8864261839e-08 109.22377988346432
4.01376665097e-08 109.15377139944485
4.09292977305e-08 109.11136053543555
4.20960753313e-08 109.05032396103263
4.34998504703e-08 108.97909318021206
4.47314387216e-08 108.91846766637838
4.61265011933e-08 108.85177943276074
4.7739678597e-08 108.77713454644896
4.96368369434e-08 36.943890228063374
5.07932465217e-08 32.691392504683286
5.18583525341e-08 31.567075190261576
5.30230148696e-08 30.530273860522875
5.4455868388e-08 29.40489007554865
5.60131506434e-08 28.226115374223287
5.75427667568e-08 27.189588131970744
5.87090014382e-08 26.15847633329178
6.06724302403e-08 24.93101389777045
6.28317085546e-08 23.63016092160069
6.50363798975e-08 22.416504938224357
6.67206955022e-08 21.437682431446017
6.81593676378e-08 20.596619464763137
6.9827676534e-08 19.6812982600277
7.2248351042e-08 18.594653377430454
7.43966922957e-08 17.634846642550617
7.59793454058e-08 17.08958467446655
7.74140265412e-08 16.52399116184165
7.99170111017e-08 15.568091271923361
8.27817815135e-08 14.582325379752564
8.4814019401e-08 13.78079297745016
8.68493372857e-08 13.155837523486559
8.94984966567e-08 12.518138943288077
9.10932951605e-08 7.191268048131452
9.26693872149e-08 5.044658954850323
9.4693776079e-08 4.2982378893089255
9.61993857387e-08 3.727151568819693
9.87467089763e-08 3.283054505999722
1.00498051926e-07 2.7882655454846486
1.02853190903e-07 2.4648031268663644
1.04800044135e-07 1.9303962709479947
1.07342854175e-07 1.4719014938789385
1.10756061668e-07 -0.6957977060140159
1.1388637345e-07 -1.7124987417194788
1.17995549986e-07 -1.9678502702508283
1.20389785878e-07 -1.0816092492116915
1.23204193039e-07 -2.6601391828760867
1.25952280955e-07 -5.260008417520822
1.28973293729e-07 -7.2097564043563835
1.3244044164e-07 -7.932716903172114
1.35367040527e-07 -8.415880842498915
1.3822090953e-07 -8.55124206005003
1.41231437178e-07 -8.725011574493216
1.45059270942e-07 -9.082283830808201
1.48769233337e-07 -9.331040399177525
1.52706219112e-07 -9.500462528208757
1.55733302927e-07 -9.88183271695133
1.58772923304e-07 -10.327629822441892
1.61958012111e-07 -10.292955076897655
1.64448154247e-07 -10.418060021861812
1.68703500169e-07 -11.255411686788229
1.73752573339e-07 -12.0385508863491
1.78526935109e-07 -12.553010360226097
1.83608235939e-07 -12.87137341790185
1.8935592224e-07 -13.331559177259201
1.98291862558e-07 -13.923179374539785
2.02986944957e-07 -14.13885466940448
2.06601928364e-07 -14.673571498035543
2.10548631953e-07 -15.257019129068055
2.15290769094e-07 -15.364481458652826
2.19467642478e-07 -15.56159387899438
2.23879040608e-07 -15.717361694448378
2.27572272895e-07 -15.686655952159661
2.3136639105e-07 -15.758013876954614
2.36169083673e-07 -15.394736795276508
2.40697007389e-07 -15.439255931341542
2.44810447152e-07 -16.249631296662635
2.50186867472e-07 -15.705939599322384
2.55956265677e-07 -16.384739446774333
2.61810236671e-07 -16.796551750620033
2.68063105521e-07 -17.609187765722467
2.75485409086e-07 -17.15814936326045
2.80923422044e-07 -17.17356550600679
2.87730906972e-07 -17.90495515319956
2.93598420877e-07 -18.482175444964405
2.98609175101e-07 -18.476137571774935
3.03848659165e-07 -18.63631874598284
3.09732221791e-07 -18.843850499353643
3.1451330546e-07 -18.918685474282434
3.19817524828e-07 -18.92361982817352
3.27448081376e-07 -19.326510349228876
3.33666297846e-07 -19.339387937079756
3.39605268846e-07 -19.19999925724551
3.44795956777e-07 -19.39044641975469
3.49810389179e-07 -19.604180220207013
3.57522372953e-07 -19.52817320192566
3.65227976191e-07 -19.849401255032326
3.70810194688e-07 -19.836398761147116
3.76440526555e-07 -19.872156779482467
3.82548451105e-07 -19.747825963075123
3.90054995981e-07 -19.90073961059008
3.97607740533e-07 -20.185294595987266
4.04150241432e-07 -20.607631996752005
4.11851080614e-07 -20.722369154820832
4.20602170546e-07 -20.72081925499942
4.30160164222e-07 -20.708994252110408
4.37994746734e-07 -20.97243167486114
4.4827200034e-07 -21.209337819782917
4.56328677199e-07 -21.321449616684454
4.63733084849e-07 -21.383881236549932
4.70561038594e-07 -21.43639747155376
4.77623151681e-07 -21.50473661612878
4.86756700828e-07 -21.515094133359312
4.93625499448e-07 -21.57042503248698
5.00064668669e-07 -21.519998631856367
5.11366160063e-07 -21.552357674061895
5.21867855391e-07 -21.591537635320257
5.301096199e-07 -21.736975370014918
5.3731459865e-07 -21.79842797676718
5.45330796177e-07 -21.834240275320617
5.54908107444e-07 -21.89168650135722
5.65742435556e-07 -21.947947674870335
5.72926790062e-07 -21.99935451185174
5.85367829666e-07 -22.03750934697303
6.02457368914e-07 -22.121247427174318
6.13832625225e-07 -22.10634081950404
6.26874662717e-07 -22.127911014004674
6.36919308173e-07 -22.17866946259344
6.43192254377e-07 -22.19357560313859
6.53403355783e-07 -22.21547452970706
6.61586156133e-07 -22.248558716404368
6.70750312817e-07 -22.24822595484703
6.85445438827e-07 -22.28663400288469
6.98206520494e-07 -22.335915054300244
7.10069056047e-07 -22.315776949066112
7.1945756406e-07 -22.302022810309147
7.29799683024e-07 -22.38405099016432
7.43515583858e-07 -22.48102750693905
7.56205357622e-07 -22.561412372341216
7.65095601237e-07 -22.49529490127562
7.74309467317e-07 -22.480096160245978
7.84139478109e-07 -22.511531846842182
7.92293257484e-07 -22.510758268681926
8.03364332881e-07 -22.585266524177925
8.16823135574e-07 -22.66922412505658
8.22856490715e-07 -22.66208599629995
8.39348391317e-07 -22.647116120207265
8.51418841968e-07 -22.597146887117127
8.62589713959e-07 -22.68209955691122
8.71862040143e-07 -22.7412173881521
8.84424374903e-07 -22.788608185276622
9.00685807014e-07 -22.819717291093625
9.15628045922e-07 -22.873043183133056
9.35069631215e-07 -22.86745840249914
9.49004454546e-07 -22.901468425568673
9.68022239879e-07 -22.9348653025079
9.85995528056e-07 -22.959156168886295
1.00305737103e-06 -22.983932614063654
1.02368478334e-06 -23.005034778953068
1.05123074494e-06 -23.021512211842463
1.08147773548e-06 -23.031025809600123
1.10005153047e-06 -23.021942653142695
1.13748920543e-06 -23.04674876248456
1.17492319616e-06 -23.06439898223963
1.20443091662e-06 -23.068718143913024
1.24981901486e-06 -23.10277951702308
1.27278762707e-06 -23.098483207281397
1.29559000006e-06 -23.108254851045267
1.31748769808e-06 -23.108121671357317
1.36044671479e-06 -23.13568821283929
1.40534826867e-06 -23.1396465985312
1.44621589694e-06 -23.16763018274085
1.48131787778e-06 -23.189193110646123
1.54720086503e-06 -23.277326119069897
1.588562969e-06 -23.27176985281598
1.61694525725e-06 -23.30016267313588
1.65855434411e-06 -23.318874311253452
1.7027144913e-06 -23.320371165494805
1.7440712609e-06 -23.291345630126806
1.79047954349e-06 -23.261384517232614
1.84182501437e-06 -23.232445023001425
1.88467017571e-06 -23.196612108968253
1.92166100035e-06 -23.17902136084738
1.9539238098e-06 -23.137709268462686
2.00130047071e-06 -23.096685952787347
2.11110599726e-06 -23.08357684143354
2.18706652246e-06 -23.019383455677747
2.28648820286e-06 -22.874222569947385
2.43033605383e-06 -22.663993237303337
2.54008016924e-06 -22.522903799803522
2.60658674211e-06 -22.525598468714108
2.69965398116e-06 -22.505010692110588
2.90157991958e-06 -22.498228593589126
3.06314484058e-06 -22.428872789618374
3.22362863134e-06 -22.375531943548282
3.357149673e-06 -22.282946565834877
3.57669442182e-06 -22.2043138330097
3.78196901633e-06 -22.11051652060435
3.92010661659e-06 -22.03221628623661
4.03504172386e-06 -21.96677507190335
4.15710886036e-06 -21.907993911618647
4.30967632201e-06 -21.798418252142362
4.44320929247e-06 -21.63991887730311
4.5490261393e-06 -21.550311409776356
4.74298082363e-06 -21.506091417775714
4.99595374435e-06 -21.450651614330113
5.19784556163e-06 -21.37159648546271
5.48176298309e-06 -21.331448275772026
5.67048574245e-06 -21.259087595343047
5.95799287829e-06 -21.18079311341743
6.39151471106e-06 -21.117597641691766
6.63270850989e-06 -20.991869814174386
7.07514291256e-06 -20.914088493266483
7.42968647149e-06 -20.81854579225184
7.68283292968e-06 -20.72355327297368
8.0474579762e-06 -20.619273609674067
8.63105619529e-06 -20.50737881451156
9.22052727429e-06 -20.43924365078574
