2.00570585804e-08 110.08454392184223
2.07779255948e-08 110.00786920286427
2.15666275546e-08 109.92696894487452
2.23511733366e-08 109.84937850364048
2.26989384553e-08 109.81585239988499
2.30775360356e-08 109.77993294760344
2.3915358806e-08 109.70249563132222
2.4474102892e-08 109.652346228911
2.51551417477e-08 109.59274629209983
2.58389859e-08 109.53450281182353
2.6250952467e-08 109.50015480858059
2.70915120349e-08 109.43171391351754
2.77160002651e-08 109.38222735248192
2.84878543334e-08 109.32258143656281
2.95547739668e-08 109.24274192536586
3.01937587673e-08 109.19629423187956
3.08358247416e-08 109.15060229330226
3.17731544709e-08 109.0855784657441
3.28365434679e-08 109.01409296189533
3.39605809144e-08 108.94100458415244
3.50635441908e-08 108.87160107624194
3.57774943608e-08 108.82783052686389
3.68387913671e-08 108.76435327095544
3.77041743787e-08 108.71393295989654
3.8864261839e-08 108.64812801940957
4.01376665097e-08 108.57811953539013
4.09292977305e-08 108.5357086713808
4.20960753313e-08 108.47467209697788
4.34998504703e-08 108.40344131615731
4.47314387216e-08 108.34281580232363
4.61265011933e-08 108.27612756870602
4.7739678597e-08 108.20148268239424
4.96368369434e-08 108.1168596428719
5.07932465217e-08 108.06685027527061
5.18583525341e-08 108.02178655787773
5.30230148696e-08 107.97355804692089
5.4455868388e-08 107.91565669670601
5.60131506434e-08 107.85443012819084
5.75427667568e-08 107.79592643808817
5.87090014382e-08 107.7523566682053
6.06724302403e-08 107.68092318155047
6.28317085546e-08 107.60498578929631
6.50363798975e-08 107.53009834034867
6.67206955022e-08 107.47457731267932
6.81593676378e-08 73.96255284262134
6.9827676534e-08 63.38874466474544
7.2248351042e-08 60.55520874151184
7.43966922957e-08 58.27758229501767
7.59793454058e-08 56.572700731588505
7.74140265412e-08 54.77510204747129
7.99170111017e-08 52.37391311545376
8.27817815135e-08 50.110308933259816
8.4814019401e-08 48.26488032489447
8.68493372857e-08 46.479809280204236
8.94984966567e-08 44.78848483211004
9.10932951605e-08 12.901682904714713
9.26693872149e-08 9.465625247073973
9.4693776079e-08 8.68464214246025
9.61993857387e-08 8.020768684200451
9.87467089763e-08 7.331485561804435
1.00498051926e-07 6.652367750760682
1.02853190903e-07 6.1230938334245515
1.04800044135e-07 5.368189295626376
1.07342854175e-07 4.630206819267997
1.10756061668e-07 2.869081779920137
1.1388637345e-07 1.5610042015696166
1.17995549986e-07 0.9484324177836072
1.20389785878e-07 1.392021126348883
1.23204193039e-07 0.22141888801347775
1.25952280955e-07 -1.067152785158541
1.28973293729e-07 -1.9537857031421737
1.3244044164e-07 -2.687461205910097
1.35367040527e-07 -3.2492422732340103
1.3822090953e-07 -3.684767656162922
1.41231437178e-07 -4.177877410070575
1.45059270942e-07 -4.753953343436262
1.48769233337e-07 -5.337924220200662
1.52706219112e-07 -6.0725766407901745
1.55733302927e-07 -6.718184577984719
1.58772923304e-07 -7.667744588423854
1.61958012111e-07 -8.117939831358449
1.64448154247e-07 -8.65991481539119
1.68703500169e-07 -10.393298910169761
1.73752573339e-07 -11.614883993980456
1.78526935109e-07 -12.331914501888726
1.83608235939e-07 -12.788138130835677
1.8935592224e-07 -13.349948290444232
1.98291862558e-07 -14.008910003602978
2.02986944957e-07 -14.266660741141976
2.06601928364e-07 -14.839027180752375
2.10548631953e-07 -15.444451686183797
2.15290769094e-07 -15.565681405242785
2.19467642478e-07 -15.772390488654487
2.23879040608e-07 -15.949724183140248
2.27572272895e-07 -15.906650331057946
2.3136639105e-07 -15.995284379744497
2.36169083673e-07 -15.640453716198301
2.40697007389e-07 -15.687842206473249
2.44810447152e-07 -16.507510237187937
2.50186867472e-07 -15.930213538569419
2.55956265677e-07 -16.652518771853927
2.61810236671e-07 -17.078491566106848
2.68063105521e-07 -17.901326385460735
2.75485409086e-07 -17.446303040192404
2.80923422044e-07 -17.453196031843298
2.87730906972e-07 -18.17986380213315
2.93598420877e-07 -18.78797999433292
2.98609175101e-07 -18.76262374853679
3.03848659165e-07 -18.928221904111922
3.09732221791e-07 -19.150821723634216
3.1451330546e-07 -19.23211497524303
3.19817524828e-07 -19.24121178639286
3.27448081376e-07 -19.662859140467894
3.33666297846e-07 -19.668683349938235
3.39605268846e-07 -19.51548320430186
3.44795956777e-07 -19.716564855773008
3.49810389179e-07 -19.94265626166726
3.57522372953e-07 -19.86047081076493
3.65227976191e-07 -20.198032001106547
3.70810194688e-07 -20.176886240477614
3.76440526555e-07 -20.202167275768794
3.82548451105e-07 -20.060583802460386
3.90054995981e-07 -20.226807249104695
3.97607740533e-07 -20.53326706413666
4.04150241432e-07 -20.95416598281021
4.11851080614e-07 -21.072703748492657
4.20602170546e-07 -21.064013895157423
4.30160164222e-07 -21.053471793777625
4.37994746734e-07 -21.32563449857974
4.4827200034e-07 -21.57045355092827
4.56328677199e-07 -21.68587852314868
4.63733084849e-07 -21.750689601941694
4.70561038594e-07 -21.804467804003515
4.77623151681e-07 -21.871626395927386
4.86756700828e-07 -21.88673057694431
4.93625499448e-07 -21.939753200155685
5.00064668669e-07 -21.88914999513206
5.11366160063e-07 -21.91989076981384
5.21867855391e-07 -21.962488938120863
5.301096199e-07 -22.112925946016162
5.3731459865e-07 -22.174823335428975
5.45330796177e-07 -22.21140211159433
5.54908107444e-07 -22.270524354923303
5.65742435556e-07 -22.328097677599892
5.72926790062e-07 -22.379645487422927
5.85367829666e-07 -22.418671396451394
6.02457368914e-07 -22.503244490420656
6.13832625225e-07 -22.489904994944624
6.26874662717e-07 -22.5122613767714
6.36919308173e-07 -22.5645128450049
6.43192254377e-07 -22.57912090093356
6.53403355783e-07 -22.602793726694735
6.61586156133e-07 -22.63573181638194
6.70750312817e-07 -22.635863924074137
6.85445438827e-07 -22.675270560151915
6.98206520494e-07 -22.72582023793273
7.10069056047e-07 -22.706372280689365
7.1945756406e-07 -22.69364831803739
7.29799683024e-07 -22.776406491113306
7.43515583858e-07 -22.873391641386284
7.56205357622e-07 -22.953434997690337
7.65095601237e-07 -22.888564877884782
7.74309467317e-07 -22.874291950595023
7.84139478109e-07 -22.906331806032277
7.92293257484e-07 -22.90675380937889
8.03364332881e-07 -22.981626511464313
8.16823135574e-07 -23.065864002823353
8.22856490715e-07 -23.058203137915427
8.39348391317e-07 -23.044642642887688
8.51418841968e-07 -22.999477390190975
8.62589713959e-07 -23.08213006653142
8.71862040143e-07 -23.13958460859734
8.84424374903e-07 -23.185391071498408
9.00685807014e-07 -23.215988915683887
9.15628045922e-07 -23.270080992057906
9.35069631215e-07 -23.265123091963574
9.49004454546e-07 -23.29936982829257
9.68022239879e-07 -23.332001008166515
9.85995528056e-07 -23.3557267919088
1.00305737103e-06 -23.38106236930495
1.02368478334e-06 -23.402801611009487
1.05123074494e-06 -23.419264222255116
1.08147773548e-06 -23.42925536909641
1.10005153047e-06 -23.42030754102595
1.13748920543e-06 -23.44515655103067
1.17492319616e-06 -23.462662272061586
1.20443091662e-06 -23.466975923505764
1.24981901486e-06 -23.501246826194702
1.27278762707e-06 -23.497390875709407
1.29559000006e-06 -23.507453163973096
1.31748769808e-06 -23.506968341559194
1.36044671479e-06 -23.53422571023429
1.40534826867e-06 -23.538066651046506
1.44621589694e-06 -23.56762884041953
1.48131787778e-06 -23.590246874916197
1.54720086503e-06 -23.680284850390954
1.588562969e-06 -23.677233240119484
1.61694525725e-06 -23.70753814604204
1.65855434411e-06 -23.726787002553486
1.7027144913e-06 -23.72780882192086
1.7440712609e-06 -23.697688722812224
1.79047954349e-06 -23.66533899817142
1.84182501437e-06 -23.635358940911537
1.88467017571e-06 -23.599326954654337
1.92166100035e-06 -23.581746917010108
1.9539238098e-06 -23.54060732177676
2.00130047071e-06 -23.499622278351673
2.11110599726e-06 -23.48821809795838
2.18706652246e-06 -23.425168152180042
2.28648820286e-06 -23.280642924053502
2.43033605383e-06 -23.07003892566813
2.54008016924e-06 -22.92626572394512
2.60658674211e-06 -22.926727224966193
2.69965398116e-06 -22.90463257444948
2.90157991958e-06 -22.897179798039573
3.06314484058e-06 -22.829913979871968
3.22362863134e-06 -22.779164404807318
3.357149673e-06 -22.6884846374911
3.57669442182e-06 -22.610915739334914
3.78196901633e-06 -22.518020338215145
3.92010661659e-06 -22.439708115191145
4.03504172386e-06 -22.37432448129823
4.15710886036e-06 -22.315379342557257
4.30967632201e-06 -22.20622234017126
4.44320929247e-06 -22.048197859977932
4.5490261393e-06 -21.95861118279681
4.74298082363e-06 -21.914655102555045
4.99595374435e-06 -21.859161100636236
5.19784556163e-06 -21.780161265911552
5.48176298309e-06 -21.73998145100694
5.67048574245e-06 -21.667451194028416
5.95799287829e-06 -21.589017604427212
6.39151471106e-06 -21.52562585102755
6.63270850989e-06 -21.399750853104628
7.07514291256e-06 -21.32186206867157
7.42968647149e-06 -21.22630339558392
7.68283292968e-06 -21.131270233879427
8.0474579762e-06 -21.02701829140093
8.63105619529e-06 -20.915154858117262
9.22052727429e-06 -20.847053109311524
