2.00570585804e-08 109.91462540997364
2.07779255948e-08 109.83795069099568
2.15666275546e-08 109.75705043300596
2.23511733366e-08 109.67945999177189
2.26989384553e-08 18.21641029988315
2.30775360356e-08 15.715372403864798
2.3915358806e-08 14.63261922486813
2.4474102892e-08 13.702364878256622
2.51551417477e-08 12.875352530800638
2.58389859e-08 12.111971089495725
2.6250952467e-08 11.247688406793944
2.70915120349e-08 10.460813808892762
2.77160002651e-08 9.68747334497027
2.84878543334e-08 8.594883918021667
2.95547739668e-08 7.7439214113415815
3.01937587673e-08 7.037911734986398
3.08358247416e-08 6.236399559313433
3.17731544709e-08 5.405643122001365
3.28365434679e-08 4.609658554570103
3.39605809144e-08 3.7665057314827486
3.50635441908e-08 2.5541868566215484
3.57774943608e-08 1.237878865257727
3.68387913671e-08 0.4259392928480459
3.77041743787e-08 -0.08225574297024707
3.8864261839e-08 -1.0359210736658078
4.01376665097e-08 -1.78984856759077
4.09292977305e-08 -2.288895552138591
4.20960753313e-08 -2.8181291806725746
4.34998504703e-08 -3.3771675430958936
4.47314387216e-08 -3.7888525835327194
4.61265011933e-08 -4.207765539992504
4.7739678597e-08 -4.774121275132021
4.96368369434e-08 -5.335655365915464
5.07932465217e-08 -8.234099560717098
5.18583525341e-08 -9.186074224488713
5.30230148696e-08 -9.21011864363512
5.4455868388e-08 -9.493573378837063
5.60131506434e-08 -10.039150183649582
5.75427667568e-08 -10.177235119819493
5.87090014382e-08 -10.342313720877833
6.06724302403e-08 -10.615249960047706
6.28317085546e-08 -10.95762584172413
6.50363798975e-08 -11.135305796329604
6.67206955022e-08 -11.28961466494058
6.81593676378e-08 -11.284684814021546
6.9827676534e-08 -11.538976244438466
7.2248351042e-08 -11.81048344491144
7.43966922957e-08 -11.998732236053193
7.59793454058e-08 -12.136832261545571
7.74140265412e-08 -12.298609040648998
7.99170111017e-08 -12.4487427895356
8.27817815135e-08 -12.496462667405602
8.4814019401e-08 -12.633879934795011
8.68493372857e-08 -12.823361039624807
8.94984966567e-08 -13.01485565518584
9.10932951605e-08 -13.683582607428676
9.26693872149e-08 -15.948467599778617
9.4693776079e-08 -16.869005664019042
9.61993857387e-08 -16.855371527511394
9.87467089763e-08 -16.419772862983272
1.00498051926e-07 -17.262969563278254
1.02853190903e-07 -17.079043721287015
1.04800044135e-07 -17.61427519916898
1.07342854175e-07 -17.443028941317138
1.10756061668e-07 -17.57273260874937
1.1388637345e-07 -17.61019263307586
1.17995549986e-07 -17.50453864108976
1.20389785878e-07 -17.151977057564174
1.23204193039e-07 -17.680717350659087
1.25952280955e-07 -17.835647380278722
1.28973293729e-07 -17.8538674613904
1.3244044164e-07 -17.922422187977723
1.35367040527e-07 -17.95650688495965
1.3822090953e-07 -17.817093470741817
1.41231437178e-07 -17.75487361926487
1.45059270942e-07 -17.88668852688727
1.48769233337e-07 -17.84570941274321
1.52706219112e-07 -17.65873407178801
1.55733302927e-07 -17.59616759739032
1.58772923304e-07 -17.77915136845504
1.61958012111e-07 -17.81556376264836
1.64448154247e-07 -17.880609858069484
1.68703500169e-07 -17.929246712199117
1.73752573339e-07 -17.905810863230975
1.78526935109e-07 -17.967864761392292
1.83608235939e-07 -17.9047212363162
1.8935592224e-07 -17.89377285733559
1.98291862558e-07 -18.00391106220094
2.02986944957e-07 -18.044392164006403
2.06601928364e-07 -18.080508565727712
2.10548631953e-07 -18.16614175565318
2.15290769094e-07 -18.194642322785278
2.19467642478e-07 -18.237414206251664
2.23879040608e-07 -18.2455195410325
2.27572272895e-07 -18.247926473773056
2.3136639105e-07 -18.17800963530634
2.36169083673e-07 -18.110786249275243
2.40697007389e-07 -18.117321481194892
2.44810447152e-07 -18.343356558500595
2.50186867472e-07 -18.1674231334959
2.55956265677e-07 -18.368792707416162
2.61810236671e-07 -18.53440015233197
2.68063105521e-07 -18.949271599883396
2.75485409086e-07 -18.700235857971883
2.80923422044e-07 -18.692562988529033
2.87730906972e-07 -19.120635890653297
2.93598420877e-07 -19.526837037530946
2.98609175101e-07 -19.52083417062589
3.03848659165e-07 -19.6436414119664
3.09732221791e-07 -19.798241265430015
3.1451330546e-07 -19.853537306615834
3.19817524828e-07 -19.860517402412036
3.27448081376e-07 -20.200427328954866
3.33666297846e-07 -20.20894434253934
3.39605268846e-07 -20.091357636152317
3.44795956777e-07 -20.25996562589591
3.49810389179e-07 -20.44600784346408
3.57522372953e-07 -20.38680388807539
3.65227976191e-07 -20.66280479902681
3.70810194688e-07 -20.658162201473658
3.76440526555e-07 -20.716941252653115
3.82548451105e-07 -20.63707942520182
3.90054995981e-07 -20.76495410886107
3.97607740533e-07 -21.013237339983036
4.04150241432e-07 -21.396587978143245
4.11851080614e-07 -21.495021110360824
4.20602170546e-07 -21.49883716202227
4.30160164222e-07 -21.47709186163403
4.37994746734e-07 -21.719962709549286
4.4827200034e-07 -21.948027630725157
4.56328677199e-07 -22.05339244940358
4.63733084849e-07 -22.114915048919094
4.70561038594e-07 -22.164817351294197
4.77623151681e-07 -22.228154631366422
4.86756700828e-07 -22.236264361773856
4.93625499448e-07 -22.29157770901542
5.00064668669e-07 -22.247762397016494
5.11366160063e-07 -22.279517027987005
5.21867855391e-07 -22.31785533095249
5.301096199e-07 -22.453243422109303
5.3731459865e-07 -22.51203669052323
5.45330796177e-07 -22.54701648877196
5.54908107444e-07 -22.602576670592654
5.65742435556e-07 -22.657049767522587
5.72926790062e-07 -22.70489034912235
5.85367829666e-07 -22.743326926844404
6.02457368914e-07 -22.822654625746132
6.13832625225e-07 -22.81098406667676
6.26874662717e-07 -22.83320144786387
6.36919308173e-07 -22.88316411240796
6.43192254377e-07 -22.896339954877902
6.53403355783e-07 -22.916925370038463
6.61586156133e-07 -22.949889108676267
6.70750312817e-07 -22.95262173898221
6.85445438827e-07 -22.990777982173192
6.98206520494e-07 -23.037550012880054
7.10069056047e-07 -23.0211488636508
7.1945756406e-07 -23.01025092643188
7.29799683024e-07 -23.086873224894312
7.43515583858e-07 -23.175714641963744
7.56205357622e-07 -23.2497168228005
7.65095601237e-07 -23.193672749531252
7.74309467317e-07 -23.182127561490773
7.84139478109e-07 -23.212873007535116
7.92293257484e-07 -23.212728484835218
8.03364332881e-07 -23.283524651483994
8.16823135574e-07 -23.35914250179828
8.22856490715e-07 -23.35394151190355
8.39348391317e-07 -23.344091856554996
8.51418841968e-07 -23.30295312568112
8.62589713959e-07 -23.38012400143917
8.71862040143e-07 -23.431896344110697
8.84424374903e-07 -23.475258924362855
9.00685807014e-07 -23.504545590215216
9.15628045922e-07 -23.551401388013893
9.35069631215e-07 -23.55023482559745
9.49004454546e-07 -23.58021239696226
9.68022239879e-07 -23.61014009015856
9.85995528056e-07 -23.633072016618762
1.00305737103e-06 -23.654581647127465
1.02368478334e-06 -23.672999246003933
1.05123074494e-06 -23.688840487645535
1.08147773548e-06 -23.69802565560377
1.10005153047e-06 -23.690281631540977
1.13748920543e-06 -23.713469838096728
1.17492319616e-06 -23.72934005127994
1.20443091662e-06 -23.732776807110177
1.24981901486e-06 -23.765859021870703
1.27278762707e-06 -23.76120243033172
1.29559000006e-06 -23.770478193791014
1.31748769808e-06 -23.769907769841474
1.36044671479e-06 -23.79686336617413
1.40534826867e-06 -23.803620959273246
1.44621589694e-06 -23.83145576740148
1.48131787778e-06 -23.852675035544316
1.54720086503e-06 -23.9384833165251
1.588562969e-06 -23.935852079523038
1.61694525725e-06 -23.965143465684136
1.65855434411e-06 -23.98085774867574
1.7027144913e-06 -23.9783691847378
1.7440712609e-06 -23.9474570303787
1.79047954349e-06 -23.91647108566783
1.84182501437e-06 -23.886643340847513
1.88467017571e-06 -23.850297659987355
1.92166100035e-06 -23.83269616896041
1.9539238098e-06 -23.791827349367026
2.00130047071e-06 -23.750784242207317
2.11110599726e-06 -23.73664409027296
2.18706652246e-06 -23.671608442129987
2.28648820286e-06 -23.52868040941079
2.43033605383e-06 -23.32489041645964
2.54008016924e-06 -23.197238269580005
2.60658674211e-06 -23.193160750153858
2.69965398116e-06 -23.168576916075743
2.90157991958e-06 -23.157856324048694
3.06314484058e-06 -23.085652262442814
3.22362863134e-06 -23.02867964046748
3.357149673e-06 -22.93391483457841
3.57669442182e-06 -22.85440097547665
3.78196901633e-06 -22.760652854786265
3.92010661659e-06 -22.68220603777568
4.03504172386e-06 -22.61678402653876
4.15710886036e-06 -22.557597008776625
4.30967632201e-06 -22.446177652482874
4.44320929247e-06 -22.283454876575817
4.5490261393e-06 -22.192218209730868
4.74298082363e-06 -22.1486671316119
4.99595374435e-06 -22.09347526867281
5.19784556163e-06 -22.01492722490245
5.48176298309e-06 -21.97545807947214
5.67048574245e-06 -21.90365884481608
5.95799287829e-06 -21.82566518702007
6.39151471106e-06 -21.762485195600554
6.63270850989e-06 -21.636528391880553
7.07514291256e-06 -21.558380891770334
7.42968647149e-06 -21.462485623662005
7.68283292968e-06 -21.367190319824154
8.0474579762e-06 -21.262597665370293
8.63105619529e-06 -21.150333027254007
9.22052727429e-06 -21.081933597647556
