2.00570585804e-08 112.6289211685991
2.07779255948e-08 112.55224644962112
2.15666275546e-08 112.4713461916314
2.23511733366e-08 112.39375575039736
2.26989384553e-08 112.36022964664187
2.30775360356e-08 112.32431019436032
2.3915358806e-08 112.2468728780791
2.4474102892e-08 112.19672347566785
2.51551417477e-08 112.13712353885671
2.58389859e-08 112.07888005858041
2.6250952467e-08 112.04453205533747
2.70915120349e-08 111.97609116027442
2.77160002651e-08 111.92660459923883
2.84878543334e-08 111.86695868331967
2.95547739668e-08 111.78711917212274
3.01937587673e-08 111.74067147863644
3.08358247416e-08 111.69497954005914
3.17731544709e-08 111.62995571250099
3.28365434679e-08 111.55847020865221
3.39605809144e-08 111.48538183090935
3.50635441908e-08 111.41597832299882
3.57774943608e-08 111.37220777362077
3.68387913671e-08 111.30873051771232
3.77041743787e-08 111.25831020665342
3.8864261839e-08 111.19250526616645
4.01376665097e-08 111.12249678214701
4.09292977305e-08 111.08008591813768
4.20960753313e-08 111.01904934373479
4.34998504703e-08 110.9478185629142
4.47314387216e-08 110.88719304908051
4.61265011933e-08 110.8205048154629
4.7739678597e-08 110.74585992915112
4.96368369434e-08 110.59975659090614
5.07932465217e-08 109.36090853041347
5.18583525341e-08 109.08975123608724
5.30230148696e-08 108.88885844741412
5.4455868388e-08 108.65785430396642
5.60131506434e-08 108.41158880411797
5.75427667568e-08 108.18294780914056
5.87090014382e-08 107.97160894280807
6.06724302403e-08 107.69924623161609
6.28317085546e-08 107.40063210014125
6.50363798975e-08 107.1214762612853
6.67206955022e-08 106.90135022599864
6.81593676378e-08 74.79216405380947
6.9827676534e-08 68.47579763543044
7.2248351042e-08 65.6720248822175
7.43966922957e-08 63.39916259362033
7.59793454058e-08 61.69594008344852
7.74140265412e-08 59.897505415844655
7.99170111017e-08 57.412102335794685
8.27817815135e-08 55.14035677478434
8.4814019401e-08 53.28974168122786
8.68493372857e-08 51.499049803722556
8.94984966567e-08 49.80217903318962
9.10932951605e-08 14.069609267421864
9.26693872149e-08 10.632930046451527
9.4693776079e-08 9.852821074873514
9.61993857387e-08 9.194256494984685
9.87467089763e-08 8.511359554097048
1.00498051926e-07 7.838656654516949
1.02853190903e-07 7.322124301622306
1.04800044135e-07 6.568950785562642
1.07342854175e-07 5.840169732645187
1.10756061668e-07 4.092548675776349
1.1388637345e-07 2.800962121540003
1.17995549986e-07 2.201582070797084
1.20389785878e-07 2.6741827320132074
1.23204193039e-07 1.499688332550427
1.25952280955e-07 0.19443587152744612
1.28973293729e-07 -0.6969070818139897
1.3244044164e-07 -1.4318626671119112
1.35367040527e-07 -1.9930819291184534
1.3822090953e-07 -2.427747968067056
1.41231437178e-07 -2.916185415751393
1.45059270942e-07 -3.4841079387942635
1.48769233337e-07 -4.058815983490554
1.52706219112e-07 -4.769190749243119
1.55733302927e-07 -5.409366083876954
1.58772923304e-07 -6.389760620915663
1.61958012111e-07 -6.844415777293602
1.64448154247e-07 -7.393682316258229
1.68703500169e-07 -9.129015819295127
1.73752573339e-07 -10.335030452300096
1.78526935109e-07 -11.019064627568014
1.83608235939e-07 -11.45631362184102
1.8935592224e-07 -11.986941435529246
1.98291862558e-07 -12.614400948165923
2.02986944957e-07 -12.849210644325488
2.06601928364e-07 -13.379838856592045
2.10548631953e-07 -13.920185032125424
2.15290769094e-07 -14.017647181611501
2.19467642478e-07 -14.214502599780275
2.23879040608e-07 -14.360681614821551
2.27572272895e-07 -14.314754471484541
2.3136639105e-07 -14.385449289649742
2.36169083673e-07 -14.01219397560915
2.40697007389e-07 -14.040004245988712
2.44810447152e-07 -14.846918072140127
2.50186867472e-07 -14.310915801311694
2.55956265677e-07 -14.892851445897307
2.61810236671e-07 -15.244390651430827
2.68063105521e-07 -16.011408627532468
2.75485409086e-07 -15.61174172507377
2.80923422044e-07 -15.607746685610039
2.87730906972e-07 -16.272720403894354
2.93598420877e-07 -16.789884291251923
2.98609175101e-07 -16.793901771919735
3.03848659165e-07 -16.942218916304718
3.09732221791e-07 -17.105525066808063
3.1451330546e-07 -17.162064176488705
3.19817524828e-07 -17.18129532445961
3.27448081376e-07 -17.552925429287157
3.33666297846e-07 -17.566553194967156
3.39605268846e-07 -17.450877408162
3.44795956777e-07 -17.640801179912053
3.49810389179e-07 -17.83240137011589
3.57522372953e-07 -17.785744859003792
3.65227976191e-07 -18.05197326844189
3.70810194688e-07 -18.05804226876831
3.76440526555e-07 -18.115183933544273
3.82548451105e-07 -18.03795466202122
3.90054995981e-07 -18.148423817178355
3.97607740533e-07 -18.39583112443198
4.04150241432e-07 -18.777656030509355
4.11851080614e-07 -18.8818896890604
4.20602170546e-07 -18.88526164583211
4.30160164222e-07 -18.855346122662816
4.37994746734e-07 -19.097127402456493
4.4827200034e-07 -19.324093388462877
4.56328677199e-07 -19.427535549021606
4.63733084849e-07 -19.492143140555214
4.70561038594e-07 -19.5425941095991
4.77623151681e-07 -19.60399980633955
4.86756700828e-07 -19.613226611215076
4.93625499448e-07 -19.668752351494568
5.00064668669e-07 -19.634561529181198
5.11366160063e-07 -19.66920865733851
5.21867855391e-07 -19.707443016591306
5.301096199e-07 -19.831544089461353
5.3731459865e-07 -19.889234804726897
5.45330796177e-07 -19.92466696905879
5.54908107444e-07 -19.978984808394664
5.65742435556e-07 -20.032495978134662
5.72926790062e-07 -20.077188578281103
5.85367829666e-07 -20.117451860996354
6.02457368914e-07 -20.192431814401523
6.13832625225e-07 -20.185406817437972
6.26874662717e-07 -20.209544312026438
6.36919308173e-07 -20.25891452079754
6.43192254377e-07 -20.270248991436766
6.53403355783e-07 -20.28832914476034
6.61586156133e-07 -20.322504150706884
6.70750312817e-07 -20.330463874062033
6.85445438827e-07 -20.368560333322087
6.98206520494e-07 -20.41145191459013
7.10069056047e-07 -20.401099245677607
7.1945756406e-07 -20.394219632409367
7.29799683024e-07 -20.46290984728536
7.43515583858e-07 -20.53846282894782
7.56205357622e-07 -20.602300537334635
7.65095601237e-07 -20.563957912069462
7.74309467317e-07 -20.558554438347095
7.84139478109e-07 -20.588161902300037
7.92293257484e-07 -20.588290842145376
8.03364332881e-07 -20.652905768711065
8.16823135574e-07 -20.713026303074976
8.22856490715e-07 -20.712776905351866
8.39348391317e-07 -20.711474521306386
8.51418841968e-07 -20.681730791643076
8.62589713959e-07 -20.74736592694842
8.71862040143e-07 -20.786968716734194
8.84424374903e-07 -20.824752109287907
9.00685807014e-07 -20.85153159151095
9.15628045922e-07 -20.885733581715193
9.35069631215e-07 -20.892500755208943
9.49004454546e-07 -20.915248938503844
9.68022239879e-07 -20.93909487269496
9.85995528056e-07 -20.960445074639097
1.00305737103e-06 -20.975872428848128
1.02368478334e-06 -20.988346747699147
1.05123074494e-06 -21.00343338658746
1.08147773548e-06 -21.011845329943917
1.10005153047e-06 -21.007449664031647
1.13748920543e-06 -21.027650207593844
1.17492319616e-06 -21.040555711174896
1.20443091662e-06 -21.042593944169333
1.24981901486e-06 -21.073970369730056
1.27278762707e-06 -21.06842765162761
1.29559000006e-06 -21.076550666505334
1.31748769808e-06 -21.07594317007004
1.36044671479e-06 -21.10278933875086
1.40534826867e-06 -21.115816695294036
1.44621589694e-06 -21.14200004199909
1.48131787778e-06 -21.161507059816337
1.54720086503e-06 -21.240807377997292
1.588562969e-06 -21.24126434160626
1.61694525725e-06 -21.26997116349809
1.65855434411e-06 -21.2788677036813
1.7027144913e-06 -21.268717051965815
1.7440712609e-06 -21.235719747768165
1.79047954349e-06 -21.206128854368913
1.84182501437e-06 -21.17562675261002
1.88467017571e-06 -21.138210566308118
1.92166100035e-06 -21.120680644248004
1.9539238098e-06 -21.080581280483315
2.00130047071e-06 -21.039331334322227
2.11110599726e-06 -21.020452157665794
2.18706652246e-06 -20.951814590239877
2.28648820286e-06 -20.812546272985358
2.43033605383e-06 -20.623403851390982
2.54008016924e-06 -20.526370897681183
2.60658674211e-06 -20.511979007603088
2.69965398116e-06 -20.48097738304576
2.90157991958e-06 -20.462398539753686
3.06314484058e-06 -20.381114638845553
3.22362863134e-06 -20.313586628948805
3.357149673e-06 -20.211941096879727
3.57669442182e-06 -20.12894711113561
3.78196901633e-06 -20.033879073048567
3.92010661659e-06 -19.95502815196317
4.03504172386e-06 -19.889598672358453
4.15710886036e-06 -19.829720411728438
4.30967632201e-06 -19.71326632116289
4.44320929247e-06 -19.53994943800248
4.5490261393e-06 -19.44506229395938
4.74298082363e-06 -19.402988038082412
4.99595374435e-06 -19.348475182914
5.19784556163e-06 -19.271097993648354
5.48176298309e-06 -19.23332423785297
5.67048574245e-06 -19.163134967839866
5.95799287829e-06 -19.086089136642997
6.39151471106e-06 -19.02318461802716
6.63270850989e-06 -18.896854784984676
7.07514291256e-06 -18.817948131147816
7.42968647149e-06 -18.72121582433327
7.68283292968e-06 -18.62520622589757
8.0474579762e-06 -18.51977868091526
8.63105619529e-06 -18.406498878336514
9.22052727429e-06 -18.33731938969362
