2.00570585804e-08 110.49026776772615
2.07779255948e-08 110.41359304874817
2.15666275546e-08 110.33269279075847
2.23511733366e-08 110.2551023495244
2.26989384553e-08 110.22157624576892
2.30775360356e-08 110.18565679348737
2.3915358806e-08 110.10821947720615
2.4474102892e-08 110.0580700747949
2.51551417477e-08 109.99847013798379
2.58389859e-08 109.94022665770748
2.6250952467e-08 109.90587865446452
2.70915120349e-08 109.83743775940147
2.77160002651e-08 109.78795119836587
2.84878543334e-08 109.72830528244671
2.95547739668e-08 109.64846577124979
3.01937587673e-08 109.60201807776349
3.08358247416e-08 109.55632613918621
3.17731544709e-08 109.49130231162806
3.28365434679e-08 109.41981680777926
3.39605809144e-08 109.34672843003639
3.50635441908e-08 109.27732492212587
3.57774943608e-08 109.23355437274785
3.68387913671e-08 109.17007711683937
3.77041743787e-08 109.11965680578047
3.8864261839e-08 109.0538518652935
4.01376665097e-08 108.98384338127406
4.09292977305e-08 108.94143251726476
4.20960753313e-08 108.88039594286184
4.34998504703e-08 108.80916516204124
4.47314387216e-08 108.74853964820755
4.61265011933e-08 108.68185141458994
4.7739678597e-08 108.60720652827817
4.96368369434e-08 79.63251356765959
5.07932465217e-08 75.46116185077054
5.18583525341e-08 74.51894474529942
5.30230148696e-08 73.66114531918463
5.4455868388e-08 72.73476668783383
5.60131506434e-08 71.77526069769544
5.75427667568e-08 70.9316299863103
5.87090014382e-08 70.11301401531318
6.06724302403e-08 69.13539667633904
6.28317085546e-08 68.08591610836969
6.50363798975e-08 67.14211944557715
6.67206955022e-08 66.39287712572363
6.81593676378e-08 65.75676329276993
6.9827676534e-08 64.06316621064721
7.2248351042e-08 61.68054654550749
7.43966922957e-08 59.483637943965945
7.59793454058e-08 57.79589793005266
7.74140265412e-08 56.00387687388501
7.99170111017e-08 53.5836462501046
8.27817815135e-08 51.317939276705474
8.4814019401e-08 49.47092447239146
8.68493372857e-08 47.684095688100065
8.94984966567e-08 45.991039518003234
9.10932951605e-08 12.461831336640445
9.26693872149e-08 9.025467933600437
9.4693776079e-08 8.246129626498481
9.61993857387e-08 7.591685308472925
9.87467089763e-08 6.91275479110918
1.00498051926e-07 6.243755685302556
1.02853190903e-07 5.740124375146941
1.04800044135e-07 4.98187598361114
1.07342854175e-07 4.256990110208246
1.10756061668e-07 2.5749256534175373
1.1388637345e-07 1.3135714643268628
1.17995549986e-07 0.7338040771577674
1.20389785878e-07 1.20433168810942
1.23204193039e-07 0.05447139742906515
1.25952280955e-07 -1.2520283679819393
1.28973293729e-07 -2.1582937181656874
1.3244044164e-07 -2.907947953372638
1.35367040527e-07 -3.4788097107237164
1.3822090953e-07 -3.9254680332069682
1.41231437178e-07 -4.418179452941587
1.45059270942e-07 -4.984790559183573
1.48769233337e-07 -5.5563754399033165
1.52706219112e-07 -6.24253512982461
1.55733302927e-07 -6.87277473526585
1.58772923304e-07 -7.893397947102166
1.61958012111e-07 -8.371937954632699
1.64448154247e-07 -8.946992827801644
1.68703500169e-07 -10.675319922390898
1.73752573339e-07 -11.86018239271943
1.78526935109e-07 -12.534830729341373
1.83608235939e-07 -12.984932339434565
1.8935592224e-07 -13.505989073330866
1.98291862558e-07 -14.122899262767973
2.02986944957e-07 -14.354350386352252
2.06601928364e-07 -14.87389554592712
2.10548631953e-07 -15.392362580360171
2.15290769094e-07 -15.49925910532206
2.19467642478e-07 -15.701177808738848
2.23879040608e-07 -15.865546999046877
2.27572272895e-07 -15.820021725518338
2.3136639105e-07 -15.903443822345828
2.36169083673e-07 -15.561377710726553
2.40697007389e-07 -15.598211213577095
2.44810447152e-07 -16.388765119645967
2.50186867472e-07 -15.848112249404792
2.55956265677e-07 -16.480644896551063
2.61810236671e-07 -16.862688067386024
2.68063105521e-07 -17.647944135779262
2.75485409086e-07 -17.232369834483038
2.80923422044e-07 -17.228886819051446
2.87730906972e-07 -17.910763344153374
2.93598420877e-07 -18.47843292791478
2.98609175101e-07 -18.461234237634883
3.03848659165e-07 -18.619743930076638
3.09732221791e-07 -18.817613771394264
3.1451330546e-07 -18.889949504444523
3.19817524828e-07 -18.907237854840425
3.27448081376e-07 -19.311373537981133
3.33666297846e-07 -19.318255405660274
3.39605268846e-07 -19.17926998757975
3.44795956777e-07 -19.379579916570982
3.49810389179e-07 -19.593425220710067
3.57522372953e-07 -19.5278965595448
3.65227976191e-07 -19.836976785627677
3.70810194688e-07 -19.82677482434803
3.76440526555e-07 -19.864775854413047
3.82548451105e-07 -19.751609183123385
3.90054995981e-07 -19.893132278411528
3.97607740533e-07 -20.179235843742113
4.04150241432e-07 -20.58069278704297
4.11851080614e-07 -20.693793008172747
4.20602170546e-07 -20.68865106975889
4.30160164222e-07 -20.670382649753087
4.37994746734e-07 -20.93177438359799
4.4827200034e-07 -21.171918787862303
4.56328677199e-07 -21.283401165992636
4.63733084849e-07 -21.34931505747111
4.70561038594e-07 -21.402312113207806
4.77623151681e-07 -21.466432096990353
4.86756700828e-07 -21.48118408082621
4.93625499448e-07 -21.534628798988415
5.00064668669e-07 -21.491406204204985
5.11366160063e-07 -21.523417114463975
5.21867855391e-07 -21.565831168645403
5.301096199e-07 -21.70669384643319
5.3731459865e-07 -21.766824925052212
5.45330796177e-07 -21.803184248652883
5.54908107444e-07 -21.86107118802449
5.65742435556e-07 -21.917414767041947
5.72926790062e-07 -21.966133272125113
5.85367829666e-07 -22.005890022627817
6.02457368914e-07 -22.086860410740968
6.13832625225e-07 -22.077048781335264
6.26874662717e-07 -22.10040998722132
6.36919308173e-07 -22.15199507941726
6.43192254377e-07 -22.16522662669481
6.53403355783e-07 -22.18734021604751
6.61586156133e-07 -22.22061843172306
6.70750312817e-07 -22.22421946934562
6.85445438827e-07 -22.263550852154737
6.98206520494e-07 -22.311543952203074
7.10069056047e-07 -22.296193584983648
7.1945756406e-07 -22.28643669239247
7.29799683024e-07 -22.36363178808024
7.43515583858e-07 -22.45233565413085
7.56205357622e-07 -22.526077189190744
7.65095601237e-07 -22.471684885385365
7.74309467317e-07 -22.461197041291705
7.84139478109e-07 -22.492489369922822
7.92293257484e-07 -22.493384730557935
8.03364332881e-07 -22.564519725993854
8.16823135574e-07 -22.640252083231992
8.22856490715e-07 -22.63489573869608
8.39348391317e-07 -22.62656578319983
8.51418841968e-07 -22.58853513966954
8.62589713959e-07 -22.664050763886266
8.71862040143e-07 -22.71453168987449
8.84424374903e-07 -22.756783649182573
9.00685807014e-07 -22.78576613191114
9.15628045922e-07 -22.833192068348616
9.35069631215e-07 -22.8325719726242
9.49004454546e-07 -22.862891415376986
9.68022239879e-07 -22.892158229979323
9.85995528056e-07 -22.914701164459338
1.00305737103e-06 -22.9368560386555
1.02368478334e-06 -22.955876019550885
1.05123074494e-06 -22.97178142041382
1.08147773548e-06 -22.981544508162344
1.10005153047e-06 -22.97411500737055
1.13748920543e-06 -22.997409955982917
1.17492319616e-06 -23.013187709500556
1.20443091662e-06 -23.016619461402584
1.24981901486e-06 -23.049942705657188
1.27278762707e-06 -23.045694735370596
1.29559000006e-06 -23.055241008937642
1.31748769808e-06 -23.05433963829649
1.36044671479e-06 -23.080911620537428
1.40534826867e-06 -23.087594959966268
1.44621589694e-06 -23.116748527584164
1.48131787778e-06 -23.138839749750623
1.54720086503e-06 -23.22612798619435
1.588562969e-06 -23.225718623918546
1.61694525725e-06 -23.255802385471462
1.65855434411e-06 -23.271815022126688
1.7027144913e-06 -23.26911496127029
1.7440712609e-06 -23.23734407363174
1.79047954349e-06 -23.204192658908347
1.84182501437e-06 -23.17348497799454
1.88467017571e-06 -23.136986928339958
1.92166100035e-06 -23.119509172289668
1.9539238098e-06 -23.078868024597952
2.00130047071e-06 -23.037878739138613
2.11110599726e-06 -23.025417822693882
2.18706652246e-06 -22.961543146570392
2.28648820286e-06 -22.819374091536673
2.43033605383e-06 -22.615383634836775
2.54008016924e-06 -22.485718456047906
2.60658674211e-06 -22.479408550008607
2.69965398116e-06 -22.4532509741761
2.90157991958e-06 -22.441614042737804
3.06314484058e-06 -22.371007653623344
3.22362863134e-06 -22.316436239196314
3.357149673e-06 -22.223560071801685
3.57669442182e-06 -22.14513940980074
3.78196901633e-06 -22.05228998119575
3.92010661659e-06 -21.97386616611609
4.03504172386e-06 -21.90849358239319
4.15710886036e-06 -21.84916509064997
4.30967632201e-06 -21.738227863099993
4.44320929247e-06 -21.576204937550827
4.5490261393e-06 -21.485024156209
4.74298082363e-06 -21.441609222137018
4.99595374435e-06 -21.386327588840935
5.19784556163e-06 -21.307754087832308
5.48176298309e-06 -21.268171958005247
5.67048574245e-06 -21.196152337120658
5.95799287829e-06 -21.117979711526345
6.39151471106e-06 -21.054574953341877
6.63270850989e-06 -20.928457351808383
7.07514291256e-06 -20.850187052703767
7.42968647149e-06 -20.754254169926362
7.68283292968e-06 -20.65889729539866
8.0474579762e-06 -20.554294599013396
8.63105619529e-06 -20.442009315068212
9.22052727429e-06 -20.373589049609656
