2.00570585804e-08 -5.536753496216363
2.07779255948e-08 -7.6539571039833305
2.15666275546e-08 -8.446822991409562
2.23511733366e-08 -8.84322704442252
2.26989384553e-08 -8.930822899825074
2.30775360356e-08 -9.689772627327606
2.3915358806e-08 -10.369500520253467
2.4474102892e-08 -10.39002942340511
2.51551417477e-08 -12.54638247453822
2.58389859e-08 -13.551845103065652
2.6250952467e-08 -13.210566375530512
2.70915120349e-08 -13.920431458950965
2.77160002651e-08 -14.047323239907598
2.84878543334e-08 -13.406512320436853
2.95547739668e-08 -13.429358664762226
3.01937587673e-08 -13.08009946456174
3.08358247416e-08 -14.054820121244248
3.17731544709e-08 -14.5923277438527
3.28365434679e-08 -15.202279986408008
3.39605809144e-08 -14.986345816237652
3.50635441908e-08 -15.117520151698102
3.57774943608e-08 -14.2715384990601
3.68387913671e-08 -15.334200072527977
3.77041743787e-08 -15.506440560947318
3.8864261839e-08 -15.28645674961237
4.01376665097e-08 -15.525216672963595
4.09292977305e-08 -16.224259323533296
4.20960753313e-08 -15.918219939766054
4.34998504703e-08 -15.487833242216276
4.47314387216e-08 -16.37180627057655
4.61265011933e-08 -16.651310355811184
4.7739678597e-08 -16.721096328145798
4.96368369434e-08 -17.000891072287153
5.07932465217e-08 -17.21048706596985
5.18583525341e-08 -17.5306200715306
5.30230148696e-08 -17.17976812196121
5.4455868388e-08 -15.65681676432181
5.60131506434e-08 -17.432850642564723
5.75427667568e-08 -17.547084771683004
5.87090014382e-08 -17.828154965975706
6.06724302403e-08 -17.800486916334144
6.28317085546e-08 -17.531166934745464
6.50363798975e-08 -17.85381892684535
6.67206955022e-08 -17.624135445962217
6.81593676378e-08 -17.9303893641738
6.9827676534e-08 -17.92743315491699
7.2248351042e-08 -18.252199244647805
7.43966922957e-08 -18.09562045168292
7.59793454058e-08 -17.967270912351637
7.74140265412e-08 -17.95541660150173
7.99170111017e-08 -18.171972758259848
8.27817815135e-08 -18.334888268332143
8.4814019401e-08 -18.26679956846477
8.68493372857e-08 -18.507906148418414
8.94984966567e-08 -18.65609115397806
9.10932951605e-08 -19.006149529971005
9.26693872149e-08 -19.582207437037738
9.4693776079e-08 -19.947540075120962
9.61993857387e-08 -19.893371887104003
9.87467089763e-08 -19.59822892841003
1.00498051926e-07 -20.055756148816073
1.02853190903e-07 -20.000303968127163
1.04800044135e-07 -20.301126237349344
1.07342854175e-07 -20.216108283506507
1.10756061668e-07 -20.229317825826776
1.1388637345e-07 -20.25680852118436
1.17995549986e-07 -20.165518376474928
1.20389785878e-07 -20.055205534123168
1.23204193039e-07 -20.22923382153973
1.25952280955e-07 -20.370269864981054
1.28973293729e-07 -20.400111109000797
1.3244044164e-07 -20.42760174069324
1.35367040527e-07 -20.453429841836282
1.3822090953e-07 -20.362297257133513
1.41231437178e-07 -20.348306667277868
1.45059270942e-07 -20.403027504414474
1.48769233337e-07 -20.392242901256147
1.52706219112e-07 -20.246026913969573
1.55733302927e-07 -20.17147118698994
1.58772923304e-07 -20.306842771275747
1.61958012111e-07 -20.354395185195692
1.64448154247e-07 -20.38042759494838
1.68703500169e-07 -20.40544275669425
1.73752573339e-07 -20.396197098069933
1.78526935109e-07 -20.416208340792217
1.83608235939e-07 -20.369840504590194
1.8935592224e-07 -20.339657259558784
1.98291862558e-07 -20.400837373450756
2.02986944957e-07 -20.412164449033142
2.06601928364e-07 -20.397007249754274
2.10548631953e-07 -20.41988449467707
2.15290769094e-07 -20.408809202927877
2.19467642478e-07 -20.408332225197533
2.23879040608e-07 -20.382418015588748
2.27572272895e-07 -20.38440647794146
2.3136639105e-07 -20.31506988922714
2.36169083673e-07 -20.302674645575898
2.40697007389e-07 -20.29510076659239
2.44810447152e-07 -20.32522613483124
2.50186867472e-07 -20.292690277785603
2.55956265677e-07 -20.31043124974432
2.61810236671e-07 -20.335547757732407
2.68063105521e-07 -20.379452540017162
2.75485409086e-07 -20.339665551446586
2.80923422044e-07 -20.31727851347975
2.87730906972e-07 -20.389290415277678
2.93598420877e-07 -20.446026360046794
2.98609175101e-07 -20.451635512193363
3.03848659165e-07 -20.472804170433264
3.09732221791e-07 -20.49541908997672
3.1451330546e-07 -20.499439573868372
3.19817524828e-07 -20.489340885790753
3.27448081376e-07 -20.555630271317654
3.33666297846e-07 -20.56258809373204
3.39605268846e-07 -20.544276588210025
3.44795956777e-07 -20.568499911106592
3.49810389179e-07 -20.604114751568297
3.57522372953e-07 -20.601275404892988
3.65227976191e-07 -20.625799135555987
3.70810194688e-07 -20.59812576402627
3.76440526555e-07 -20.7734649093792
3.82548451105e-07 -20.89887057419312
3.90054995981e-07 -20.961587754439584
3.97607740533e-07 -21.011732752280636
4.04150241432e-07 -21.227177369257333
4.11851080614e-07 -21.189616912734124
4.20602170546e-07 -21.26601885442495
4.30160164222e-07 -21.21470516887603
4.37994746734e-07 -21.284216823864377
4.4827200034e-07 -21.40910637305381
4.56328677199e-07 -21.44815578892228
4.63733084849e-07 -21.47365124336914
4.70561038594e-07 -21.487589872993375
4.77623151681e-07 -21.517502770637634
4.86756700828e-07 -21.642578220041578
4.93625499448e-07 -21.53306089624664
5.00064668669e-07 -21.501985509677723
5.11366160063e-07 -21.518791653869776
5.21867855391e-07 -21.525643454524463
5.301096199e-07 -21.585272145232445
5.3731459865e-07 -21.61679657371527
5.45330796177e-07 -21.632502718958015
5.54908107444e-07 -21.659097966877447
5.65742435556e-07 -21.687963336716116
5.72926790062e-07 -21.7110003734375
5.85367829666e-07 -21.7319286158148
6.02457368914e-07 -21.777130587660047
6.13832625225e-07 -21.75886876011935
6.26874662717e-07 -21.769987249916625
6.36919308173e-07 -21.79853395839247
6.43192254377e-07 -21.802410054343163
6.53403355783e-07 -22.19448593300214
6.61586156133e-07 -22.011273858829874
6.70750312817e-07 -21.832759394164682
6.85445438827e-07 -21.85638027933092
6.98206520494e-07 -21.880985787791346
7.10069056047e-07 -21.86637045070284
7.1945756406e-07 -21.8538963253557
7.29799683024e-07 -21.903266591531853
7.43515583858e-07 -21.960915683445222
7.56205357622e-07 -22.012909250325045
7.65095601237e-07 -21.97518783713317
7.74309467317e-07 -21.965097833417886
7.84139478109e-07 -21.98619671257589
7.92293257484e-07 -21.9770433435975
8.03364332881e-07 -22.02737905876814
8.16823135574e-07 -22.076681707802855
8.22856490715e-07 -22.066518165616685
8.39348391317e-07 -22.057320866617438
8.51418841968e-07 -22.019889534736073
8.62589713959e-07 -22.082835730502573
8.71862040143e-07 -22.12153755450037
8.84424374903e-07 -22.160827085361397
9.00685807014e-07 -22.184175853964483
9.15628045922e-07 -22.21330870932303
9.35069631215e-07 -22.218431658094403
9.49004454546e-07 -22.231716062244118
9.68022239879e-07 -22.258491417714566
9.85995528056e-07 -22.27635335663208
1.00305737103e-06 -22.283041143664953
1.02368478334e-06 -22.297356298858666
1.05123074494e-06 -22.306715421983235
1.08147773548e-06 -22.309493730654758
1.10005153047e-06 -22.297285925060685
1.13748920543e-06 -22.315508004051402
1.17492319616e-06 -22.32391928461891
1.20443091662e-06 -22.32203201571739
1.24981901486e-06 -22.348402422393228
1.27278762707e-06 -22.363918016835164
1.29559000006e-06 -22.35102561751666
1.31748769808e-06 -22.340035161246874
1.36044671479e-06 -22.361324249537425
1.40534826867e-06 -22.36839814925561
1.44621589694e-06 -22.38609675326007
1.48131787778e-06 -22.397159687186026
1.54720086503e-06 -22.46654752310704
1.588562969e-06 -22.45575961332336
1.61694525725e-06 -22.483407249002234
1.65855434411e-06 -22.492030115586978
1.7027144913e-06 -22.484138538755637
1.7440712609e-06 -22.4514075603431
1.79047954349e-06 -22.423277009416516
1.84182501437e-06 -22.391611985449273
1.88467017571e-06 -22.352733216424774
1.92166100035e-06 -22.33773947403227
1.9539238098e-06 -22.29710838723811
2.00130047071e-06 -22.25698739576267
2.11110599726e-06 -22.237634025452422
2.18706652246e-06 -22.173292744856163
2.28648820286e-06 -22.02806895903199
2.43033605383e-06 -21.836787556579125
2.54008016924e-06 -21.73822643951977
2.60658674211e-06 -21.722773379185206
2.69965398116e-06 -21.693145126992967
2.90157991958e-06 -21.678012998588066
3.06314484058e-06 -21.600437883842638
3.22362863134e-06 -21.535009550438254
3.357149673e-06 -21.433074862440556
3.57669442182e-06 -21.35186683652671
3.78196901633e-06 -21.257420157804496
3.92010661659e-06 -21.18101234991176
4.03504172386e-06 -21.116852490213837
4.15710886036e-06 -21.05874177772548
4.30967632201e-06 -20.94557343487623
4.44320929247e-06 -20.776241629711876
4.5490261393e-06 -20.68306732347162
4.74298082363e-06 -20.642765271136618
4.99595374435e-06 -20.594023537953937
5.19784556163e-06 -20.522645526382718
5.48176298309e-06 -20.491819108008322
5.67048574245e-06 -20.429267435277737
5.95799287829e-06 -20.363543189868288
6.39151471106e-06 -20.317091664253454
6.63270850989e-06 -20.2093944619919
7.07514291256e-06 -20.153722229657987
7.42968647149e-06 -20.082371332727924
7.68283292968e-06 -20.01021563636349
8.0474579762e-06 -19.93848900218314
8.63105619529e-06 -19.876854641286336
9.22052727429e-06 -19.85654521718859
