2.00570585804e-08 -0.043045786218630866
2.07779255948e-08 -3.43257809930477
2.15666275546e-08 -5.167288807141432
2.23511733366e-08 -4.732606046017338
2.26989384553e-08 -4.4237573509512345
2.30775360356e-08 -5.145689604337107
2.3915358806e-08 -6.4053758149235165
2.4474102892e-08 -5.692449697717791
2.51551417477e-08 -7.54768113104252
2.58389859e-08 -8.61925116447091
2.6250952467e-08 -9.978668609662705
2.70915120349e-08 -10.49352513498146
2.77160002651e-08 -9.871865513273207
2.84878543334e-08 -9.520011025868222
2.95547739668e-08 -9.931620302788218
3.01937587673e-08 -9.883470278828298
3.08358247416e-08 -11.054601848600868
3.17731544709e-08 -12.231299055945492
3.28365434679e-08 -11.452256172838325
3.39605809144e-08 -10.927002711501302
3.50635441908e-08 -11.0755977339511
3.57774943608e-08 -11.969965202212443
3.68387913671e-08 -13.31794197961878
3.77041743787e-08 -13.268957237844383
3.8864261839e-08 -12.849114969157007
4.01376665097e-08 -13.659639172264875
4.09292977305e-08 -14.156595908155865
4.20960753313e-08 -13.75677143841132
4.34998504703e-08 -13.093310092106421
4.47314387216e-08 -13.82201280282797
4.61265011933e-08 -14.386638191990798
4.7739678597e-08 -14.538802479559678
4.96368369434e-08 -15.095345104453536
5.07932465217e-08 -15.160377040781086
5.18583525341e-08 -15.492077719866302
5.30230148696e-08 -14.992178345870691
5.4455868388e-08 -13.318670255443529
5.60131506434e-08 -15.344694396391617
5.75427667568e-08 -15.520256455073905
5.87090014382e-08 -15.939742098058304
6.06724302403e-08 -15.559590853728288
6.28317085546e-08 -14.918001078449514
6.50363798975e-08 -15.485298037957236
6.67206955022e-08 -15.463690636213741
6.81593676378e-08 -15.839840840689675
6.9827676534e-08 -15.56690200741361
7.2248351042e-08 -16.059005233881862
7.43966922957e-08 -15.953652833256662
7.59793454058e-08 -15.568076396611893
7.74140265412e-08 -15.311616618910229
7.99170111017e-08 -15.96404953424058
8.27817815135e-08 -15.981478149335466
8.4814019401e-08 -15.927762519930091
8.68493372857e-08 -16.12118720972841
8.94984966567e-08 -16.22570614518768
9.10932951605e-08 -16.193897160193522
9.26693872149e-08 -16.97101504820197
9.4693776079e-08 -17.551776174297224
9.61993857387e-08 -17.25433124664604
9.87467089763e-08 -16.97618518830398
1.00498051926e-07 -17.267658148864165
1.02853190903e-07 -17.298911400263904
1.04800044135e-07 -17.54616250762453
1.07342854175e-07 -17.432213529946424
1.10756061668e-07 -17.52502801608452
1.1388637345e-07 -17.564510368619572
1.17995549986e-07 -17.495945016679634
1.20389785878e-07 -17.29178396005068
1.23204193039e-07 -17.471502816566442
1.25952280955e-07 -17.672515745787486
1.28973293729e-07 -17.70733555454271
1.3244044164e-07 -17.740491355961126
1.35367040527e-07 -17.76581749299578
1.3822090953e-07 -17.699881185586378
1.41231437178e-07 -17.66364391625688
1.45059270942e-07 -17.728202244104423
1.48769233337e-07 -17.71265243038686
1.52706219112e-07 -17.618856695422203
1.55733302927e-07 -17.574144284742566
1.58772923304e-07 -17.669672230729077
1.61958012111e-07 -17.67547745479869
1.64448154247e-07 -17.69261290027459
1.68703500169e-07 -17.720675890594542
1.73752573339e-07 -17.707636346377406
1.78526935109e-07 -17.739475966256727
1.83608235939e-07 -17.695506692046713
1.8935592224e-07 -17.682909996483325
1.98291862558e-07 -17.750371132241504
2.02986944957e-07 -17.75088900434904
2.06601928364e-07 -17.766393953485476
2.10548631953e-07 -17.793018733457345
2.15290769094e-07 -17.78906110508396
2.19467642478e-07 -17.79736307254197
2.23879040608e-07 -17.77337921386573
2.27572272895e-07 -17.778472189732227
2.3136639105e-07 -17.698474666975223
2.36169083673e-07 -17.66381963536979
2.40697007389e-07 -17.660452324143584
2.44810447152e-07 -17.755059102666003
2.50186867472e-07 -17.695717723852525
2.55956265677e-07 -17.749020487695397
2.61810236671e-07 -17.814846467440013
2.68063105521e-07 -17.974830936724352
2.75485409086e-07 -17.872670646141536
2.80923422044e-07 -17.855502662720724
2.87730906972e-07 -18.06273786813565
2.93598420877e-07 -18.239187946077884
2.98609175101e-07 -18.25932325431814
3.03848659165e-07 -18.322924527928883
3.09732221791e-07 -18.398305861007053
3.1451330546e-07 -18.42399321929222
3.19817524828e-07 -18.41931026427472
3.27448081376e-07 -18.60187668386026
3.33666297846e-07 -18.620622555414975
3.39605268846e-07 -18.57038233275827
3.44795956777e-07 -18.655652287058558
3.49810389179e-07 -18.757925741351578
3.57522372953e-07 -18.737914608003102
3.65227976191e-07 -18.87381592003083
3.70810194688e-07 -18.86691717510037
3.76440526555e-07 -19.012893310054558
3.82548451105e-07 -19.08194438062626
3.90054995981e-07 -19.166482102954888
3.97607740533e-07 -19.29775178070892
4.04150241432e-07 -19.619023253384086
4.11851080614e-07 -19.64374421316841
4.20602170546e-07 -19.700770622673083
4.30160164222e-07 -19.661990821147036
4.37994746734e-07 -19.817558388789045
4.4827200034e-07 -19.99736586619671
4.56328677199e-07 -20.072023738831383
4.63733084849e-07 -20.11686195937262
4.70561038594e-07 -20.149178512102708
4.77623151681e-07 -20.201757099072296
4.86756700828e-07 -20.2467055330252
4.93625499448e-07 -20.24275646968332
5.00064668669e-07 -20.204699751748308
5.11366160063e-07 -20.232718607838045
5.21867855391e-07 -20.254714975582523
5.301096199e-07 -20.354078686719603
5.3731459865e-07 -20.402495545744657
5.45330796177e-07 -20.430076922654763
5.54908107444e-07 -20.472731645043197
5.65742435556e-07 -20.516425469464885
5.72926790062e-07 -20.55465677839016
5.85367829666e-07 -20.586465683305782
6.02457368914e-07 -20.651345357066624
6.13832625225e-07 -20.635652038251514
6.26874662717e-07 -20.65382111265385
6.36919308173e-07 -20.693826141746904
6.43192254377e-07 -20.70334945243419
6.53403355783e-07 -20.855804601513242
6.61586156133e-07 -20.806749270320324
6.70750312817e-07 -20.74889459382296
6.85445438827e-07 -20.78055644767283
6.98206520494e-07 -20.816426810289542
7.10069056047e-07 -20.801028818471814
7.1945756406e-07 -20.789135220050255
7.29799683024e-07 -20.85292518296876
7.43515583858e-07 -20.92675949214344
7.56205357622e-07 -20.99116149010181
7.65095601237e-07 -20.944181152701027
7.74309467317e-07 -20.933571343486022
7.84139478109e-07 -20.959753622373157
7.92293257484e-07 -20.95449434477178
8.03364332881e-07 -21.01498111262648
8.16823135574e-07 -21.077708911410745
8.22856490715e-07 -21.072047171426618
8.39348391317e-07 -21.062340720866366
8.51418841968e-07 -21.020255997359833
8.62589713959e-07 -21.092215454803025
8.71862040143e-07 -21.138369953539183
8.84424374903e-07 -21.180904829345522
9.00685807014e-07 -21.208021808410273
9.15628045922e-07 -21.246655016734643
9.35069631215e-07 -21.248240859871608
9.49004454546e-07 -21.27105934196682
9.68022239879e-07 -21.299860429054334
9.85995528056e-07 -21.32113963257521
1.00305737103e-06 -21.33655613158387
1.02368478334e-06 -21.353341785698504
1.05123074494e-06 -21.366531380600513
1.08147773548e-06 -21.372635003694548
1.10005153047e-06 -21.36383295859411
1.13748920543e-06 -21.385165753682067
1.17492319616e-06 -21.398038553287478
1.20443091662e-06 -21.399487185966535
1.24981901486e-06 -21.429897369040752
1.27278762707e-06 -21.429536702178048
1.29559000006e-06 -21.432097123385113
1.31748769808e-06 -21.42841929637285
1.36044671479e-06 -21.452779712636847
1.40534826867e-06 -21.459419051771086
1.44621589694e-06 -21.482084996270466
1.48131787778e-06 -21.49835829704346
1.54720086503e-06 -21.575978979548808
1.588562969e-06 -21.5685852466329
1.61694525725e-06 -21.59669607944273
1.65855434411e-06 -21.609210917346537
1.7027144913e-06 -21.60436407668456
1.7440712609e-06 -21.572510002443444
1.79047954349e-06 -21.542911359670036
1.84182501437e-06 -21.511784655195378
1.88467017571e-06 -21.473605585883128
1.92166100035e-06 -21.457755596241803
1.9539238098e-06 -21.416912015887775
2.00130047071e-06 -21.37632048799631
2.11110599726e-06 -21.359562515422773
2.18706652246e-06 -21.293605049739284
2.28648820286e-06 -21.150783399949184
2.43033605383e-06 -20.95331388873614
2.54008016924e-06 -20.838103253219415
2.60658674211e-06 -20.829468003429916
2.69965398116e-06 -20.802189396342463
2.90157991958e-06 -20.78885879181083
3.06314484058e-06 -20.713620881230327
3.22362863134e-06 -20.652591826309113
3.357149673e-06 -20.55452906884127
3.57669442182e-06 -20.47382829827624
3.78196901633e-06 -20.37898433194284
3.92010661659e-06 -20.30123719130104
4.03504172386e-06 -20.235923925825453
4.15710886036e-06 -20.177220668094343
4.30967632201e-06 -20.06469785614958
4.44320929247e-06 -19.899525826693818
4.5490261393e-06 -19.807538880006916
4.74298082363e-06 -19.764551270640986
4.99595374435e-06 -19.71108986967142
5.19784556163e-06 -19.634214245509646
5.48176298309e-06 -19.59701016021767
5.67048574245e-06 -19.527766143847685
5.95799287829e-06 -19.45307425076171
6.39151471106e-06 -19.39455062097207
6.63270850989e-06 -19.273647571427226
7.07514291256e-06 -19.201799929401993
7.42968647149e-06 -19.112661563143085
7.68283292968e-06 -19.024248874315298
8.0474579762e-06 -18.92930981588478
8.63105619529e-06 -18.83238295571367
9.22052727429e-06 -18.779073037233736
