2.00570585804e-08 -8.902146499935064
2.07779255948e-08 -8.39827991829592
2.15666275546e-08 -9.302622320892098
2.23511733366e-08 -9.342267872425047
2.26989384553e-08 -9.104333007599443
2.30775360356e-08 -9.551762056438427
2.3915358806e-08 -9.800922075127296
2.4474102892e-08 -9.970759777182991
2.51551417477e-08 -10.76123567716332
2.58389859e-08 -11.595155703720309
2.6250952467e-08 -11.941272980557216
2.70915120349e-08 -12.524425931287688
2.77160002651e-08 -12.23955799847765
2.84878543334e-08 -11.6396728486842
2.95547739668e-08 -11.784922076983122
3.01937587673e-08 -11.545469073298925
3.08358247416e-08 -12.538562998018868
3.17731544709e-08 -13.446184051660858
3.28365434679e-08 -13.607630193681096
3.39605809144e-08 -13.685065663914692
3.50635441908e-08 -13.72614703787098
3.57774943608e-08 -13.331659248382103
3.68387913671e-08 -14.407908849037518
3.77041743787e-08 -14.495759126159903
3.8864261839e-08 -14.278924408263599
4.01376665097e-08 -14.751616351757036
4.09292977305e-08 -15.239840123937192
4.20960753313e-08 -15.022655163253567
4.34998504703e-08 -14.580823239126268
4.47314387216e-08 -15.281110735128863
4.61265011933e-08 -15.699545659345496
4.7739678597e-08 -15.760169818148043
4.96368369434e-08 -16.126620721385947
5.07932465217e-08 -16.274269549995637
5.18583525341e-08 -16.589894935546816
5.30230148696e-08 -16.194226287188464
5.4455868388e-08 -14.892458770992832
5.60131506434e-08 -16.54351147862681
5.75427667568e-08 -16.683918347325196
5.87090014382e-08 -17.010802585536247
6.06724302403e-08 -16.82430501261387
6.28317085546e-08 -16.60047757763388
6.50363798975e-08 -16.931570625151373
6.67206955022e-08 -16.72340833492342
6.81593676378e-08 -17.032373150814138
6.9827676534e-08 -17.104059525608058
7.2248351042e-08 -17.433422045892726
7.43966922957e-08 -17.316979936635242
7.59793454058e-08 -17.30307697088812
7.74140265412e-08 -17.219727353328167
7.99170111017e-08 -17.372357806566576
8.27817815135e-08 -17.571693539862103
8.4814019401e-08 -17.426330553298186
8.68493372857e-08 -17.843599900305747
8.94984966567e-08 -18.043611122596744
9.10932951605e-08 -18.390081617981345
9.26693872149e-08 -18.94064938022168
9.4693776079e-08 -19.173687540453734
9.61993857387e-08 -19.167825364495386
9.87467089763e-08 -18.83305407968888
1.00498051926e-07 -19.34735676909029
1.02853190903e-07 -19.31021882148783
1.04800044135e-07 -19.61246322152582
1.07342854175e-07 -19.53448679532189
1.10756061668e-07 -19.509123031084165
1.1388637345e-07 -19.565735776571195
1.17995549986e-07 -19.45593939289307
1.20389785878e-07 -19.381132118120128
1.23204193039e-07 -19.55651373213285
1.25952280955e-07 -19.698226322912028
1.28973293729e-07 -19.747133221006827
1.3244044164e-07 -19.768869017914078
1.35367040527e-07 -19.803973123097848
1.3822090953e-07 -19.7128968034992
1.41231437178e-07 -19.722573781270896
1.45059270942e-07 -19.76299903703257
1.48769233337e-07 -19.76083552622662
1.52706219112e-07 -19.596491535754993
1.55733302927e-07 -19.51873951406968
1.58772923304e-07 -19.669978472998935
1.61958012111e-07 -19.724918171761246
1.64448154247e-07 -19.751716685242876
1.68703500169e-07 -19.782968248422335
1.73752573339e-07 -19.789500877604887
1.78526935109e-07 -19.81613289334596
1.83608235939e-07 -19.770551929978538
1.8935592224e-07 -19.74492952557374
1.98291862558e-07 -19.827120588346325
2.02986944957e-07 -19.848080000440326
2.06601928364e-07 -19.82974729244191
2.10548631953e-07 -19.866405357672306
2.15290769094e-07 -19.842474946611233
2.19467642478e-07 -19.844913539373763
2.23879040608e-07 -19.814291046235617
2.27572272895e-07 -19.81616026795841
2.3136639105e-07 -19.741779722851305
2.36169083673e-07 -19.719243843884392
2.40697007389e-07 -19.712877947325772
2.44810447152e-07 -19.764237296218035
2.50186867472e-07 -19.729846755932236
2.55956265677e-07 -19.75481988097998
2.61810236671e-07 -19.79440140727079
2.68063105521e-07 -19.872882623642738
2.75485409086e-07 -19.81521645199586
2.80923422044e-07 -19.792472067799523
2.87730906972e-07 -19.904742937718133
2.93598420877e-07 -19.999535665961872
2.98609175101e-07 -20.010861471376707
3.03848659165e-07 -20.04550028572247
3.09732221791e-07 -20.083243172710063
3.1451330546e-07 -20.094462790748345
3.19817524828e-07 -20.085766170005193
3.27448081376e-07 -20.1889381876585
3.33666297846e-07 -20.200392219999294
3.39605268846e-07 -20.169917758781246
3.44795956777e-07 -20.21662178098279
3.49810389179e-07 -20.274832057095615
3.57522372953e-07 -20.266122020080502
3.65227976191e-07 -20.341807640870236
3.70810194688e-07 -20.330480370356597
3.76440526555e-07 -20.50448702650157
3.82548451105e-07 -20.619196202911297
3.90054995981e-07 -20.69349741311001
3.97607740533e-07 -20.769892434635516
4.04150241432e-07 -21.025300848892073
4.11851080614e-07 -21.008828929217948
4.20602170546e-07 -21.07928879477967
4.30160164222e-07 -21.03167389819437
4.37994746734e-07 -21.134599097938818
4.4827200034e-07 -21.282462807621222
4.56328677199e-07 -21.33597782862187
4.63733084849e-07 -21.37014580155907
4.70561038594e-07 -21.392771400665367
4.77623151681e-07 -21.4313189140722
4.86756700828e-07 -21.476971424101002
4.93625499448e-07 -21.458207633892002
5.00064668669e-07 -21.42396703559873
5.11366160063e-07 -21.44543211615769
5.21867855391e-07 -21.458952062120716
5.301096199e-07 -21.536763451609048
5.3731459865e-07 -21.57610824398664
5.45330796177e-07 -21.59727744001232
5.54908107444e-07 -21.63147159489513
5.65742435556e-07 -21.667508876456573
5.72926790062e-07 -21.697877402240188
5.85367829666e-07 -21.724083094802552
6.02457368914e-07 -21.778498586518744
6.13832625225e-07 -21.761277461550648
6.26874662717e-07 -21.77569238808956
6.36919308173e-07 -21.809677097606055
6.43192254377e-07 -21.816492654185637
6.53403355783e-07 -22.01443605739876
6.61586156133e-07 -21.935931444394676
6.70750312817e-07 -21.854364188860643
6.85445438827e-07 -21.881711473834358
6.98206520494e-07 -21.911753880607158
7.10069056047e-07 -21.89681735561767
7.1945756406e-07 -21.884384224286073
7.29799683024e-07 -21.94107215396641
7.43515583858e-07 -22.00652321111896
7.56205357622e-07 -22.064642431975223
7.65095601237e-07 -22.022875168218796
7.74309467317e-07 -22.01268157001096
7.84139478109e-07 -22.036322462755315
7.92293257484e-07 -22.028876554715254
8.03364332881e-07 -22.084447910391006
8.16823135574e-07 -22.140052746336757
8.22856490715e-07 -22.134213951616495
8.39348391317e-07 -22.124942689765383
8.51418841968e-07 -22.084050689503307
8.62589713959e-07 -22.152036396046185
8.71862040143e-07 -22.194710308913777
8.84424374903e-07 -22.236187445508044
9.00685807014e-07 -22.26164071432813
9.15628045922e-07 -22.295225235978712
9.35069631215e-07 -22.29857379268318
9.49004454546e-07 -22.316740021517504
9.68022239879e-07 -22.344639080934293
9.85995528056e-07 -22.3644320340791
1.00305737103e-06 -22.375618713431315
1.02368478334e-06 -22.39117710549168
1.05123074494e-06 -22.40251710719334
1.08147773548e-06 -22.40734834602648
1.10005153047e-06 -22.39653397515209
1.13748920543e-06 -22.416349065852202
1.17492319616e-06 -22.427162233017846
1.20443091662e-06 -22.427030153210588
1.24981901486e-06 -22.455552328096353
1.27278762707e-06 -22.45717964904422
1.29559000006e-06 -22.45627331390591
1.31748769808e-06 -22.450937341869
1.36044671479e-06 -22.4740787825067
1.40534826867e-06 -22.481210731921024
1.44621589694e-06 -22.501418731479184
1.48131787778e-06 -22.515874086607113
1.54720086503e-06 -22.589424949464785
1.588562969e-06 -22.579848470018085
1.61694525725e-06 -22.6068581592164
1.65855434411e-06 -22.617396088120685
1.7027144913e-06 -22.61155363416006
1.7440712609e-06 -22.579999164884597
1.79047954349e-06 -22.55168820466303
1.84182501437e-06 -22.52038808264136
1.88467017571e-06 -22.48194279337511
1.92166100035e-06 -22.466594050882925
1.9539238098e-06 -22.425991486818063
2.00130047071e-06 -22.385555431432365
2.11110599726e-06 -22.367204343485334
2.18706652246e-06 -22.300597879434513
2.28648820286e-06 -22.15763847151615
2.43033605383e-06 -21.963314743451754
2.54008016924e-06 -21.85701940473421
2.60658674211e-06 -21.845353062293
2.69965398116e-06 -21.816791498409366
2.90157991958e-06 -21.80235347977723
3.06314484058e-06 -21.72549885346765
3.22362863134e-06 -21.661681275462044
3.357149673e-06 -21.561421998412165
3.57669442182e-06 -21.479818687861616
3.78196901633e-06 -21.384547547536464
3.92010661659e-06 -21.307106065637406
4.03504172386e-06 -21.24220924807944
4.15710886036e-06 -21.183467043217178
4.30967632201e-06 -21.069659315515473
4.44320929247e-06 -20.90090091009231
4.5490261393e-06 -20.807892821748915
4.74298082363e-06 -20.765517272575543
4.99595374435e-06 -20.71316668852313
5.19784556163e-06 -20.637705920570014
5.48176298309e-06 -20.60227418699796
5.67048574245e-06 -20.53489658792519
5.95799287829e-06 -20.462376308463746
6.39151471106e-06 -20.406591148202942
6.63270850989e-06 -20.28850754402061
7.07514291256e-06 -20.219990911696087
7.42968647149e-06 -20.13471070203405
7.68283292968e-06 -20.04937477997597
8.0474579762e-06 -19.959222107238
8.63105619529e-06 -19.869786788069852
9.22052727429e-06 -19.823617466908573
