2.00570585804e-08 -10.153328802604634
2.07779255948e-08 -9.492775172769178
2.15666275546e-08 -10.646194224035042
2.23511733366e-08 -10.648814695116968
2.26989384553e-08 -10.467707434577186
2.30775360356e-08 -10.706939114077109
2.3915358806e-08 -10.934231712457454
2.4474102892e-08 -11.305981919723457
2.51551417477e-08 -11.730251591511362
2.58389859e-08 -12.288751348039867
2.6250952467e-08 -12.308606988896393
2.70915120349e-08 -12.773194622853396
2.77160002651e-08 -12.578854355994586
2.84878543334e-08 -12.18631167011712
2.95547739668e-08 -12.237812482053407
3.01937587673e-08 -11.941052506920535
3.08358247416e-08 -12.6878429172477
3.17731544709e-08 -13.541645787620944
3.28365434679e-08 -13.76301051062164
3.39605809144e-08 -13.935856789481484
3.50635441908e-08 -13.949005252882536
3.57774943608e-08 -13.41409570681207
3.68387913671e-08 -14.267729761537645
3.77041743787e-08 -14.356099987925866
3.8864261839e-08 -14.332051243257496
4.01376665097e-08 -14.713572637512932
4.09292977305e-08 -15.024803733863585
4.20960753313e-08 -14.930121037206774
4.34998504703e-08 -14.525332145473833
4.47314387216e-08 -15.136387320460663
4.61265011933e-08 -15.431551586784579
4.7739678597e-08 -15.49655487488775
4.96368369434e-08 -15.760613415672488
5.07932465217e-08 -15.91500477716908
5.18583525341e-08 -16.235599970395405
5.30230148696e-08 -15.876656195968252
5.4455868388e-08 -14.712470804742885
5.60131506434e-08 -16.226844793264796
5.75427667568e-08 -16.35978646956176
5.87090014382e-08 -16.630612529866816
6.06724302403e-08 -16.494496177227028
6.28317085546e-08 -16.250829975625173
6.50363798975e-08 -16.521973909812893
6.67206955022e-08 -16.376734183990997
6.81593676378e-08 -16.70195596942242
6.9827676534e-08 -16.600145112430404
7.2248351042e-08 -16.976319327032904
7.43966922957e-08 -16.866725304441246
7.59793454058e-08 -16.71001430630256
7.74140265412e-08 -16.59977816380099
7.99170111017e-08 -16.942625618616198
8.27817815135e-08 -17.033597294654165
8.4814019401e-08 -17.051725043448656
8.68493372857e-08 -17.173734016854475
8.94984966567e-08 -17.27949692659447
9.10932951605e-08 -17.77275445227381
9.26693872149e-08 -18.643049720403035
9.4693776079e-08 -19.1953810231863
9.61993857387e-08 -19.179106320422868
9.87467089763e-08 -18.93261125852593
1.00498051926e-07 -19.45026713319583
1.02853190903e-07 -19.277876708898923
1.04800044135e-07 -19.729016225516638
1.07342854175e-07 -19.623617033308463
1.10756061668e-07 -19.718518739205443
1.1388637345e-07 -19.75299374775163
1.17995549986e-07 -19.696021097219727
1.20389785878e-07 -19.373916998369545
1.23204193039e-07 -19.74000273108217
1.25952280955e-07 -19.926884355328617
1.28973293729e-07 -19.980300860107597
1.3244044164e-07 -20.026560898826773
1.35367040527e-07 -20.065048883919935
1.3822090953e-07 -19.995449095804013
1.41231437178e-07 -19.96901506376824
1.45059270942e-07 -20.049452570244853
1.48769233337e-07 -20.02501806076325
1.52706219112e-07 -19.89221790622876
1.55733302927e-07 -19.8420868512935
1.58772923304e-07 -19.970528112218915
1.61958012111e-07 -20.002906454074036
1.64448154247e-07 -20.033298087398535
1.68703500169e-07 -20.060552369917673
1.73752573339e-07 -20.038107946635186
1.78526935109e-07 -20.080693055756775
1.83608235939e-07 -20.029329365035814
1.8935592224e-07 -20.012245691442438
1.98291862558e-07 -20.08216020585683
2.02986944957e-07 -20.089008950218336
2.06601928364e-07 -20.089353940071724
2.10548631953e-07 -20.10349728651284
2.15290769094e-07 -20.104662905160914
2.19467642478e-07 -20.107156649508205
2.23879040608e-07 -20.077663607693076
2.27572272895e-07 -20.090242490466885
2.3136639105e-07 -20.000575934202736
2.36169083673e-07 -19.99059518333194
2.40697007389e-07 -19.988079915294385
2.44810447152e-07 -20.027961019664176
2.50186867472e-07 -20.005044997131684
2.55956265677e-07 -20.025511892872125
2.61810236671e-07 -20.061863066963795
2.68063105521e-07 -20.112572429740574
2.75485409086e-07 -20.074001132086394
2.80923422044e-07 -20.054194980347916
2.87730906972e-07 -20.13167185745754
2.93598420877e-07 -20.189527494996064
2.98609175101e-07 -20.197699768686924
3.03848659165e-07 -20.2195181825017
3.09732221791e-07 -20.23966439020011
3.1451330546e-07 -20.241953666758874
3.19817524828e-07 -20.229705559173958
3.27448081376e-07 -20.29164447826888
3.33666297846e-07 -20.297567011454454
3.39605268846e-07 -20.282346499459308
3.44795956777e-07 -20.30633117327873
3.49810389179e-07 -20.336505331957262
3.57522372953e-07 -20.333872700240164
3.65227976191e-07 -20.37397799356551
3.70810194688e-07 -20.37872386146607
3.76440526555e-07 -20.59520781489219
3.82548451105e-07 -20.751510748418973
3.90054995981e-07 -20.819309657255964
3.97607740533e-07 -20.857955962113216
4.04150241432e-07 -21.063743531676806
4.11851080614e-07 -21.006959575230226
4.20602170546e-07 -21.095027096396898
4.30160164222e-07 -21.038758932923066
4.37994746734e-07 -21.088862828027807
4.4827200034e-07 -21.20441510665203
4.56328677199e-07 -21.235215224333473
4.63733084849e-07 -21.255578783520214
4.70561038594e-07 -21.26360478765894
4.77623151681e-07 -21.289491713387214
4.86756700828e-07 -21.287493510214304
4.93625499448e-07 -21.298095642310805
5.00064668669e-07 -21.268768002780426
5.11366160063e-07 -21.282740926745525
5.21867855391e-07 -21.285860117750346
5.301096199e-07 -21.33437540786339
5.3731459865e-07 -21.361318342965525
5.45330796177e-07 -21.37352975094413
5.54908107444e-07 -21.39552468562983
5.65742435556e-07 -21.41996467118053
5.72926790062e-07 -21.438036900433154
5.85367829666e-07 -21.45504816521992
6.02457368914e-07 -21.49443313045679
6.13832625225e-07 -21.47527029789692
6.26874662717e-07 -21.484307969785817
6.36919308173e-07 -21.50869165114488
6.43192254377e-07 -21.510609610715434
6.53403355783e-07 -21.674566184414296
6.61586156133e-07 -21.605841825736995
6.70750312817e-07 -21.53595394942139
6.85445438827e-07 -21.557068982943562
6.98206520494e-07 -21.576238992661914
7.10069056047e-07 -21.56210719333761
7.1945756406e-07 -21.550333524694096
7.29799683024e-07 -21.592700335687205
7.43515583858e-07 -21.641971952564184
7.56205357622e-07 -21.68815415326634
7.65095601237e-07 -21.656263656496215
7.74309467317e-07 -21.647274335364102
7.84139478109e-07 -21.665989318937918
7.92293257484e-07 -21.65401841831345
8.03364332881e-07 -21.698686743808437
8.16823135574e-07 -21.74088094180592
8.22856490715e-07 -21.73383025063935
8.39348391317e-07 -21.725537758100835
8.51418841968e-07 -21.690995540711313
8.62589713959e-07 -21.74909432166283
8.71862040143e-07 -21.783215067942635
8.84424374903e-07 -21.82059074048825
9.00685807014e-07 -21.84138594267683
9.15628045922e-07 -21.86657798893517
9.35069631215e-07 -21.874359440659248
9.49004454546e-07 -21.881935976254724
9.68022239879e-07 -21.9070606365923
9.85995528056e-07 -21.922579510816483
1.00305737103e-06 -21.924516251722963
1.02368478334e-06 -21.938073458977605
1.05123074494e-06 -21.945381209772002
1.08147773548e-06 -21.945459092384404
1.10005153047e-06 -21.932480057839854
1.13748920543e-06 -21.949361219581355
1.17492319616e-06 -21.95531115221486
1.20443091662e-06 -21.95151594994048
1.24981901486e-06 -21.97591436773085
1.27278762707e-06 -21.973840107825076
1.29559000006e-06 -21.971085514334966
1.31748769808e-06 -21.963901512317392
1.36044671479e-06 -21.983309391646266
1.40534826867e-06 -21.99018387350698
1.44621589694e-06 -22.00610402712087
1.48131787778e-06 -22.01610410745333
1.54720086503e-06 -22.081323792356052
1.588562969e-06 -22.06958021219419
1.61694525725e-06 -22.095411332606403
1.65855434411e-06 -22.10160333849562
1.7027144913e-06 -22.091821629167768
1.7440712609e-06 -22.05791043439241
1.79047954349e-06 -22.02942184091718
1.84182501437e-06 -21.996977606666825
1.88467017571e-06 -21.956966520973765
1.92166100035e-06 -21.942484460351643
1.9539238098e-06 -21.90151096452834
2.00130047071e-06 -21.861328140645846
2.11110599726e-06 -21.840630560639774
2.18706652246e-06 -21.77190035295756
2.28648820286e-06 -21.63096483729717
2.43033605383e-06 -21.442006997501224
2.54008016924e-06 -21.34836195371407
2.60658674211e-06 -21.328175533007602
2.69965398116e-06 -21.296446322032146
2.90157991958e-06 -21.2788587390839
3.06314484058e-06 -21.198996154591264
3.22362863134e-06 -21.13153768867671
3.357149673e-06 -21.028589391313822
3.57669442182e-06 -20.945548231522473
3.78196901633e-06 -20.849283029933986
3.92010661659e-06 -20.771974419635775
4.03504172386e-06 -20.706491422585437
4.15710886036e-06 -20.647786017363963
4.30967632201e-06 -20.532443352006446
4.44320929247e-06 -20.359524822549226
4.5490261393e-06 -20.26400851177869
4.74298082363e-06 -20.22085771787824
4.99595374435e-06 -20.16903263751783
5.19784556163e-06 -20.093740630970245
5.48176298309e-06 -20.059022043662864
5.67048574245e-06 -19.99224168833745
5.95799287829e-06 -19.9202069323621
6.39151471106e-06 -19.86535848764496
6.63270850989e-06 -19.747989174234462
7.07514291256e-06 -19.68021761787289
7.42968647149e-06 -19.595134947148168
7.68283292968e-06 -19.51107849665474
8.0474579762e-06 -19.42204311045277
8.63105619529e-06 -19.334433013895243
9.22052727429e-06 -19.290212689368737
