2.00570585804e-08 -3.7614389141651863
2.07779255948e-08 -4.716172898916454
2.15666275546e-08 -5.921254411836127
2.23511733366e-08 -6.009594582620672
2.26989384553e-08 -5.77519344166965
2.30775360356e-08 -6.64158003646736
2.3915358806e-08 -7.449156253717394
2.4474102892e-08 -7.152861685006748
2.51551417477e-08 -8.851263252102548
2.58389859e-08 -10.034590596617996
2.6250952467e-08 -11.027662574927454
2.70915120349e-08 -11.71892105223801
2.77160002651e-08 -11.739002315096727
2.84878543334e-08 -10.80464032057197
2.95547739668e-08 -10.871697038930726
3.01937587673e-08 -10.6110899184238
3.08358247416e-08 -11.722270107103533
3.17731544709e-08 -12.833678773035423
3.28365434679e-08 -13.666195153915602
3.39605809144e-08 -14.141371598973365
3.50635441908e-08 -14.192336727006683
3.57774943608e-08 -13.010011286338958
3.68387913671e-08 -13.668137684846563
3.77041743787e-08 -13.637081568589487
3.8864261839e-08 -13.612204188012079
4.01376665097e-08 -14.221777570374499
4.09292977305e-08 -14.485424995341369
4.20960753313e-08 -14.542167506279931
4.34998504703e-08 -14.573164834976716
4.47314387216e-08 -15.203590970805223
4.61265011933e-08 -15.613080582132568
4.7739678597e-08 -15.558120617728356
4.96368369434e-08 -15.629473784170123
5.07932465217e-08 -15.858348441431211
5.18583525341e-08 -16.15141294807912
5.30230148696e-08 -15.855461177924532
5.4455868388e-08 -15.061199601243892
5.60131506434e-08 -16.40318761442878
5.75427667568e-08 -16.54232724209274
5.87090014382e-08 -16.75080922486179
6.06724302403e-08 -16.677453672601622
6.28317085546e-08 -16.830004617544382
6.50363798975e-08 -16.97498096971433
6.67206955022e-08 -16.637693794858436
6.81593676378e-08 -16.845180124657595
6.9827676534e-08 -17.23338867393136
7.2248351042e-08 -17.482699290958067
7.43966922957e-08 -17.398268895081436
7.59793454058e-08 -17.67066143461397
7.74140265412e-08 -17.567528368084616
7.99170111017e-08 -17.468723795082838
8.27817815135e-08 -17.80237708164126
8.4814019401e-08 -17.590046154880476
8.68493372857e-08 -18.143625133815966
8.94984966567e-08 -18.381619471856084
9.10932951605e-08 -18.910576247389024
9.26693872149e-08 -19.483167213761654
9.4693776079e-08 -19.611804551991455
9.61993857387e-08 -19.691557770126288
9.87467089763e-08 -19.30484656817726
1.00498051926e-07 -19.926744365684662
1.02853190903e-07 -19.864090821561852
1.04800044135e-07 -20.203242060638082
1.07342854175e-07 -20.119600805607874
1.10756061668e-07 -20.08296549515549
1.1388637345e-07 -20.136802776521456
1.17995549986e-07 -20.01544727397072
1.20389785878e-07 -19.953258418989833
1.23204193039e-07 -20.160161759019196
1.25952280955e-07 -20.28793117739888
1.28973293729e-07 -20.333119295598614
1.3244044164e-07 -20.359285109578785
1.35367040527e-07 -20.398041132037726
1.3822090953e-07 -20.289472205300065
1.41231437178e-07 -20.29920737891154
1.45059270942e-07 -20.348937408186245
1.48769233337e-07 -20.34708825687663
1.52706219112e-07 -20.15618409120252
1.55733302927e-07 -20.071687202137355
1.58772923304e-07 -20.24754596194517
1.61958012111e-07 -20.317786361371184
1.64448154247e-07 -20.35347888122162
1.68703500169e-07 -20.389177728922384
1.73752573339e-07 -20.397617476133256
1.78526935109e-07 -20.42798603397727
1.83608235939e-07 -20.379523864140836
1.8935592224e-07 -20.3532236359894
1.98291862558e-07 -20.440764559577154
2.02986944957e-07 -20.466208724188952
2.06601928364e-07 -20.44677953711416
2.10548631953e-07 -20.484550789778886
2.15290769094e-07 -20.462402261290272
2.19467642478e-07 -20.466613313684974
2.23879040608e-07 -20.4357403040746
2.27572272895e-07 -20.439595050963156
2.3136639105e-07 -20.36173672110737
2.36169083673e-07 -20.34013866998273
2.40697007389e-07 -20.334192070924807
2.44810447152e-07 -20.384821318519506
2.50186867472e-07 -20.347903121161387
2.55956265677e-07 -20.37430593764943
2.61810236671e-07 -20.413614802256227
2.68063105521e-07 -20.48999082132636
2.75485409086e-07 -20.432137727396587
2.80923422044e-07 -20.408079121362753
2.87730906972e-07 -20.519015433590532
2.93598420877e-07 -20.612962314970474
2.98609175101e-07 -20.622586450963823
3.03848659165e-07 -20.65613181040937
3.09732221791e-07 -20.692981680004685
3.1451330546e-07 -20.70334599746584
3.19817524828e-07 -20.693404938528296
3.27448081376e-07 -20.79595703459652
3.33666297846e-07 -20.805455863295172
3.39605268846e-07 -20.77326524077528
3.44795956777e-07 -20.82051052747392
3.49810389179e-07 -20.878587377499706
3.57522372953e-07 -20.867697234971487
3.65227976191e-07 -20.953545887444392
3.70810194688e-07 -20.950522010477535
3.76440526555e-07 -21.12619116132445
3.82548451105e-07 -21.242017345019605
3.90054995981e-07 -21.31684143790509
3.97607740533e-07 -21.39437417347473
4.04150241432e-07 -21.650892351874894
4.11851080614e-07 -21.63210614838045
4.20602170546e-07 -21.703931814745594
4.30160164222e-07 -21.654348482988333
4.37994746734e-07 -21.757144998530556
4.4827200034e-07 -21.906077789356253
4.56328677199e-07 -21.9594239297259
4.63733084849e-07 -21.993281249091403
4.70561038594e-07 -22.01531172440319
4.77623151681e-07 -22.053502427817072
4.86756700828e-07 -22.06145862812668
4.93625499448e-07 -22.079750813089774
5.00064668669e-07 -22.04460771013359
5.11366160063e-07 -22.065690485340795
5.21867855391e-07 -22.078899479085052
5.301096199e-07 -22.15769683117277
5.3731459865e-07 -22.19701528926457
5.45330796177e-07 -22.217888567630915
5.54908107444e-07 -22.252292197958532
5.65742435556e-07 -22.288497410909265
5.72926790062e-07 -22.319352505477546
5.85367829666e-07 -22.344547252655616
6.02457368914e-07 -22.399624677027923
6.13832625225e-07 -22.381766374587166
6.26874662717e-07 -22.395927371624502
6.36919308173e-07 -22.429680550652307
6.43192254377e-07 -22.43666873401019
6.53403355783e-07 -22.562729406374878
6.61586156133e-07 -22.52346750445296
6.70750312817e-07 -22.473991601607224
6.85445438827e-07 -22.501288261399495
6.98206520494e-07 -22.5319253573875
7.10069056047e-07 -22.516300283604537
7.1945756406e-07 -22.50329826461863
7.29799683024e-07 -22.56099258085939
7.43515583858e-07 -22.62870268066274
7.56205357622e-07 -22.688706540331275
7.65095601237e-07 -22.643563278999906
7.74309467317e-07 -22.63224114188327
7.84139478109e-07 -22.65599841160551
7.92293257484e-07 -22.64874579425406
8.03364332881e-07 -22.705985044505404
8.16823135574e-07 -22.7649680474262
8.22856490715e-07 -22.759220789179587
8.39348391317e-07 -22.748478505082808
8.51418841968e-07 -22.702731072143976
8.62589713959e-07 -22.773965155093187
8.71862040143e-07 -22.819824375235363
8.84424374903e-07 -22.8629921261565
9.00685807014e-07 -22.88910321770222
9.15628045922e-07 -22.92501345112398
9.35069631215e-07 -22.926639009282873
9.49004454546e-07 -22.946246186728338
9.68022239879e-07 -22.97564863710729
9.85995528056e-07 -22.995827504810876
1.00305737103e-06 -23.00818499476828
1.02368478334e-06 -23.025089276269377
1.05123074494e-06 -23.036568829830692
1.08147773548e-06 -23.041659437762625
1.10005153047e-06 -23.029684761344114
1.13748920543e-06 -23.050221671843552
1.17492319616e-06 -23.061777001354336
1.20443091662e-06 -23.06188423531784
1.24981901486e-06 -23.09079577497561
1.27278762707e-06 -23.088178735969983
1.29559000006e-06 -23.09069092944666
1.31748769808e-06 -23.08674296886472
1.36044671479e-06 -23.109981315296665
1.40534826867e-06 -23.11573000285373
1.44621589694e-06 -23.13591714187607
1.48131787778e-06 -23.151060419611262
1.54720086503e-06 -23.225656002909226
1.588562969e-06 -23.214780871672936
1.61694525725e-06 -23.23905216163071
1.65855434411e-06 -23.250703531600124
1.7027144913e-06 -23.247427679443653
1.7440712609e-06 -23.217491492332904
1.79047954349e-06 -23.18967855021439
1.84182501437e-06 -23.159089768885885
1.88467017571e-06 -23.12119789055607
1.92166100035e-06 -23.105772214185542
1.9539238098e-06 -23.065036535891757
2.00130047071e-06 -23.02453466455693
2.11110599726e-06 -23.006878614977772
2.18706652246e-06 -22.93995646180946
2.28648820286e-06 -22.797618536055673
2.43033605383e-06 -22.601305032407666
2.54008016924e-06 -22.48877894422862
2.60658674211e-06 -22.479108113754954
2.69965398116e-06 -22.451626716184343
2.90157991958e-06 -22.438492202246515
3.06314484058e-06 -22.363110561664364
3.22362863134e-06 -22.30099503803188
3.357149673e-06 -22.20187876877126
3.57669442182e-06 -22.120485465746327
3.78196901633e-06 -22.025116280781297
3.92010661659e-06 -21.947456368657846
4.03504172386e-06 -21.882387459548646
4.15710886036e-06 -21.82356893230282
4.30967632201e-06 -21.710722919288372
4.44320929247e-06 -21.54414900113226
4.5490261393e-06 -21.45164407671715
4.74298082363e-06 -21.408202588519785
4.99595374435e-06 -21.35465845459141
5.19784556163e-06 -21.27774835806784
5.48176298309e-06 -21.240644711352715
5.67048574245e-06 -21.171508536306348
5.95799287829e-06 -21.096804088936423
6.39151471106e-06 -21.03826605493262
6.63270850989e-06 -20.917252353335265
7.07514291256e-06 -20.845110035439852
7.42968647149e-06 -20.755875269897395
7.68283292968e-06 -20.666639754286585
8.0474579762e-06 -20.570951353679447
8.63105619529e-06 -20.4728855220035
9.22052727429e-06 -20.41837159217132
