2.00570585804e-08 -0.7927147256878087
2.07779255948e-08 -3.7680082067423797
2.15666275546e-08 -5.111013031145639
2.23511733366e-08 -5.064722633039693
2.26989384553e-08 -4.864634823048444
2.30775360356e-08 -5.571771699930068
2.3915358806e-08 -6.680584725637658
2.4474102892e-08 -6.155196460272329
2.51551417477e-08 -8.213092180601876
2.58389859e-08 -9.228068401565736
2.6250952467e-08 -10.05343046541509
2.70915120349e-08 -10.64484884719608
2.77160002651e-08 -10.51669088450592
2.84878543334e-08 -9.90360803259042
2.95547739668e-08 -10.13286816227621
3.01937587673e-08 -9.926761635545581
3.08358247416e-08 -10.940657330983846
3.17731544709e-08 -11.96177976974105
3.28365434679e-08 -12.211663598278975
3.39605809144e-08 -12.570653018323021
3.50635441908e-08 -12.677108327663525
3.57774943608e-08 -11.977914837601226
3.68387913671e-08 -12.983117097783584
3.77041743787e-08 -12.97001093784035
3.8864261839e-08 -12.689754269493093
4.01376665097e-08 -13.362989287543549
4.09292977305e-08 -13.848541504410576
4.20960753313e-08 -13.68769271108662
4.34998504703e-08 -13.407115439714872
4.47314387216e-08 -14.242348926091672
4.61265011933e-08 -14.765645309278483
4.7739678597e-08 -14.81636189560676
4.96368369434e-08 -15.006270978364512
5.07932465217e-08 -15.176801519708484
5.18583525341e-08 -15.52903460724174
5.30230148696e-08 -15.161255699525974
5.4455868388e-08 -13.980148033777432
5.60131506434e-08 -15.692998937128259
5.75427667568e-08 -15.828312406762784
5.87090014382e-08 -16.09652231655108
6.06724302403e-08 -15.979682804639758
6.28317085546e-08 -15.954957067632868
6.50363798975e-08 -16.168929047576924
6.67206955022e-08 -15.906786619196737
6.81593676378e-08 -16.149378439899323
6.9827676534e-08 -16.35283691238385
7.2248351042e-08 -16.675128464341448
7.43966922957e-08 -16.586887344240893
7.59793454058e-08 -16.718250328076742
7.74140265412e-08 -16.585767485493932
7.99170111017e-08 -16.643123368301573
8.27817815135e-08 -16.92536992018183
8.4814019401e-08 -16.761677366906817
8.68493372857e-08 -17.17893159040075
8.94984966567e-08 -17.37192282433547
9.10932951605e-08 -17.87364675747463
9.26693872149e-08 -18.60063653594056
9.4693776079e-08 -18.97219834825284
9.61993857387e-08 -18.979694694310894
9.87467089763e-08 -18.614922251302815
1.00498051926e-07 -19.250293406958193
1.02853190903e-07 -19.13840502306408
1.04800044135e-07 -19.54781853016508
1.07342854175e-07 -19.438307134091836
1.10756061668e-07 -19.479060303410172
1.1388637345e-07 -19.527917334835024
1.17995549986e-07 -19.43244946329225
1.20389785878e-07 -19.224416082979722
1.23204193039e-07 -19.543989132407894
1.25952280955e-07 -19.70332491920125
1.28973293729e-07 -19.745040319774738
1.3244044164e-07 -19.789553684241945
1.35367040527e-07 -19.829306555882482
1.3822090953e-07 -19.72612401182151
1.41231437178e-07 -19.70604367635542
1.45059270942e-07 -19.78371701116182
1.48769233337e-07 -19.766041231187188
1.52706219112e-07 -19.593617941224885
1.55733302927e-07 -19.52703544373953
1.58772923304e-07 -19.69005599159906
1.61958012111e-07 -19.7390921903393
1.64448154247e-07 -19.778786711269397
1.68703500169e-07 -19.815548226539526
1.73752573339e-07 -19.804684413429023
1.78526935109e-07 -19.845763731886287
1.83608235939e-07 -19.790960638799646
1.8935592224e-07 -19.769541526383385
1.98291862558e-07 -19.851984196977995
2.02986944957e-07 -19.87204249665455
2.06601928364e-07 -19.865044981160047
2.10548631953e-07 -19.89233475282297
2.15290769094e-07 -19.88678637671069
2.19467642478e-07 -19.892642406694918
2.23879040608e-07 -19.86243395782872
2.27572272895e-07 -19.871008860415422
2.3136639105e-07 -19.780471039882492
2.36169083673e-07 -19.766308098629274
2.40697007389e-07 -19.7633038082475
2.44810447152e-07 -19.815711589901795
2.50186867472e-07 -19.778382727574574
2.55956265677e-07 -19.8083076436668
2.61810236671e-07 -19.84998353262509
2.68063105521e-07 -19.924091342909875
2.75485409086e-07 -19.868536947841214
2.80923422044e-07 -19.847311907787102
2.87730906972e-07 -19.95546816565149
2.93598420877e-07 -20.045431855025193
2.98609175101e-07 -20.055214558024637
3.03848659165e-07 -20.08819185821268
3.09732221791e-07 -20.123010405471597
3.1451330546e-07 -20.131552764760166
3.19817524828e-07 -20.12064202529335
3.27448081376e-07 -20.220297233579764
3.33666297846e-07 -20.228805082255654
3.39605268846e-07 -20.198512032640792
3.44795956777e-07 -20.243553344478137
3.49810389179e-07 -20.299117868744325
3.57522372953e-07 -20.28860440804246
3.65227976191e-07 -20.370911320565035
3.70810194688e-07 -20.371638305382874
3.76440526555e-07 -20.55326267165224
3.82548451105e-07 -20.67141879309426
3.90054995981e-07 -20.7422432525482
3.97607740533e-07 -20.814775605992075
4.04150241432e-07 -21.061823997453587
4.11851080614e-07 -21.041882281628652
4.20602170546e-07 -21.112585921017235
4.30160164222e-07 -21.063991279362945
4.37994746734e-07 -21.162098399656664
4.4827200034e-07 -21.306759210350272
4.56328677199e-07 -21.358707901527012
4.63733084849e-07 -21.391190092138295
4.70561038594e-07 -21.412077343433047
4.77623151681e-07 -21.450529073071884
4.86756700828e-07 -21.447907892167287
4.93625499448e-07 -21.4760014237253
5.00064668669e-07 -21.441442674051608
5.11366160063e-07 -21.462362762286773
5.21867855391e-07 -21.475473056659844
5.301096199e-07 -21.552101315107983
5.3731459865e-07 -21.59074056698008
5.45330796177e-07 -21.61107422950242
5.54908107444e-07 -21.644917617230412
5.65742435556e-07 -21.680258265688195
5.72926790062e-07 -21.70988524824788
5.85367829666e-07 -21.73500218825241
6.02457368914e-07 -21.789278446639315
6.13832625225e-07 -21.772071768620847
6.26874662717e-07 -21.785709957898234
6.36919308173e-07 -21.81943846882553
6.43192254377e-07 -21.826094477390548
6.53403355783e-07 -21.92856246493335
6.61586156133e-07 -21.901999229186174
6.70750312817e-07 -21.862604162560473
6.85445438827e-07 -21.890028135289057
6.98206520494e-07 -21.920711247380936
7.10069056047e-07 -21.904957516788663
7.1945756406e-07 -21.89209212472658
7.29799683024e-07 -21.94974911962099
7.43515583858e-07 -22.016847288296397
7.56205357622e-07 -22.075945406513988
7.65095601237e-07 -22.032390498669905
7.74309467317e-07 -22.02121659995624
7.84139478109e-07 -22.044982148307206
7.92293257484e-07 -22.037763021543952
8.03364332881e-07 -22.094507256293248
8.16823135574e-07 -22.151947036866815
8.22856490715e-07 -22.147499197101418
8.39348391317e-07 -22.137214421128355
8.51418841968e-07 -22.094462831666952
8.62589713959e-07 -22.164172271177996
8.71862040143e-07 -22.208713016995077
8.84424374903e-07 -22.251100897231233
9.00685807014e-07 -22.276957526505292
9.15628045922e-07 -22.31107972843177
9.35069631215e-07 -22.313131290433972
9.49004454546e-07 -22.332095715627332
9.68022239879e-07 -22.360716165894672
9.85995528056e-07 -22.380767460186355
1.00305737103e-06 -22.39215058420882
1.02368478334e-06 -22.40783243209473
1.05123074494e-06 -22.419035529904903
1.08147773548e-06 -22.423416241274914
1.10005153047e-06 -22.41243351866388
1.13748920543e-06 -22.432115903958184
1.17492319616e-06 -22.442819941672802
1.20443091662e-06 -22.442528805132675
1.24981901486e-06 -22.470919839658798
1.27278762707e-06 -22.46677216032556
1.29559000006e-06 -22.4698377977085
1.31748769808e-06 -22.466087453311303
1.36044671479e-06 -22.48918931434492
1.40534826867e-06 -22.496223156146485
1.44621589694e-06 -22.51654467917175
1.48131787778e-06 -22.531838067960322
1.54720086503e-06 -22.60581138840047
1.588562969e-06 -22.595650583140092
1.61694525725e-06 -22.62247974944247
1.65855434411e-06 -22.633274385293056
1.7027144913e-06 -22.628065175073473
1.7440712609e-06 -22.596795663167235
1.79047954349e-06 -22.568376226381254
1.84182501437e-06 -22.537283505236026
1.88467017571e-06 -22.498923170241447
1.92166100035e-06 -22.48382615136319
1.9539238098e-06 -22.44324091887148
2.00130047071e-06 -22.402950057587084
2.11110599726e-06 -22.38509212772542
2.18706652246e-06 -22.31770988308535
2.28648820286e-06 -22.175519879194404
2.43033605383e-06 -21.97904109674767
2.54008016924e-06 -21.871659725404413
2.60658674211e-06 -21.85953047500591
2.69965398116e-06 -21.831467582851026
2.90157991958e-06 -21.81779243436077
3.06314484058e-06 -21.741802291459187
3.22362863134e-06 -21.678543353381222
3.357149673e-06 -21.57874502309319
3.57669442182e-06 -21.497046038460333
3.78196901633e-06 -21.401500780331133
3.92010661659e-06 -21.32381745597153
4.03504172386e-06 -21.258545858711734
4.15710886036e-06 -21.199689746900155
4.30967632201e-06 -21.08502741542761
4.44320929247e-06 -20.91476853480399
4.5490261393e-06 -20.82114918843579
4.74298082363e-06 -20.77791579630867
4.99595374435e-06 -20.724509540063387
5.19784556163e-06 -20.647853110960398
5.48176298309e-06 -20.611131510136282
5.67048574245e-06 -20.54236913826331
5.95799287829e-06 -20.46766078090682
6.39151471106e-06 -20.408844175676414
6.63270850989e-06 -20.287189976535522
7.07514291256e-06 -20.214043407312914
7.42968647149e-06 -20.123429883218414
7.68283292968e-06 -20.033194541172968
8.0474579762e-06 -19.935827810547742
8.63105619529e-06 -19.835167485703543
9.22052727429e-06 -19.778225936046105
