2.00570585804e-08 16.95846147789574
2.07779255948e-08 14.88869908568399
2.15666275546e-08 12.405816295574066
2.23511733366e-08 10.897303698452804
2.26989384553e-08 10.642970485258807
2.30775360356e-08 7.823190204713864
2.3915358806e-08 6.208489009675517
2.4474102892e-08 6.289692334871923
2.51551417477e-08 5.343587329094991
2.58389859e-08 -2.1085248065033397
2.6250952467e-08 -7.279571795954663
2.70915120349e-08 -8.213568599033316
2.77160002651e-08 -8.542492391021398
2.84878543334e-08 -6.599164576991704
2.95547739668e-08 -6.22931217796409
3.01937587673e-08 -5.230342336802
3.08358247416e-08 -7.874601888060109
3.17731544709e-08 -9.74491419076152
3.28365434679e-08 -10.883567955270685
3.39605809144e-08 -11.71772694279052
3.50635441908e-08 -11.789791770996679
3.57774943608e-08 -10.094986408888026
3.68387913671e-08 -9.878084699688493
3.77041743787e-08 -7.919235329721179
3.8864261839e-08 -8.600537680171485
4.01376665097e-08 -10.042525614450014
4.09292977305e-08 -9.814660292817116
4.20960753313e-08 -10.279158252838947
4.34998504703e-08 -11.92791679489659
4.47314387216e-08 -12.525604815556655
4.61265011933e-08 -13.012940051013693
4.7739678597e-08 -12.792827049753456
4.96368369434e-08 -12.745266855519617
5.07932465217e-08 -12.673316190870644
5.18583525341e-08 -12.452909739958642
5.30230148696e-08 -12.164906491048171
5.4455868388e-08 -11.879468729892345
5.60131506434e-08 -12.68754066645154
5.75427667568e-08 -12.780273787925651
5.87090014382e-08 -12.683177341313275
6.06724302403e-08 -13.113730804428982
6.28317085546e-08 -13.249742992626459
6.50363798975e-08 -13.297458289624878
6.67206955022e-08 -13.277338177920228
6.81593676378e-08 -13.253915922348611
6.9827676534e-08 -13.509747987056073
7.2248351042e-08 -13.558575019740033
7.43966922957e-08 -13.373968707596546
7.59793454058e-08 -13.449283190984453
7.74140265412e-08 -13.493822584980158
7.99170111017e-08 -13.72751231584715
8.27817815135e-08 -13.846587067106377
8.4814019401e-08 -13.827193014457286
8.68493372857e-08 -14.035156657519885
8.94984966567e-08 -14.206826224390461
9.10932951605e-08 -15.128914110618638
9.26693872149e-08 -16.19538300848034
9.4693776079e-08 -16.663809574439618
9.61993857387e-08 -16.651372239804978
9.87467089763e-08 -16.243358427500432
1.00498051926e-07 -16.95421223913464
1.02853190903e-07 -16.835805541775997
1.04800044135e-07 -17.284300586816208
1.07342854175e-07 -17.15305175907789
1.10756061668e-07 -17.231841683713093
1.1388637345e-07 -17.249470413743715
1.17995549986e-07 -17.145292064007137
1.20389785878e-07 -16.917731114030133
1.23204193039e-07 -17.302789259663875
1.25952280955e-07 -17.451950573998708
1.28973293729e-07 -17.474480284575954
1.3244044164e-07 -17.54303470608535
1.35367040527e-07 -17.58462773638773
1.3822090953e-07 -17.468702433368364
1.41231437178e-07 -17.40781470719874
1.45059270942e-07 -17.535617864840965
1.48769233337e-07 -17.512202158734034
1.52706219112e-07 -17.30971198675251
1.55733302927e-07 -17.24789455899021
1.58772923304e-07 -17.434250373258955
1.61958012111e-07 -17.495500612973565
1.64448154247e-07 -17.554299921432197
1.68703500169e-07 -17.588276067220505
1.73752573339e-07 -17.572454265531228
1.78526935109e-07 -17.618302073888046
1.83608235939e-07 -17.561234062618567
1.8935592224e-07 -17.546128860894058
1.98291862558e-07 -17.630151926600696
2.02986944957e-07 -17.65262167420682
2.06601928364e-07 -17.65899388371993
2.10548631953e-07 -17.699838968002148
2.15290769094e-07 -17.710128763402686
2.19467642478e-07 -17.72647626980983
2.23879040608e-07 -17.706256701002488
2.27572272895e-07 -17.720218690433498
2.3136639105e-07 -17.635254755355845
2.36169083673e-07 -17.59915515039838
2.40697007389e-07 -17.600428498234848
2.44810447152e-07 -17.699873394381875
2.50186867472e-07 -17.618098503796915
2.55956265677e-07 -17.70217053459932
2.61810236671e-07 -17.777946633743298
2.68063105521e-07 -17.972043829951836
2.75485409086e-07 -17.844788892124576
2.80923422044e-07 -17.82894193755682
2.87730906972e-07 -18.065760080254208
2.93598420877e-07 -18.29345130390263
2.98609175101e-07 -18.301136045246906
3.03848659165e-07 -18.377306685165394
3.09732221791e-07 -18.470715526221618
3.1451330546e-07 -18.501308447192663
3.19817524828e-07 -18.498186335111093
3.27448081376e-07 -18.72695712516022
3.33666297846e-07 -18.738135907609113
3.39605268846e-07 -18.663049702276673
3.44795956777e-07 -18.776704889827315
3.49810389179e-07 -18.906821637305875
3.57522372953e-07 -18.868621455375
3.65227976191e-07 -19.068323031089
3.70810194688e-07 -19.074370701159715
3.76440526555e-07 -19.1841720118777
3.82548451105e-07 -19.190038805512984
3.90054995981e-07 -19.28707513733051
3.97607740533e-07 -19.45728795018387
4.04150241432e-07 -19.79425675944296
4.11851080614e-07 -19.85173029948176
4.20602170546e-07 -19.88146697184981
4.30160164222e-07 -19.849745818641743
4.37994746734e-07 -20.04259476023872
4.4827200034e-07 -20.24148452573641
4.56328677199e-07 -20.32978261737903
4.63733084849e-07 -20.382526318079428
4.70561038594e-07 -20.423293059686266
4.77623151681e-07 -20.480449156145326
4.86756700828e-07 -20.47667888224226
4.93625499448e-07 -20.532133450915616
5.00064668669e-07 -20.490892380959203
5.11366160063e-07 -20.521046754351005
5.21867855391e-07 -20.55058920652283
5.301096199e-07 -20.667427265284687
5.3731459865e-07 -20.721098073118625
5.45330796177e-07 -20.752215996018784
5.54908107444e-07 -20.801189001376038
5.65742435556e-07 -20.850083900060184
5.72926790062e-07 -20.893445407466878
5.85367829666e-07 -20.92878793845255
6.02457368914e-07 -21.000723549915058
6.13832625225e-07 -20.986875113882697
6.26874662717e-07 -21.00645529414316
6.36919308173e-07 -21.051891387478044
6.43192254377e-07 -21.063700554198093
6.53403355783e-07 -21.090955382641333
6.61586156133e-07 -21.116282552592587
6.70750312817e-07 -21.113813908182927
6.85445438827e-07 -21.148894607012885
6.98206520494e-07 -21.19132631126933
7.10069056047e-07 -21.174494880233368
7.1945756406e-07 -21.162509553340037
7.29799683024e-07 -21.234451857999908
7.43515583858e-07 -21.317850096145328
7.56205357622e-07 -21.387588693440733
7.65095601237e-07 -21.33469225334506
7.74309467317e-07 -21.323006794061136
7.84139478109e-07 -21.351945497921122
7.92293257484e-07 -21.34989619378551
8.03364332881e-07 -21.416935253830538
8.16823135574e-07 -21.486495113357087
8.22856490715e-07 -21.483058748214248
8.39348391317e-07 -21.472979454225147
8.51418841968e-07 -21.43036294656678
8.62589713959e-07 -21.506266367693478
8.71862040143e-07 -21.556061742340184
8.84424374903e-07 -21.599559005194912
9.00685807014e-07 -21.628320895639916
9.15628045922e-07 -21.67000000953947
9.35069631215e-07 -21.67002641754039
9.49004454546e-07 -21.696804813984315
9.68022239879e-07 -21.72633493393336
9.85995528056e-07 -21.749028862908887
1.00305737103e-06 -21.76755473412851
1.02368478334e-06 -21.784343441421626
1.05123074494e-06 -21.799168689560624
1.08147773548e-06 -21.80695524951563
1.10005153047e-06 -21.799035414573176
1.13748920543e-06 -21.82118938811194
1.17492319616e-06 -21.835839965590445
1.20443091662e-06 -21.83850384405659
1.24981901486e-06 -21.87036301594393
1.27278762707e-06 -21.864881028705987
1.29559000006e-06 -21.872959905041206
1.31748769808e-06 -21.87212089051703
1.36044671479e-06 -21.898398658515752
1.40534826867e-06 -21.905857356713618
1.44621589694e-06 -21.931088878898073
1.48131787778e-06 -21.950352445394337
1.54720086503e-06 -22.032072425119736
1.588562969e-06 -22.02684040587628
1.61694525725e-06 -22.056037447287274
1.65855434411e-06 -22.070007122105764
1.7027144913e-06 -22.066082164352224
1.7440712609e-06 -22.035067793879435
1.79047954349e-06 -22.005683953954446
1.84182501437e-06 -21.975469134107534
1.88467017571e-06 -21.938226894509747
1.92166100035e-06 -21.921501616246175
1.9539238098e-06 -21.880800983165805
2.00130047071e-06 -21.839880679384912
2.11110599726e-06 -21.823612107570234
2.18706652246e-06 -21.756999483935566
2.28648820286e-06 -21.614188747905786
2.43033605383e-06 -21.41367371590549
2.54008016924e-06 -21.295238224190676
2.60658674211e-06 -21.290337821642446
2.69965398116e-06 -21.26468203872119
2.90157991958e-06 -21.252615451141864
3.06314484058e-06 -21.17771340897557
3.22362863134e-06 -21.11683834891239
3.357149673e-06 -21.019220106959644
3.57669442182e-06 -20.93828884277714
3.78196901633e-06 -20.843447286420847
3.92010661659e-06 -20.765168378349514
4.03504172386e-06 -20.699728846412143
4.15710886036e-06 -20.640702378521247
4.30967632201e-06 -20.527780985314728
4.44320929247e-06 -20.362260673542515
4.5490261393e-06 -20.27031473533914
4.74298082363e-06 -20.22679782883889
4.99595374435e-06 -20.17199254944431
5.19784556163e-06 -20.09381265437961
5.48176298309e-06 -20.054978459230576
5.67048574245e-06 -19.983964642423423
5.95799287829e-06 -19.906637542429095
6.39151471106e-06 -19.844233129490476
6.63270850989e-06 -19.718869809980802
7.07514291256e-06 -19.641315937861748
7.42968647149e-06 -19.545888087363316
7.68283292968e-06 -19.451145489344697
8.0474579762e-06 -19.347232051765182
8.63105619529e-06 -19.23610844731808
9.22052727429e-06 -19.16886449894647
