2.00570585804e-08 112.62877365830815
2.07779255948e-08 112.55209893933016
2.15666275546e-08 112.47119868134047
2.23511733366e-08 112.39360824010637
2.26989384553e-08 52.48076397580051
2.30775360356e-08 49.79434440919813
2.3915358806e-08 47.9253278944511
2.4474102892e-08 46.24021434614514
2.51551417477e-08 44.75608589060086
2.58389859e-08 43.5235090409693
2.6250952467e-08 42.213418187635675
2.70915120349e-08 40.84583531593417
2.77160002651e-08 39.41702408051839
2.84878543334e-08 37.75707830868612
2.95547739668e-08 36.17356496547402
3.01937587673e-08 34.909660754088804
3.08358247416e-08 33.64736974890175
3.17731544709e-08 32.22883155327354
3.28365434679e-08 30.683740959448958
3.39605809144e-08 29.16339232217636
3.50635441908e-08 27.87636880308206
3.57774943608e-08 26.762459585249537
3.68387913671e-08 25.652538186684993
3.77041743787e-08 24.528283110933714
3.8864261839e-08 23.329040810789753
4.01376665097e-08 22.192784933437686
4.09292977305e-08 21.246682540951657
4.20960753313e-08 20.187914588162467
4.34998504703e-08 19.030823332258215
4.47314387216e-08 17.95893314315945
4.61265011933e-08 16.855170977146916
4.7739678597e-08 15.655161350915822
4.96368369434e-08 13.005062900946221
5.07932465217e-08 8.513856201592958
5.18583525341e-08 7.436138892890234
5.30230148696e-08 6.87515239916976
5.4455868388e-08 6.254465340754848
5.60131506434e-08 5.573367316888998
5.75427667568e-08 5.030344229686641
5.87090014382e-08 4.422514920414951
6.06724302403e-08 3.7326526142772636
6.28317085546e-08 3.0660776188594348
6.50363798975e-08 2.461487766286858
6.67206955022e-08 1.9896158839379972
6.81593676378e-08 1.5832296034720343
6.9827676534e-08 1.1144336418597618
7.2248351042e-08 0.598621159712188
7.43966922957e-08 0.12845581986672272
7.59793454058e-08 -0.24129234830327206
7.74140265412e-08 -0.6043772714245002
7.99170111017e-08 -1.0559167598758208
8.27817815135e-08 -1.5175886521979258
8.4814019401e-08 -1.9000120685290085
8.68493372857e-08 -2.272791862949685
8.94984966567e-08 -2.6438568749667617
9.10932951605e-08 -4.48421063325242
9.26693872149e-08 -6.836013021878962
9.4693776079e-08 -9.483680883143073
9.61993857387e-08 -10.535512394363472
9.87467089763e-08 -11.139049705338543
1.00498051926e-07 -11.764372151547008
1.02853190903e-07 -10.762830415533067
1.04800044135e-07 -12.29404810559113
1.07342854175e-07 -12.32862337019693
1.10756061668e-07 -12.784729135771336
1.1388637345e-07 -13.104064508677034
1.17995549986e-07 -13.19678310435225
1.20389785878e-07 -11.625542353662276
1.23204193039e-07 -13.025667635375669
1.25952280955e-07 -13.567114842084024
1.28973293729e-07 -13.903178660410603
1.3244044164e-07 -13.995194754132342
1.35367040527e-07 -14.142104165393086
1.3822090953e-07 -14.204085778983796
1.41231437178e-07 -14.231086939157166
1.45059270942e-07 -14.308247685289636
1.48769233337e-07 -14.312369694025847
1.52706219112e-07 -14.225499643490245
1.55733302927e-07 -14.25101268360742
1.58772923304e-07 -14.371096061852974
1.61958012111e-07 -14.366671068640066
1.64448154247e-07 -14.370697810600603
1.68703500169e-07 -14.433598844700057
1.73752573339e-07 -14.471625195718687
1.78526935109e-07 -14.602924108877978
1.83608235939e-07 -14.594584393139726
1.8935592224e-07 -14.681035238258708
1.98291862558e-07 -14.870362375863252
2.02986944957e-07 -14.901806469492165
2.06601928364e-07 -15.049806768833207
2.10548631953e-07 -15.219258460344541
2.15290769094e-07 -15.238866285674796
2.19467642478e-07 -15.322790518615435
2.23879040608e-07 -15.352966903040652
2.27572272895e-07 -15.351582338250878
2.3136639105e-07 -15.312305668947623
2.36169083673e-07 -15.114383690270664
2.40697007389e-07 -15.129971633621736
2.44810447152e-07 -15.594486593581294
2.50186867472e-07 -15.329963793842367
2.55956265677e-07 -15.63226710029538
2.61810236671e-07 -15.87910189203847
2.68063105521e-07 -16.445821561983713
2.75485409086e-07 -16.145440112118656
2.80923422044e-07 -16.139199502427246
2.87730906972e-07 -16.67781579533203
2.93598420877e-07 -17.10731162766109
2.98609175101e-07 -17.123642648961095
3.03848659165e-07 -17.253662513249928
3.09732221791e-07 -17.397263807519273
3.1451330546e-07 -17.44809380904085
3.19817524828e-07 -17.460848228770445
3.27448081376e-07 -17.791931508615704
3.33666297846e-07 -17.81054434325388
3.39605268846e-07 -17.71179317907228
3.44795956777e-07 -17.879646978641993
3.49810389179e-07 -18.052059276381435
3.57522372953e-07 -18.011604403505928
3.65227976191e-07 -18.257826061048988
3.70810194688e-07 -18.267398408219968
3.76440526555e-07 -18.350403929003882
3.82548451105e-07 -18.315797354983914
3.90054995981e-07 -18.421705693595747
3.97607740533e-07 -18.63817012529639
4.04150241432e-07 -19.00858156541529
4.11851080614e-07 -19.09399490435454
4.20602170546e-07 -19.111534864408213
4.30160164222e-07 -19.081165434616636
4.37994746734e-07 -19.30325221497646
4.4827200034e-07 -19.51927533497915
4.56328677199e-07 -19.616669408358213
4.63733084849e-07 -19.677115620037917
4.70561038594e-07 -19.724143263240627
4.77623151681e-07 -19.784415352328672
4.86756700828e-07 -19.784753778114258
4.93625499448e-07 -19.844637724228555
5.00064668669e-07 -19.80946737525577
5.11366160063e-07 -19.843252107106693
5.21867855391e-07 -19.877942443152484
5.301096199e-07 -19.997225833168066
5.3731459865e-07 -20.053264267454992
5.45330796177e-07 -20.087287162719512
5.54908107444e-07 -20.1393032958389
5.65742435556e-07 -20.190891187993408
5.72926790062e-07 -20.234667733133705
5.85367829666e-07 -20.273532653567578
6.02457368914e-07 -20.34676607527203
6.13832625225e-07 -20.337799229920407
6.26874662717e-07 -20.360625433351153
6.36919308173e-07 -20.40811175876678
6.43192254377e-07 -20.41946664282377
6.53403355783e-07 -20.435084108123213
6.61586156133e-07 -20.469253070898688
6.70750312817e-07 -20.476554368747948
6.85445438827e-07 -20.513303441296614
6.98206520494e-07 -20.554810735516888
7.10069056047e-07 -20.54316081908368
7.1945756406e-07 -20.535086121242223
7.29799683024e-07 -20.602875457040405
7.43515583858e-07 -20.678968405012597
7.56205357622e-07 -20.743527856726395
7.65095601237e-07 -20.702001701511676
7.74309467317e-07 -20.695050164033326
7.84139478109e-07 -20.723874242789698
7.92293257484e-07 -20.722635262276306
8.03364332881e-07 -20.786210339648264
8.16823135574e-07 -20.847824779645165
8.22856490715e-07 -20.846552873921347
8.39348391317e-07 -20.84265767267226
8.51418841968e-07 -20.8096546427577
8.62589713959e-07 -20.877161094459744
8.71862040143e-07 -20.918920085820794
8.84424374903e-07 -20.957945223199786
9.00685807014e-07 -20.984971635432693
9.15628045922e-07 -21.02080078120359
9.35069631215e-07 -21.025699522474113
9.49004454546e-07 -21.049021680280042
9.68022239879e-07 -21.07443803217258
9.85995528056e-07 -21.09597859304551
1.00305737103e-06 -21.11195401859632
1.02368478334e-06 -21.125661211354945
1.05123074494e-06 -21.140542269130208
1.08147773548e-06 -21.14860982830043
1.10005153047e-06 -21.143118294184724
1.13748920543e-06 -21.163927662184896
1.17492319616e-06 -21.177277785902824
1.20443091662e-06 -21.179444514815103
1.24981901486e-06 -21.210819867363803
1.27278762707e-06 -21.204860005240143
1.29559000006e-06 -21.21303699065438
1.31748769808e-06 -21.21237512183633
1.36044671479e-06 -21.238803978378414
1.40534826867e-06 -21.249948275149833
1.44621589694e-06 -21.27527789076982
1.48131787778e-06 -21.29405027028408
1.54720086503e-06 -21.3729785557968
1.588562969e-06 -21.371220436800883
1.61694525725e-06 -21.40015370279651
1.65855434411e-06 -21.41020710310878
1.7027144913e-06 -21.401431542732034
1.7440712609e-06 -21.368692007450036
1.79047954349e-06 -21.339167437583384
1.84182501437e-06 -21.308504455864544
1.88467017571e-06 -21.270865291689738
1.92166100035e-06 -21.253608164916827
1.9539238098e-06 -21.213250676352665
2.00130047071e-06 -21.17198254655863
2.11110599726e-06 -21.15345536310999
2.18706652246e-06 -21.085067359241847
2.28648820286e-06 -20.94516418053211
2.43033605383e-06 -20.753836315921404
2.54008016924e-06 -20.650992372718342
2.60658674211e-06 -20.63904665337185
2.69965398116e-06 -20.609174648667583
2.90157991958e-06 -20.59194795836587
3.06314484058e-06 -20.511969373675804
3.22362863134e-06 -20.446090397553235
3.357149673e-06 -20.345436136771013
3.57669442182e-06 -20.26283061004724
3.78196901633e-06 -20.167597519462525
3.92010661659e-06 -20.08887132199014
4.03504172386e-06 -20.023374361039295
4.15710886036e-06 -19.96372047959529
4.30967632201e-06 -19.848672264759784
4.44320929247e-06 -19.678489859407684
4.5490261393e-06 -19.58450731176886
4.74298082363e-06 -19.54165727925688
4.99595374435e-06 -19.48686843121753
5.19784556163e-06 -19.40891506642918
5.48176298309e-06 -19.370479256309217
5.67048574245e-06 -19.299713854074973
5.95799287829e-06 -19.222272748099215
6.39151471106e-06 -19.159234721222766
6.63270850989e-06 -19.032950572755304
7.07514291256e-06 -18.95420342949081
7.42968647149e-06 -18.857611617729667
7.68283292968e-06 -18.76177392429573
8.0474579762e-06 -18.656496312253736
8.63105619529e-06 -18.543396905252933
9.22052727429e-06 -18.474344457383452
