2.00570585804e-08 112.75858757180268
2.07779255948e-08 112.6819128528247
2.15666275546e-08 112.60101259483497
2.23511733366e-08 112.52342215360093
2.26989384553e-08 25.529982275396048
2.30775360356e-08 22.974494882681782
2.3915358806e-08 21.685117356741454
2.4474102892e-08 20.56671076016918
2.51551417477e-08 19.58323670777632
2.58389859e-08 18.73499119109437
2.6250952467e-08 17.841800593414796
2.70915120349e-08 16.948053113506916
2.77160002651e-08 16.01980797218638
2.84878543334e-08 14.904292213200316
2.95547739668e-08 13.876892255439707
3.01937587673e-08 13.072023297763067
3.08358247416e-08 12.258631079769708
3.17731544709e-08 11.325490292416198
3.28365434679e-08 10.351690103414985
3.39605809144e-08 9.36276013291842
3.50635441908e-08 8.081567868641894
3.57774943608e-08 6.852411571315091
3.68387913671e-08 6.09951862716343
3.77041743787e-08 5.485613218892549
3.8864261839e-08 4.699039047628659
4.01376665097e-08 3.9854754541196407
4.09292977305e-08 3.4406404343092234
4.20960753313e-08 2.7932284779874053
4.34998504703e-08 2.0929819509671077
4.47314387216e-08 1.5132798021579745
4.61265011933e-08 0.9133940087892576
4.7739678597e-08 0.21746998719808275
4.96368369434e-08 -0.589226282119764
5.07932465217e-08 -4.372545382722954
5.18583525341e-08 -5.455350882756079
5.30230148696e-08 -5.680940786261274
5.4455868388e-08 -6.094630179941035
5.60131506434e-08 -6.63084770611729
5.75427667568e-08 -6.865996506625944
5.87090014382e-08 -7.181442860471456
6.06724302403e-08 -7.617967666153664
6.28317085546e-08 -7.963949546491527
6.50363798975e-08 -8.255406647122818
6.67206955022e-08 -8.500931433674921
6.81593676378e-08 -8.602876670519912
6.9827676534e-08 -8.939826142086567
7.2248351042e-08 -9.200768989725418
7.43966922957e-08 -9.454644553005572
7.59793454058e-08 -9.67309904609786
7.74140265412e-08 -9.865134665552297
7.99170111017e-08 -10.07599165040292
8.27817815135e-08 -10.235657256610843
8.4814019401e-08 -10.416548064467754
8.68493372857e-08 -10.641445818107336
8.94984966567e-08 -10.876607506259681
9.10932951605e-08 -11.709734039564097
9.26693872149e-08 -14.333224195681417
9.4693776079e-08 -15.565546950192179
9.61993857387e-08 -15.676108330043249
9.87467089763e-08 -15.331574492623474
1.00498051926e-07 -16.167919812508785
1.02853190903e-07 -15.862206144803991
1.04800044135e-07 -16.51577778961738
1.07342854175e-07 -16.346900948630605
1.10756061668e-07 -16.477719775720978
1.1388637345e-07 -16.52754908226349
1.17995549986e-07 -16.452691854056432
1.20389785878e-07 -15.991402983044367
1.23204193039e-07 -16.587537220457747
1.25952280955e-07 -16.75987617752945
1.28973293729e-07 -16.775936318135926
1.3244044164e-07 -16.844219750178006
1.35367040527e-07 -16.880492460556532
1.3822090953e-07 -16.76316127467473
1.41231437178e-07 -16.712265712160537
1.45059270942e-07 -16.820882638287713
1.48769233337e-07 -16.774940849178144
1.52706219112e-07 -16.593796338302404
1.55733302927e-07 -16.5550771214562
1.58772923304e-07 -16.718830275456064
1.61958012111e-07 -16.757471942992282
1.64448154247e-07 -16.814314652423214
1.68703500169e-07 -16.860606989369636
1.73752573339e-07 -16.835942064900884
1.78526935109e-07 -16.897990269288968
1.83608235939e-07 -16.83219482173805
1.8935592224e-07 -16.819851047785043
1.98291862558e-07 -16.922816278682205
2.02986944957e-07 -16.953322265893945
2.06601928364e-07 -16.982181445824565
2.10548631953e-07 -17.03852697882408
2.15290769094e-07 -17.05496837707043
2.19467642478e-07 -17.084109281266507
2.23879040608e-07 -17.071299961379232
2.27572272895e-07 -17.081869500230077
2.3136639105e-07 -16.992884349879127
2.36169083673e-07 -16.943618482085974
2.40697007389e-07 -16.946283057344758
2.44810447152e-07 -17.102181100903536
2.50186867472e-07 -16.998436473846397
2.55956265677e-07 -17.09575067980687
2.61810236671e-07 -17.197410985227954
2.68063105521e-07 -17.45207524239722
2.75485409086e-07 -17.301556042783304
2.80923422044e-07 -17.285943638699045
2.87730906972e-07 -17.575442049990592
2.93598420877e-07 -17.820362690109675
2.98609175101e-07 -17.840079837472068
3.03848659165e-07 -17.924129851153907
3.09732221791e-07 -18.011799364011246
3.1451330546e-07 -18.040221489736652
3.19817524828e-07 -18.042949809770306
3.27448081376e-07 -18.274420642752425
3.33666297846e-07 -18.292857479021848
3.39605268846e-07 -18.22781717304595
3.44795956777e-07 -18.3476807897743
3.49810389179e-07 -18.472348165950727
3.57522372953e-07 -18.449062160248573
3.65227976191e-07 -18.63100314612472
3.70810194688e-07 -18.64487579843413
3.76440526555e-07 -18.76421356610725
3.82548451105e-07 -18.793028468002078
3.90054995981e-07 -18.873113294330018
3.97607740533e-07 -19.02840905080261
4.04150241432e-07 -19.354624453722657
4.11851080614e-07 -19.409005036761897
4.20602170546e-07 -19.44499659691182
4.30160164222e-07 -19.408491360572206
4.37994746734e-07 -19.589308513202326
4.4827200034e-07 -19.78059605800525
4.56328677199e-07 -19.863967694784577
4.63733084849e-07 -19.91747922816851
4.70561038594e-07 -19.957582550992008
4.77623151681e-07 -20.01194292298097
4.86756700828e-07 -19.999190080103766
4.93625499448e-07 -20.06356221151899
5.00064668669e-07 -20.032610848280946
5.11366160063e-07 -20.06502701292726
5.21867855391e-07 -20.093865050287576
5.301096199e-07 -20.196224589284604
5.3731459865e-07 -20.247738092767925
5.45330796177e-07 -20.27808851234846
5.54908107444e-07 -20.325098135840925
5.65742435556e-07 -20.372236061268126
5.72926790062e-07 -20.41154293518639
5.85367829666e-07 -20.44739335883783
6.02457368914e-07 -20.51499141822479
6.13832625225e-07 -20.505948889557615
6.26874662717e-07 -20.527249005441988
6.36919308173e-07 -20.57130021816903
6.43192254377e-07 -20.580804959692372
6.53403355783e-07 -20.591432254995418
6.61586156133e-07 -20.62611711338957
6.70750312817e-07 -20.634767148594904
6.85445438827e-07 -20.669479995568473
6.98206520494e-07 -20.70721059756132
7.10069056047e-07 -20.69713431661031
7.1945756406e-07 -20.689189855655975
7.29799683024e-07 -20.752083803240602
7.43515583858e-07 -20.820436851282274
7.56205357622e-07 -20.879853524507716
7.65095601237e-07 -20.846487874639593
7.74309467317e-07 -20.841071940952354
7.84139478109e-07 -20.86831882978982
7.92293257484e-07 -20.865433384609098
8.03364332881e-07 -20.92571374526667
8.16823135574e-07 -20.97971398764303
8.22856490715e-07 -20.981623257487882
8.39348391317e-07 -20.979980718373
8.51418841968e-07 -20.946703549518183
8.62589713959e-07 -21.01116349343939
8.71862040143e-07 -21.049218546807587
8.84424374903e-07 -21.08808741365126
9.00685807014e-07 -21.114285928065478
9.15628045922e-07 -21.14342339022089
9.35069631215e-07 -21.150035026639067
9.49004454546e-07 -21.169909816971256
9.68022239879e-07 -21.19404753500889
9.85995528056e-07 -21.215188219856763
1.00305737103e-06 -21.227704960116043
1.02368478334e-06 -21.23933361501615
1.05123074494e-06 -21.252869922877473
1.08147773548e-06 -21.259558568359267
1.10005153047e-06 -21.25399214368983
1.13748920543e-06 -21.273079687773013
1.17492319616e-06 -21.284368914727075
1.20443091662e-06 -21.285200456547926
1.24981901486e-06 -21.315020592475342
1.27278762707e-06 -21.307534284348215
1.29559000006e-06 -21.31488016848767
1.31748769808e-06 -21.314012755307417
1.36044671479e-06 -21.339693376482217
1.40534826867e-06 -21.35328059555303
1.44621589694e-06 -21.37604173637969
1.48131787778e-06 -21.393870319556584
1.54720086503e-06 -21.468240452832383
1.588562969e-06 -21.464410726945125
1.61694525725e-06 -21.491415249343255
1.65855434411e-06 -21.49830702772016
1.7027144913e-06 -21.48803440704711
1.7440712609e-06 -21.45601751456858
1.79047954349e-06 -21.4280675851004
1.84182501437e-06 -21.39653759610735
1.88467017571e-06 -21.357665925626712
1.92166100035e-06 -21.34219131946302
1.9539238098e-06 -21.3025997372225
2.00130047071e-06 -21.261650325954236
2.11110599726e-06 -21.241105712634656
2.18706652246e-06 -21.170950778083657
2.28648820286e-06 -21.032275412598302
2.43033605383e-06 -20.846446652013753
2.54008016924e-06 -20.760528683448833
2.60658674211e-06 -20.742744191952553
2.69965398116e-06 -20.710068587562887
2.90157991958e-06 -20.6894745804671
3.06314484058e-06 -20.605306494329213
3.22362863134e-06 -20.534523839230282
3.357149673e-06 -20.430919008106585
3.57669442182e-06 -20.346952250980202
3.78196901633e-06 -20.250908743107992
3.92010661659e-06 -20.172377787416842
4.03504172386e-06 -20.106934810397142
4.15710886036e-06 -20.04718716565366
4.30967632201e-06 -19.92767927334129
4.44320929247e-06 -19.748124042378947
4.5490261393e-06 -19.651483952834376
4.74298082363e-06 -19.60959191376164
4.99595374435e-06 -19.55569775085889
5.19784556163e-06 -19.479029592876856
5.48176298309e-06 -19.442447609903127
5.67048574245e-06 -19.37357898111174
5.95799287829e-06 -19.297458128475355
6.39151471106e-06 -19.235404480873306
6.63270850989e-06 -19.10947431520924
7.07514291256e-06 -19.030682263389878
7.42968647149e-06 -18.933759661033356
7.68283292968e-06 -18.837687511197892
8.0474579762e-06 -18.731998515800868
8.63105619529e-06 -18.618414037096557
9.22052727429e-06 -18.548984767596856
