2.00570585804e-08 111.80245709231525
2.07779255948e-08 111.7257823733373
2.15666275546e-08 111.64488211534757
2.23511733366e-08 111.56729167411353
2.26989384553e-08 111.53376557035804
2.30775360356e-08 111.4978461180765
2.3915358806e-08 111.42040880179525
2.4474102892e-08 111.37025939938403
2.51551417477e-08 111.31065946257289
2.58389859e-08 111.25241598229658
2.6250952467e-08 111.21806797905361
2.70915120349e-08 111.1496270839906
2.77160002651e-08 111.10014052295497
2.84878543334e-08 111.04049460703584
2.95547739668e-08 110.96065509583892
3.01937587673e-08 110.91420740235262
3.08358247416e-08 110.86851546377531
3.17731544709e-08 110.80349163621716
3.28365434679e-08 110.73200613236835
3.39605809144e-08 110.65891775462549
3.50635441908e-08 110.589514246715
3.57774943608e-08 110.54574369733695
3.68387913671e-08 110.4822664414285
3.77041743787e-08 110.43184613036956
3.8864261839e-08 110.36604118988262
4.01376665097e-08 110.29603270586318
4.09292977305e-08 110.25362184185386
4.20960753313e-08 110.19258526745094
4.34998504703e-08 110.12135448663037
4.47314387216e-08 110.06072897279668
4.61265011933e-08 109.99404073917904
4.7739678597e-08 109.9193958528673
4.96368369434e-08 109.83477281334496
5.07932465217e-08 109.78476344574366
5.18583525341e-08 109.73969972835079
5.30230148696e-08 109.69147121739394
5.4455868388e-08 109.63356986717906
5.60131506434e-08 109.5723432986639
5.75427667568e-08 109.5138396085612
5.87090014382e-08 109.47026983867835
6.06724302403e-08 109.3988363520235
6.28317085546e-08 109.32289895976933
6.50363798975e-08 109.24801151082173
6.67206955022e-08 109.19249048315237
6.81593676378e-08 76.3845733841981
6.9827676534e-08 65.47376818574487
7.2248351042e-08 62.64009395318692
7.43966922957e-08 60.362454351325766
7.59793454058e-08 58.65757233729884
7.74140265412e-08 56.859637224469125
7.99170111017e-08 54.44734807693253
8.27817815135e-08 52.1825879669888
8.4814019401e-08 50.33644471958558
8.68493372857e-08 48.55062384371179
8.94984966567e-08 46.85858155821731
9.10932951605e-08 14.885304872668867
9.26693872149e-08 11.449770745663878
9.4693776079e-08 10.668476180339848
9.61993857387e-08 9.999767174552364
9.87467089763e-08 9.305175975125676
1.00498051926e-07 8.621111950399815
1.02853190903e-07 8.080454072692346
1.04800044135e-07 7.326658784612956
1.07342854175e-07 6.583005621516055
1.10756061668e-07 4.799949778938725
1.1388637345e-07 3.4806304632975653
1.17995549986e-07 2.8616271212904465
1.20389785878e-07 3.29694522009693
1.23204193039e-07 2.124997094668103
1.25952280955e-07 0.8412540571917866
1.28973293729e-07 -0.04308923363228345
1.3244044164e-07 -0.7756007405177314
1.35367040527e-07 -1.3370649634017902
1.3822090953e-07 -1.7718586771242926
1.41231437178e-07 -2.265888673159793
1.45059270942e-07 -2.8442885090498464
1.48769233337e-07 -3.4310055959646135
1.52706219112e-07 -4.174711655037214
1.55733302927e-07 -4.824617836326798
1.58772923304e-07 -5.762044006298446
1.61958012111e-07 -6.205794760547782
1.64448154247e-07 -6.738411038123502
1.68703500169e-07 -8.476345756321187
1.73752573339e-07 -9.706588520075236
1.78526935109e-07 -10.43283534550553
1.83608235939e-07 -10.892943372425528
1.8935592224e-07 -11.46221078345556
1.98291862558e-07 -12.128901110404392
2.02986944957e-07 -12.391923897277906
2.06601928364e-07 -12.977721203877024
2.10548631953e-07 -13.605550151347451
2.15290769094e-07 -13.732816630048958
2.19467642478e-07 -13.941495387138168
2.23879040608e-07 -14.126258764769055
2.27572272895e-07 -14.082112739003811
2.3136639105e-07 -14.174065441983721
2.36169083673e-07 -13.818576394346422
2.40697007389e-07 -13.869764911108163
2.44810447152e-07 -14.69664916451761
2.50186867472e-07 -14.106799099904741
2.55956265677e-07 -14.855513652684543
2.61810236671e-07 -15.291159625821265
2.68063105521e-07 -16.123298456324953
2.75485409086e-07 -15.658308714815995
2.80923422044e-07 -15.66436739771705
2.87730906972e-07 -16.39896359044706
2.93598420877e-07 -17.018549391132716
2.98609175101e-07 -16.9879519230593
3.03848659165e-07 -17.155660908265084
3.09732221791e-07 -17.383469847328648
3.1451330546e-07 -17.466255255321784
3.19817524828e-07 -17.475338810582436
3.27448081376e-07 -17.902569966989617
3.33666297846e-07 -17.906282025652892
3.39605268846e-07 -17.748482732267945
3.44795956777e-07 -17.952572518587445
3.49810389179e-07 -18.18247671593533
3.57522372953e-07 -18.098246457126173
3.65227976191e-07 -18.440046510811037
3.70810194688e-07 -18.416764406963644
3.76440526555e-07 -18.439726123375017
3.82548451105e-07 -18.292897608300386
3.90054995981e-07 -18.46283677824829
3.97607740533e-07 -18.774792943574354
4.04150241432e-07 -19.19706291231352
4.11851080614e-07 -19.31645421991839
4.20602170546e-07 -19.306262093581942
4.30160164222e-07 -19.29513078175301
4.37994746734e-07 -19.56918082330953
4.4827200034e-07 -19.815830191006896
4.56328677199e-07 -19.931846033440713
4.63733084849e-07 -19.997201705954737
4.70561038594e-07 -20.051143760873217
4.77623151681e-07 -20.118022675281793
4.86756700828e-07 -20.133898610983785
4.93625499448e-07 -20.186619075428418
5.00064668669e-07 -20.13601400717267
5.11366160063e-07 -20.166695830868996
5.21867855391e-07 -20.209839646018985
5.301096199e-07 -20.360879115677
5.3731459865e-07 -20.422782877108126
5.45330796177e-07 -20.45966466987565
5.54908107444e-07 -20.51893089217161
5.65742435556e-07 -20.576428411911543
5.72926790062e-07 -20.627858204109394
5.85367829666e-07 -20.667738834235642
6.02457368914e-07 -20.751483596817017
6.13832625225e-07 -20.738669845258926
6.26874662717e-07 -20.76077755886204
6.36919308173e-07 -20.81375134509537
6.43192254377e-07 -20.828345878439265
6.53403355783e-07 -20.85233325318903
6.61586156133e-07 -20.884916551468834
6.70750312817e-07 -20.884871548782648
6.85445438827e-07 -20.92461199474664
6.98206520494e-07 -20.976165056994432
7.10069056047e-07 -20.956176480575564
7.1945756406e-07 -20.94356700338448
7.29799683024e-07 -21.027438767067395
7.43515583858e-07 -21.12576301800054
7.56205357622e-07 -21.205851995859383
7.65095601237e-07 -21.13989186974461
7.74309467317e-07 -21.125370290754496
7.84139478109e-07 -21.157973207839582
7.92293257484e-07 -21.159432184073417
8.03364332881e-07 -21.235225735380084
8.16823135574e-07 -21.320234996854808
8.22856490715e-07 -21.31242724624216
8.39348391317e-07 -21.299065086151437
8.51418841968e-07 -21.256160810830686
8.62589713959e-07 -21.338362225638996
8.71862040143e-07 -21.3955599116348
8.84424374903e-07 -21.440621343173184
9.00685807014e-07 -21.471144439042618
9.15628045922e-07 -21.525286779953326
9.35069631215e-07 -21.520650382710564
9.49004454546e-07 -21.55504564683398
9.68022239879e-07 -21.58747598985603
9.85995528056e-07 -21.61106185115095
1.00305737103e-06 -21.63648411731559
1.02368478334e-06 -21.65831769602655
1.05123074494e-06 -21.674787080101673
1.08147773548e-06 -21.68491744072925
1.10005153047e-06 -21.676050653903808
1.13748920543e-06 -21.70084772789601
1.17492319616e-06 -21.71824395141295
1.20443091662e-06 -21.722607005289028
1.24981901486e-06 -21.756898801072325
1.27278762707e-06 -21.753214242069383
1.29559000006e-06 -21.763375351500898
1.31748769808e-06 -21.762565059069928
1.36044671479e-06 -21.78934996356398
1.40534826867e-06 -21.793098999982313
1.44621589694e-06 -21.823452388670965
1.48131787778e-06 -21.846765842945146
1.54720086503e-06 -21.93804267886283
1.588562969e-06 -21.936718542800065
1.61694525725e-06 -21.96928392085804
1.65855434411e-06 -21.98915003849516
1.7027144913e-06 -21.989750594911705
1.7440712609e-06 -21.95830829676762
1.79047954349e-06 -21.923944216376384
1.84182501437e-06 -21.89313326705468
1.88467017571e-06 -21.856912164249387
1.92166100035e-06 -21.839474221885546
1.9539238098e-06 -21.798479568138312
2.00130047071e-06 -21.757607471258602
2.11110599726e-06 -21.747602198027202
2.18706652246e-06 -21.685658510214147
2.28648820286e-06 -21.541168329321742
2.43033605383e-06 -21.328890105842554
2.54008016924e-06 -21.184191797202367
2.60658674211e-06 -21.184339559215253
2.69965398116e-06 -21.161813398124217
2.90157991958e-06 -21.154487605468752
3.06314484058e-06 -21.088197906200612
3.22362863134e-06 -21.03800067693293
3.357149673e-06 -20.948199277117602
3.57669442182e-06 -20.871630733791513
3.78196901633e-06 -20.7795668892528
3.92010661659e-06 -20.70141755010527
4.03504172386e-06 -20.6360603498405
4.15710886036e-06 -20.577098532004094
4.30967632201e-06 -20.46818046688344
4.44320929247e-06 -20.310483618018417
4.5490261393e-06 -20.22103120074835
4.74298082363e-06 -20.17717161146124
4.99595374435e-06 -20.12172720059384
5.19784556163e-06 -20.04283517203622
5.48176298309e-06 -20.002699890164898
5.67048574245e-06 -19.930191234533524
5.95799287829e-06 -19.851793045292695
6.39151471106e-06 -19.788441357029434
6.63270850989e-06 -19.662602899336804
7.07514291256e-06 -19.584769951674517
7.42968647149e-06 -19.489286568662592
7.68283292968e-06 -19.394299969494227
8.0474579762e-06 -19.29012421684733
8.63105619529e-06 -19.178349564402104
9.22052727429e-06 -19.110323010189248
