2.00570585804e-08 -5.287333583639697
2.07779255948e-08 -7.0989923789982505
2.15666275546e-08 -7.788478979801162
2.23511733366e-08 -8.273401236949425
2.26989384553e-08 -8.35522056641863
2.30775360356e-08 -9.122256872270391
2.3915358806e-08 -9.75973622797698
2.4474102892e-08 -9.687428901896197
2.51551417477e-08 -11.953212695566542
2.58389859e-08 -13.043787208116981
2.6250952467e-08 -12.524118555211338
2.70915120349e-08 -13.30842406075962
2.77160002651e-08 -13.436662054943575
2.84878543334e-08 -12.808082133594986
2.95547739668e-08 -12.788657570668498
3.01937587673e-08 -12.438310954570305
3.08358247416e-08 -13.438867011247645
3.17731544709e-08 -14.093329688950185
3.28365434679e-08 -14.626446153445812
3.39605809144e-08 -14.416193912931426
3.50635441908e-08 -14.553005887503474
3.57774943608e-08 -13.713262685938332
3.68387913671e-08 -14.765657700450149
3.77041743787e-08 -14.872359618936954
3.8864261839e-08 -14.727935314183782
4.01376665097e-08 -15.108486959558888
4.09292977305e-08 -15.658772174650345
4.20960753313e-08 -15.348387843935193
4.34998504703e-08 -14.842424179512165
4.47314387216e-08 -15.68606506556042
4.61265011933e-08 -15.961788535619824
4.7739678597e-08 -16.06594860713711
4.96368369434e-08 -16.379767217853917
5.07932465217e-08 -16.538917607496224
5.18583525341e-08 -16.85696504927497
5.30230148696e-08 -16.469494245024514
5.4455868388e-08 -14.92158645501889
5.60131506434e-08 -16.75099282219619
5.75427667568e-08 -16.883747491460184
5.87090014382e-08 -17.178780352680853
6.06724302403e-08 -17.076693482538914
6.28317085546e-08 -16.698148414794822
6.50363798975e-08 -17.052134275072937
6.67206955022e-08 -16.885208819849517
6.81593676378e-08 -17.226171073425
6.9827676534e-08 -17.07857644133165
7.2248351042e-08 -17.46095801286649
7.43966922957e-08 -17.31708361091681
7.59793454058e-08 -17.06565883152306
7.74140265412e-08 -16.976514383280396
7.99170111017e-08 -17.367567260768347
8.27817815135e-08 -17.454057763001153
8.4814019401e-08 -17.455854672220497
8.68493372857e-08 -17.558565561272196
8.94984966567e-08 -17.657395294553645
9.10932951605e-08 -17.97040222505055
9.26693872149e-08 -18.596447486293734
9.4693776079e-08 -19.05936975904823
9.61993857387e-08 -18.910021987108557
9.87467089763e-08 -18.654356574352896
1.00498051926e-07 -19.008682079646007
1.02853190903e-07 -18.961909987612366
1.04800044135e-07 -19.24081211142454
1.07342854175e-07 -19.14736685992205
1.10756061668e-07 -19.195913165529404
1.1388637345e-07 -19.203691629805505
1.17995549986e-07 -19.13603005814138
1.20389785878e-07 -18.996029894015408
1.23204193039e-07 -19.154587781311122
1.25952280955e-07 -19.300850286177074
1.28973293729e-07 -19.319806971329726
1.3244044164e-07 -19.346138598127745
1.35367040527e-07 -19.365599790578777
1.3822090953e-07 -19.286437799184334
1.41231437178e-07 -19.257832083720665
1.45059270942e-07 -19.317082603208483
1.48769233337e-07 -19.30203633494466
1.52706219112e-07 -19.183884551176767
1.55733302927e-07 -19.12128492232724
1.58772923304e-07 -19.225828267736368
1.61958012111e-07 -19.265129275018246
1.64448154247e-07 -19.285959629374155
1.68703500169e-07 -19.300554662393857
1.73752573339e-07 -19.277395233123343
1.78526935109e-07 -19.29144045229031
1.83608235939e-07 -19.24631907184827
1.8935592224e-07 -19.216387325595328
1.98291862558e-07 -19.259715179291156
2.02986944957e-07 -19.258844296410935
2.06601928364e-07 -19.25348450017612
2.10548631953e-07 -19.267722818913825
2.15290769094e-07 -19.267186228056246
2.19467642478e-07 -19.26579876185677
2.23879040608e-07 -19.245082389773245
2.27572272895e-07 -19.248316339040123
2.3136639105e-07 -19.18476049088349
2.36169083673e-07 -19.169286191818237
2.40697007389e-07 -19.1619890173534
2.44810447152e-07 -19.194196931241187
2.50186867472e-07 -19.153703053038043
2.55956265677e-07 -19.17811043502934
2.61810236671e-07 -19.20338344612732
2.68063105521e-07 -19.264990703166653
2.75485409086e-07 -19.214041500012534
2.80923422044e-07 -19.193215478186424
2.87730906972e-07 -19.284067216463107
2.93598420877e-07 -19.365987867409558
2.98609175101e-07 -19.370730203372
3.03848659165e-07 -19.401031176566562
3.09732221791e-07 -19.435905653680315
3.1451330546e-07 -19.443838683152705
3.19817524828e-07 -19.437677634180176
3.27448081376e-07 -19.539325055692863
3.33666297846e-07 -19.54718272423211
3.39605268846e-07 -19.519541190247068
3.44795956777e-07 -19.56369693656746
3.49810389179e-07 -19.622074569871508
3.57522372953e-07 -19.613794772067237
3.65227976191e-07 -19.665157722594913
3.70810194688e-07 -19.63215965289308
3.76440526555e-07 -19.77219847799544
3.82548451105e-07 -19.852342737855444
3.90054995981e-07 -19.915797619373464
3.97607740533e-07 -20.000514052236312
4.04150241432e-07 -20.24554179945398
4.11851080614e-07 -20.24555524249024
4.20602170546e-07 -20.300908576585357
4.30160164222e-07 -20.25609550413961
4.37994746734e-07 -20.369330538517687
4.4827200034e-07 -20.520121740165813
4.56328677199e-07 -20.578250900021118
4.63733084849e-07 -20.615923923969667
4.70561038594e-07 -20.640886405130793
4.77623151681e-07 -20.68161753335543
4.86756700828e-07 -20.83071901836435
4.93625499448e-07 -20.713512001260604
5.00064668669e-07 -20.68261840943584
5.11366160063e-07 -20.706290814815098
5.21867855391e-07 -20.7239047911671
5.301096199e-07 -20.80413872504306
5.3731459865e-07 -20.845107614688843
5.45330796177e-07 -20.867992877828094
5.54908107444e-07 -20.90461644078715
5.65742435556e-07 -20.942566341046607
5.72926790062e-07 -20.97373844380818
5.85367829666e-07 -21.002445668750006
6.02457368914e-07 -21.058822376079753
6.13832625225e-07 -21.045692652715232
6.26874662717e-07 -21.062562962135388
6.36919308173e-07 -21.09925183609075
6.43192254377e-07 -21.105945613638255
6.53403355783e-07 -21.467933848715482
6.61586156133e-07 -21.30587046271696
6.70750312817e-07 -21.149454337934635
6.85445438827e-07 -21.179289999569036
6.98206520494e-07 -21.210458021073414
7.10069056047e-07 -21.19894197117099
7.1945756406e-07 -21.18970723321973
7.29799683024e-07 -21.245452335472812
7.43515583858e-07 -21.307395970424068
7.56205357622e-07 -21.362487477144867
7.65095601237e-07 -21.329307705341243
7.74309467317e-07 -21.322831551953072
7.84139478109e-07 -21.347161766018246
7.92293257484e-07 -21.34137616143535
8.03364332881e-07 -21.396186029576484
8.16823135574e-07 -21.446420038187078
8.22856490715e-07 -21.44019873569733
8.39348391317e-07 -21.43642631628802
8.51418841968e-07 -21.404270363142153
8.62589713959e-07 -21.465978640639136
8.71862040143e-07 -21.502261141498096
8.84424374903e-07 -21.539992138045058
9.00685807014e-07 -21.564342440626767
9.15628045922e-07 -21.5933297403106
9.35069631215e-07 -21.600578196500557
9.49004454546e-07 -21.616806293075378
9.68022239879e-07 -21.64087981443803
9.85995528056e-07 -21.659998806596967
1.00305737103e-06 -21.669700188287187
1.02368478334e-06 -21.68216081145291
1.05123074494e-06 -21.6939054976838
1.08147773548e-06 -21.698775820014085
1.10005153047e-06 -21.69138694760815
1.13748920543e-06 -21.70992536174201
1.17492319616e-06 -21.71972001544892
1.20443091662e-06 -21.71925366764838
1.24981901486e-06 -21.747599495797054
1.27278762707e-06 -21.760691503896602
1.29559000006e-06 -21.75191274619865
1.31748769808e-06 -21.743480576556273
1.36044671479e-06 -21.76722318529537
1.40534826867e-06 -21.778451337845617
1.44621589694e-06 -21.79951719915536
1.48131787778e-06 -21.813478393222802
1.54720086503e-06 -21.885844805820454
1.588562969e-06 -21.88065008404991
1.61694525725e-06 -21.90846006138944
1.65855434411e-06 -21.91562925675084
1.7027144913e-06 -21.905248358672722
1.7440712609e-06 -21.872108602856592
1.79047954349e-06 -21.843536732416254
1.84182501437e-06 -21.812002363607384
1.88467017571e-06 -21.77319042458891
1.92166100035e-06 -21.757610252453567
1.9539238098e-06 -21.717563243081322
2.00130047071e-06 -21.676990460114475
2.11110599726e-06 -21.657089319956384
2.18706652246e-06 -21.591581087285803
2.28648820286e-06 -21.448384203028326
2.43033605383e-06 -21.26134929738651
2.54008016924e-06 -21.171049945765652
2.60658674211e-06 -21.153503936588905
2.69965398116e-06 -21.121952641627573
2.90157991958e-06 -21.10338658438348
3.06314484058e-06 -21.021922722228204
3.22362863134e-06 -20.953664155453048
3.357149673e-06 -20.8507149337795
3.57669442182e-06 -20.76869896975542
3.78196901633e-06 -20.674267014365192
3.92010661659e-06 -20.597150405282456
4.03504172386e-06 -20.53259806675566
4.15710886036e-06 -20.47400422107704
4.30967632201e-06 -20.358358908347135
4.44320929247e-06 -20.184870676677214
4.5490261393e-06 -20.09031646332756
4.74298082363e-06 -20.050703278552376
4.99595374435e-06 -20.001190075151534
5.19784556163e-06 -19.929229986892828
5.48176298309e-06 -19.897737676266956
5.67048574245e-06 -19.834307761063073
5.95799287829e-06 -19.766800535295125
6.39151471106e-06 -19.717272931439503
6.63270850989e-06 -19.605937136829162
7.07514291256e-06 -19.545767656693023
7.42968647149e-06 -19.46931373547816
7.68283292968e-06 -19.393111442693368
8.0474579762e-06 -19.315467480913803
8.63105619529e-06 -19.245110355734177
9.22052727429e-06 -19.21699268993705
