2.00570585804e-08 8.008748786996941
2.07779255948e-08 6.50258197486767
2.15666275546e-08 5.026389172021471
2.23511733366e-08 4.059855737656168
2.26989384553e-08 3.3170741095328395
2.30775360356e-08 0.15209370344579654
2.3915358806e-08 -1.9537727606735942
2.4474102892e-08 -2.0240998458876227
2.51551417477e-08 -4.454769387090057
2.58389859e-08 -5.560603047970552
2.6250952467e-08 -8.519835409277924
2.70915120349e-08 -9.322258524567914
2.77160002651e-08 -9.70468590292517
2.84878543334e-08 -8.337432277573193
2.95547739668e-08 -8.373741732752144
3.01937587673e-08 -8.20269736517642
3.08358247416e-08 -9.311869746976264
3.17731544709e-08 -10.99463602037082
3.28365434679e-08 -12.094542906867993
3.39605809144e-08 -12.85338958812104
3.50635441908e-08 -12.9275243201199
3.57774943608e-08 -11.496598556290976
3.68387913671e-08 -11.771290285291471
3.77041743787e-08 -11.325048308070322
3.8864261839e-08 -11.515021522954854
4.01376665097e-08 -12.492216227268237
4.09292977305e-08 -12.496135095761247
4.20960753313e-08 -12.85699264182147
4.34998504703e-08 -13.224470927078109
4.47314387216e-08 -13.93516042585484
4.61265011933e-08 -14.461308729605257
4.7739678597e-08 -14.404237081202325
4.96368369434e-08 -14.299121005077836
5.07932465217e-08 -14.508301483995375
5.18583525341e-08 -14.81962235418748
5.30230148696e-08 -14.536967638353595
5.4455868388e-08 -13.81219594913346
5.60131506434e-08 -15.267844341768587
5.75427667568e-08 -15.406071794639637
5.87090014382e-08 -15.576694036304488
6.06724302403e-08 -15.537232428981525
6.28317085546e-08 -15.770005343738362
6.50363798975e-08 -15.85783220697273
6.67206955022e-08 -15.505175873699933
6.81593676378e-08 -15.66599752380477
6.9827676534e-08 -16.105921616356085
7.2248351042e-08 -16.365193625881858
7.43966922957e-08 -16.290901280776417
7.59793454058e-08 -16.60348783518736
7.74140265412e-08 -16.44891784982481
7.99170111017e-08 -16.341497585831654
8.27817815135e-08 -16.716267568797768
8.4814019401e-08 -16.49033484341392
8.68493372857e-08 -17.021700859662538
8.94984966567e-08 -17.24510752982878
9.10932951605e-08 -17.839546036828487
9.26693872149e-08 -18.35761133090938
9.4693776079e-08 -18.398688511099046
9.61993857387e-08 -18.464383897413192
9.87467089763e-08 -18.073782924550507
1.00498051926e-07 -18.66860845872639
1.02853190903e-07 -18.6210055217717
1.04800044135e-07 -18.935099618016352
1.07342854175e-07 -18.86208548200935
1.10756061668e-07 -18.80298685600585
1.1388637345e-07 -18.850986233848907
1.17995549986e-07 -18.734160308449553
1.20389785878e-07 -18.71098356963261
1.23204193039e-07 -18.859221234090647
1.25952280955e-07 -18.984786055833467
1.28973293729e-07 -19.02250807050615
1.3244044164e-07 -19.044521683281637
1.35367040527e-07 -19.083182880092828
1.3822090953e-07 -18.975781675835215
1.41231437178e-07 -18.991136147791742
1.45059270942e-07 -19.029773003241353
1.48769233337e-07 -19.03522038716971
1.52706219112e-07 -18.840970581130485
1.55733302927e-07 -18.74998959853891
1.58772923304e-07 -18.92662105385797
1.61958012111e-07 -19.009724160236594
1.64448154247e-07 -19.040999740734897
1.68703500169e-07 -19.071256162718555
1.73752573339e-07 -19.081147972726278
1.78526935109e-07 -19.101671039069736
1.83608235939e-07 -19.056685247582095
1.8935592224e-07 -19.027557976086918
1.98291862558e-07 -19.104573860124262
2.02986944957e-07 -19.12700382144522
2.06601928364e-07 -19.10440902522182
2.10548631953e-07 -19.141298222645666
2.15290769094e-07 -19.117482754313777
2.19467642478e-07 -19.119146310240012
2.23879040608e-07 -19.090407569428145
2.27572272895e-07 -19.092511943014088
2.3136639105e-07 -19.024445074359278
2.36169083673e-07 -19.000557917096046
2.40697007389e-07 -18.993422319492346
2.44810447152e-07 -19.035874351284214
2.50186867472e-07 -18.999378743914555
2.55956265677e-07 -19.02358478897964
2.61810236671e-07 -19.058234292003654
2.68063105521e-07 -19.13093093217011
2.75485409086e-07 -19.073188699923413
2.80923422044e-07 -19.048357801562446
2.87730906972e-07 -19.15476198381407
2.93598420877e-07 -19.24978883424378
2.98609175101e-07 -19.255931652102866
3.03848659165e-07 -19.289258590002248
3.09732221791e-07 -19.328925401632965
3.1451330546e-07 -19.340032326427853
3.19817524828e-07 -19.33065457831028
3.27448081376e-07 -19.437947843623192
3.33666297846e-07 -19.446069188060243
3.39605268846e-07 -19.409877927072436
3.44795956777e-07 -19.459188691008443
3.49810389179e-07 -19.52194762553171
3.57522372953e-07 -19.507181745282544
3.65227976191e-07 -19.598101048324345
3.70810194688e-07 -19.585648595070758
3.76440526555e-07 -19.74544850568264
3.82548451105e-07 -19.845178124463466
3.90054995981e-07 -19.924715466874268
3.97607740533e-07 -20.011553017485113
4.04150241432e-07 -20.272863098733573
4.11851080614e-07 -20.262392590167146
4.20602170546e-07 -20.326880314079688
4.30160164222e-07 -20.279778563712945
4.37994746734e-07 -20.393491154173184
4.4827200034e-07 -20.548579274790995
4.56328677199e-07 -20.606560331031467
4.63733084849e-07 -20.643274153258155
4.70561038594e-07 -20.66793853294304
4.77623151681e-07 -20.70745430651551
4.86756700828e-07 -20.73657852945349
4.93625499448e-07 -20.737256704298254
5.00064668669e-07 -20.700329367321828
5.11366160063e-07 -20.721888601432305
5.21867855391e-07 -20.73770671321931
5.301096199e-07 -20.823888222908877
5.3731459865e-07 -20.865216897568295
5.45330796177e-07 -20.88778112044006
5.54908107444e-07 -20.924419003536492
5.65742435556e-07 -20.96252364945679
5.72926790062e-07 -20.995478843377896
5.85367829666e-07 -21.022978989108957
6.02457368914e-07 -21.0802843239395
6.13832625225e-07 -21.062905990139818
6.26874662717e-07 -21.077411468766414
6.36919308173e-07 -21.11391948901082
6.43192254377e-07 -21.12178346743783
6.53403355783e-07 -21.27509408356589
6.61586156133e-07 -21.222134540662836
6.70750312817e-07 -21.16043560334319
6.85445438827e-07 -21.18919755733038
6.98206520494e-07 -21.22338203744861
7.10069056047e-07 -21.20634425594767
7.1945756406e-07 -21.192832568658552
7.29799683024e-07 -21.255226156679555
7.43515583858e-07 -21.32850126161462
7.56205357622e-07 -21.391344214367024
7.65095601237e-07 -21.34207067851022
7.74309467317e-07 -21.329737086582064
7.84139478109e-07 -21.355078159254212
7.92293257484e-07 -21.349832003717133
8.03364332881e-07 -21.41019064510622
8.16823135574e-07 -21.47304770567333
8.22856490715e-07 -21.466892445881278
8.39348391317e-07 -21.455364743458176
8.51418841968e-07 -21.412827279115383
8.62589713959e-07 -21.4849513822156
8.71862040143e-07 -21.532049310900348
8.84424374903e-07 -21.57483844531796
9.00685807014e-07 -21.601688554007765
9.15628045922e-07 -21.639537051389055
9.35069631215e-07 -21.64064105578182
9.49004454546e-07 -21.662285086914686
9.68022239879e-07 -21.692002248780973
9.85995528056e-07 -21.712827899574897
1.00305737103e-06 -21.726672643517055
1.02368478334e-06 -21.743391166008884
1.05123074494e-06 -21.755750684302853
1.08147773548e-06 -21.76161589433812
1.10005153047e-06 -21.750698637771556
1.13748920543e-06 -21.77151777378031
1.17492319616e-06 -21.78378557150308
1.20443091662e-06 -21.784617722798693
1.24981901486e-06 -21.814210518924867
1.27278762707e-06 -21.813684756268664
1.29559000006e-06 -21.815685690529413
1.31748769808e-06 -21.811669650421393
1.36044671479e-06 -21.83579426945969
1.40534826867e-06 -21.842072173921984
1.44621589694e-06 -21.864373291562714
1.48131787778e-06 -21.88086831586581
1.54720086503e-06 -21.958443710513095
1.588562969e-06 -21.95023199311926
1.61694525725e-06 -21.97956692396341
1.65855434411e-06 -21.99258897011709
1.7027144913e-06 -21.988195221396914
1.7440712609e-06 -21.9567092471243
1.79047954349e-06 -21.92765025668036
1.84182501437e-06 -21.896861076955183
1.88467017571e-06 -21.85921689328474
1.92166100035e-06 -21.84308140203884
1.9539238098e-06 -21.802256110247846
2.00130047071e-06 -21.761772080842142
2.11110599726e-06 -21.74493626413053
2.18706652246e-06 -21.67893349614262
2.28648820286e-06 -21.535213478316777
2.43033605383e-06 -21.335818640830425
2.54008016924e-06 -21.220444496521452
2.60658674211e-06 -21.21289067996191
2.69965398116e-06 -21.18655976620758
2.90157991958e-06 -21.174736570795368
3.06314484058e-06 -21.100623717230647
3.22362863134e-06 -21.039405086144114
3.357149673e-06 -20.940887306434206
3.57669442182e-06 -20.859968281333032
3.78196901633e-06 -20.765102965595013
3.92010661659e-06 -20.68744170965069
4.03504172386e-06 -20.622517346636847
4.15710886036e-06 -20.563694584319236
4.30967632201e-06 -20.450954389614843
4.44320929247e-06 -20.284644463214477
4.5490261393e-06 -20.192629218832536
4.74298082363e-06 -20.149781649735992
4.99595374435e-06 -20.096531442016605
5.19784556163e-06 -20.02015844193403
5.48176298309e-06 -19.983494170494957
5.67048574245e-06 -19.914821088300023
5.95799287829e-06 -19.840736973930284
6.39151471106e-06 -19.782901038258352
6.63270850989e-06 -19.66265218978181
7.07514291256e-06 -19.591482710197347
7.42968647149e-06 -19.503413538079222
7.68283292968e-06 -19.41507775644569
8.0474579762e-06 -19.320819232742345
8.63105619529e-06 -19.224920902265076
9.22052727429e-06 -19.17245639236409
