2.00570585804e-08 112.02902376104353
2.07779255948e-08 111.95234904206555
2.15666275546e-08 111.87144878407582
2.23511733366e-08 111.79385834284176
2.26989384553e-08 111.7603322390863
2.30775360356e-08 111.72441278680475
2.3915358806e-08 111.64697547052353
2.4474102892e-08 111.59682606811228
2.51551417477e-08 111.53722613130114
2.58389859e-08 111.47898265102484
2.6250952467e-08 111.4446346477819
2.70915120349e-08 111.37619375271885
2.77160002651e-08 111.32670719168323
2.84878543334e-08 111.26706127576409
2.95547739668e-08 111.18722176456714
3.01937587673e-08 111.14077407108087
3.08358247416e-08 111.09508213250356
3.17731544709e-08 111.03005830494541
3.28365434679e-08 110.95857280109661
3.39605809144e-08 110.88548442335377
3.50635441908e-08 110.81608091544325
3.57774943608e-08 110.7723103660652
3.68387913671e-08 110.70883311015675
3.77041743787e-08 110.65841279909785
3.8864261839e-08 110.59260785861088
4.01376665097e-08 110.52259937459141
4.09292977305e-08 110.48018851058211
4.20960753313e-08 110.41915193617922
4.34998504703e-08 110.34792115535862
4.47314387216e-08 110.28729564152493
4.61265011933e-08 110.22060740790732
4.7739678597e-08 110.14596252159555
4.96368369434e-08 80.24251666336566
5.07932465217e-08 76.0686431838825
5.18583525341e-08 75.11707945017999
5.30230148696e-08 74.24888149899988
5.4455868388e-08 73.31153708251509
5.60131506434e-08 72.34024473342721
5.75427667568e-08 71.48672343150722
5.87090014382e-08 70.6576821990983
6.06724302403e-08 69.6679233261138
6.28317085546e-08 68.60544774745861
6.50363798975e-08 67.65013990742023
6.67206955022e-08 66.89164463682764
6.81593676378e-08 54.614368765525356
6.9827676534e-08 51.168055345344804
7.2248351042e-08 49.475548232613775
7.43966922957e-08 48.03078590484496
7.59793454058e-08 46.93130279463392
7.74140265412e-08 45.80886289323676
7.99170111017e-08 44.36398829666814
8.27817815135e-08 42.92458086257594
8.4814019401e-08 41.75601794501989
8.68493372857e-08 40.64750545665401
8.94984966567e-08 39.58143611819788
9.10932951605e-08 13.546863547605483
9.26693872149e-08 10.110134080531811
9.4693776079e-08 9.330228070856716
9.61993857387e-08 8.663321238776394
9.87467089763e-08 7.972458617864877
1.00498051926e-07 7.2927040671005265
1.02853190903e-07 6.750048492796644
1.04800044135e-07 6.007718228988047
1.07342854175e-07 5.271191465411704
1.10756061668e-07 3.39977474897465
1.1388637345e-07 2.0619398542698733
1.17995549986e-07 1.4237733230432994
1.20389785878e-07 1.8785625611484562
1.23204193039e-07 0.6689563639385447
1.25952280955e-07 -0.6241245142867662
1.28973293729e-07 -1.4866748150681772
1.3244044164e-07 -2.196633511734987
1.35367040527e-07 -2.742647746411002
1.3822090953e-07 -3.1567061692860676
1.41231437178e-07 -3.6370238989554977
1.45059270942e-07 -4.205463598291246
1.48769233337e-07 -4.783667117486594
1.52706219112e-07 -5.53786198157248
1.55733302927e-07 -6.195763370602474
1.58772923304e-07 -7.105135500025241
1.61958012111e-07 -7.516038406805848
1.64448154247e-07 -8.021508194526938
1.68703500169e-07 -9.789857821560588
1.73752573339e-07 -11.017243375529837
1.78526935109e-07 -11.709262436214985
1.83608235939e-07 -12.121771165179489
1.8935592224e-07 -12.663816145017996
1.98291862558e-07 -13.31049416632726
2.02986944957e-07 -13.551835872664583
2.06601928364e-07 -14.108569080347962
2.10548631953e-07 -14.706559431615382
2.15290769094e-07 -14.799719780976957
2.19467642478e-07 -14.992206659539129
2.23879040608e-07 -15.122511555559747
2.27572272895e-07 -15.087286497262092
2.3136639105e-07 -15.145117024477592
2.36169083673e-07 -14.740035783252125
2.40697007389e-07 -14.769049471344971
2.44810447152e-07 -15.5992930637384
2.50186867472e-07 -15.067123085923853
2.55956265677e-07 -15.650624776484726
2.61810236671e-07 -16.010945452889985
2.68063105521e-07 -16.788982859799162
2.75485409086e-07 -16.375104144447775
2.80923422044e-07 -16.382975896799053
2.87730906972e-07 -17.076582506725593
2.93598420877e-07 -17.58596180483591
2.98609175101e-07 -17.6019096705231
3.03848659165e-07 -17.749751573605913
3.09732221791e-07 -17.91726967501114
3.1451330546e-07 -17.975205652858286
3.19817524828e-07 -17.98569577353797
3.27448081376e-07 -18.350709741115146
3.33666297846e-07 -18.370361990071416
3.39605268846e-07 -18.258110299945223
3.44795956777e-07 -18.438408749421804
3.49810389179e-07 -18.626489052986223
3.57522372953e-07 -18.57609194352038
3.65227976191e-07 -18.846127700763233
3.70810194688e-07 -18.85160075041538
3.76440526555e-07 -18.91168753580544
3.82548451105e-07 -18.837581668481953
3.90054995981e-07 -18.950364712466524
3.97607740533e-07 -19.190387173070647
4.04150241432e-07 -19.585620612516898
4.11851080614e-07 -19.689425750255644
4.20602170546e-07 -19.697399383426294
4.30160164222e-07 -19.67406197387423
4.37994746734e-07 -19.914575401200786
4.4827200034e-07 -20.137496705889397
4.56328677199e-07 -20.240929304294944
4.63733084849e-07 -20.303244580596562
4.70561038594e-07 -20.353123632648128
4.77623151681e-07 -20.41718676291319
4.86756700828e-07 -20.422878621479448
4.93625499448e-07 -20.48022834879996
5.00064668669e-07 -20.44091005105816
5.11366160063e-07 -20.47577757490628
5.21867855391e-07 -20.511838132247647
5.301096199e-07 -20.638319999845187
5.3731459865e-07 -20.69691957102058
5.45330796177e-07 -20.731936646587293
5.54908107444e-07 -20.785660484147336
5.65742435556e-07 -20.838677628309057
5.72926790062e-07 -20.885124976600927
5.85367829666e-07 -20.925100373187902
6.02457368914e-07 -21.000865066907842
6.13832625225e-07 -20.990364959000352
6.26874662717e-07 -21.01257096667348
6.36919308173e-07 -21.06180135894912
6.43192254377e-07 -21.07431619370366
6.53403355783e-07 -21.09189449484164
6.61586156133e-07 -21.125889899810176
6.70750312817e-07 -21.130555457995648
6.85445438827e-07 -21.168041889192764
6.98206520494e-07 -21.212541372542773
7.10069056047e-07 -21.198102374250176
7.1945756406e-07 -21.187975563429262
7.29799683024e-07 -21.26110712364997
7.43515583858e-07 -21.34311997165549
7.56205357622e-07 -21.41136585526761
7.65095601237e-07 -21.36471818005223
7.74309467317e-07 -21.35570371272231
7.84139478109e-07 -21.385691943052876
7.92293257484e-07 -21.384980983151486
8.03364332881e-07 -21.45199812388769
8.16823135574e-07 -21.517553794528972
8.22856490715e-07 -21.517206869119853
8.39348391317e-07 -21.51100149842869
8.51418841968e-07 -21.474823078107697
8.62589713959e-07 -21.54664656914126
8.71862040143e-07 -21.59199961678805
8.84424374903e-07 -21.63336245966773
9.00685807014e-07 -21.6618752049896
9.15628045922e-07 -21.699518887074305
9.35069631215e-07 -21.702250819661344
9.49004454546e-07 -21.728059147487336
9.68022239879e-07 -21.75511527392758
9.85995528056e-07 -21.778001235096447
1.00305737103e-06 -21.795635195721218
1.02368478334e-06 -21.809882879877982
1.05123074494e-06 -21.825219062961075
1.08147773548e-06 -21.833481835958985
1.10005153047e-06 -21.82813516164169
1.13748920543e-06 -21.849334753212986
1.17492319616e-06 -21.863357245872912
1.20443091662e-06 -21.866060216863225
1.24981901486e-06 -21.897919401870162
1.27278762707e-06 -21.89225537342913
1.29559000006e-06 -21.900548401368354
1.31748769808e-06 -21.90021407983928
1.36044671479e-06 -21.92724756697787
1.40534826867e-06 -21.938165932464663
1.44621589694e-06 -21.964067130854538
1.48131787778e-06 -21.983807906212697
1.54720086503e-06 -22.0645966869727
1.588562969e-06 -22.062086930958223
1.61694525725e-06 -22.09354154754792
1.65855434411e-06 -22.105212157292478
1.7027144913e-06 -22.097622590696353
1.7440712609e-06 -22.06519783506777
1.79047954349e-06 -22.035719882011144
1.84182501437e-06 -22.004761785729315
1.88467017571e-06 -21.966884216475854
1.92166100035e-06 -21.950226596024244
1.9539238098e-06 -21.90999886116402
2.00130047071e-06 -21.86898719321981
2.11110599726e-06 -21.851213533571972
2.18706652246e-06 -21.783387338331046
2.28648820286e-06 -21.641580333924786
2.43033605383e-06 -21.445885378878344
2.54008016924e-06 -21.34048417662016
2.60658674211e-06 -21.33168318786833
2.69965398116e-06 -21.303541022778965
2.90157991958e-06 -21.288135556291408
3.06314484058e-06 -21.209339711390648
3.22362863134e-06 -21.144433440073733
3.357149673e-06 -21.044518590317402
3.57669442182e-06 -20.96243457495695
3.78196901633e-06 -20.86725374936615
3.92010661659e-06 -20.788763044019937
4.03504172386e-06 -20.723351683480665
4.15710886036e-06 -20.663964720795157
4.30967632201e-06 -20.54804944268296
4.44320929247e-06 -20.376526725661925
4.5490261393e-06 -20.28285845284801
4.74298082363e-06 -20.240397403860875
4.99595374435e-06 -20.185985818376693
5.19784556163e-06 -20.108563012215164
5.48176298309e-06 -20.07070320648689
5.67048574245e-06 -20.000634825360684
5.95799287829e-06 -19.923815389449622
6.39151471106e-06 -19.861385602402514
6.63270850989e-06 -19.73554698976215
7.07514291256e-06 -19.657180711575258
7.42968647149e-06 -19.560855988549307
7.68283292968e-06 -19.46520455274058
8.0474579762e-06 -19.360107881099204
8.63105619529e-06 -19.247225865834302
9.22052727429e-06 -19.17833182451244
