2.00570585804e-08 -2.9836538882097514
2.07779255948e-08 -5.482589279631544
2.15666275546e-08 -6.439150057254988
2.23511733366e-08 -6.729958383800291
2.26989384553e-08 -6.6647879533917305
2.30775360356e-08 -7.368437995721742
2.3915358806e-08 -8.260677765446928
2.4474102892e-08 -7.948215999799803
2.51551417477e-08 -10.145913908227094
2.58389859e-08 -11.178632586609943
2.6250952467e-08 -11.16581728418803
2.70915120349e-08 -11.813600176571391
2.77160002651e-08 -11.871270421115732
2.84878543334e-08 -11.28008847990327
2.95547739668e-08 -11.32979441851974
3.01937587673e-08 -10.914869891353241
3.08358247416e-08 -11.950600186871647
3.17731544709e-08 -12.461616916374304
3.28365434679e-08 -12.999910383215756
3.39605809144e-08 -12.644355518818294
3.50635441908e-08 -12.779790047112904
3.57774943608e-08 -12.136540801550687
3.68387913671e-08 -13.301921919911983
3.77041743787e-08 -13.52105260042805
3.8864261839e-08 -13.211347655886755
4.01376665097e-08 -13.375093831054429
4.09292977305e-08 -14.225831019262074
4.20960753313e-08 -13.833603653405525
4.34998504703e-08 -13.307510340036018
4.47314387216e-08 -14.23886231791137
4.61265011933e-08 -14.471837367790954
4.7739678597e-08 -14.5399673175949
4.96368369434e-08 -14.920016696738784
5.07932465217e-08 -15.124902730114975
5.18583525341e-08 -15.423115617890176
5.30230148696e-08 -15.058696391992633
5.4455868388e-08 -13.281252235871833
5.60131506434e-08 -15.139770359707583
5.75427667568e-08 -15.232900492300033
5.87090014382e-08 -15.563147722720949
6.06724302403e-08 -15.558214257546538
6.28317085546e-08 -15.036511080306212
6.50363798975e-08 -15.52832515782169
6.67206955022e-08 -15.327175128280764
6.81593676378e-08 -15.690304318822967
6.9827676534e-08 -15.521516658331002
7.2248351042e-08 -15.861082263387182
7.43966922957e-08 -15.631010152895932
7.59793454058e-08 -15.079543619002479
7.74140265412e-08 -15.302228875414933
7.99170111017e-08 -15.7384396273562
8.27817815135e-08 -15.762248521612563
8.4814019401e-08 -15.783284869166145
8.68493372857e-08 -15.84859937105324
8.94984966567e-08 -15.940914519762892
9.10932951605e-08 -15.833726755619104
9.26693872149e-08 -16.331503721213892
9.4693776079e-08 -17.10518029270174
9.61993857387e-08 -16.948253891609973
9.87467089763e-08 -16.802199700889155
1.00498051926e-07 -17.06806895216092
1.02853190903e-07 -16.997241891988203
1.04800044135e-07 -17.286881895021736
1.07342854175e-07 -17.215606342625883
1.10756061668e-07 -17.306672918489255
1.1388637345e-07 -17.344082975468275
1.17995549986e-07 -17.301210126731483
1.20389785878e-07 -17.026117493963227
1.23204193039e-07 -17.248342153325346
1.25952280955e-07 -17.451292848466124
1.28973293729e-07 -17.51522439235538
1.3244044164e-07 -17.551258324707078
1.35367040527e-07 -17.580981407563
1.3822090953e-07 -17.546294117073664
1.41231437178e-07 -17.52434457273371
1.45059270942e-07 -17.58060786203545
1.48769233337e-07 -17.562358165765524
1.52706219112e-07 -17.483989579332615
1.55733302927e-07 -17.453488777865047
1.58772923304e-07 -17.539336716437802
1.61958012111e-07 -17.5384386519305
1.64448154247e-07 -17.549680633766272
1.68703500169e-07 -17.585153848161653
1.73752573339e-07 -17.588246349344672
1.78526935109e-07 -17.63476088547369
1.83608235939e-07 -17.604678184395645
1.8935592224e-07 -17.612045751933863
1.98291862558e-07 -17.702579446856355
2.02986944957e-07 -17.704308416828034
2.06601928364e-07 -17.746851351545814
2.10548631953e-07 -17.786989693901454
2.15290769094e-07 -17.781380473554563
2.19467642478e-07 -17.8043593748382
2.23879040608e-07 -17.78917997442108
2.27572272895e-07 -17.797615336596536
2.3136639105e-07 -17.73346110841056
2.36169083673e-07 -17.670868935083725
2.40697007389e-07 -17.66671882290266
2.44810447152e-07 -17.822883653065745
2.50186867472e-07 -17.749399715243655
2.55956265677e-07 -17.816172173684492
2.61810236671e-07 -17.913461417479873
2.68063105521e-07 -18.130048274376854
2.75485409086e-07 -18.021400945937614
2.80923422044e-07 -18.003251157876697
2.87730906972e-07 -18.259497341395033
2.93598420877e-07 -18.446875491176087
2.98609175101e-07 -18.48051176777941
3.03848659165e-07 -18.551513194429695
3.09732221791e-07 -18.623974201196567
3.1451330546e-07 -18.64994748139239
3.19817524828e-07 -18.653295552488437
3.27448081376e-07 -18.829540341529857
3.33666297846e-07 -18.859356710252634
3.39605268846e-07 -18.826742154416863
3.44795956777e-07 -18.916699649441377
3.49810389179e-07 -19.00763685312331
3.57522372953e-07 -19.006375101730413
3.65227976191e-07 -19.12428384907217
3.70810194688e-07 -19.136829618034007
3.76440526555e-07 -19.30994379719938
3.82548451105e-07 -19.41919386304876
3.90054995981e-07 -19.495723354956844
3.97607740533e-07 -19.609736062624222
4.04150241432e-07 -19.90904331762902
4.11851080614e-07 -19.91736992253184
4.20602170546e-07 -19.992238869846695
4.30160164222e-07 -19.950018823119933
4.37994746734e-07 -20.07797859352278
4.4827200034e-07 -20.245607056139484
4.56328677199e-07 -20.310110124889597
4.63733084849e-07 -20.3555739267972
4.70561038594e-07 -20.38435846757409
4.77623151681e-07 -20.429749804285116
4.86756700828e-07 -20.445431481948212
4.93625499448e-07 -20.468265607360998
5.00064668669e-07 -20.446255361231366
5.11366160063e-07 -20.47480363155922
5.21867855391e-07 -20.495048024006692
5.301096199e-07 -20.57039063803753
5.3731459865e-07 -20.612898380358423
5.45330796177e-07 -20.63848448947295
5.54908107444e-07 -20.676324668214313
5.65742435556e-07 -20.7159363090312
5.72926790062e-07 -20.745910718488766
5.85367829666e-07 -20.777459069448504
6.02457368914e-07 -20.833739424134208
6.13832625225e-07 -20.825166258959037
6.26874662717e-07 -20.84624692857568
6.36919308173e-07 -20.882567194548464
6.43192254377e-07 -20.887942114782085
6.53403355783e-07 -21.0012998846142
6.61586156133e-07 -20.97196265628203
6.70750312817e-07 -20.93939452324581
6.85445438827e-07 -20.969357634818643
6.98206520494e-07 -20.993945122041815
7.10069056047e-07 -20.990258995966805
7.1945756406e-07 -20.986495546398203
7.29799683024e-07 -21.030446296484392
7.43515583858e-07 -21.075794537001293
7.56205357622e-07 -21.12104961127364
7.65095601237e-07 -21.106471856955203
7.74309467317e-07 -21.106966135536133
7.84139478109e-07 -21.128903679938652
7.92293257484e-07 -21.120075569000015
8.03364332881e-07 -21.164860209190927
8.16823135574e-07 -21.200490039106846
8.22856490715e-07 -21.19880907497258
8.39348391317e-07 -21.202886218449642
8.51418841968e-07 -21.1804420216598
8.62589713959e-07 -21.22885577090409
8.71862040143e-07 -21.252327422155318
8.84424374903e-07 -21.28387679654338
9.00685807014e-07 -21.3041778759751
9.15628045922e-07 -21.324425831595818
9.35069631215e-07 -21.339379113555182
9.49004454546e-07 -21.347396140245458
9.68022239879e-07 -21.36598204466153
9.85995528056e-07 -21.382023578391482
1.00305737103e-06 -21.385824500827773
1.02368478334e-06 -21.395533690103896
1.05123074494e-06 -21.40604351809948
1.08147773548e-06 -21.409792613805102
1.10005153047e-06 -21.404013287140984
1.13748920543e-06 -21.421083153285515
1.17492319616e-06 -21.428211415558955
1.20443091662e-06 -21.426289053474477
1.24981901486e-06 -21.45310260881331
1.27278762707e-06 -21.448982489843267
1.29559000006e-06 -21.450552811877316
1.31748769808e-06 -21.44619842869195
1.36044671479e-06 -21.468176059974027
1.40534826867e-06 -21.482462998906904
1.44621589694e-06 -21.500981552588314
1.48131787778e-06 -21.512625332016185
1.54720086503e-06 -21.576575370882857
1.588562969e-06 -21.572718971493686
1.61694525725e-06 -21.594033328972245
1.65855434411e-06 -21.594053607885336
1.7027144913e-06 -21.577617900790393
1.7440712609e-06 -21.542214730885973
1.79047954349e-06 -21.513691341492184
1.84182501437e-06 -21.480923493507028
1.88467017571e-06 -21.440624085085567
1.92166100035e-06 -21.42502315174604
1.9539238098e-06 -21.384816621835647
2.00130047071e-06 -21.343789049074466
2.11110599726e-06 -21.31989285346446
2.18706652246e-06 -21.247962456047716
2.28648820286e-06 -21.113414361305587
2.43033605383e-06 -20.941715507100305
2.54008016924e-06 -20.871367889378284
2.60658674211e-06 -20.841139918713097
2.69965398116e-06 -20.802120742022886
2.90157991958e-06 -20.77430098545789
3.06314484058e-06 -20.684044885869262
3.22362863134e-06 -20.608427671084335
3.357149673e-06 -20.501294602434328
3.57669442182e-06 -20.41564914269344
3.78196901633e-06 -20.318852915703367
3.92010661659e-06 -20.240320628177578
4.03504172386e-06 -20.174594454296013
4.15710886036e-06 -20.114415025532153
4.30967632201e-06 -19.995276279403527
4.44320929247e-06 -19.814940184469165
4.5490261393e-06 -19.716003465788525
4.74298082363e-06 -19.67414252547357
4.99595374435e-06 -19.621353863627228
5.19784556163e-06 -19.545256950520645
5.48176298309e-06 -19.509838334805103
5.67048574245e-06 -19.44196895510418
5.95799287829e-06 -19.367717299787124
6.39151471106e-06 -19.308767862052292
6.63270850989e-06 -19.18664603480181
7.07514291256e-06 -19.11298745046536
7.42968647149e-06 -19.02198366668678
7.68283292968e-06 -18.93218674468789
8.0474579762e-06 -18.835590135548514
8.63105619529e-06 -18.73669258617314
9.22052727429e-06 -18.681929015383012
