2.00570585804e-08 -0.5801349673014435
2.07779255948e-08 -3.9696669184603763
2.15666275546e-08 -5.704377650343794
2.23511733366e-08 -5.269695349455247
2.26989384553e-08 -4.960853514279677
2.30775360356e-08 -5.682880072891116
2.3915358806e-08 -6.943256162648204
2.4474102892e-08 -6.232049388658702
2.51551417477e-08 -8.089738218980006
2.58389859e-08 -9.161002030307223
2.6250952467e-08 -10.588265592912471
2.70915120349e-08 -11.135913778134828
2.77160002651e-08 -10.644634271589148
2.84878543334e-08 -10.123772647774963
2.95547739668e-08 -10.509943774687983
3.01937587673e-08 -10.45105196695554
3.08358247416e-08 -11.641164474006885
3.17731544709e-08 -12.858091415883486
3.28365434679e-08 -12.426942707549223
3.39605809144e-08 -12.563884452703242
3.50635441908e-08 -12.671940101425541
3.57774943608e-08 -12.683336545747594
3.68387913671e-08 -13.914305268474742
3.77041743787e-08 -13.84368438165771
3.8864261839e-08 -13.448241167941994
4.01376665097e-08 -14.273547135589347
4.09292977305e-08 -14.742288632073453
4.20960753313e-08 -14.426754477184119
4.34998504703e-08 -13.958934938907582
4.47314387216e-08 -14.707537179181422
4.61265011933e-08 -15.30827627898443
4.7739678597e-08 -15.402883571050808
4.96368369434e-08 -15.813445359434503
5.07932465217e-08 -15.916818506744995
5.18583525341e-08 -16.256789767831464
5.30230148696e-08 -15.820549681753192
5.4455868388e-08 -14.574508231093084
5.60131506434e-08 -16.313731146141784
5.75427667568e-08 -16.479792568792753
5.87090014382e-08 -16.827938820237094
6.06724302403e-08 -16.563073359564974
6.28317085546e-08 -16.459209365699444
6.50363798975e-08 -16.749482720130608
6.67206955022e-08 -16.507696112182366
6.81593676378e-08 -16.780116056555457
6.9827676534e-08 -17.027247011833587
7.2248351042e-08 -17.323775687648613
7.43966922957e-08 -17.251256868486244
7.59793454058e-08 -17.419688035789868
7.74140265412e-08 -17.281384321315983
7.99170111017e-08 -17.278142440961297
8.27817815135e-08 -17.57407964694579
8.4814019401e-08 -17.3175722870373
8.68493372857e-08 -17.924948164851266
8.94984966567e-08 -18.17280959923169
9.10932951605e-08 -18.55424376923858
9.26693872149e-08 -19.060491844117344
9.4693776079e-08 -19.104229950822145
9.61993857387e-08 -19.130447287645516
9.87467089763e-08 -18.709596870822047
1.00498051926e-07 -19.280649721292967
1.02853190903e-07 -19.317647954116097
1.04800044135e-07 -19.544045714266822
1.07342854175e-07 -19.48182208100136
1.10756061668e-07 -19.357776464385992
1.1388637345e-07 -19.417952953106834
1.17995549986e-07 -19.238307762069702
1.20389785878e-07 -19.382991638190212
1.23204193039e-07 -19.41752443019258
1.25952280955e-07 -19.499210788518866
1.28973293729e-07 -19.52325383545407
1.3244044164e-07 -19.520848768854854
1.35367040527e-07 -19.537441810718555
1.3822090953e-07 -19.394412380356805
1.41231437178e-07 -19.43160761425265
1.45059270942e-07 -19.43686752310299
1.48769233337e-07 -19.45325232042231
1.52706219112e-07 -19.237436175701816
1.55733302927e-07 -19.10212210662751
1.58772923304e-07 -19.29854933776746
1.61958012111e-07 -19.388796262046043
1.64448154247e-07 -19.420785757606417
1.68703500169e-07 -19.45595610953655
1.73752573339e-07 -19.49010601998304
1.78526935109e-07 -19.48638406982319
1.83608235939e-07 -19.444040234978473
1.8935592224e-07 -19.39128408673661
1.98291862558e-07 -19.475991392779186
2.02986944957e-07 -19.51946650207789
2.06601928364e-07 -19.45982126243338
2.10548631953e-07 -19.51977022349694
2.15290769094e-07 -19.47042548036024
2.19467642478e-07 -19.468793249543076
2.23879040608e-07 -19.441423350577978
2.27572272895e-07 -19.425053105193093
2.3136639105e-07 -19.379787726411614
2.36169083673e-07 -19.3649618394618
2.40697007389e-07 -19.349265890450816
2.44810447152e-07 -19.366753876728573
2.50186867472e-07 -19.32220997713278
2.55956265677e-07 -19.338983253245154
2.61810236671e-07 -19.35446071091708
2.68063105521e-07 -19.39521345362619
2.75485409086e-07 -19.345879145796125
2.80923422044e-07 -19.318333557629842
2.87730906972e-07 -19.387315110373912
2.93598420877e-07 -19.46478059210164
2.98609175101e-07 -19.459398149547702
3.03848659165e-07 -19.48472863744366
3.09732221791e-07 -19.523226547051152
3.1451330546e-07 -19.536470153241332
3.19817524828e-07 -19.52572414350923
3.27448081376e-07 -19.62664102801768
3.33666297846e-07 -19.62994421374284
3.39605268846e-07 -19.58204963314128
3.44795956777e-07 -19.625145774886185
3.49810389179e-07 -19.691666933711545
3.57522372953e-07 -19.66650999127713
3.65227976191e-07 -19.75859237048308
3.70810194688e-07 -19.719058867799255
3.76440526555e-07 -19.817604747592554
3.82548451105e-07 -19.845981380069652
3.90054995981e-07 -19.92921460107874
3.97607740533e-07 -20.037680498734808
4.04150241432e-07 -20.303529914966497
4.11851080614e-07 -20.328326740312782
4.20602170546e-07 -20.361724946626218
4.30160164222e-07 -20.33241419808362
4.37994746734e-07 -20.480949741232735
4.4827200034e-07 -20.65043969875778
4.56328677199e-07 -20.722734519162543
4.63733084849e-07 -20.763928304125137
4.70561038594e-07 -20.79947689106958
4.77623151681e-07 -20.84446979192527
4.86756700828e-07 -20.965411217601265
4.93625499448e-07 -20.884136960910702
5.00064668669e-07 -20.835665385173677
5.11366160063e-07 -20.856647866833434
5.21867855391e-07 -20.879273133702696
5.301096199e-07 -20.99285582827985
5.3731459865e-07 -21.04086253800945
5.45330796177e-07 -21.066681075926446
5.54908107444e-07 -21.11110461793799
5.65742435556e-07 -21.15622142641461
5.72926790062e-07 -21.198133521711732
5.85367829666e-07 -21.227233239721187
6.02457368914e-07 -21.297721015360345
6.13832625225e-07 -21.276853318290463
6.26874662717e-07 -21.29208368316089
6.36919308173e-07 -21.333979740176986
6.43192254377e-07 -21.34606624111592
6.53403355783e-07 -21.62404353130208
6.61586156133e-07 -21.5091389701187
6.70750312817e-07 -21.387333465011267
6.85445438827e-07 -21.418844519718128
6.98206520494e-07 -21.462323325594035
7.10069056047e-07 -21.43925081048924
7.1945756406e-07 -21.421088876712076
7.29799683024e-07 -21.49847196831537
7.43515583858e-07 -21.59263562471027
7.56205357622e-07 -21.671331535332897
7.65095601237e-07 -21.600027834744814
7.74309467317e-07 -21.580968408750884
7.84139478109e-07 -21.609558545342807
7.92293257484e-07 -21.605876942104437
8.03364332881e-07 -21.67807488943989
8.16823135574e-07 -21.76308520317513
8.22856490715e-07 -21.75070304038102
8.39348391317e-07 -21.7301720025146
8.51418841968e-07 -21.669888829619232
8.62589713959e-07 -21.75950906750154
8.71862040143e-07 -21.823528606067278
8.84424374903e-07 -21.87418130407034
9.00685807014e-07 -21.90545623020433
9.15628045922e-07 -21.959923369870197
9.35069631215e-07 -21.95046528811678
9.49004454546e-07 -21.984309836489878
9.68022239879e-07 -22.02075578762596
9.85995528056e-07 -22.044829613605117
1.00305737103e-06 -22.069051263994808
1.02368478334e-06 -22.092031461037656
1.05123074494e-06 -22.106866100993024
1.08147773548e-06 -22.116107784801542
1.10005153047e-06 -22.102354133483068
1.13748920543e-06 -22.127152638880695
1.17492319616e-06 -22.144370102813582
1.20443091662e-06 -22.14791452564424
1.24981901486e-06 -22.180973355696167
1.27278762707e-06 -22.188406431705125
1.29559000006e-06 -22.188567206712065
1.31748769808e-06 -22.183839836434174
1.36044671479e-06 -22.20994223211585
1.40534826867e-06 -22.210327498760705
1.44621589694e-06 -22.23584882655222
1.48131787778e-06 -22.255353582090855
1.54720086503e-06 -22.342623107281078
1.588562969e-06 -22.331887661421312
1.61694525725e-06 -22.35807394242137
1.65855434411e-06 -22.378899939153712
1.7027144913e-06 -22.384615362372152
1.7440712609e-06 -22.357639662595055
1.79047954349e-06 -22.328561765958383
1.84182501437e-06 -22.30000042121099
1.88467017571e-06 -22.264823539569782
1.92166100035e-06 -22.24783049166009
1.9539238098e-06 -22.20648679277525
2.00130047071e-06 -22.165950827563968
2.11110599726e-06 -22.15417772914148
2.18706652246e-06 -22.09319198211508
2.28648820286e-06 -21.944279783753537
2.43033605383e-06 -21.729449076234864
2.54008016924e-06 -21.579367074294538
2.60658674211e-06 -21.58574430674306
2.69965398116e-06 -21.567564018597857
2.90157991958e-06 -21.564657121810903
3.06314484058e-06 -21.499627700143634
3.22362863134e-06 -21.449764578872404
3.357149673e-06 -21.35866736499203
3.57669442182e-06 -21.281744698757493
3.78196901633e-06 -21.188875888645477
3.92010661659e-06 -21.11168154250506
4.03504172386e-06 -21.04731768492205
4.15710886036e-06 -20.989179214098975
4.30967632201e-06 -20.88217381276891
4.44320929247e-06 -20.72753893853369
4.5490261393e-06 -20.63981218771891
4.74298082363e-06 -20.596563047261604
4.99595374435e-06 -20.54343055578542
5.19784556163e-06 -20.467033920496426
5.48176298309e-06 -20.429731922234687
5.67048574245e-06 -20.36060086353529
5.95799287829e-06 -20.287348969748535
6.39151471106e-06 -20.23143007881093
6.63270850989e-06 -20.114191301267248
7.07514291256e-06 -20.04709806356339
7.42968647149e-06 -19.9638906530703
7.68283292968e-06 -19.879534744306405
8.0474579762e-06 -19.791172424021163
8.63105619529e-06 -19.70409267095377
9.22052727429e-06 -19.659796562608953
