2.00570585804e-08 -9.47082558372437
2.07779255948e-08 -8.999279204748774
2.15666275546e-08 -9.700900040183463
2.23511733366e-08 -9.776334137108044
2.26989384553e-08 -9.502233035550823
2.30775360356e-08 -10.05428705113573
2.3915358806e-08 -10.143238680028638
2.4474102892e-08 -10.347735950515847
2.51551417477e-08 -11.022068688396317
2.58389859e-08 -11.940463376439176
2.6250952467e-08 -12.104304186473222
2.70915120349e-08 -12.811273675605896
2.77160002651e-08 -12.411140038354738
2.84878543334e-08 -11.70536557432623
2.95547739668e-08 -11.783899750991615
3.01937587673e-08 -11.744066218776666
3.08358247416e-08 -12.575677187865445
3.17731544709e-08 -13.64248997817593
3.28365434679e-08 -14.108037406154587
3.39605809144e-08 -14.457353746735471
3.50635441908e-08 -14.472063480520255
3.57774943608e-08 -13.580496106124748
3.68387913671e-08 -14.356433265804483
3.77041743787e-08 -14.428227074158798
3.8864261839e-08 -14.593223823531623
4.01376665097e-08 -15.037537473933362
4.09292977305e-08 -15.145618885973349
4.20960753313e-08 -15.20364069399195
4.34998504703e-08 -14.907794143666912
4.47314387216e-08 -15.398486403737778
4.61265011933e-08 -15.700894775495335
4.7739678597e-08 -15.714922228211407
4.96368369434e-08 -15.896739328403712
5.07932465217e-08 -16.04947050561043
5.18583525341e-08 -16.329668856406343
5.30230148696e-08 -15.976930130977706
5.4455868388e-08 -15.080838256783096
5.60131506434e-08 -16.417003716425505
5.75427667568e-08 -16.57630830868525
5.87090014382e-08 -16.79940834569686
6.06724302403e-08 -16.619028986666983
6.28317085546e-08 -16.50267538855283
6.50363798975e-08 -16.68722822098269
6.67206955022e-08 -16.54979936948429
6.81593676378e-08 -16.852644866085733
6.9827676534e-08 -16.772811295589705
7.2248351042e-08 -17.16157002615791
7.43966922957e-08 -17.06427561484673
7.59793454058e-08 -16.997077489856892
7.74140265412e-08 -16.80460896525974
7.99170111017e-08 -17.130168735080026
8.27817815135e-08 -17.227590107185563
8.4814019401e-08 -17.259122040947375
8.68493372857e-08 -17.388698890881564
8.94984966567e-08 -17.49572347993316
9.10932951605e-08 -18.105464266390122
9.26693872149e-08 -18.803718545351792
9.4693776079e-08 -19.123700244054966
9.61993857387e-08 -19.069889557483393
9.87467089763e-08 -18.787328427728198
1.00498051926e-07 -19.225778339793855
1.02853190903e-07 -19.135361346343068
1.04800044135e-07 -19.471290695101423
1.07342854175e-07 -19.374341018147675
1.10756061668e-07 -19.42462238767309
1.1388637345e-07 -19.433235759966472
1.17995549986e-07 -19.373259482779318
1.20389785878e-07 -19.195741012766725
1.23204193039e-07 -19.41996487493386
1.25952280955e-07 -19.574985410463285
1.28973293729e-07 -19.615106127333554
1.3244044164e-07 -19.646800410852634
1.35367040527e-07 -19.68104773896961
1.3822090953e-07 -19.609600936885805
1.41231437178e-07 -19.593480573748174
1.45059270942e-07 -19.66054200362096
1.48769233337e-07 -19.649228359477483
1.52706219112e-07 -19.513238260050294
1.55733302927e-07 -19.45249742957825
1.58772923304e-07 -19.57561534066027
1.61958012111e-07 -19.631656269355396
1.64448154247e-07 -19.65783120273779
1.68703500169e-07 -19.673428329060776
1.73752573339e-07 -19.655148055419282
1.78526935109e-07 -19.683162499259026
1.83608235939e-07 -19.638028735033394
1.8935592224e-07 -19.61770187958622
1.98291862558e-07 -19.674023605181524
2.02986944957e-07 -19.67482808583445
2.06601928364e-07 -19.67344222109469
2.10548631953e-07 -19.687647937120225
2.15290769094e-07 -19.68551533579071
2.19467642478e-07 -19.68582811327356
2.23879040608e-07 -19.660436794545625
2.27572272895e-07 -19.671923735123606
2.3136639105e-07 -19.59830181833805
2.36169083673e-07 -19.57826119250995
2.40697007389e-07 -19.573790012514216
2.44810447152e-07 -19.611776224513513
2.50186867472e-07 -19.580933183737358
2.55956265677e-07 -19.604924070859006
2.61810236671e-07 -19.636861455802027
2.68063105521e-07 -19.699349409491596
2.75485409086e-07 -19.652200548605016
2.80923422044e-07 -19.630485164139607
2.87730906972e-07 -19.720867501583754
2.93598420877e-07 -19.7992479105788
2.98609175101e-07 -19.805026931962395
3.03848659165e-07 -19.832888187362293
3.09732221791e-07 -19.863345600393046
3.1451330546e-07 -19.86967371637376
3.19817524828e-07 -19.861809848106034
3.27448081376e-07 -19.951732193824405
3.33666297846e-07 -19.958122850355217
3.39605268846e-07 -19.934644699257333
3.44795956777e-07 -19.975190454469683
3.49810389179e-07 -20.024518610038285
3.57522372953e-07 -20.01745780985764
3.65227976191e-07 -20.07892634706605
3.70810194688e-07 -20.074470252839532
3.76440526555e-07 -20.25433985822319
3.82548451105e-07 -20.37414651627732
3.90054995981e-07 -20.44522202057206
3.97607740533e-07 -20.513451637617322
4.04150241432e-07 -20.744598024788004
4.11851080614e-07 -20.716256492336385
4.20602170546e-07 -20.787859298174276
4.30160164222e-07 -20.734668294086383
4.37994746734e-07 -20.82233122538225
4.4827200034e-07 -20.96203697145811
4.56328677199e-07 -21.009227278822657
4.63733084849e-07 -21.041426196654463
4.70561038594e-07 -21.05955903601646
4.77623151681e-07 -21.092930253077775
4.86756700828e-07 -21.142808483064876
4.93625499448e-07 -21.1160443308004
5.00064668669e-07 -21.086559929841492
5.11366160063e-07 -21.106215229301988
5.21867855391e-07 -21.11877923446648
5.301096199e-07 -21.187975679797447
5.3731459865e-07 -21.223522387272673
5.45330796177e-07 -21.24284031693447
5.54908107444e-07 -21.274414388739608
5.65742435556e-07 -21.307890666643985
5.72926790062e-07 -21.334736140944393
5.85367829666e-07 -21.359255748613442
6.02457368914e-07 -21.40881117988245
6.13832625225e-07 -21.394054080258847
6.26874662717e-07 -21.40886738889475
6.36919308173e-07 -21.440747597811566
6.43192254377e-07 -21.445536173498105
6.53403355783e-07 -21.661239791294072
6.61586156133e-07 -21.57133016037818
6.70750312817e-07 -21.483702543392667
6.85445438827e-07 -21.51035436860802
6.98206520494e-07 -21.536564099752418
7.10069056047e-07 -21.525451289420914
7.1945756406e-07 -21.51623678293273
7.29799683024e-07 -21.56532157669681
7.43515583858e-07 -21.621603148209815
7.56205357622e-07 -21.673173783955377
7.65095601237e-07 -21.640337051540264
7.74309467317e-07 -21.63350414501552
7.84139478109e-07 -21.6554473821599
7.92293257484e-07 -21.6478119561488
8.03364332881e-07 -21.697913469422915
8.16823135574e-07 -21.74645737414417
8.22856490715e-07 -21.739297372380975
8.39348391317e-07 -21.73415820264446
8.51418841968e-07 -21.701269797250525
8.62589713959e-07 -21.760890067048507
8.71862040143e-07 -21.796448909774945
8.84424374903e-07 -21.83335046812757
9.00685807014e-07 -21.85597675424976
9.15628045922e-07 -21.88550545328767
9.35069631215e-07 -21.89271925997631
9.49004454546e-07 -21.906161105947753
9.68022239879e-07 -21.930888317085255
9.85995528056e-07 -21.948150666748134
1.00305737103e-06 -21.955937303242095
1.02368478334e-06 -21.96990786596016
1.05123074494e-06 -21.98023805908607
1.08147773548e-06 -21.983982922199353
1.10005153047e-06 -21.973902184452854
1.13748920543e-06 -21.99257150469738
1.17492319616e-06 -22.00163461518013
1.20443091662e-06 -22.000132645253665
1.24981901486e-06 -22.027475589830694
1.27278762707e-06 -22.030435655745528
1.29559000006e-06 -22.0277800754029
1.31748769808e-06 -22.02114666487082
1.36044671479e-06 -22.043090945775973
1.40534826867e-06 -22.05122447143534
1.44621589694e-06 -22.070879951320755
1.48131787778e-06 -22.083642799913406
1.54720086503e-06 -22.154166632380537
1.588562969e-06 -22.147386704393924
1.61694525725e-06 -22.171936758650453
1.65855434411e-06 -22.17929376619056
1.7027144913e-06 -22.17012427514487
1.7440712609e-06 -22.137048714535027
1.79047954349e-06 -22.10766683893212
1.84182501437e-06 -22.075989123661607
1.88467017571e-06 -22.037172157352956
1.92166100035e-06 -22.021251121157206
1.9539238098e-06 -21.980605301726122
2.00130047071e-06 -21.93973135000521
2.11110599726e-06 -21.920262668863252
2.18706652246e-06 -21.85317978219259
2.28648820286e-06 -21.713213100839475
2.43033605383e-06 -21.52701079660426
2.54008016924e-06 -21.428264271661483
2.60658674211e-06 -21.409971198276025
2.69965398116e-06 -21.377567198257097
2.90157991958e-06 -21.358771521233898
3.06314484058e-06 -21.2788685062553
3.22362863134e-06 -21.212989164065164
3.357149673e-06 -21.111690055751943
3.57669442182e-06 -21.029588061297154
3.78196901633e-06 -20.934635987927592
3.92010661659e-06 -20.856962702621637
4.03504172386e-06 -20.791836419778015
4.15710886036e-06 -20.732858619072992
4.30967632201e-06 -20.619787409636707
4.44320929247e-06 -20.451933334417667
4.5490261393e-06 -20.35803756323604
4.74298082363e-06 -20.315655169557303
4.99595374435e-06 -20.263398840008612
5.19784556163e-06 -20.187906986196744
5.48176298309e-06 -20.1525443638211
5.67048574245e-06 -20.085022969645628
5.95799287829e-06 -20.012696220459148
6.39151471106e-06 -19.957449516607753
6.63270850989e-06 -19.84021229465764
7.07514291256e-06 -19.773047193390205
7.42968647149e-06 -19.689057318180495
7.68283292968e-06 -19.605823210106088
8.0474579762e-06 -19.518308356252014
8.63105619529e-06 -19.43299323396755
9.22052727429e-06 -19.39089427138954
