2.00570585804e-08 112.91274835314482
2.07779255948e-08 112.83607363416687
2.15666275546e-08 112.75517337617714
2.23511733366e-08 112.6775829349431
2.26989384553e-08 22.322437131327746
2.30775360356e-08 19.800827645306416
2.3915358806e-08 18.621281516115687
2.4474102892e-08 17.59910273950625
2.51551417477e-08 16.6971879201233
2.58389859e-08 15.900576131725323
2.6250952467e-08 15.038535440780377
2.70915120349e-08 14.201673694222967
2.77160002651e-08 13.352737444341589
2.84878543334e-08 12.274697936199068
2.95547739668e-08 11.336269671231396
3.01937587673e-08 10.59313579989871
3.08358247416e-08 9.812325178728717
3.17731544709e-08 8.934213954242395
3.28365434679e-08 8.046682244037012
3.39605809144e-08 7.132496795625585
3.50635441908e-08 5.765752079572167
3.57774943608e-08 4.404078865549199
3.68387913671e-08 3.604463791738432
3.77041743787e-08 3.0562271484222734
3.8864261839e-08 2.177705569251735
4.01376665097e-08 1.439385996774007
4.09292977305e-08 0.9347323641159981
4.20960753313e-08 0.34470207274487663
4.34998504703e-08 -0.28553460100568984
4.47314387216e-08 -0.7672527079499538
4.61265011933e-08 -1.266475511341831
4.7739678597e-08 -1.8901086836697942
4.96368369434e-08 -2.5443548885066605
5.07932465217e-08 -5.74127478022551
5.18583525341e-08 -6.723769417361151
5.30230148696e-08 -6.821943667410199
5.4455868388e-08 -7.166836793746711
5.60131506434e-08 -7.7000535164821
5.75427667568e-08 -7.868361124051596
5.87090014382e-08 -8.10332630641286
6.06724302403e-08 -8.44350807892706
6.28317085546e-08 -8.768851244120945
6.50363798975e-08 -8.993860214761959
6.67206955022e-08 -9.179846088835873
6.81593676378e-08 -9.206669390623347
6.9827676534e-08 -9.501118848048954
7.2248351042e-08 -9.746479230984129
7.43966922957e-08 -9.958738596094072
7.59793454058e-08 -10.12665146287506
7.74140265412e-08 -10.290432289303574
7.99170111017e-08 -10.456491679771176
8.27817815135e-08 -10.537823798362275
8.4814019401e-08 -10.684100083297416
8.68493372857e-08 -10.880339337376348
8.94984966567e-08 -11.08452976296389
9.10932951605e-08 -11.78071700092385
9.26693872149e-08 -14.14264217923256
9.4693776079e-08 -15.112535366696406
9.61993857387e-08 -15.126595150838085
9.87467089763e-08 -14.719616336866771
1.00498051926e-07 -15.523676768914342
1.02853190903e-07 -15.32205893541341
1.04800044135e-07 -15.859505665243908
1.07342854175e-07 -15.6958057991449
1.10756061668e-07 -15.814395579900733
1.1388637345e-07 -15.840491204748744
1.17995549986e-07 -15.732385170992778
1.20389785878e-07 -15.402378515526927
1.23204193039e-07 -15.886068121050549
1.25952280955e-07 -16.0356284695332
1.28973293729e-07 -16.051940071350728
1.3244044164e-07 -16.119017174786627
1.35367040527e-07 -16.141432986301616
1.3822090953e-07 -15.99886429081311
1.41231437178e-07 -15.9308723024727
1.45059270942e-07 -16.05703897324574
1.48769233337e-07 -16.010863090099463
1.52706219112e-07 -15.821628862246406
1.55733302927e-07 -15.756604813057407
1.58772923304e-07 -15.93558505879826
1.61958012111e-07 -15.971143334312949
1.64448154247e-07 -16.03593656176742
1.68703500169e-07 -16.081187910391385
1.73752573339e-07 -16.05259231435435
1.78526935109e-07 -16.10501566400668
1.83608235939e-07 -16.039865908880564
1.8935592224e-07 -16.017337038916764
1.98291862558e-07 -16.11174282223741
2.02986944957e-07 -16.14543531098029
2.06601928364e-07 -16.165398272436
2.10548631953e-07 -16.226807416871353
2.15290769094e-07 -16.248686674833003
2.19467642478e-07 -16.27897986011866
2.23879040608e-07 -16.27337538948847
2.27572272895e-07 -16.277269782702106
2.3136639105e-07 -16.20004242404513
2.36169083673e-07 -16.155221526432207
2.40697007389e-07 -16.15552035236172
2.44810447152e-07 -16.31034985951146
2.50186867472e-07 -16.180984546604428
2.55956265677e-07 -16.307225156505957
2.61810236671e-07 -16.41527391547715
2.68063105521e-07 -16.70217193656932
2.75485409086e-07 -16.525019695360825
2.80923422044e-07 -16.51038225756475
2.87730906972e-07 -16.830458584047925
2.93598420877e-07 -17.125019681697765
2.98609175101e-07 -17.132870946396395
3.03848659165e-07 -17.22901048779824
3.09732221791e-07 -17.33839604657856
3.1451330546e-07 -17.37509430082156
3.19817524828e-07 -17.379846669422435
3.27448081376e-07 -17.653178987657206
3.33666297846e-07 -17.665771734059504
3.39605268846e-07 -17.57920183033726
3.44795956777e-07 -17.71941011543106
3.49810389179e-07 -17.86907269345992
3.57522372953e-07 -17.83158171045249
3.65227976191e-07 -18.049948116850103
3.70810194688e-07 -18.05447603176067
3.76440526555e-07 -18.14268114101653
3.82548451105e-07 -18.12212261730513
3.90054995981e-07 -18.217821280706815
3.97607740533e-07 -18.412478099310185
4.04150241432e-07 -18.76345364909664
4.11851080614e-07 -18.839885716767817
4.20602170546e-07 -18.859965750515947
4.30160164222e-07 -18.82760462874652
4.37994746734e-07 -19.03784466783926
4.4827200034e-07 -19.246479144308537
4.56328677199e-07 -19.340137738129265
4.63733084849e-07 -19.397717374773656
4.70561038594e-07 -19.44267169116882
4.77623151681e-07 -19.50118121844843
4.86756700828e-07 -19.49946184151893
4.93625499448e-07 -19.558608467586836
5.00064668669e-07 -19.522865005395374
5.11366160063e-07 -19.55578577147621
5.21867855391e-07 -19.58887653126674
5.301096199e-07 -19.705569887773926
5.3731459865e-07 -19.760502980123576
5.45330796177e-07 -19.793304822604746
5.54908107444e-07 -19.844264370627734
5.65742435556e-07 -19.894697946376354
5.72926790062e-07 -19.93781325849511
5.85367829666e-07 -19.975447710614787
6.02457368914e-07 -20.04771658699096
6.13832625225e-07 -20.038082303420026
6.26874662717e-07 -20.059837467552818
6.36919308173e-07 -20.106785727775055
6.43192254377e-07 -20.11787612437289
6.53403355783e-07 -20.133859851259835
6.61586156133e-07 -20.167210250898435
6.70750312817e-07 -20.173003302305546
6.85445438827e-07 -20.209374648326488
6.98206520494e-07 -20.25152392130712
7.10069056047e-07 -20.238964560381397
7.1945756406e-07 -20.229835870393295
7.29799683024e-07 -20.29888509414377
7.43515583858e-07 -20.37642045568706
7.56205357622e-07 -20.441752259008872
7.65095601237e-07 -20.398663401090836
7.74309467317e-07 -20.390666041006746
7.84139478109e-07 -20.419614622569775
7.92293257484e-07 -20.418699659306164
8.03364332881e-07 -20.483577655694468
8.16823135574e-07 -20.54646460913775
8.22856490715e-07 -20.545926527059557
8.39348391317e-07 -20.540994485324667
8.51418841968e-07 -20.505303603743165
8.62589713959e-07 -20.57478852012273
8.71862040143e-07 -20.618404874173642
8.84424374903e-07 -20.658778331401855
9.00685807014e-07 -20.686448727623635
9.15628045922e-07 -20.722110853602373
9.35069631215e-07 -20.72575988665448
9.49004454546e-07 -20.74980470456888
9.68022239879e-07 -20.776070958606255
9.85995528056e-07 -20.798093883836913
1.00305737103e-06 -20.814097723206828
1.02368478334e-06 -20.82770706879988
1.05123074494e-06 -20.84234756162651
1.08147773548e-06 -20.850201811304665
1.10005153047e-06 -20.844436296366872
1.13748920543e-06 -20.864935282836967
1.17492319616e-06 -20.87796144489542
1.20443091662e-06 -20.87989541275433
1.24981901486e-06 -20.91101388014598
1.27278762707e-06 -20.904882071812814
1.29559000006e-06 -20.91286465448173
1.31748769808e-06 -20.912071124429467
1.36044671479e-06 -20.9383929789606
1.40534826867e-06 -20.949630394755914
1.44621589694e-06 -20.974787805065652
1.48131787778e-06 -20.993845151758997
1.54720086503e-06 -21.072866717776733
1.588562969e-06 -21.07036166026498
1.61694525725e-06 -21.09919217956152
1.65855434411e-06 -21.10939776241854
1.7027144913e-06 -21.101234641601103
1.7440712609e-06 -21.06891316598267
1.79047954349e-06 -21.03955409589306
1.84182501437e-06 -21.00893249986914
1.88467017571e-06 -20.971306458026874
1.92166100035e-06 -20.954559497469276
1.9539238098e-06 -20.914406100269858
2.00130047071e-06 -20.873424046930943
2.11110599726e-06 -20.85529191916023
2.18706652246e-06 -20.78714696241768
2.28648820286e-06 -20.646845282439557
2.43033605383e-06 -20.454078628458817
2.54008016924e-06 -20.35192825128002
2.60658674211e-06 -20.339740863809013
2.69965398116e-06 -20.310180648081733
2.90157991958e-06 -20.293617839842653
3.06314484058e-06 -20.214374503967974
3.22362863134e-06 -20.148686321606135
3.357149673e-06 -20.04812252895932
3.57669442182e-06 -19.965724916367115
3.78196901633e-06 -19.870568379470832
3.92010661659e-06 -19.79201093646477
4.03504172386e-06 -19.726563262328725
4.15710886036e-06 -19.667026146389354
4.30967632201e-06 -19.551223674375713
4.44320929247e-06 -19.379436705159534
4.5490261393e-06 -19.285212727050634
4.74298082363e-06 -19.24255535374764
4.99595374435e-06 -19.188010954598695
5.19784556163e-06 -19.110434031734904
5.48176298309e-06 -19.07244154616174
5.67048574245e-06 -19.00215859930224
5.95799287829e-06 -18.925115203104404
6.39151471106e-06 -18.862489088311357
6.63270850989e-06 -18.736510807428907
7.07514291256e-06 -18.657996494318787
7.42968647149e-06 -18.56155202053381
7.68283292968e-06 -18.465839595996385
8.0474579762e-06 -18.360679405649876
8.63105619529e-06 -18.247750810431143
9.22052727429e-06 -18.17885734602961
