2.00570585804e-08 -9.689699177981971
2.07779255948e-08 -9.281194864361751
2.15666275546e-08 -10.16981632620142
2.23511733366e-08 -10.270602273656998
2.26989384553e-08 -10.092887166368499
2.30775360356e-08 -10.565626713343065
2.3915358806e-08 -10.898058208228058
2.4474102892e-08 -11.044247383571737
2.51551417477e-08 -12.396546005139527
2.58389859e-08 -13.363303963329308
2.6250952467e-08 -13.056717625491324
2.70915120349e-08 -13.77147847412511
2.77160002651e-08 -13.785104649997209
2.84878543334e-08 -13.154093134263029
2.95547739668e-08 -13.13851403655653
3.01937587673e-08 -12.7452950879211
3.08358247416e-08 -13.691998788187213
3.17731544709e-08 -14.218785713864385
3.28365434679e-08 -14.93836619491983
3.39605809144e-08 -14.793114768718404
3.50635441908e-08 -14.88587675804888
3.57774943608e-08 -13.988819505328117
3.68387913671e-08 -14.939980170309667
3.77041743787e-08 -15.199362340986653
3.8864261839e-08 -15.141531907050734
4.01376665097e-08 -15.292971646161554
4.09292977305e-08 -15.845700726627221
4.20960753313e-08 -15.687125146393505
4.34998504703e-08 -15.173086145979198
4.47314387216e-08 -15.990862891844856
4.61265011933e-08 -16.208762044502002
4.7739678597e-08 -16.273899670230698
4.96368369434e-08 -16.50632478759298
5.07932465217e-08 -16.744460949566232
5.18583525341e-08 -17.078885891278794
5.30230148696e-08 -16.75560584811131
5.4455868388e-08 -15.379869088389022
5.60131506434e-08 -17.02984874928032
5.75427667568e-08 -17.144636662836426
5.87090014382e-08 -17.402305188760295
6.06724302403e-08 -17.378791648010576
6.28317085546e-08 -17.1663572765165
6.50363798975e-08 -17.455504482936412
6.67206955022e-08 -17.179666106844138
6.81593676378e-08 -17.5031755376843
6.9827676534e-08 -17.52444223396099
7.2248351042e-08 -17.858997256347152
7.43966922957e-08 -17.71316568174324
7.59793454058e-08 -17.653618890722434
7.74140265412e-08 -17.608852793078142
7.99170111017e-08 -17.77530659640309
8.27817815135e-08 -17.9595260853105
8.4814019401e-08 -17.900771846406336
8.68493372857e-08 -18.14535802252174
8.94984966567e-08 -18.294688043126165
9.10932951605e-08 -18.692647261671446
9.26693872149e-08 -19.221997564305582
9.4693776079e-08 -19.532034235642392
9.61993857387e-08 -19.504291769620203
9.87467089763e-08 -19.22406283128614
1.00498051926e-07 -19.662489658447505
1.02853190903e-07 -19.59793747067107
1.04800044135e-07 -19.890625717163665
1.07342854175e-07 -19.81312152536119
1.10756061668e-07 -19.813443542581
1.1388637345e-07 -19.843281388325174
1.17995549986e-07 -19.761164284684938
1.20389785878e-07 -19.658844374851633
1.23204193039e-07 -19.813078665377667
1.25952280955e-07 -19.951434251462906
1.28973293729e-07 -19.99165675615508
1.3244044164e-07 -20.01130504957129
1.35367040527e-07 -20.038701564197204
1.3822090953e-07 -19.95503991289015
1.41231437178e-07 -19.95947650469372
1.45059270942e-07 -19.998151036592454
1.48769233337e-07 -19.99235827922049
1.52706219112e-07 -19.855256363575158
1.55733302927e-07 -19.781167974415162
1.58772923304e-07 -19.907095679281532
1.61958012111e-07 -19.95765850709747
1.64448154247e-07 -19.97786709760672
1.68703500169e-07 -19.999125458883228
1.73752573339e-07 -19.99184713586505
1.78526935109e-07 -20.010384443941824
1.83608235939e-07 -19.966721111351198
1.8935592224e-07 -19.93678307088691
1.98291862558e-07 -19.996591504878836
2.02986944957e-07 -20.005391668776127
2.06601928364e-07 -19.990427284724483
2.10548631953e-07 -20.012067694471128
2.15290769094e-07 -19.99724911850314
2.19467642478e-07 -19.99559250404655
2.23879040608e-07 -19.969869918386294
2.27572272895e-07 -19.97140632350274
2.3136639105e-07 -19.906057617617016
2.36169083673e-07 -19.892912521499206
2.40697007389e-07 -19.884808446640122
2.44810447152e-07 -19.91310762679987
2.50186867472e-07 -19.88611561044285
2.55956265677e-07 -19.900056184942535
2.61810236671e-07 -19.925315789040212
2.68063105521e-07 -19.96818339682325
2.75485409086e-07 -19.930414360906397
2.80923422044e-07 -19.907698665964098
2.87730906972e-07 -19.97613882976446
2.93598420877e-07 -20.031078839519246
2.98609175101e-07 -20.0361015207978
3.03848659165e-07 -20.05639447068163
3.09732221791e-07 -20.07729501580136
3.1451330546e-07 -20.08138597191305
3.19817524828e-07 -20.072541576256363
3.27448081376e-07 -20.136338887546906
3.33666297846e-07 -20.142966804305615
3.39605268846e-07 -20.125864546872826
3.44795956777e-07 -20.14980113405923
3.49810389179e-07 -20.183797644413964
3.57522372953e-07 -20.182329461345056
3.65227976191e-07 -20.20310474603354
3.70810194688e-07 -20.174754006994313
3.76440526555e-07 -20.355756953661455
3.82548451105e-07 -20.48819805738338
3.90054995981e-07 -20.556079517225434
3.97607740533e-07 -20.6033370215686
4.04150241432e-07 -20.8111973476585
4.11851080614e-07 -20.767102883004654
4.20602170546e-07 -20.844885597718076
4.30160164222e-07 -20.791039588885425
4.37994746734e-07 -20.85449757184346
4.4827200034e-07 -20.97712549595188
4.56328677199e-07 -21.01321052685835
4.63733084849e-07 -21.037891040461908
4.70561038594e-07 -21.05125272144258
4.77623151681e-07 -21.078086911651802
4.86756700828e-07 -21.209985617942174
4.93625499448e-07 -21.09277024669388
5.00064668669e-07 -21.064139520538667
5.11366160063e-07 -21.079575339661837
5.21867855391e-07 -21.086506619198474
5.301096199e-07 -21.142964178056914
5.3731459865e-07 -21.172812244253905
5.45330796177e-07 -21.187824228613266
5.54908107444e-07 -21.213490656902174
5.65742435556e-07 -21.24149687129384
5.72926790062e-07 -21.262887140474866
5.85367829666e-07 -21.28386369654057
6.02457368914e-07 -21.32695442587528
6.13832625225e-07 -21.310096055140185
6.26874662717e-07 -21.32168319177932
6.36919308173e-07 -21.349716222580042
6.43192254377e-07 -21.35282153683417
6.53403355783e-07 -21.76416239248413
6.61586156133e-07 -21.57125991928163
6.70750312817e-07 -21.384302116092947
6.85445438827e-07 -21.407664850862787
6.98206520494e-07 -21.430214976193007
7.10069056047e-07 -21.417766788993227
7.1945756406e-07 -21.407120999425416
7.29799683024e-07 -21.452874528145053
7.43515583858e-07 -21.50468188633385
7.56205357622e-07 -21.55244622542655
7.65095601237e-07 -21.521838808731033
7.74309467317e-07 -21.51440257995997
7.84139478109e-07 -21.53479584326663
7.92293257484e-07 -21.52514142182612
8.03364332881e-07 -21.57186844547948
8.16823135574e-07 -21.615166069275986
8.22856490715e-07 -21.605066511658336
8.39348391317e-07 -21.599064914442998
8.51418841968e-07 -21.568374455849217
8.62589713959e-07 -21.6254311827662
8.71862040143e-07 -21.658513800842094
8.84424374903e-07 -21.694843100746162
9.00685807014e-07 -21.716439105494466
9.15628045922e-07 -21.742285949959246
9.35069631215e-07 -21.750845892686804
9.49004454546e-07 -21.760644564360398
9.68022239879e-07 -21.784691548616856
9.85995528056e-07 -21.80107137494204
1.00305737103e-06 -21.805242033626392
1.02368478334e-06 -21.81804844210496
1.05123074494e-06 -21.82685569714576
1.08147773548e-06 -21.82930697311344
1.10005153047e-06 -21.818058170665864
1.13748920543e-06 -21.835252754968273
1.17492319616e-06 -21.842291217467498
1.20443091662e-06 -21.8395626725736
1.24981901486e-06 -21.86521852168842
1.27278762707e-06 -21.88283533889036
1.29559000006e-06 -21.867893492116856
1.31748769808e-06 -21.855876546166265
1.36044671479e-06 -21.876757217306988
1.40534826867e-06 -21.88565439469746
1.44621589694e-06 -21.90351834305087
1.48131787778e-06 -21.913810113170214
1.54720086503e-06 -21.981416755761337
1.588562969e-06 -21.973131893256173
1.61694525725e-06 -22.001626804079173
1.65855434411e-06 -22.00795570861463
1.7027144913e-06 -21.99682226274554
1.7440712609e-06 -21.962387809033423
1.79047954349e-06 -21.933369617552593
1.84182501437e-06 -21.90094115033147
1.88467017571e-06 -21.86161687644033
1.92166100035e-06 -21.846357077311183
1.9539238098e-06 -21.80590913262806
2.00130047071e-06 -21.76562493442713
2.11110599726e-06 -21.74535635446462
2.18706652246e-06 -21.680796728602395
2.28648820286e-06 -21.536418586714667
2.43033605383e-06 -21.349511822258513
2.54008016924e-06 -21.259530724717997
2.60658674211e-06 -21.23973144368979
2.69965398116e-06 -21.20762500163088
2.90157991958e-06 -21.189480638714997
3.06314484058e-06 -21.109119163653865
3.22362863134e-06 -21.041447390705578
3.357149673e-06 -20.93834833176203
3.57669442182e-06 -20.856737176348354
3.78196901633e-06 -20.762476493241415
3.92010661659e-06 -20.686021200594418
4.03504172386e-06 -20.6220004816309
4.15710886036e-06 -20.563590995331147
4.30967632201e-06 -20.4493992920142
4.44320929247e-06 -20.277344228415977
4.5490261393e-06 -20.183070366623213
4.74298082363e-06 -20.143616851662834
4.99595374435e-06 -20.095611898160087
5.19784556163e-06 -20.025212175747455
5.48176298309e-06 -19.995553863358793
5.67048574245e-06 -19.93411292348651
5.95799287829e-06 -19.86970692210749
6.39151471106e-06 -19.82477394172129
6.63270850989e-06 -19.71863168574388
7.07514291256e-06 -19.664850790804657
7.42968647149e-06 -19.59566268760269
7.68283292968e-06 -19.525413382183714
8.0474579762e-06 -19.456504406052105
8.63105619529e-06 -19.39909963906701
9.22052727429e-06 -19.38266366303113
