2.00570585804e-08 -9.291637959987987
2.07779255948e-08 -8.764612844612095
2.15666275546e-08 -9.578209722635712
2.23511733366e-08 -9.642729679238741
2.26989384553e-08 -9.392274872258056
2.30775360356e-08 -9.864654309509767
2.3915358806e-08 -9.95785955853291
2.4474102892e-08 -10.237013717119396
2.51551417477e-08 -10.765274423408492
2.58389859e-08 -11.60019769177925
2.6250952467e-08 -11.6650608973736
2.70915120349e-08 -12.417882521898797
2.77160002651e-08 -12.195883163521643
2.84878543334e-08 -11.246139917881116
2.95547739668e-08 -11.137427158247363
3.01937587673e-08 -10.89322303524748
3.08358247416e-08 -11.671175639063236
3.17731544709e-08 -12.649176832966326
3.28365434679e-08 -13.904400666632242
3.39605809144e-08 -14.376392807481949
3.50635441908e-08 -14.38327317897187
3.57774943608e-08 -13.062066327420602
3.68387913671e-08 -13.314878499798816
3.77041743787e-08 -13.567221448315841
3.8864261839e-08 -14.037450858067913
4.01376665097e-08 -14.317519255854272
4.09292977305e-08 -14.059995046928279
4.20960753313e-08 -14.633459680024146
4.34998504703e-08 -14.590654699663801
4.47314387216e-08 -15.027998822488314
4.61265011933e-08 -15.267731837191029
4.7739678597e-08 -15.141945822685848
4.96368369434e-08 -14.942107401022923
5.07932465217e-08 -15.283526155906358
5.18583525341e-08 -15.56348982905319
5.30230148696e-08 -15.383250461446295
5.4455868388e-08 -14.922074362965844
5.60131506434e-08 -15.98044330092496
5.75427667568e-08 -16.1277114294248
5.87090014382e-08 -16.230466389192678
6.06724302403e-08 -16.17641567628663
6.28317085546e-08 -16.40896839490309
6.50363798975e-08 -16.459104027716684
6.67206955022e-08 -16.139907635067523
6.81593676378e-08 -16.3694259180893
6.9827676534e-08 -16.6112374615483
7.2248351042e-08 -16.935632617018513
7.43966922957e-08 -16.85394203913652
7.59793454058e-08 -17.079467571036126
7.74140265412e-08 -16.910576559648057
7.99170111017e-08 -16.932001014864056
8.27817815135e-08 -17.190711344077762
8.4814019401e-08 -17.127905196561287
8.68493372857e-08 -17.441777384902935
8.94984966567e-08 -17.60640073626883
9.10932951605e-08 -18.311138936741898
9.26693872149e-08 -18.924895754984043
9.4693776079e-08 -19.086753894726293
9.61993857387e-08 -19.12491286102761
9.87467089763e-08 -18.786417979963083
1.00498051926e-07 -19.30896064551974
1.02853190903e-07 -19.227924907353618
1.04800044135e-07 -19.549586327508635
1.07342854175e-07 -19.46185216334856
1.10756061668e-07 -19.45710943114446
1.1388637345e-07 -19.470505173839832
1.17995549986e-07 -19.384416990471827
1.20389785878e-07 -19.30146598917596
1.23204193039e-07 -19.474954459946566
1.25952280955e-07 -19.5993165545218
1.28973293729e-07 -19.630382661143216
1.3244044164e-07 -19.651280042290914
1.35367040527e-07 -19.680781740986554
1.3822090953e-07 -19.582723574640823
1.41231437178e-07 -19.583900294614928
1.45059270942e-07 -19.63531981198185
1.48769233337e-07 -19.630652913584896
1.52706219112e-07 -19.463462389642473
1.55733302927e-07 -19.377981566904545
1.58772923304e-07 -19.52457937926487
1.61958012111e-07 -19.60350964046139
1.64448154247e-07 -19.63402805706459
1.68703500169e-07 -19.651385360007616
1.73752573339e-07 -19.642428826429217
1.78526935109e-07 -19.661083428136088
1.83608235939e-07 -19.61642542706553
1.8935592224e-07 -19.5862633706925
1.98291862558e-07 -19.64654455022314
2.02986944957e-07 -19.65883798022187
2.06601928364e-07 -19.646491956690646
2.10548631953e-07 -19.673279729489934
2.15290769094e-07 -19.66459821812459
2.19467642478e-07 -19.666403990537532
2.23879040608e-07 -19.64329427690368
2.27572272895e-07 -19.649456265672093
2.3136639105e-07 -19.586211529254093
2.36169083673e-07 -19.563132362832235
2.40697007389e-07 -19.555413531464865
2.44810447152e-07 -19.593608360291213
2.50186867472e-07 -19.553421150724255
2.55956265677e-07 -19.577074701987947
2.61810236671e-07 -19.604996523780322
2.68063105521e-07 -19.670798595863623
2.75485409086e-07 -19.619333625314113
2.80923422044e-07 -19.597181195777658
2.87730906972e-07 -19.693238661094192
2.93598420877e-07 -19.771159159329805
2.98609175101e-07 -19.778515252029166
3.03848659165e-07 -19.807151054631774
3.09732221791e-07 -19.839600039597833
3.1451330546e-07 -19.846212164463815
3.19817524828e-07 -19.836690403212508
3.27448081376e-07 -19.92637474088803
3.33666297846e-07 -19.936189067729536
3.39605268846e-07 -19.912243837494188
3.44795956777e-07 -19.95273264257616
3.49810389179e-07 -20.00133638057674
3.57522372953e-07 -19.99477282875285
3.65227976191e-07 -20.06034881669563
3.70810194688e-07 -20.06003244466391
3.76440526555e-07 -20.22213087638911
3.82548451105e-07 -20.325883784703592
3.90054995981e-07 -20.385969474838184
3.97607740533e-07 -20.454950959598186
4.04150241432e-07 -20.6912668156518
4.11851080614e-07 -20.67935998502214
4.20602170546e-07 -20.74590357019801
4.30160164222e-07 -20.702484927637315
4.37994746734e-07 -20.796619178650978
4.4827200034e-07 -20.93528447831897
4.56328677199e-07 -20.985869275057006
4.63733084849e-07 -21.020618942750453
4.70561038594e-07 -21.041388793560593
4.77623151681e-07 -21.07720105075785
4.86756700828e-07 -21.119477747672846
4.93625499448e-07 -21.102518447705528
5.00064668669e-07 -21.073848187522373
5.11366160063e-07 -21.095630044134523
5.21867855391e-07 -21.1084471215802
5.301096199e-07 -21.176530964023264
5.3731459865e-07 -21.21325157097902
5.45330796177e-07 -21.233645978396076
5.54908107444e-07 -21.265317509733855
5.65742435556e-07 -21.29915611397839
5.72926790062e-07 -21.326705016466583
5.85367829666e-07 -21.3530906766497
6.02457368914e-07 -21.401945910978498
6.13832625225e-07 -21.387157174000343
6.26874662717e-07 -21.402687356029354
6.36919308173e-07 -21.43493176112564
6.43192254377e-07 -21.43952908755785
6.53403355783e-07 -21.626970489642055
6.61586156133e-07 -21.552756023179874
6.70750312817e-07 -21.47905927543502
6.85445438827e-07 -21.505389555482232
6.98206520494e-07 -21.530086219189926
7.10069056047e-07 -21.51987353170746
7.1945756406e-07 -21.51084147964908
7.29799683024e-07 -21.55831671637406
7.43515583858e-07 -21.61073984291609
7.56205357622e-07 -21.659977102062264
7.65095601237e-07 -21.632248741873305
7.74309467317e-07 -21.626923920484735
7.84139478109e-07 -21.648402915329967
7.92293257484e-07 -21.639233807035602
8.03364332881e-07 -21.686922119714517
8.16823135574e-07 -21.73009708712167
8.22856490715e-07 -21.724971781876057
8.39348391317e-07 -21.721816836476002
8.51418841968e-07 -21.69236468166926
8.62589713959e-07 -21.74836488362522
8.71862040143e-07 -21.77955809712303
8.84424374903e-07 -21.81469916285301
9.00685807014e-07 -21.83643630292815
9.15628045922e-07 -21.861887677731744
9.35069631215e-07 -21.871239469527772
9.49004454546e-07 -21.882642881390687
9.68022239879e-07 -21.90510169478336
9.85995528056e-07 -21.922027087013888
1.00305737103e-06 -21.928186277427535
1.02368478334e-06 -21.94006941689441
1.05123074494e-06 -21.94997069971717
1.08147773548e-06 -21.953290728279107
1.10005153047e-06 -21.944434106277384
1.13748920543e-06 -21.96195021664969
1.17492319616e-06 -21.96985132322846
1.20443091662e-06 -21.968039339247504
1.24981901486e-06 -21.99473016120708
1.27278762707e-06 -21.995336512977453
1.29559000006e-06 -21.993301050747583
1.31748769808e-06 -21.98707195681557
1.36044671479e-06 -22.008674956553783
1.40534826867e-06 -22.018801746342874
1.44621589694e-06 -22.037388841226466
1.48131787778e-06 -22.04920220418078
1.54720086503e-06 -22.116825631764108
1.588562969e-06 -22.10972675537178
1.61694525725e-06 -22.136083009678593
1.65855434411e-06 -22.141243015068923
1.7027144913e-06 -22.129040051815394
1.7440712609e-06 -22.0943216113658
1.79047954349e-06 -22.065267242736518
1.84182501437e-06 -22.032746771288664
1.88467017571e-06 -21.99307803955802
1.92166100035e-06 -21.977537935348124
1.9539238098e-06 -21.936923294924306
2.00130047071e-06 -21.896333796252037
2.11110599726e-06 -21.8752503874151
2.18706652246e-06 -21.80640632689404
2.28648820286e-06 -21.66678749729983
2.43033605383e-06 -21.482953150768743
2.54008016924e-06 -21.395045382026005
2.60658674211e-06 -21.373387731506092
2.69965398116e-06 -21.33955907154394
2.90157991958e-06 -21.318741500212695
3.06314484058e-06 -21.235743094828955
3.22362863134e-06 -21.166299095944154
3.357149673e-06 -21.06256360416006
3.57669442182e-06 -20.979141948032115
3.78196901633e-06 -20.883196942761295
3.92010661659e-06 -20.805440354751376
4.03504172386e-06 -20.740287907499884
4.15710886036e-06 -20.680914045157337
4.30967632201e-06 -20.564644022040362
4.44320929247e-06 -20.390155532884904
4.5490261393e-06 -20.29436931121063
4.74298082363e-06 -20.25254367368548
4.99595374435e-06 -20.200549842100962
5.19784556163e-06 -20.125540657605733
5.48176298309e-06 -20.0909939999933
5.67048574245e-06 -20.024324608427136
5.95799287829e-06 -19.952300772197034
6.39151471106e-06 -19.89686197545624
6.63270850989e-06 -19.778914837837313
7.07514291256e-06 -19.710534741688257
7.42968647149e-06 -19.62542240646888
7.68283292968e-06 -19.540458364155775
8.0474579762e-06 -19.45095708416507
8.63105619529e-06 -19.36274405391829
9.22052727429e-06 -19.31789680944211
