2.00570585804e-08 -8.173909447234642
2.07779255948e-08 -7.723360462711913
2.15666275546e-08 -8.442278573386659
2.23511733366e-08 -8.517357134544227
2.26989384553e-08 -8.251116590911174
2.30775360356e-08 -8.835539836358016
2.3915358806e-08 -9.009578825916371
2.4474102892e-08 -9.145074319266335
2.51551417477e-08 -10.048783339593186
2.58389859e-08 -11.012083535339826
2.6250952467e-08 -11.347244671354012
2.70915120349e-08 -11.945745954848128
2.77160002651e-08 -11.470762229793252
2.84878543334e-08 -11.20346311209883
2.95547739668e-08 -11.44798070368902
3.01937587673e-08 -11.515379443381057
3.08358247416e-08 -12.262968057705187
3.17731544709e-08 -13.357523677012487
3.28365434679e-08 -13.21765183356218
3.39605809144e-08 -13.43231115870892
3.50635441908e-08 -13.501646444303162
3.57774943608e-08 -13.090303348204557
3.68387913671e-08 -14.109856509691177
3.77041743787e-08 -14.065187013312027
3.8864261839e-08 -14.063113173745172
4.01376665097e-08 -14.69436221388306
4.09292977305e-08 -14.951493166347127
4.20960753313e-08 -14.813152162171072
4.34998504703e-08 -14.24815664616569
4.47314387216e-08 -14.957487100282457
4.61265011933e-08 -15.390055669212394
4.7739678597e-08 -15.541932889875362
4.96368369434e-08 -15.738830761498065
5.07932465217e-08 -15.877817378429
5.18583525341e-08 -16.24722905369346
5.30230148696e-08 -15.849362994280668
5.4455868388e-08 -14.58169021802511
5.60131506434e-08 -16.37294453620843
5.75427667568e-08 -16.52014925016779
5.87090014382e-08 -16.773486689167008
6.06724302403e-08 -16.609327888943355
6.28317085546e-08 -16.491266812676997
6.50363798975e-08 -16.68211562470856
6.67206955022e-08 -16.489973727376416
6.81593676378e-08 -16.784651915565824
6.9827676534e-08 -16.802872410371428
7.2248351042e-08 -17.17742969921443
7.43966922957e-08 -17.095711782667514
7.59793454058e-08 -17.120912812890772
7.74140265412e-08 -16.922998807542804
7.99170111017e-08 -17.113418024402023
8.27817815135e-08 -17.329935148767717
8.4814019401e-08 -17.249608846908814
8.68493372857e-08 -17.511141287667535
8.94984966567e-08 -17.662140904321156
9.10932951605e-08 -18.194566336734766
9.26693872149e-08 -18.795865452011043
9.4693776079e-08 -19.08846719929918
9.61993857387e-08 -19.050467541901106
9.87467089763e-08 -18.764441537454175
1.00498051926e-07 -19.234371527587932
1.02853190903e-07 -19.140484573215197
1.04800044135e-07 -19.490265730675503
1.07342854175e-07 -19.40798619190219
1.10756061668e-07 -19.436276990330455
1.1388637345e-07 -19.476392598025328
1.17995549986e-07 -19.403846770647135
1.20389785878e-07 -19.22559365814365
1.23204193039e-07 -19.441671437566207
1.25952280955e-07 -19.61495299126171
1.28973293729e-07 -19.675259878880063
1.3244044164e-07 -19.709194200241647
1.35367040527e-07 -19.75009809670685
1.3822090953e-07 -19.679414979447976
1.41231437178e-07 -19.676121316917175
1.45059270942e-07 -19.72981637074838
1.48769233337e-07 -19.722546264440574
1.52706219112e-07 -19.58580472875611
1.55733302927e-07 -19.527842075136284
1.58772923304e-07 -19.65870011287233
1.61958012111e-07 -19.703638056845328
1.64448154247e-07 -19.72521770377373
1.68703500169e-07 -19.752122931700782
1.73752573339e-07 -19.74566866041382
1.78526935109e-07 -19.779008045254912
1.83608235939e-07 -19.735370913632494
1.8935592224e-07 -19.717855362370997
1.98291862558e-07 -19.78789572419437
2.02986944957e-07 -19.79339276594054
2.06601928364e-07 -19.791075649562465
2.10548631953e-07 -19.811166778998974
2.15290769094e-07 -19.79916637989298
2.19467642478e-07 -19.801042110829243
2.23879040608e-07 -19.77153317171536
2.27572272895e-07 -19.77921275207838
2.3136639105e-07 -19.70117058560289
2.36169083673e-07 -19.68064713559869
2.40697007389e-07 -19.675732796407118
2.44810447152e-07 -19.72468527800863
2.50186867472e-07 -19.69788760767232
2.55956265677e-07 -19.720184487017697
2.61810236671e-07 -19.76157479719619
2.68063105521e-07 -19.834334967342002
2.75485409086e-07 -19.782686723166513
2.80923422044e-07 -19.759957295843336
2.87730906972e-07 -19.866930052971803
2.93598420877e-07 -19.95352910379779
2.98609175101e-07 -19.964819995396326
3.03848659165e-07 -19.996696203827483
3.09732221791e-07 -20.031700329738335
3.1451330546e-07 -20.041441418102785
3.19817524828e-07 -20.032032986231407
3.27448081376e-07 -20.12687189730189
3.33666297846e-07 -20.137150876630663
3.39605268846e-07 -20.111522821276296
3.44795956777e-07 -20.153409907515986
3.49810389179e-07 -20.205555554926967
3.57522372953e-07 -20.197893369608586
3.65227976191e-07 -20.26840743390281
3.70810194688e-07 -20.26110109962986
3.76440526555e-07 -20.459559387596485
3.82548451105e-07 -20.60161055120937
3.90054995981e-07 -20.683396708036902
3.97607740533e-07 -20.751011162905876
4.04150241432e-07 -20.99947886054025
4.11851080614e-07 -20.961997900874884
4.20602170546e-07 -21.045326721433653
4.30160164222e-07 -20.991195704657322
4.37994746734e-07 -21.076928614806548
4.4827200034e-07 -21.218545739485457
4.56328677199e-07 -21.264805090926373
4.63733084849e-07 -21.294502459520025
4.70561038594e-07 -21.31146847120121
4.77623151681e-07 -21.34638927119377
4.86756700828e-07 -21.365890317216007
4.93625499448e-07 -21.367186538619997
5.00064668669e-07 -21.333969861822595
5.11366160063e-07 -21.35278949365479
5.21867855391e-07 -21.362966055817985
5.301096199e-07 -21.433187908356622
5.3731459865e-07 -21.46878096058537
5.45330796177e-07 -21.487475570817637
5.54908107444e-07 -21.518002443242082
5.65742435556e-07 -21.550609334446563
5.72926790062e-07 -21.577450117060692
5.85367829666e-07 -21.601009339569913
6.02457368914e-07 -21.651088599166492
6.13832625225e-07 -21.632916128393198
6.26874662717e-07 -21.645574398947296
6.36919308173e-07 -21.67695546906701
6.43192254377e-07 -21.68232890347828
6.53403355783e-07 -21.856579886761168
6.61586156133e-07 -21.788070370006878
6.70750312817e-07 -21.71582573321873
6.85445438827e-07 -21.741485488085978
6.98206520494e-07 -21.76919575069566
7.10069056047e-07 -21.753485792615486
7.1945756406e-07 -21.740894835123065
7.29799683024e-07 -21.794622759233782
7.43515583858e-07 -21.857812949492384
7.56205357622e-07 -21.913991319762495
7.65095601237e-07 -21.871529705464532
7.74309467317e-07 -21.860621272405552
7.84139478109e-07 -21.88323203686288
7.92293257484e-07 -21.87517141727875
8.03364332881e-07 -21.92833620272544
8.16823135574e-07 -21.983072610783836
8.22856490715e-07 -21.975576607268998
8.39348391317e-07 -21.965121850274407
8.51418841968e-07 -21.92745711346504
8.62589713959e-07 -21.993165799344588
8.71862040143e-07 -22.03466313762366
8.84424374903e-07 -22.074906740485993
9.00685807014e-07 -22.099174909831376
9.15628045922e-07 -22.13318101885283
9.35069631215e-07 -22.137325359717487
9.49004454546e-07 -22.153203938319322
9.68022239879e-07 -22.18132783984938
9.85995528056e-07 -22.199830852755312
1.00305737103e-06 -22.209078861482617
1.02368478334e-06 -22.225342119524072
1.05123074494e-06 -22.23576549190811
1.08147773548e-06 -22.239245087397812
1.10005153047e-06 -22.22760051116625
1.13748920543e-06 -22.247268777525164
1.17492319616e-06 -22.25717497570478
1.20443091662e-06 -22.256321826511545
1.24981901486e-06 -22.28399283135282
1.27278762707e-06 -22.283773365104338
1.29559000006e-06 -22.283368462320695
1.31748769808e-06 -22.277733727754452
1.36044671479e-06 -22.299731188984012
1.40534826867e-06 -22.305430389543034
1.44621589694e-06 -22.325488690153897
1.48131787778e-06 -22.339077555772654
1.54720086503e-06 -22.412122887707362
1.588562969e-06 -22.40299851104934
1.61694525725e-06 -22.43251308114798
1.65855434411e-06 -22.443508791568853
1.7027144913e-06 -22.436781192269066
1.7440712609e-06 -22.40348305958768
1.79047954349e-06 -22.373686666799166
1.84182501437e-06 -22.341733455202878
1.88467017571e-06 -22.30286898391997
1.92166100035e-06 -22.287276616803524
1.9539238098e-06 -22.246141527170828
2.00130047071e-06 -22.20572025806461
2.11110599726e-06 -22.18789403163172
2.18706652246e-06 -22.121366062477428
2.28648820286e-06 -21.978810801872434
2.43033605383e-06 -21.783225032122587
2.54008016924e-06 -21.67235791068314
2.60658674211e-06 -21.660204397732237
2.69965398116e-06 -21.631685682673343
2.90157991958e-06 -21.617725735669914
3.06314484058e-06 -21.54232713200762
3.22362863134e-06 -21.48025190064793
3.357149673e-06 -21.38107234333662
3.57669442182e-06 -21.299826714231536
3.78196901633e-06 -21.204636157597747
3.92010661659e-06 -21.127140707799228
4.03504172386e-06 -21.061932702432934
4.15710886036e-06 -21.003249462690512
4.30967632201e-06 -20.890754161019636
4.44320929247e-06 -20.724628151858624
4.5490261393e-06 -20.631971296474426
4.74298082363e-06 -20.588772239688716
4.99595374435e-06 -20.535967970243995
5.19784556163e-06 -20.459748601102284
5.48176298309e-06 -20.423478836793016
5.67048574245e-06 -20.355182768686085
5.95799287829e-06 -20.28179997462285
6.39151471106e-06 -20.225298178882007
6.63270850989e-06 -20.10657707090386
7.07514291256e-06 -20.037417397081015
7.42968647149e-06 -19.9512792280088
7.68283292968e-06 -19.865563922534754
8.0474579762e-06 -19.774585448621757
8.63105619529e-06 -19.683835575321346
9.22052727429e-06 -19.636452160439013
