2.00570585804e-08 110.18850518100919
2.07779255948e-08 110.11183046203124
2.15666275546e-08 110.03093020404151
2.23511733366e-08 109.95333976280747
2.26989384553e-08 109.91981365905198
2.30775360356e-08 109.88389420677044
2.3915358806e-08 109.80645689048919
2.4474102892e-08 109.75630748807797
2.51551417477e-08 109.69670755126683
2.58389859e-08 109.63846407099052
2.6250952467e-08 109.60411606774755
2.70915120349e-08 109.53567517268453
2.77160002651e-08 109.48618861164891
2.84878543334e-08 109.42654269572978
2.95547739668e-08 109.34670318453286
3.01937587673e-08 109.30025549104656
3.08358247416e-08 109.25456355246925
3.17731544709e-08 109.1895397249111
3.28365434679e-08 109.11805422106232
3.39605809144e-08 109.04496584331943
3.50635441908e-08 108.97556233540894
3.57774943608e-08 108.93179178603089
3.68387913671e-08 108.86831453012243
3.77041743787e-08 108.81789421906353
3.8864261839e-08 108.75208927857656
4.01376665097e-08 108.68208079455712
4.09292977305e-08 108.6396699305478
4.20960753313e-08 108.57863335614488
4.34998504703e-08 108.5074025753243
4.47314387216e-08 108.44677706149062
4.61265011933e-08 108.38008882787298
4.7739678597e-08 108.30544394156121
4.96368369434e-08 108.2208209020389
5.07932465217e-08 108.17081153443758
5.18583525341e-08 108.12574781704473
5.30230148696e-08 108.07751930608788
5.4455868388e-08 108.019617955873
5.60131506434e-08 107.95839138735784
5.75427667568e-08 107.89988769725517
5.87090014382e-08 107.85631792737229
6.06724302403e-08 107.78488444071746
6.28317085546e-08 107.70894704846327
6.50363798975e-08 107.63405959951567
6.67206955022e-08 107.57853857184631
6.81593676378e-08 75.24285461275036
6.9827676534e-08 62.95566812897527
7.2248351042e-08 60.12161145522328
7.43966922957e-08 57.84387480459961
7.59793454058e-08 56.13894834964361
7.74140265412e-08 54.34229088917092
7.99170111017e-08 51.9745397886963
8.27817815135e-08 49.714463598765406
8.4814019401e-08 47.871217220281075
8.68493372857e-08 46.08842957587936
8.94984966567e-08 44.399296903254594
9.10932951605e-08 13.293545780141608
9.26693872149e-08 9.857647614204044
9.4693776079e-08 9.076728854355775
9.61993857387e-08 8.41264224913199
9.87467089763e-08 7.723019881308058
1.00498051926e-07 7.043509289989245
1.02853190903e-07 6.514395700015257
1.04800044135e-07 5.758394354309914
1.07342854175e-07 5.0196855402567095
1.10756061668e-07 3.2676700786815545
1.1388637345e-07 1.9630068291611664
1.17995549986e-07 1.3502808186824566
1.20389785878e-07 1.7858793439158198
1.23204193039e-07 0.6209697709158206
1.25952280955e-07 -0.6616117281466245
1.28973293729e-07 -1.54803550454157
1.3244044164e-07 -2.282973630017999
1.35367040527e-07 -2.8461884905896255
1.3822090953e-07 -3.2837564640775128
1.41231437178e-07 -3.77811082444995
1.45059270942e-07 -4.3548036662020095
1.48769233337e-07 -4.939168160765817
1.52706219112e-07 -5.674829502236854
1.55733302927e-07 -6.322411348843389
1.58772923304e-07 -7.278181112416828
1.61958012111e-07 -7.731170392901252
1.64448154247e-07 -8.276264613707724
1.68703500169e-07 -10.010082323911377
1.73752573339e-07 -11.226573438111132
1.78526935109e-07 -11.943602433750918
1.83608235939e-07 -12.402775397405676
1.8935592224e-07 -12.965559906133151
1.98291862558e-07 -13.627632890202435
2.02986944957e-07 -13.887835187956341
2.06601928364e-07 -14.466003317270754
2.10548631953e-07 -15.084095449961843
2.15290769094e-07 -15.21189075867946
2.19467642478e-07 -15.420886966460436
2.23879040608e-07 -15.606782675416163
2.27572272895e-07 -15.56766150351249
2.3136639105e-07 -15.661668785376577
2.36169083673e-07 -15.318768625025157
2.40697007389e-07 -15.372613663764994
2.44810447152e-07 -16.187885233148698
2.50186867472e-07 -15.607106808402442
2.55956265677e-07 -16.366459286144504
2.61810236671e-07 -16.814760606843315
2.68063105521e-07 -17.648748101218885
2.75485409086e-07 -17.182615894724783
2.80923422044e-07 -17.193751929212453
2.87730906972e-07 -17.935206054707287
2.93598420877e-07 -18.565965843820386
2.98609175101e-07 -18.533348016907716
3.03848659165e-07 -18.70343330852797
3.09732221791e-07 -18.942885649287362
3.1451330546e-07 -19.031575963551468
3.19817524828e-07 -19.037789964040535
3.27448081376e-07 -19.470961604697088
3.33666297846e-07 -19.475649575925488
3.39605268846e-07 -19.313772898200526
3.44795956777e-07 -19.51642589396849
3.49810389179e-07 -19.750620284277645
3.57522372953e-07 -19.659332082484596
3.65227976191e-07 -20.01562723400484
3.70810194688e-07 -19.987673151490192
3.76440526555e-07 -20.0052190985747
3.82548451105e-07 -19.84817031496771
3.90054995981e-07 -20.02962597409899
3.97607740533e-07 -20.35034785690845
4.04150241432e-07 -20.78054275815245
4.11851080614e-07 -20.90218555839705
4.20602170546e-07 -20.891137778153706
4.30160164222e-07 -20.886713267091316
4.37994746734e-07 -21.165520095777843
4.4827200034e-07 -21.413981474696513
4.56328677199e-07 -21.532161286442836
4.63733084849e-07 -21.596909270086698
4.70561038594e-07 -21.651461366374292
4.77623151681e-07 -21.720001403256575
4.86756700828e-07 -21.736391832395462
4.93625499448e-07 -21.78892239767662
5.00064668669e-07 -21.734286964998446
5.11366160063e-07 -21.764025073573308
5.21867855391e-07 -21.80765359940289
5.301096199e-07 -21.964404768304902
5.3731459865e-07 -22.027287762291884
5.45330796177e-07 -22.063980667493276
5.54908107444e-07 -22.124248710794383
5.65742435556e-07 -22.18280821635974
5.72926790062e-07 -22.236022186251887
5.85367829666e-07 -22.274457227282554
6.02457368914e-07 -22.361557228512225
6.13832625225e-07 -22.346592804111268
6.26874662717e-07 -22.368508430002848
6.36919308173e-07 -22.421246416194236
6.43192254377e-07 -22.436617111596107
6.53403355783e-07 -22.461511730594538
6.61586156133e-07 -22.494262191328552
6.70750312817e-07 -22.49243388010776
6.85445438827e-07 -22.532051384698534
6.98206520494e-07 -22.58428641093031
7.10069056047e-07 -22.56273321133704
7.1945756406e-07 -22.54844028776065
7.29799683024e-07 -22.63445758493595
7.43515583858e-07 -22.736173993377854
7.56205357622e-07 -22.819967488592305
7.65095601237e-07 -22.749261399129303
7.74309467317e-07 -22.732886626025497
7.84139478109e-07 -22.765372098242878
7.92293257484e-07 -22.76560676483738
8.03364332881e-07 -22.842734412914858
8.16823135574e-07 -22.9324682250126
8.22856490715e-07 -22.923256912198575
8.39348391317e-07 -22.906772970909962
8.51418841968e-07 -22.85721747910528
8.62589713959e-07 -22.944133485387177
8.71862040143e-07 -23.00588379684215
8.84424374903e-07 -23.053878401576355
9.00685807014e-07 -23.08540900782932
9.15628045922e-07 -23.144129918614077
9.35069631215e-07 -23.13623235359612
9.49004454546e-07 -23.17322380707958
9.68022239879e-07 -23.207977344893955
9.85995528056e-07 -23.2322698663773
1.00305737103e-06 -23.25998164337922
1.02368478334e-06 -23.284025765659223
1.05123074494e-06 -23.30072045005688
1.08147773548e-06 -23.31105944776467
1.10005153047e-06 -23.30101855786787
1.13748920543e-06 -23.326952080143542
1.17492319616e-06 -23.34544678894791
1.20443091662e-06 -23.350180085900206
1.24981901486e-06 -23.385065727204356
1.27278762707e-06 -23.38149725049768
1.29559000006e-06 -23.39198611855508
1.31748769808e-06 -23.391553127642858
1.36044671479e-06 -23.418892601821966
1.40534826867e-06 -23.42061914388004
1.44621589694e-06 -23.450775062225816
1.48131787778e-06 -23.474005115132847
1.54720086503e-06 -23.566162399557598
1.588562969e-06 -23.561868487091402
1.61694525725e-06 -23.59197782017508
1.65855434411e-06 -23.61340809198815
1.7027144913e-06 -23.617130542581172
1.7440712609e-06 -23.588009825073115
1.79047954349e-06 -23.555305439316747
1.84182501437e-06 -23.525368045239077
1.88467017571e-06 -23.489510256674272
1.92166100035e-06 -23.47212486441392
1.9539238098e-06 -23.430814684679298
2.00130047071e-06 -23.38989219151025
2.11110599726e-06 -23.380022079099135
2.18706652246e-06 -23.31803399427472
2.28648820286e-06 -23.17243942736328
2.43033605383e-06 -22.957528058107762
2.54008016924e-06 -22.803459482390736
2.60658674211e-06 -22.80712207285236
2.69965398116e-06 -22.786891204875076
2.90157991958e-06 -22.78168038878551
3.06314484058e-06 -22.71735171199453
3.22362863134e-06 -22.670440637070627
3.357149673e-06 -22.58223005565999
3.57669442182e-06 -22.50576339192923
3.78196901633e-06 -22.413228595058065
3.92010661659e-06 -22.335024565461637
4.03504172386e-06 -22.269659920635796
4.15710886036e-06 -22.210919888627792
4.30967632201e-06 -22.1031029953646
4.44320929247e-06 -21.947910954214265
4.5490261393e-06 -21.85932797575186
4.74298082363e-06 -21.814999985510546
4.99595374435e-06 -21.759325216831442
5.19784556163e-06 -21.6800193413304
5.48176298309e-06 -21.63940660788822
5.67048574245e-06 -21.5664593579072
5.95799287829e-06 -21.48778429597403
6.39151471106e-06 -21.424322257325223
6.63270850989e-06 -21.29855393181989
7.07514291256e-06 -21.220870388069287
7.42968647149e-06 -21.125535295389504
7.68283292968e-06 -21.030691255146458
8.0474579762e-06 -20.92665825075447
8.63105619529e-06 -20.815060267937703
9.22052727429e-06 -20.747157879055337
