2.00570585804e-08 15.21011432689825
2.07779255948e-08 13.797221697334558
2.15666275546e-08 11.909542623641864
2.23511733366e-08 10.527637475471984
2.26989384553e-08 7.675811335197299
2.30775360356e-08 4.0897242701010725
2.3915358806e-08 0.5841215942942384
2.4474102892e-08 0.04118411440894576
2.51551417477e-08 -2.557900404815946
2.58389859e-08 -3.3641730407589527
2.6250952467e-08 -7.4738382755759005
2.70915120349e-08 -8.41177463980862
2.77160002651e-08 -8.72701331927751
2.84878543334e-08 -6.9828970647823745
2.95547739668e-08 -6.95364894510077
3.01937587673e-08 -6.7151431893314495
3.08358247416e-08 -8.150680161192199
3.17731544709e-08 -9.980231749580518
3.28365434679e-08 -11.094581651609438
3.39605809144e-08 -11.945354858726063
3.50635441908e-08 -12.035776257277625
3.57774943608e-08 -10.572203692691339
3.68387913671e-08 -10.785013000052395
3.77041743787e-08 -10.428851664405109
3.8864261839e-08 -10.518677257398373
4.01376665097e-08 -11.516522338573338
4.09292977305e-08 -11.533388029477827
4.20960753313e-08 -12.298907432916515
4.34998504703e-08 -12.46884836445033
4.47314387216e-08 -13.341193402798403
4.61265011933e-08 -14.085764546204004
4.7739678597e-08 -14.067227338561615
4.96368369434e-08 -13.88251348694559
5.07932465217e-08 -14.248576173815465
5.18583525341e-08 -14.694968713365427
5.30230148696e-08 -14.505143917021208
5.4455868388e-08 -14.041379921010062
5.60131506434e-08 -15.380142257429277
5.75427667568e-08 -15.529163083489443
5.87090014382e-08 -15.722111826334164
6.06724302403e-08 -15.69408613357325
6.28317085546e-08 -16.19957274518817
6.50363798975e-08 -16.261759062563257
6.67206955022e-08 -15.714491225157367
6.81593676378e-08 -15.790636306108588
6.9827676534e-08 -16.721199879377714
7.2248351042e-08 -16.84925265800873
7.43966922957e-08 -16.818075978212114
7.59793454058e-08 -17.35072832621956
7.74140265412e-08 -17.260114201281425
7.99170111017e-08 -16.860635220904946
8.27817815135e-08 -17.370545139773768
8.4814019401e-08 -16.97018843317509
8.68493372857e-08 -17.835960343348752
8.94984966567e-08 -18.143625075663827
9.10932951605e-08 -18.640766372699822
9.26693872149e-08 -19.127278670070282
9.4693776079e-08 -19.04045283390539
9.61993857387e-08 -19.21275745576957
9.87467089763e-08 -18.743101323359298
1.00498051926e-07 -19.456005984303452
1.02853190903e-07 -19.45301159471265
1.04800044135e-07 -19.73330963004217
1.07342854175e-07 -19.67014845634236
1.10756061668e-07 -19.534688626752136
1.1388637345e-07 -19.609290856775026
1.17995549986e-07 -19.41734465002206
1.20389785878e-07 -19.547039892952746
1.23204193039e-07 -19.65120941049829
1.25952280955e-07 -19.729549057761716
1.28973293729e-07 -19.768313105307335
1.3244044164e-07 -19.774169441861737
1.35367040527e-07 -19.802620106187533
1.3822090953e-07 -19.65230796061602
1.41231437178e-07 -19.69564180084371
1.45059270942e-07 -19.712727112830372
1.48769233337e-07 -19.72619683529186
1.52706219112e-07 -19.486549628581088
1.55733302927e-07 -19.351588813185167
1.58772923304e-07 -19.57615428404656
1.61958012111e-07 -19.67208474557885
1.64448154247e-07 -19.71283971836337
1.68703500169e-07 -19.75842978818438
1.73752573339e-07 -19.79573801162786
1.78526935109e-07 -19.810784023639812
1.83608235939e-07 -19.76605280357171
1.8935592224e-07 -19.725118510270427
1.98291862558e-07 -19.833792437544552
2.02986944957e-07 -19.88549400583652
2.06601928364e-07 -19.847125431795583
2.10548631953e-07 -19.928597754828935
2.15290769094e-07 -19.891290140719434
2.19467642478e-07 -19.906528122589954
2.23879040608e-07 -19.89019743205521
2.27572272895e-07 -19.87746225696649
2.3136639105e-07 -19.827977572631845
2.36169083673e-07 -19.78726160966474
2.40697007389e-07 -19.778871109488207
2.44810447152e-07 -19.888133238813033
2.50186867472e-07 -19.78994471436817
2.55956265677e-07 -19.89013951166644
2.61810236671e-07 -19.9864715855732
2.68063105521e-07 -20.244242090596778
2.75485409086e-07 -20.073058338999957
2.80923422044e-07 -20.05588614741071
2.87730906972e-07 -20.352475736261603
2.93598420877e-07 -20.670537728584293
2.98609175101e-07 -20.66061608855997
3.03848659165e-07 -20.76028905382625
3.09732221791e-07 -20.899088310990926
3.1451330546e-07 -20.95155239154721
3.19817524828e-07 -20.95204123945266
3.27448081376e-07 -21.253247427873724
3.33666297846e-07 -21.26028082541948
3.39605268846e-07 -21.147094793404726
3.44795956777e-07 -21.29390118295182
3.49810389179e-07 -21.467700366629963
3.57522372953e-07 -21.405098876954106
3.65227976191e-07 -21.674121678623322
3.70810194688e-07 -21.656641181451683
3.76440526555e-07 -21.71405509569287
3.82548451105e-07 -21.639809646996824
3.90054995981e-07 -21.77696132475939
3.97607740533e-07 -22.019028541230625
4.04150241432e-07 -22.39947810842066
4.11851080614e-07 -22.49127300787123
4.20602170546e-07 -22.497212730433624
4.30160164222e-07 -22.481269347984856
4.37994746734e-07 -22.721223590350235
4.4827200034e-07 -22.94806502626092
4.56328677199e-07 -23.05345656239227
4.63733084849e-07 -23.11295353167612
4.70561038594e-07 -23.162518349212718
4.77623151681e-07 -23.225511145227827
4.86756700828e-07 -23.2430171342124
4.93625499448e-07 -23.28771244350711
5.00064668669e-07 -23.238043416084814
5.11366160063e-07 -23.26738319221242
5.21867855391e-07 -23.305545676722915
5.301096199e-07 -23.447492942428916
5.3731459865e-07 -23.506584851504634
5.45330796177e-07 -23.540975287173893
5.54908107444e-07 -23.597085689999275
5.65742435556e-07 -23.652043104969984
5.72926790062e-07 -23.701677905978592
5.85367829666e-07 -23.738703515384806
6.02457368914e-07 -23.820518708934436
6.13832625225e-07 -23.805824712336673
6.26874662717e-07 -23.826690136705224
6.36919308173e-07 -23.876807482145352
6.43192254377e-07 -23.89102955450766
6.53403355783e-07 -23.931961378270053
6.61586156133e-07 -23.953291837953437
6.70750312817e-07 -23.94458806916974
6.85445438827e-07 -23.982507790329393
6.98206520494e-07 -24.03166877299026
7.10069056047e-07 -24.011486320726192
7.1945756406e-07 -23.997729808237835
7.29799683024e-07 -24.079389320591567
7.43515583858e-07 -24.175992271605857
7.56205357622e-07 -24.255840398007543
7.65095601237e-07 -24.189558123038218
7.74309467317e-07 -24.17423682847761
7.84139478109e-07 -24.205584393015407
7.92293257484e-07 -24.205172939847515
8.03364332881e-07 -24.27955236947814
8.16823135574e-07 -24.364066531101983
8.22856490715e-07 -24.35611695293425
8.39348391317e-07 -24.34108121009394
8.51418841968e-07 -24.29255328629403
8.62589713959e-07 -24.376810408554654
8.71862040143e-07 -24.43579343717233
8.84424374903e-07 -24.482750621158566
9.00685807014e-07 -24.513594596750053
9.15628045922e-07 -24.567708977442855
9.35069631215e-07 -24.56174707794024
9.49004454546e-07 -24.595963151341635
9.68022239879e-07 -24.62950938954362
9.85995528056e-07 -24.65339509046219
1.00305737103e-06 -24.678511718226524
1.02368478334e-06 -24.70057102397005
1.05123074494e-06 -24.71672963417307
1.08147773548e-06 -24.726505422274336
1.10005153047e-06 -24.71670398016294
1.13748920543e-06 -24.741601776696356
1.17492319616e-06 -24.759060166679596
1.20443091662e-06 -24.763201867157072
1.24981901486e-06 -24.797219190699998
1.27278762707e-06 -24.79376529300417
1.29559000006e-06 -24.8031293213783
1.31748769808e-06 -24.802330473480552
1.36044671479e-06 -24.829281769742572
1.40534826867e-06 -24.832423969452016
1.44621589694e-06 -24.86112848232915
1.48131787778e-06 -24.883238028175718
1.54720086503e-06 -24.97260219599749
1.588562969e-06 -24.96797226198533
1.61694525725e-06 -24.997430136463876
1.65855434411e-06 -25.016958700201158
1.7027144913e-06 -25.018933381839396
1.7440712609e-06 -24.98937653961132
1.79047954349e-06 -24.957579702980382
1.84182501437e-06 -24.92782230012793
1.88467017571e-06 -24.89187391003116
1.92166100035e-06 -24.874508068410037
1.9539238098e-06 -24.833325736255254
2.00130047071e-06 -24.79242955013971
2.11110599726e-06 -24.781010522557516
2.18706652246e-06 -24.718104591724703
2.28648820286e-06 -24.57306792691896
2.43033605383e-06 -24.361412765976524
2.54008016924e-06 -24.216563195170906
2.60658674211e-06 -24.21821739428973
2.69965398116e-06 -24.19688257047617
2.90157991958e-06 -24.190229013328235
3.06314484058e-06 -24.12316407629025
3.22362863134e-06 -24.072441778134817
3.357149673e-06 -23.98172681983015
3.57669442182e-06 -23.904246497684717
3.78196901633e-06 -23.811276787130133
3.92010661659e-06 -23.733116830202874
4.03504172386e-06 -23.667805700203594
4.15710886036e-06 -23.608986568609694
4.30967632201e-06 -23.500116980750498
4.44320929247e-06 -23.342678142177455
4.5490261393e-06 -23.25336860088982
4.74298082363e-06 -23.209227822096118
4.99595374435e-06 -23.153857915854992
5.19784556163e-06 -23.07494206700047
5.48176298309e-06 -23.034876015691097
5.67048574245e-06 -22.962543922354904
5.95799287829e-06 -22.88444349464104
6.39151471106e-06 -22.821600005218976
6.63270850989e-06 -22.696366450568043
7.07514291256e-06 -22.61926407524458
7.42968647149e-06 -22.524602481742036
7.68283292968e-06 -22.430288953510647
8.0474579762e-06 -22.327124216834143
8.63105619529e-06 -22.216976301625913
9.22052727429e-06 -22.150532183937464
