2.00570585804e-08 -0.24955201874519517
2.07779255948e-08 -3.639084331828876
2.15666275546e-08 -5.3737950396657865
2.23511733366e-08 -4.9391122785409465
2.26989384553e-08 -4.630263583086677
2.30775360356e-08 -5.352195834866222
2.3915358806e-08 -6.611882045752765
2.4474102892e-08 -5.898955922550353
2.51551417477e-08 -7.754187360583487
2.58389859e-08 -8.825757394751953
2.6250952467e-08 -10.185174840767722
2.70915120349e-08 -10.700031365680026
2.77160002651e-08 -10.078371739211128
2.84878543334e-08 -9.726517233493844
2.95547739668e-08 -10.138126498045494
3.01937587673e-08 -10.089976436776254
3.08358247416e-08 -11.261108028047651
3.17731544709e-08 -12.437805249918732
3.28365434679e-08 -11.658762241259772
3.39605809144e-08 -11.13350836642752
3.50635441908e-08 -11.282102435467728
3.57774943608e-08 -12.176469180810294
3.68387913671e-08 -13.524446836358486
3.77041743787e-08 -13.475461175753992
3.8864261839e-08 -13.055613057644507
4.01376665097e-08 -13.866137674585666
4.09292977305e-08 -14.363094400351287
4.20960753313e-08 -13.963259506841005
4.34998504703e-08 -13.299760498271404
4.47314387216e-08 -14.028477479608974
4.61265011933e-08 -14.593108238189764
4.7739678597e-08 -14.74525590865695
4.96368369434e-08 -15.301798609243313
5.07932465217e-08 -15.366187405621346
5.18583525341e-08 -15.697358429945716
5.30230148696e-08 -15.19671856732527
5.4455868388e-08 -13.513320535714556
5.60131506434e-08 -15.548181395443308
5.75427667568e-08 -15.72386273382915
5.87090014382e-08 -16.143983702790372
6.06724302403e-08 -15.762020522272984
6.28317085546e-08 -15.114374294232086
6.50363798975e-08 -15.68481084101797
6.67206955022e-08 -15.662035266265782
6.81593676378e-08 -16.040655117573145
6.9827676534e-08 -15.764252062366943
7.2248351042e-08 -16.258010570929997
7.43966922957e-08 -16.150393438808038
7.59793454058e-08 -15.758873401795924
7.74140265412e-08 -15.495006861836842
7.99170111017e-08 -16.156147767631104
8.27817815135e-08 -16.173337706996
8.4814019401e-08 -16.11685438672511
8.68493372857e-08 -16.310413703555966
8.94984966567e-08 -16.413591428478504
9.10932951605e-08 -16.36542597464102
9.26693872149e-08 -17.042933621065977
9.4693776079e-08 -17.573522670987614
9.61993857387e-08 -17.206002863564144
9.87467089763e-08 -16.949173457867992
1.00498051926e-07 -17.067101355144764
1.02853190903e-07 -17.199491769860785
1.04800044135e-07 -17.30334149142842
1.07342854175e-07 -17.20871734911554
1.10756061668e-07 -17.269524263301435
1.1388637345e-07 -17.29189509615567
1.17995549986e-07 -17.222997907926555
1.20389785878e-07 -17.14956851406277
1.23204193039e-07 -17.099060881863245
1.25952280955e-07 -17.29956997700527
1.28973293729e-07 -17.313088321592012
1.3244044164e-07 -17.31841618528891
1.35367040527e-07 -17.31539466739386
1.3822090953e-07 -17.2691246924184
1.41231437178e-07 -17.23328204433856
1.45059270942e-07 -17.253287938912287
1.48769233337e-07 -17.24919509274796
1.52706219112e-07 -17.206439897741497
1.55733302927e-07 -17.152566649410936
1.58772923304e-07 -17.18581786099709
1.61958012111e-07 -17.176217582587277
1.64448154247e-07 -17.16398409527583
1.68703500169e-07 -17.161694030393782
1.73752573339e-07 -17.141557437417013
1.78526935109e-07 -17.12454062572455
1.83608235939e-07 -17.09789557167202
1.8935592224e-07 -17.067726587197996
1.98291862558e-07 -17.083900945144862
2.02986944957e-07 -17.065002393898745
2.06601928364e-07 -17.07648418934283
2.10548631953e-07 -17.109598410648253
2.15290769094e-07 -17.103897507668087
2.19467642478e-07 -17.107932758260482
2.23879040608e-07 -17.108738498862117
2.27572272895e-07 -17.09156679508707
2.3136639105e-07 -17.070946281507254
2.36169083673e-07 -17.01644868880654
2.40697007389e-07 -17.006864780042697
2.44810447152e-07 -17.12501377764344
2.50186867472e-07 -17.010927763022316
2.55956265677e-07 -17.119732254316865
2.61810236671e-07 -17.20799962528386
2.68063105521e-07 -17.489655077466374
2.75485409086e-07 -17.311405308398342
2.80923422044e-07 -17.295373662412395
2.87730906972e-07 -17.604027932793443
2.93598420877e-07 -17.926120732525114
2.98609175101e-07 -17.92090347102051
3.03848659165e-07 -18.022898104744243
3.09732221791e-07 -18.151488472714135
3.1451330546e-07 -18.197793826454188
3.19817524828e-07 -18.20958671195742
3.27448081376e-07 -18.508812207765253
3.33666297846e-07 -18.51766845380166
3.39605268846e-07 -18.418713313805192
3.44795956777e-07 -18.567437571448124
3.49810389179e-07 -18.735173736153932
3.57522372953e-07 -18.69047987174597
3.65227976191e-07 -18.907605549265384
3.70810194688e-07 -18.876631009141143
3.76440526555e-07 -18.92811387253041
3.82548451105e-07 -18.852956865511935
3.90054995981e-07 -18.96986317315001
3.97607740533e-07 -19.21023516640249
4.04150241432e-07 -19.57965324683994
4.11851080614e-07 -19.67579680972993
4.20602170546e-07 -19.678960146663393
4.30160164222e-07 -19.652417642596923
4.37994746734e-07 -19.889884323552216
4.4827200034e-07 -20.11561027905602
4.56328677199e-07 -20.218705452127473
4.63733084849e-07 -20.280906490739376
4.70561038594e-07 -20.330169836742662
4.77623151681e-07 -20.391213049803277
4.86756700828e-07 -20.474941282298396
4.93625499448e-07 -20.45442788120795
5.00064668669e-07 -20.415132892919253
5.11366160063e-07 -20.4470784787491
5.21867855391e-07 -20.485558381123298
5.301096199e-07 -20.61557321529233
5.3731459865e-07 -20.673206369244937
5.45330796177e-07 -20.708138923763947
5.54908107444e-07 -20.76294678926778
5.65742435556e-07 -20.816829359749214
5.72926790062e-07 -20.862715496024258
5.85367829666e-07 -20.901786646828597
6.02457368914e-07 -20.978896292846734
6.13832625225e-07 -20.969654970669332
6.26874662717e-07 -20.992982269712286
6.36919308173e-07 -21.042594894504568
6.43192254377e-07 -21.0546756388891
6.53403355783e-07 -21.20119372484696
6.61586156133e-07 -21.162354478638697
6.70750312817e-07 -21.11318574959187
6.85445438827e-07 -21.151382123166037
6.98206520494e-07 -21.196194107233957
7.10069056047e-07 -21.18301568264065
7.1945756406e-07 -21.17443770372384
7.29799683024e-07 -21.246882953817796
7.43515583858e-07 -21.329213973109155
7.56205357622e-07 -21.39848856871172
7.65095601237e-07 -21.350728739390554
7.74309467317e-07 -21.342306486531093
7.84139478109e-07 -21.3724926302039
7.92293257484e-07 -21.37262343231051
8.03364332881e-07 -21.44041832898312
8.16823135574e-07 -21.509394485653246
8.22856490715e-07 -21.504029020431254
8.39348391317e-07 -21.498308269249804
8.51418841968e-07 -21.463352125856204
8.62589713959e-07 -21.53463199063011
8.71862040143e-07 -21.580635557469705
8.84424374903e-07 -21.620945277503708
9.00685807014e-07 -21.648811159216493
9.15628045922e-07 -21.690831697577906
9.35069631215e-07 -21.69336813712264
9.49004454546e-07 -21.72016985199823
9.68022239879e-07 -21.747199630620948
9.85995528056e-07 -21.769069007525538
1.00305737103e-06 -21.788079448265705
1.02368478334e-06 -21.80428557364644
1.05123074494e-06 -21.81975267201623
1.08147773548e-06 -21.828745546895924
1.10005153047e-06 -21.822344750930206
1.13748920543e-06 -21.844313068027724
1.17492319616e-06 -21.858871986747346
1.20443091662e-06 -21.86169439432836
1.24981901486e-06 -21.894118765463894
1.27278762707e-06 -21.895216270930376
1.29559000006e-06 -21.89989273960586
1.31748769808e-06 -21.89730164401447
1.36044671479e-06 -21.92392496898109
1.40534826867e-06 -21.933099791707036
1.44621589694e-06 -21.960639787392118
1.48131787778e-06 -21.980938725158857
1.54720086503e-06 -22.06462882988432
1.588562969e-06 -22.06419717019139
1.61694525725e-06 -22.09319121509092
1.65855434411e-06 -22.10624447985618
1.7027144913e-06 -22.100615957140036
1.7440712609e-06 -22.068503054223974
1.79047954349e-06 -22.03723161148433
1.84182501437e-06 -22.00706371752036
1.88467017571e-06 -21.97050144456061
1.92166100035e-06 -21.952766982842185
1.9539238098e-06 -21.912229854512873
2.00130047071e-06 -21.871229950679442
2.11110599726e-06 -21.855987376747798
2.18706652246e-06 -21.791157177275494
2.28648820286e-06 -21.64899438599587
2.43033605383e-06 -21.45124175524999
2.54008016924e-06 -21.334877082157902
2.60658674211e-06 -21.3254711222309
2.69965398116e-06 -21.297934080267936
2.90157991958e-06 -21.284155179047914
3.06314484058e-06 -21.20946872793956
3.22362863134e-06 -21.149438129174946
3.357149673e-06 -21.052532507979784
3.57669442182e-06 -20.972432666119396
3.78196901633e-06 -20.878951864457115
3.92010661659e-06 -20.80065555458868
4.03504172386e-06 -20.73551117674392
4.15710886036e-06 -20.67623727339751
4.30967632201e-06 -20.563776059134533
4.44320929247e-06 -20.398212889647603
4.5490261393e-06 -20.305965252239268
4.74298082363e-06 -20.26383293878741
4.99595374435e-06 -20.21002046839304
5.19784556163e-06 -20.1332190541467
5.48176298309e-06 -20.09576771443276
5.67048574245e-06 -20.02600017702391
5.95799287829e-06 -19.950589900174457
6.39151471106e-06 -19.89066301085544
6.63270850989e-06 -19.768277924356163
7.07514291256e-06 -19.694648648639166
7.42968647149e-06 -19.603853198037413
7.68283292968e-06 -19.51358851596222
8.0474579762e-06 -19.41634349880637
8.63105619529e-06 -19.31579965451907
9.22052727429e-06 -19.25900339420089
