2.00570585804e-08 109.3494680285446
2.07779255948e-08 109.27279330956662
2.15666275546e-08 109.1918930515769
2.23511733366e-08 109.11430261034283
2.26989384553e-08 109.08077650658737
2.30775360356e-08 109.04485705430582
2.3915358806e-08 108.9674197380246
2.4474102892e-08 108.91727033561335
2.51551417477e-08 108.85767039880221
2.58389859e-08 108.79942691852591
2.6250952467e-08 108.76507891528297
2.70915120349e-08 108.6966380202199
2.77160002651e-08 108.6471514591843
2.84878543334e-08 108.58750554326517
2.95547739668e-08 108.50766603206822
3.01937587673e-08 108.46121833858194
3.08358247416e-08 108.41552640000464
3.17731544709e-08 108.35050257244649
3.28365434679e-08 108.27901706859768
3.39605809144e-08 108.20592869085482
3.50635441908e-08 108.13652518294433
3.57774943608e-08 108.09275463356627
3.68387913671e-08 108.02927737765782
3.77041743787e-08 107.97885706659889
3.8864261839e-08 107.91305212611195
4.01376665097e-08 107.84304364209248
4.09292977305e-08 107.80063277808318
4.20960753313e-08 107.73959620368026
4.34998504703e-08 107.6683654228597
4.47314387216e-08 107.60773990902601
4.61265011933e-08 107.5410516754084
4.7739678597e-08 107.46640678909662
4.96368369434e-08 91.0024974845019
5.07932465217e-08 86.90098423149269
5.18583525341e-08 86.15484106873664
5.30230148696e-08 85.50084742663901
5.4455868388e-08 84.79058952466026
5.60131506434e-08 84.05596882634117
5.75427667568e-08 83.40510784270104
5.87090014382e-08 82.78186283579399
6.06724302403e-08 82.03226921522966
6.28317085546e-08 81.22528898248729
6.50363798975e-08 80.49568154173564
6.67206955022e-08 79.91807712626908
6.81593676378e-08 74.08845032569312
6.9827676534e-08 62.59057794948222
7.2248351042e-08 59.75673250243836
7.43966922957e-08 57.47907559416254
7.59793454058e-08 55.77418672875688
7.74140265412e-08 53.97604541654229
7.99170111017e-08 51.55724558689363
8.27817815135e-08 49.29192695193997
8.4814019401e-08 47.44547908634504
8.68493372857e-08 45.6593598894762
8.94984966567e-08 43.967045594412866
9.10932951605e-08 12.488434678527796
9.26693872149e-08 9.052207826886935
9.4693776079e-08 8.270943658890044
9.61993857387e-08 7.607822549741325
9.87467089763e-08 6.919197889287375
1.00498051926e-07 6.240554221022197
1.02853190903e-07 5.714728580170075
1.04800044135e-07 4.95708245092688
1.07342854175e-07 4.218972086663857
1.10756061668e-07 2.472765571504688
1.1388637345e-07 1.1711157087697295
1.17995549986e-07 0.5523062591041921
1.20389785878e-07 0.9760807737060659
1.23204193039e-07 -0.186524425513511
1.25952280955e-07 -1.4520352581660063
1.28973293729e-07 -2.3283768629731334
1.3244044164e-07 -3.058081827613208
1.35367040527e-07 -3.619671697782735
1.3822090953e-07 -4.057306076156593
1.41231437178e-07 -4.552453204353398
1.45059270942e-07 -5.130268721786685
1.48769233337e-07 -5.715790383664622
1.52706219112e-07 -6.458129213933791
1.55733302927e-07 -7.112071625897727
1.58772923304e-07 -8.079740158516834
1.61958012111e-07 -8.536639254646161
1.64448154247e-07 -9.085386738011607
1.68703500169e-07 -10.80291464541704
1.73752573339e-07 -12.00440863441353
1.78526935109e-07 -12.719976620746714
1.83608235939e-07 -13.179300469534823
1.8935592224e-07 -13.743489050032771
1.98291862558e-07 -14.410164016612846
2.02986944957e-07 -14.674383683176721
2.06601928364e-07 -15.265114141786619
2.10548631953e-07 -15.906906834795784
2.15290769094e-07 -16.037522483508866
2.19467642478e-07 -16.246958988718177
2.23879040608e-07 -16.433662540117844
2.27572272895e-07 -16.39664114289004
2.3136639105e-07 -16.49019207432479
2.36169083673e-07 -16.142423103996187
2.40697007389e-07 -16.198480782737583
2.44810447152e-07 -17.019350752307098
2.50186867472e-07 -16.436207931831454
2.55956265677e-07 -17.20384516553208
2.61810236671e-07 -17.655081759151635
2.68063105521e-07 -18.493111295573257
2.75485409086e-07 -18.02238814300425
2.80923422044e-07 -18.03545237036957
2.87730906972e-07 -18.78280994197202
2.93598420877e-07 -19.413207015377274
2.98609175101e-07 -19.38196866088589
3.03848659165e-07 -19.552194408476247
3.09732221791e-07 -19.7916009569606
3.1451330546e-07 -19.880213181352453
3.19817524828e-07 -19.885715443651172
3.27448081376e-07 -20.318532992952235
3.33666297846e-07 -20.323568417243045
3.39605268846e-07 -20.161902649130248
3.44795956777e-07 -20.36406165756972
3.49810389179e-07 -20.598118881040826
3.57522372953e-07 -20.506990183294796
3.65227976191e-07 -20.862990125553367
3.70810194688e-07 -20.835081821314077
3.76440526555e-07 -20.85330171655881
3.82548451105e-07 -20.69696906036137
3.90054995981e-07 -20.877660445842707
3.97607740533e-07 -21.19749833207768
4.04150241432e-07 -21.628961606543037
4.11851080614e-07 -21.750505266771988
4.20602170546e-07 -21.739765514484475
4.30160164222e-07 -21.735460566404193
4.37994746734e-07 -22.01403863714046
4.4827200034e-07 -22.262141095302887
4.56328677199e-07 -22.380219223859115
4.63733084849e-07 -22.44495882385022
4.70561038594e-07 -22.49948171925879
4.77623151681e-07 -22.568017380458528
4.86756700828e-07 -22.58430143908152
4.93625499448e-07 -22.637000458144804
5.00064668669e-07 -22.582172107502316
5.11366160063e-07 -22.612050089558707
5.21867855391e-07 -22.655637224214466
5.301096199e-07 -22.812290824631987
5.3731459865e-07 -22.875155854578743
5.45330796177e-07 -22.91189603793277
5.54908107444e-07 -22.9720683099831
5.65742435556e-07 -23.030418339439862
5.72926790062e-07 -23.08363079344661
5.85367829666e-07 -23.122416645703872
6.02457368914e-07 -23.20905189369455
6.13832625225e-07 -23.19412417614025
6.26874662717e-07 -23.215687600506854
6.36919308173e-07 -23.268713350012312
6.43192254377e-07 -23.284193595092226
6.53403355783e-07 -23.30905362658602
6.61586156133e-07 -23.341629035478043
6.70750312817e-07 -23.339487601173296
6.85445438827e-07 -23.37918797823896
6.98206520494e-07 -23.43195735519302
7.10069056047e-07 -23.409841799807296
7.1945756406e-07 -23.39536801581699
7.29799683024e-07 -23.482161680015892
7.43515583858e-07 -23.58482874748205
7.56205357622e-07 -23.6687260460871
7.65095601237e-07 -23.59717310504123
7.74309467317e-07 -23.58046384333766
7.84139478109e-07 -23.613215593451997
7.92293257484e-07 -23.613880780381685
8.03364332881e-07 -23.691516996344113
8.16823135574e-07 -23.781576053930017
8.22856490715e-07 -23.772604106027487
8.39348391317e-07 -23.755945980632312
8.51418841968e-07 -23.706889985846935
8.62589713959e-07 -23.793987678121546
8.71862040143e-07 -23.855870680985255
8.84424374903e-07 -23.90379371882208
9.00685807014e-07 -23.935446233809614
9.15628045922e-07 -23.99391954555285
9.35069631215e-07 -23.986049668382137
9.49004454546e-07 -24.02310840997403
9.68022239879e-07 -24.057910361263602
9.85995528056e-07 -24.082302755437453
1.00305737103e-06 -24.109976710337044
1.02368478334e-06 -24.13392855929957
1.05123074494e-06 -24.15064842053848
1.08147773548e-06 -24.16101369208807
1.10005153047e-06 -24.15109174902576
1.13748920543e-06 -24.17696828410333
1.17492319616e-06 -24.195415254128697
1.20443091662e-06 -24.200192668120053
1.24981901486e-06 -24.235068009396144
1.27278762707e-06 -24.231530772271263
1.29559000006e-06 -24.24202230374177
1.31748769808e-06 -24.241464435028384
1.36044671479e-06 -24.26858424288627
1.40534826867e-06 -24.27035288696637
1.44621589694e-06 -24.300735777522753
1.48131787778e-06 -24.324206492382046
1.54720086503e-06 -24.4167964835843
1.588562969e-06 -24.4132230042297
1.61694525725e-06 -24.444621364778875
1.65855434411e-06 -24.466303108071273
1.7027144913e-06 -24.46971580217778
1.7440712609e-06 -24.439853433091393
1.79047954349e-06 -24.40628144094736
1.84182501437e-06 -24.375944879597824
1.88467017571e-06 -24.339944672776213
1.92166100035e-06 -24.32268649816276
1.9539238098e-06 -24.281453905059614
2.00130047071e-06 -24.240591209673426
2.11110599726e-06 -24.231260496549673
2.18706652246e-06 -24.169776085370067
2.28648820286e-06 -24.024078736033744
2.43033605383e-06 -23.808221592229877
2.54008016924e-06 -23.654429634270862
2.60658674211e-06 -23.65821350821976
2.69965398116e-06 -23.63783632466089
2.90157991958e-06 -23.632634925550008
3.06314484058e-06 -23.568436674651323
3.22362863134e-06 -23.521452270676868
3.357149673e-06 -23.43348423154262
3.57669442182e-06 -23.35745949714793
3.78196901633e-06 -23.265295102052995
3.92010661659e-06 -23.187208900706302
4.03504172386e-06 -23.121847389989917
4.15710886036e-06 -23.063121826477747
4.30967632201e-06 -22.95528227386432
4.44320929247e-06 -22.80005626458565
4.5490261393e-06 -22.711538645171196
4.74298082363e-06 -22.66725799315374
4.99595374435e-06 -22.611642348771085
5.19784556163e-06 -22.53242009333924
5.48176298309e-06 -22.491877663030913
5.67048574245e-06 -22.419014568455772
5.95799287829e-06 -22.340417350207296
6.39151471106e-06 -22.277036274455618
6.63270850989e-06 -22.151323369315158
7.07514291256e-06 -22.07369697596912
7.42968647149e-06 -21.97840971821666
7.68283292968e-06 -21.883599372664584
8.0474579762e-06 -21.779606841022762
8.63105619529e-06 -21.66805650226742
9.22052727429e-06 -21.600191774224058
