2.00570585804e-08 -4.670836639324655
2.07779255948e-08 -6.759188791713477
2.15666275546e-08 -7.468054395945536
2.23511733366e-08 -7.94388553781425
2.26989384553e-08 -8.004307928323009
2.30775360356e-08 -8.733479922761724
2.3915358806e-08 -9.43577823197419
2.4474102892e-08 -9.31839005178771
2.51551417477e-08 -11.593736790211118
2.58389859e-08 -12.66663366624686
2.6250952467e-08 -12.162400632973025
2.70915120349e-08 -12.943856015597902
2.77160002651e-08 -13.132538727702396
2.84878543334e-08 -12.438309653094898
2.95547739668e-08 -12.377385993038956
3.01937587673e-08 -11.884825601187742
3.08358247416e-08 -12.942090653845682
3.17731544709e-08 -13.33855608236717
3.28365434679e-08 -14.267225367604745
3.39605809144e-08 -14.051556433093744
3.50635441908e-08 -14.175600055864798
3.57774943608e-08 -13.032134465394655
3.68387913671e-08 -13.992569201113362
3.77041743787e-08 -14.274629293647962
3.8864261839e-08 -14.09272941675652
4.01376665097e-08 -14.11732000696096
4.09292977305e-08 -14.929967904839621
4.20960753313e-08 -14.632037250634617
4.34998504703e-08 -14.278379000571384
4.47314387216e-08 -15.159594892815655
4.61265011933e-08 -15.328231419997344
4.7739678597e-08 -15.344696352815376
4.96368369434e-08 -15.607303921858836
5.07932465217e-08 -15.87197969634402
5.18583525341e-08 -16.17047265647362
5.30230148696e-08 -15.864574426043554
5.4455868388e-08 -14.44763580624192
5.60131506434e-08 -16.00551932824869
5.75427667568e-08 -16.106195152645633
5.87090014382e-08 -16.362573413919584
6.06724302403e-08 -16.428442998145705
6.28317085546e-08 -16.156775584736813
6.50363798975e-08 -16.500802312274537
6.67206955022e-08 -16.23825521962403
6.81593676378e-08 -16.546756331917344
6.9827676534e-08 -16.549725213511053
7.2248351042e-08 -16.84430876750406
7.43966922957e-08 -16.659260198107738
7.59793454058e-08 -16.496262735882105
7.74140265412e-08 -16.584726915357585
7.99170111017e-08 -16.780260888270895
8.27817815135e-08 -16.912322062681035
8.4814019401e-08 -16.88574152255135
8.68493372857e-08 -17.088810182714624
8.94984966567e-08 -17.2329082426863
9.10932951605e-08 -17.60870155790205
9.26693872149e-08 -18.265964070269625
9.4693776079e-08 -18.70937662808938
9.61993857387e-08 -18.713737937787556
9.87467089763e-08 -18.448369154627976
1.00498051926e-07 -18.9274410146946
1.02853190903e-07 -18.82053058180646
1.04800044135e-07 -19.17600256010993
1.07342854175e-07 -19.08848426029308
1.10756061668e-07 -19.127246910996163
1.1388637345e-07 -19.14992042328963
1.17995549986e-07 -19.066602701541342
1.20389785878e-07 -18.893543071863142
1.23204193039e-07 -19.134572348980328
1.25952280955e-07 -19.282494088922583
1.28973293729e-07 -19.32018419395758
1.3244044164e-07 -19.354452018948336
1.35367040527e-07 -19.38367583477764
1.3822090953e-07 -19.302730296717804
1.41231437178e-07 -19.281469046838403
1.45059270942e-07 -19.349786054495553
1.48769233337e-07 -19.33161791704191
1.52706219112e-07 -19.188391627795305
1.55733302927e-07 -19.121716895242066
1.58772923304e-07 -19.2581367249499
1.61958012111e-07 -19.29848763896944
1.64448154247e-07 -19.326500653708884
1.68703500169e-07 -19.35246978950061
1.73752573339e-07 -19.33813278388819
1.78526935109e-07 -19.36687901250911
1.83608235939e-07 -19.318785843428522
1.8935592224e-07 -19.292558397117382
1.98291862558e-07 -19.35793805667661
2.02986944957e-07 -19.367876348418186
2.06601928364e-07 -19.358090713523502
2.10548631953e-07 -19.38033100282386
2.15290769094e-07 -19.373914570160245
2.19467642478e-07 -19.37552589016085
2.23879040608e-07 -19.349541291532496
2.27572272895e-07 -19.35480242622861
2.3136639105e-07 -19.27959415354784
2.36169083673e-07 -19.266389133211923
2.40697007389e-07 -19.260338775487398
2.44810447152e-07 -19.299065516491197
2.50186867472e-07 -19.2659304847893
2.55956265677e-07 -19.289212227704887
2.61810236671e-07 -19.322380202967118
2.68063105521e-07 -19.383591038814636
2.75485409086e-07 -19.335572185192134
2.80923422044e-07 -19.314132212617075
2.87730906972e-07 -19.403855452625443
2.93598420877e-07 -19.479519589483992
2.98609175101e-07 -19.486139335877624
3.03848659165e-07 -19.514071840622762
3.09732221791e-07 -19.54323737202202
3.1451330546e-07 -19.54966852013009
3.19817524828e-07 -19.54074290191741
3.27448081376e-07 -19.62884483581732
3.33666297846e-07 -19.63615780594521
3.39605268846e-07 -19.611106462407278
3.44795956777e-07 -19.650199916044393
3.49810389179e-07 -19.698961868803266
3.57522372953e-07 -19.692050746631026
3.65227976191e-07 -19.750154471431806
3.70810194688e-07 -19.739245124223658
3.76440526555e-07 -19.91476118896599
3.82548451105e-07 -20.03189055907012
3.90054995981e-07 -20.10075538896598
3.97607740533e-07 -20.166142377216268
4.04150241432e-07 -20.399339724567653
4.11851080614e-07 -20.37474546350392
4.20602170546e-07 -20.444730267818024
4.30160164222e-07 -20.39420407252493
4.37994746734e-07 -20.48317838634206
4.4827200034e-07 -20.62187192140918
4.56328677199e-07 -20.6696390527322
4.63733084849e-07 -20.701039588513623
4.70561038594e-07 -20.72041483001692
4.77623151681e-07 -20.755618967119837
4.86756700828e-07 -20.811139413698925
4.93625499448e-07 -20.77941491452865
5.00064668669e-07 -20.749059065306646
5.11366160063e-07 -20.769217862026053
5.21867855391e-07 -20.781665478347165
5.301096199e-07 -20.851288354877298
5.3731459865e-07 -20.88767859703904
5.45330796177e-07 -20.90708534258519
5.54908107444e-07 -20.93891666597181
5.65742435556e-07 -20.97255182860775
5.72926790062e-07 -20.999494379405945
5.85367829666e-07 -21.024565630280108
6.02457368914e-07 -21.07542023764301
6.13832625225e-07 -21.060073361066337
6.26874662717e-07 -21.07436240459549
6.36919308173e-07 -21.10700575289122
6.43192254377e-07 -21.112258175446904
6.53403355783e-07 -21.335930923439143
6.61586156133e-07 -21.242313024366815
6.70750312817e-07 -21.15001838173424
6.85445438827e-07 -21.176829702633576
6.98206520494e-07 -21.20405096252879
7.10069056047e-07 -21.191796227419104
7.1945756406e-07 -21.18147455626581
7.29799683024e-07 -21.232993788272474
7.43515583858e-07 -21.29104397464205
7.56205357622e-07 -21.343577000425803
7.65095601237e-07 -21.31054037319892
7.74309467317e-07 -21.303124685762583
7.84139478109e-07 -21.325654847876415
7.92293257484e-07 -21.317686010566483
8.03364332881e-07 -21.369043535998145
8.16823135574e-07 -21.41701675182822
8.22856490715e-07 -21.41188305696312
8.39348391317e-07 -21.406373879540688
8.51418841968e-07 -21.373667970161364
8.62589713959e-07 -21.434329657920244
8.71862040143e-07 -21.470153441579328
8.84424374903e-07 -21.507957457982364
9.00685807014e-07 -21.531365898634732
9.15628045922e-07 -21.559454972077575
9.35069631215e-07 -21.56642544189681
9.49004454546e-07 -21.580309439442992
9.68022239879e-07 -21.604925273248128
9.85995528056e-07 -21.623058534850657
1.00305737103e-06 -21.630680493530825
1.02368478334e-06 -21.643596025572073
1.05123074494e-06 -21.65398994546741
1.08147773548e-06 -21.657658450255624
1.10005153047e-06 -21.648371683493075
1.13748920543e-06 -21.666422660743947
1.17492319616e-06 -21.675092061266604
1.20443091662e-06 -21.673681925209152
1.24981901486e-06 -21.7008654716931
1.27278762707e-06 -21.704063062711548
1.29559000006e-06 -21.700801389636382
1.31748769808e-06 -21.694289857381598
1.36044671479e-06 -21.716687606854855
1.40534826867e-06 -21.726405403791674
1.44621589694e-06 -21.74589537766832
1.48131787778e-06 -21.758908504267268
1.54720086503e-06 -21.82901201159617
1.588562969e-06 -21.82155700635623
1.61694525725e-06 -21.849512646424806
1.65855434411e-06 -21.856510115882216
1.7027144913e-06 -21.84615700881661
1.7440712609e-06 -21.81251335431761
1.79047954349e-06 -21.78367173689417
1.84182501437e-06 -21.751518144348033
1.88467017571e-06 -21.712199773454422
1.92166100035e-06 -21.69689242122776
1.9539238098e-06 -21.656536444451085
2.00130047071e-06 -21.61595828676034
2.11110599726e-06 -21.595819590824988
2.18706652246e-06 -21.528295842011758
2.28648820286e-06 -21.386869155166927
2.43033605383e-06 -21.199041383734972
2.54008016924e-06 -21.10688209567124
2.60658674211e-06 -21.088601116667235
2.69965398116e-06 -21.05671389113067
2.90157991958e-06 -21.038172078327925
3.06314484058e-06 -20.95709468556067
3.22362863134e-06 -20.889240107549263
3.357149673e-06 -20.7865971097322
3.57669442182e-06 -20.70396421759078
3.78196901633e-06 -20.608561046379428
3.92010661659e-06 -20.531061603119
4.03504172386e-06 -20.466092033008508
4.15710886036e-06 -20.407104478121028
4.30967632201e-06 -20.291223430021716
4.44320929247e-06 -20.11755201697425
4.5490261393e-06 -20.02244368338139
4.74298082363e-06 -19.980902512941626
4.99595374435e-06 -19.929470225005844
5.19784556163e-06 -19.855150873024122
5.48176298309e-06 -19.82117505245065
5.67048574245e-06 -19.75519039133364
5.95799287829e-06 -19.68412592614211
6.39151471106e-06 -19.629986036238137
6.63270850989e-06 -19.513453003602102
7.07514291256e-06 -19.446766324566063
7.42968647149e-06 -19.36335409023208
7.68283292968e-06 -19.280197263536714
8.0474579762e-06 -19.19301050675329
8.63105619529e-06 -19.108262342799677
9.22052727429e-06 -19.06670071515942
