2.00570585804e-08 -8.381659304775049
2.07779255948e-08 -8.142348000615428
2.15666275546e-08 -8.656983907642733
2.23511733366e-08 -8.85060756063372
2.26989384553e-08 -8.835473952278392
2.30775360356e-08 -9.650078709727303
2.3915358806e-08 -9.741708590419798
2.4474102892e-08 -10.728266372219082
2.51551417477e-08 -11.991477742090382
2.58389859e-08 -12.692115586940211
2.6250952467e-08 -12.337462525519122
2.70915120349e-08 -13.04508223821157
2.77160002651e-08 -12.985091525943794
2.84878543334e-08 -12.37402947622806
2.95547739668e-08 -12.536768619024322
3.01937587673e-08 -12.768214665631334
3.08358247416e-08 -13.258773220148221
3.17731544709e-08 -14.027913607648891
3.28365434679e-08 -14.406282174930013
3.39605809144e-08 -14.501088669537594
3.50635441908e-08 -14.567610949613211
3.57774943608e-08 -13.689082615036277
3.68387913671e-08 -14.56040183653785
3.77041743787e-08 -14.605553818283802
3.8864261839e-08 -14.797820637513297
4.01376665097e-08 -15.212326864004062
4.09292977305e-08 -15.35853528694544
4.20960753313e-08 -15.374524457982602
4.34998504703e-08 -14.92514830808976
4.47314387216e-08 -15.545526242267208
4.61265011933e-08 -15.795944630538585
4.7739678597e-08 -15.92167803757605
4.96368369434e-08 -15.988229431355002
5.07932465217e-08 -16.198662727802756
5.18583525341e-08 -16.562512444163175
5.30230148696e-08 -16.237251384098165
5.4455868388e-08 -15.113795174847688
5.60131506434e-08 -16.733743676680717
5.75427667568e-08 -16.879652774004633
5.87090014382e-08 -17.059858203097484
6.06724302403e-08 -16.98344690851868
6.28317085546e-08 -16.942743273571224
6.50363798975e-08 -17.040841073437015
6.67206955022e-08 -16.839291950360924
6.81593676378e-08 -17.11463161914105
6.9827676534e-08 -17.125077995892745
7.2248351042e-08 -17.48593522142191
7.43966922957e-08 -17.399843056146274
7.59793454058e-08 -17.44613134294555
7.74140265412e-08 -17.25977918416835
7.99170111017e-08 -17.4297419652421
8.27817815135e-08 -17.631186099416276
8.4814019401e-08 -17.610015853248697
8.68493372857e-08 -17.780943484000794
8.94984966567e-08 -17.905713067234096
9.10932951605e-08 -18.53288149950143
9.26693872149e-08 -19.112119403538905
9.4693776079e-08 -19.369164839424847
9.61993857387e-08 -19.333146725946904
9.87467089763e-08 -19.057806950932978
1.00498051926e-07 -19.47806299967585
1.02853190903e-07 -19.39277539709324
1.04800044135e-07 -19.69878260093845
1.07342854175e-07 -19.616740726991416
1.10756061668e-07 -19.628041749834416
1.1388637345e-07 -19.635313912482168
1.17995549986e-07 -19.567503116710796
1.20389785878e-07 -19.460828977579276
1.23204193039e-07 -19.606279866211217
1.25952280955e-07 -19.73835227548119
1.28973293729e-07 -19.764295262815928
1.3244044164e-07 -19.781590235642376
1.35367040527e-07 -19.805548881242956
1.3822090953e-07 -19.719925417760443
1.41231437178e-07 -19.718369567286125
1.45059270942e-07 -19.76061581842925
1.48769233337e-07 -19.753687873210616
1.52706219112e-07 -19.618432766769764
1.55733302927e-07 -19.54472087649794
1.58772923304e-07 -19.663939670797852
1.61958012111e-07 -19.726048032409267
1.64448154247e-07 -19.746791370971067
1.68703500169e-07 -19.76152765341412
1.73752573339e-07 -19.74593990637812
1.78526935109e-07 -19.75902376115956
1.83608235939e-07 -19.715738478406557
1.8935592224e-07 -19.683000328261187
1.98291862558e-07 -19.730006648744784
2.02986944957e-07 -19.732127870976363
2.06601928364e-07 -19.72113194485395
2.10548631953e-07 -19.73583420674956
2.15290769094e-07 -19.729003117167387
2.19467642478e-07 -19.72636513154169
2.23879040608e-07 -19.70436759891134
2.27572272895e-07 -19.70771956441316
2.3136639105e-07 -19.64768772879072
2.36169083673e-07 -19.633712845711145
2.40697007389e-07 -19.624781032999294
2.44810447152e-07 -19.64562225092405
2.50186867472e-07 -19.615235389727708
2.55956265677e-07 -19.62779553237735
2.61810236671e-07 -19.646183047682847
2.68063105521e-07 -19.682833177360635
2.75485409086e-07 -19.64619482974954
2.80923422044e-07 -19.6229757471814
2.87730906972e-07 -19.683857305642455
2.93598420877e-07 -19.731690682841865
2.98609175101e-07 -19.733432199033665
3.03848659165e-07 -19.750340382943257
3.09732221791e-07 -19.76911807710436
3.1451330546e-07 -19.770535012496424
3.19817524828e-07 -19.760634149217978
3.27448081376e-07 -19.82024606859209
3.33666297846e-07 -19.824541386668805
3.39605268846e-07 -19.80874965050007
3.44795956777e-07 -19.830285950711733
3.49810389179e-07 -19.861423708135412
3.57522372953e-07 -19.858761487850288
3.65227976191e-07 -19.87868869468344
3.70810194688e-07 -19.855259407326578
3.76440526555e-07 -20.022774066262855
3.82548451105e-07 -20.14409652038409
3.90054995981e-07 -20.205540058269627
3.97607740533e-07 -20.253243305987162
4.04150241432e-07 -20.455313644993275
4.11851080614e-07 -20.4138044622442
4.20602170546e-07 -20.488882957772795
4.30160164222e-07 -20.435574439406352
4.37994746734e-07 -20.498048342289998
4.4827200034e-07 -20.618827514482874
4.56328677199e-07 -20.654740832359735
4.63733084849e-07 -20.680251562695837
4.70561038594e-07 -20.692559323645668
4.77623151681e-07 -20.718575884241297
4.86756700828e-07 -20.85122378250464
4.93625499448e-07 -20.73299678871613
5.00064668669e-07 -20.706172754196587
5.11366160063e-07 -20.721732228497842
5.21867855391e-07 -20.729023784689957
5.301096199e-07 -20.783524067278137
5.3731459865e-07 -20.812920735846212
5.45330796177e-07 -20.827852628187323
5.54908107444e-07 -20.853329517074087
5.65742435556e-07 -20.881177283070798
5.72926790062e-07 -20.90235870138546
5.85367829666e-07 -20.923733528231168
6.02457368914e-07 -20.965416834187778
6.13832625225e-07 -20.94978723397128
6.26874662717e-07 -20.962290872782127
6.36919308173e-07 -20.990437806573112
6.43192254377e-07 -20.992844904013033
6.53403355783e-07 -21.402783522531834
6.61586156133e-07 -21.21069891545332
6.70750312817e-07 -21.026275384546317
6.85445438827e-07 -21.050091052236617
6.98206520494e-07 -21.071185964427706
7.10069056047e-07 -21.06076371749041
7.1945756406e-07 -21.0518905986837
7.29799683024e-07 -21.094897378663163
7.43515583858e-07 -21.141501926098847
7.56205357622e-07 -21.18592296334416
7.65095601237e-07 -21.162607564796097
7.74309467317e-07 -21.157881274824128
7.84139478109e-07 -21.177710937927735
7.92293257484e-07 -21.16740914587688
8.03364332881e-07 -21.211695614091553
8.16823135574e-07 -21.249431412118106
8.22856490715e-07 -21.24032937686095
8.39348391317e-07 -21.237845612954793
8.51418841968e-07 -21.211855859481055
8.62589713959e-07 -21.264005125773167
8.71862040143e-07 -21.291831430070523
8.84424374903e-07 -21.3257123653977
9.00685807014e-07 -21.345855617291527
9.15628045922e-07 -21.36802422496217
9.35069631215e-07 -21.379714268924438
9.49004454546e-07 -21.386548546017693
9.68022239879e-07 -21.407913657482375
9.85995528056e-07 -21.423185994665424
1.00305737103e-06 -21.42513338346236
1.02368478334e-06 -21.436265124492188
1.05123074494e-06 -21.4445782487023
1.08147773548e-06 -21.446281735183142
1.10005153047e-06 -21.436567089459274
1.13748920543e-06 -21.452747529813074
1.17492319616e-06 -21.458501461930744
1.20443091662e-06 -21.455018885581367
1.24981901486e-06 -21.480047652971244
1.27278762707e-06 -21.497842077864085
1.29559000006e-06 -21.48216358344819
1.31748769808e-06 -21.469864836706115
1.36044671479e-06 -21.490509229929174
1.40534826867e-06 -21.50169067901482
1.44621589694e-06 -21.51923472534947
1.48131787778e-06 -21.52888692808589
1.54720086503e-06 -21.59431139834365
1.588562969e-06 -21.58767868327338
1.61694525725e-06 -21.614688896689316
1.65855434411e-06 -21.61815597380422
1.7027144913e-06 -21.604314373829197
1.7440712609e-06 -21.569117340961995
1.79047954349e-06 -21.540261907388846
1.84182501437e-06 -21.507530476079182
1.88467017571e-06 -21.467666429789624
1.92166100035e-06 -21.452523819577408
1.9539238098e-06 -21.412254493863962
2.00130047071e-06 -21.37196966941073
2.11110599726e-06 -21.35027759663062
2.18706652246e-06 -21.284668176942574
2.28648820286e-06 -21.14156194774386
2.43033605383e-06 -20.95985134409078
2.54008016924e-06 -20.88078380184141
2.60658674211e-06 -20.85596033958184
2.69965398116e-06 -20.821507070623298
2.90157991958e-06 -20.800099278004076
3.06314484058e-06 -20.71612935377707
3.22362863134e-06 -20.64515285863711
3.357149673e-06 -20.54002289088013
3.57669442182e-06 -20.457440757203535
3.78196901633e-06 -20.362897171781206
3.92010661659e-06 -20.28631376055869
4.03504172386e-06 -20.222108027445962
4.15710886036e-06 -20.163500469153888
4.30967632201e-06 -20.047064145588614
4.44320929247e-06 -19.870138126781512
4.5490261393e-06 -19.774072472698563
4.74298082363e-06 -19.73553685133046
4.99595374435e-06 -19.68820762717698
5.19784556163e-06 -19.618679116746556
5.48176298309e-06 -19.59022713330716
5.67048574245e-06 -19.52986713477369
5.95799287829e-06 -19.46640161322614
6.39151471106e-06 -19.4223101631802
6.63270850989e-06 -19.316794804845486
7.07514291256e-06 -19.26368200481258
7.42968647149e-06 -19.194940309982584
7.68283292968e-06 -19.12562238137206
8.0474579762e-06 -19.057756090037756
8.63105619529e-06 -19.001948006735837
9.22052727429e-06 -18.98704530481543
