2.00570585804e-08 109.28618384051475
2.07779255948e-08 109.20950912153677
2.15666275546e-08 109.12860886354704
2.23511733366e-08 109.051018422313
2.26989384553e-08 25.968714958513544
2.30775360356e-08 23.42354501373425
2.3915358806e-08 22.171402535755924
2.4474102892e-08 21.087256798593476
2.51551417477e-08 20.13447352497043
2.58389859e-08 19.312663041358405
2.6250952467e-08 18.44187093501575
2.70915120349e-08 17.57283737445835
2.77160002651e-08 16.674642265081246
2.84878543334e-08 15.588960462229267
2.95547739668e-08 14.594689252485411
3.01937587673e-08 13.820099641606475
3.08358247416e-08 13.034915589526872
3.17731544709e-08 12.12444565221017
3.28365434679e-08 11.182431834139848
3.39605809144e-08 10.224091615503465
3.50635441908e-08 9.003512915748834
3.57774943608e-08 7.809949177595037
3.68387913671e-08 7.070104012117358
3.77041743787e-08 6.473777221582505
3.8864261839e-08 5.700810926640344
4.01376665097e-08 5.004302968901307
4.09292977305e-08 4.476527088156523
4.20960753313e-08 3.8721720055318443
4.34998504703e-08 3.2035025201104332
4.47314387216e-08 2.643349886851098
4.61265011933e-08 2.0665457581866313
4.7739678597e-08 1.397211077403739
4.96368369434e-08 0.608798553711619
5.07932465217e-08 -2.9771925835036086
5.18583525341e-08 -4.0213107614105255
5.30230148696e-08 -4.241459349607382
5.4455868388e-08 -4.625522893546723
5.60131506434e-08 -5.136060074058747
5.75427667568e-08 -5.364742797895186
5.87090014382e-08 -5.662583636220145
6.06724302403e-08 -6.0781511603637455
6.28317085546e-08 -6.422506671260589
6.50363798975e-08 -6.713039656324717
6.67206955022e-08 -6.9569903128535096
6.81593676378e-08 -7.069939829689012
6.9827676534e-08 -7.388387990008184
7.2248351042e-08 -7.652420370449658
7.43966922957e-08 -7.901945296748249
7.59793454058e-08 -8.11547836018159
7.74140265412e-08 -8.307025235262849
7.99170111017e-08 -8.520182060860606
8.27817815135e-08 -8.691667112332148
8.4814019401e-08 -8.874705049584897
8.68493372857e-08 -9.096514180281105
8.94984966567e-08 -9.328535550292024
9.10932951605e-08 -10.135426404685624
9.26693872149e-08 -12.731903620919795
9.4693776079e-08 -14.088753179271343
9.61993857387e-08 -14.351428316785935
9.87467089763e-08 -14.296141980772035
1.00498051926e-07 -14.984187648982427
1.02853190903e-07 -14.502342054591608
1.04800044135e-07 -15.354761282987148
1.07342854175e-07 -15.270017859096995
1.10756061668e-07 -15.497961667319608
1.1388637345e-07 -15.645997412417941
1.17995549986e-07 -15.649077555662267
1.20389785878e-07 -14.803034848311825
1.23204193039e-07 -15.596778361181308
1.25952280955e-07 -15.951631176041587
1.28973293729e-07 -16.14466084234509
1.3244044164e-07 -16.226485600709793
1.35367040527e-07 -16.319832889086918
1.3822090953e-07 -16.31942101727863
1.41231437178e-07 -16.322340282801612
1.45059270942e-07 -16.40283050536994
1.48769233337e-07 -16.389278054807086
1.52706219112e-07 -16.285428887075568
1.55733302927e-07 -16.287849186600397
1.58772923304e-07 -16.41066534692751
1.61958012111e-07 -16.416563892213034
1.64448154247e-07 -16.434251884815872
1.68703500169e-07 -16.490269999069177
1.73752573339e-07 -16.51910324506428
1.78526935109e-07 -16.63501518548472
1.83608235939e-07 -16.631216703889436
1.8935592224e-07 -16.713535972122408
1.98291862558e-07 -16.91316403248024
2.02986944957e-07 -16.968078140722362
2.06601928364e-07 -17.15102660427263
2.10548631953e-07 -17.38696896425497
2.15290769094e-07 -17.43397434825119
2.19467642478e-07 -17.544131903779366
2.23879040608e-07 -17.6188259675829
2.27572272895e-07 -17.60484809236936
2.3136639105e-07 -17.608228911020213
2.36169083673e-07 -17.389867438737113
2.40697007389e-07 -17.4133434186583
2.44810447152e-07 -17.955191735658126
2.50186867472e-07 -17.597687810010925
2.55956265677e-07 -18.03845342740552
2.61810236671e-07 -18.354497990758183
2.68063105521e-07 -19.03049300909929
2.75485409086e-07 -18.659121045630656
2.80923422044e-07 -18.65824471465764
2.87730906972e-07 -19.28002033742907
2.93598420877e-07 -19.81104395294306
2.98609175101e-07 -19.799155648292675
3.03848659165e-07 -19.949844680501123
3.09732221791e-07 -20.14271425977244
3.1451330546e-07 -20.21328877013955
3.19817524828e-07 -20.22431440487364
3.27448081376e-07 -20.614039418605564
3.33666297846e-07 -20.623195865690526
3.39605268846e-07 -20.48819453060633
3.44795956777e-07 -20.677930495616117
3.49810389179e-07 -20.886202700125857
3.57522372953e-07 -20.817800672153837
3.65227976191e-07 -21.125639594794855
3.70810194688e-07 -21.1140142478583
3.76440526555e-07 -21.158037492568646
3.82548451105e-07 -21.053137392491927
3.90054995981e-07 -21.198978339587967
3.97607740533e-07 -21.47604528747398
4.04150241432e-07 -21.878793815611473
4.11851080614e-07 -21.986813207420397
4.20602170546e-07 -21.985768577091207
4.30160164222e-07 -21.968885744920115
4.37994746734e-07 -22.225900725866552
4.4827200034e-07 -22.46254418376219
4.56328677199e-07 -22.572758668520763
4.63733084849e-07 -22.63636623703406
4.70561038594e-07 -22.688240379484675
4.77623151681e-07 -22.753185989163143
4.86756700828e-07 -22.764449916888232
4.93625499448e-07 -22.819174654674406
5.00064668669e-07 -22.77315246919887
5.11366160063e-07 -22.804628270028516
5.21867855391e-07 -22.845187327992925
5.301096199e-07 -22.9870024538574
5.3731459865e-07 -23.047181583378183
5.45330796177e-07 -23.08304900144956
5.54908107444e-07 -23.140288446526846
5.65742435556e-07 -23.19628589351857
5.72926790062e-07 -23.245646719297397
5.85367829666e-07 -23.284503470996732
6.02457368914e-07 -23.36606905794155
6.13832625225e-07 -23.354055611236696
6.26874662717e-07 -23.376625372082266
6.36919308173e-07 -23.4275215523027
6.43192254377e-07 -23.44118639491741
6.53403355783e-07 -23.462804467658195
6.61586156133e-07 -23.496012545733244
6.70750312817e-07 -23.49810964970292
6.85445438827e-07 -23.536797375419162
6.98206520494e-07 -23.584917822222543
7.10069056047e-07 -23.567710493663164
7.1945756406e-07 -23.556333986241427
7.29799683024e-07 -23.63491304493607
7.43515583858e-07 -23.726061075281144
7.56205357622e-07 -23.801915455150358
7.65095601237e-07 -23.743393890612374
7.74309467317e-07 -23.731158257652474
7.84139478109e-07 -23.762316143762938
7.92293257484e-07 -23.76237998375411
8.03364332881e-07 -23.83404121982195
8.16823135574e-07 -23.91243119231227
8.22856490715e-07 -23.90626848708107
8.39348391317e-07 -23.89535615848002
8.51418841968e-07 -23.85347185449826
8.62589713959e-07 -23.93197977736773
8.71862040143e-07 -23.985270489739243
8.84424374903e-07 -24.029291333527084
9.00685807014e-07 -24.05890271058827
9.15628045922e-07 -24.10869511479008
9.35069631215e-07 -24.10602812215872
9.49004454546e-07 -24.137693730253723
9.68022239879e-07 -24.168570756786856
9.85995528056e-07 -24.19164082391155
1.00305737103e-06 -24.21491966719268
1.02368478334e-06 -24.23503332026572
1.05123074494e-06 -24.25104258690495
1.08147773548e-06 -24.260618080657004
1.10005153047e-06 -24.252336670576206
1.13748920543e-06 -24.27627715569158
1.17492319616e-06 -24.292769012114285
1.20443091662e-06 -24.296496048516993
1.24981901486e-06 -24.330079756492765
1.27278762707e-06 -24.325717701053115
1.29559000006e-06 -24.33537837912001
1.31748769808e-06 -24.334755397019805
1.36044671479e-06 -24.36162045925778
1.40534826867e-06 -24.366854999249846
1.44621589694e-06 -24.39543781504321
1.48131787778e-06 -24.417157416446123
1.54720086503e-06 -24.504670933870692
1.588562969e-06 -24.50196784911516
1.61694525725e-06 -24.53176659095933
1.65855434411e-06 -24.549010168063383
1.7027144913e-06 -24.548038289441642
1.7440712609e-06 -24.517348101970256
1.79047954349e-06 -24.48519469484173
1.84182501437e-06 -24.45468696489852
1.88467017571e-06 -24.418064642178116
1.92166100035e-06 -24.40081456810519
1.9539238098e-06 -24.35996484354999
2.00130047071e-06 -24.318839229666175
2.11110599726e-06 -24.306164102220826
2.18706652246e-06 -24.24217077880899
2.28648820286e-06 -24.0989820713555
2.43033605383e-06 -23.892995860866485
2.54008016924e-06 -23.75806029687344
2.60658674211e-06 -23.7553102241641
2.69965398116e-06 -23.7309083709115
2.90157991958e-06 -23.72075897379031
3.06314484058e-06 -23.650653308941365
3.22362863134e-06 -23.59699937111379
3.357149673e-06 -23.504704305057153
3.57669442182e-06 -23.42638290491088
3.78196901633e-06 -23.333196361755782
3.92010661659e-06 -23.25483331965235
4.03504172386e-06 -23.18944123286454
4.15710886036e-06 -23.13032999981298
4.30967632201e-06 -23.02011585462683
4.44320929247e-06 -22.85986895252887
4.5490261393e-06 -22.769390273037907
4.74298082363e-06 -22.725605862886496
4.99595374435e-06 -22.67020547787552
5.19784556163e-06 -22.591355693695704
5.48176298309e-06 -22.551454757104437
5.67048574245e-06 -22.479192203795144
5.95799287829e-06 -22.400884316860186
6.39151471106e-06 -22.337495763374662
6.63270850989e-06 -22.211493234690586
7.07514291256e-06 -22.133395934282163
7.42968647149e-06 -22.0376088520066
7.68283292968e-06 -21.94239811871718
8.0474579762e-06 -21.837927288012864
8.63105619529e-06 -21.725800884282947
9.22052727429e-06 -21.65749881656511
