2.00570585804e-08 -1.7430254560102867
2.07779255948e-08 -4.718425275062934
2.15666275546e-08 -6.061441119385542
2.23511733366e-08 -6.015100803760539
2.26989384553e-08 -5.8146689217643335
2.30775360356e-08 -6.517024493367472
2.3915358806e-08 -7.616603906825514
2.4474102892e-08 -7.080696723223856
2.51551417477e-08 -9.126940395006216
2.58389859e-08 -10.146475459400385
2.6250952467e-08 -10.88901625350384
2.70915120349e-08 -11.437510213245133
2.77160002651e-08 -11.246388831645646
2.84878543334e-08 -10.711410494933197
2.95547739668e-08 -10.927623341394842
3.01937587673e-08 -10.673881837756085
3.08358247416e-08 -11.75100940374218
3.17731544709e-08 -12.653779469556326
3.28365434679e-08 -12.678337580638079
3.39605809144e-08 -12.651423318139265
3.50635441908e-08 -12.75853780388978
3.57774943608e-08 -12.459836418209065
3.68387913671e-08 -13.644248438411303
3.77041743787e-08 -13.690658185404928
3.8864261839e-08 -13.3065431521959
4.01376665097e-08 -13.86939241368269
4.09292977305e-08 -14.50772693682734
4.20960753313e-08 -14.16193306943972
4.34998504703e-08 -13.734173399268222
4.47314387216e-08 -14.545239593294497
4.61265011933e-08 -14.990484435165719
4.7739678597e-08 -15.057058376456808
4.96368369434e-08 -15.434657433359625
5.07932465217e-08 -15.579412283072735
5.18583525341e-08 -15.891134850029687
5.30230148696e-08 -15.485836910890015
5.4455868388e-08 -14.051365802466613
5.60131506434e-08 -15.805892880090191
5.75427667568e-08 -15.935820735645372
5.87090014382e-08 -16.270095723228494
6.06724302403e-08 -16.116529590479466
6.28317085546e-08 -15.832770643735948
6.50363798975e-08 -16.19825869041845
6.67206955022e-08 -16.012682863992936
6.81593676378e-08 -16.3163263227515
6.9827676534e-08 -16.34229106397874
7.2248351042e-08 -16.677576218491716
7.43966922957e-08 -16.547614656189836
7.59793454058e-08 -16.457418141422046
7.74140265412e-08 -16.40998957750888
7.99170111017e-08 -16.62049007244689
8.27817815135e-08 -16.79455699699239
8.4814019401e-08 -16.67176026618474
8.68493372857e-08 -17.030190456426418
8.94984966567e-08 -17.212481351351805
9.10932951605e-08 -17.53800755082566
9.26693872149e-08 -18.204788099807573
9.4693776079e-08 -18.55179974144638
9.61993857387e-08 -18.498245133392125
9.87467089763e-08 -18.138314777849637
1.00498051926e-07 -18.67715830264381
1.02853190903e-07 -18.647132749293384
1.04800044135e-07 -18.951792907597536
1.07342854175e-07 -18.85559139990101
1.10756061668e-07 -18.858539050911652
1.1388637345e-07 -18.89132470585089
1.17995549986e-07 -18.770584869204974
1.20389785878e-07 -18.698201230410113
1.23204193039e-07 -18.889098461088807
1.25952280955e-07 -19.017725502441557
1.28973293729e-07 -19.038438226191815
1.3244044164e-07 -19.06917702700416
1.35367040527e-07 -19.09385054247069
1.3822090953e-07 -18.978724321991855
1.41231437178e-07 -18.958192087760985
1.45059270942e-07 -19.025953482210035
1.48769233337e-07 -19.014682117241264
1.52706219112e-07 -18.842168596107598
1.55733302927e-07 -18.753917486612096
1.58772923304e-07 -18.916409210051633
1.61958012111e-07 -18.97018435248102
1.64448154247e-07 -19.007948353689997
1.68703500169e-07 -19.03931775530493
1.73752573339e-07 -19.03486704633979
1.78526935109e-07 -19.05606620049778
1.83608235939e-07 -19.005131854707898
1.8935592224e-07 -18.970879274148487
1.98291862558e-07 -19.04224603150687
2.02986944957e-07 -19.065590575583585
2.06601928364e-07 -19.042041191223475
2.10548631953e-07 -19.074986321565603
2.15290769094e-07 -19.063185910692027
2.19467642478e-07 -19.065740649638414
2.23879040608e-07 -19.040439543132102
2.27572272895e-07 -19.04060295598783
2.3136639105e-07 -18.968052907479176
2.36169083673e-07 -18.958622699096132
2.40697007389e-07 -18.951104873110616
2.44810447152e-07 -18.984942008948025
2.50186867472e-07 -18.93992460202108
2.55956265677e-07 -18.96920908291368
2.61810236671e-07 -18.997045435105086
2.68063105521e-07 -19.05551869411476
2.75485409086e-07 -19.00348957711467
2.80923422044e-07 -18.981822258194057
2.87730906972e-07 -19.068616295731765
2.93598420877e-07 -19.154093374132337
2.98609175101e-07 -19.154995615299768
3.03848659165e-07 -19.185067089012918
3.09732221791e-07 -19.220631557941957
3.1451330546e-07 -19.229640953589282
3.19817524828e-07 -19.220983756940697
3.27448081376e-07 -19.32556992376177
3.33666297846e-07 -19.32952385269089
3.39605268846e-07 -19.292195313138954
3.44795956777e-07 -19.339806842512758
3.49810389179e-07 -19.402563159201684
3.57522372953e-07 -19.386652420387676
3.65227976191e-07 -19.46677458425971
3.70810194688e-07 -19.45608717861331
3.76440526555e-07 -19.59626879392544
3.82548451105e-07 -19.662923690094246
3.90054995981e-07 -19.730996907644922
3.97607740533e-07 -19.821869963986423
4.04150241432e-07 -20.06803635144795
4.11851080614e-07 -20.074448996224383
4.20602170546e-07 -20.121524671130523
4.30160164222e-07 -20.079406900962553
4.37994746734e-07 -20.202203327506254
4.4827200034e-07 -20.358461545697544
4.56328677199e-07 -20.4203125851742
4.63733084849e-07 -20.458444552267864
4.70561038594e-07 -20.486421877780643
4.77623151681e-07 -20.528481799238392
4.86756700828e-07 -20.605469653274916
4.93625499448e-07 -20.562273965778893
5.00064668669e-07 -20.525547761359483
5.11366160063e-07 -20.54788381333922
5.21867855391e-07 -20.566985130198887
5.301096199e-07 -20.657822805080478
5.3731459865e-07 -20.70091735334234
5.45330796177e-07 -20.72463216553067
5.54908107444e-07 -20.763772274707364
5.65742435556e-07 -20.804007902998926
5.72926790062e-07 -20.83820321964391
5.85367829666e-07 -20.86651787239426
6.02457368914e-07 -20.9275391085192
6.13832625225e-07 -20.911844102552394
6.26874662717e-07 -20.92808063050964
6.36919308173e-07 -20.966016685977586
6.43192254377e-07 -20.974486999983398
6.53403355783e-07 -21.193280597017583
6.61586156133e-07 -21.106492006747544
6.70750312817e-07 -21.016968660536286
6.85445438827e-07 -21.047098421296532
6.98206520494e-07 -21.081833730679385
7.10069056047e-07 -21.066664024572972
7.1945756406e-07 -21.05469037259455
7.29799683024e-07 -21.116682697764226
7.43515583858e-07 -21.189163533705475
7.56205357622e-07 -21.251909562932894
7.65095601237e-07 -21.205236406313297
7.74309467317e-07 -21.19446094339866
7.84139478109e-07 -21.219979273411838
7.92293257484e-07 -21.214911016612845
8.03364332881e-07 -21.275057810069704
8.16823135574e-07 -21.33721027443402
8.22856490715e-07 -21.330121415970936
8.39348391317e-07 -21.320522469259352
8.51418841968e-07 -21.278074387527603
8.62589713959e-07 -21.349564911959405
8.71862040143e-07 -21.39570893856346
8.84424374903e-07 -21.437755611215614
9.00685807014e-07 -21.464379026836205
9.15628045922e-07 -21.50206603068274
9.35069631215e-07 -21.50326396374578
9.49004454546e-07 -21.52555588529534
9.68022239879e-07 -21.55387597213403
9.85995528056e-07 -21.574596921496735
1.00305737103e-06 -21.589472700002837
1.02368478334e-06 -21.605484132558352
1.05123074494e-06 -21.61833617743725
1.08147773548e-06 -21.624810469837122
1.10005153047e-06 -21.61494795181776
1.13748920543e-06 -21.635736412668308
1.17492319616e-06 -21.64835238677575
1.20443091662e-06 -21.649353574973922
1.24981901486e-06 -21.67943748543049
1.27278762707e-06 -21.683285826744992
1.29559000006e-06 -21.6828062613257
1.31748769808e-06 -21.677788370900338
1.36044671479e-06 -21.702284024520672
1.40534826867e-06 -21.709115583241406
1.44621589694e-06 -21.731575454923913
1.48131787778e-06 -21.747624644909543
1.54720086503e-06 -21.82508756226482
1.588562969e-06 -21.817570493608514
1.61694525725e-06 -21.843409424290094
1.65855434411e-06 -21.855405999455307
1.7027144913e-06 -21.851029947966886
1.7440712609e-06 -21.82030559979551
1.79047954349e-06 -21.79156856924628
1.84182501437e-06 -21.761351848656794
1.88467017571e-06 -21.72404449106792
1.92166100035e-06 -21.707611552510755
1.9539238098e-06 -21.666990795336027
2.00130047071e-06 -21.62618688733447
2.11110599726e-06 -21.609043798602237
2.18706652246e-06 -21.543690545569937
2.28648820286e-06 -21.400251158911566
2.43033605383e-06 -21.20375670233718
2.54008016924e-06 -21.090198598600473
2.60658674211e-06 -21.08152620977615
2.69965398116e-06 -21.054316996714412
2.90157991958e-06 -21.041074521696046
3.06314484058e-06 -20.965539959418088
3.22362863134e-06 -20.903877192261767
3.357149673e-06 -20.805249294403836
3.57669442182e-06 -20.724489249537363
3.78196901633e-06 -20.63003518248069
3.92010661659e-06 -20.552396342834008
4.03504172386e-06 -20.487569428754817
4.15710886036e-06 -20.428798065518613
4.30967632201e-06 -20.316830119454174
4.44320929247e-06 -20.151815145060553
4.5490261393e-06 -20.05981284224459
4.74298082363e-06 -20.01738815452709
4.99595374435e-06 -19.964697561801607
5.19784556163e-06 -19.888890208463316
5.48176298309e-06 -19.85276362318757
5.67048574245e-06 -19.78464345557847
5.95799287829e-06 -19.711642440079032
6.39151471106e-06 -19.655377016804174
6.63270850989e-06 -19.5371095262415
7.07514291256e-06 -19.468553653260315
7.42968647149e-06 -19.38336330258231
7.68283292968e-06 -19.298095952101058
8.0474579762e-06 -19.208078833368923
8.63105619529e-06 -19.118767193622233
9.22052727429e-06 -19.072681462739254
