6802 5.05400000e-02 9.57400000e+00 9.12850000e+00
6806 3.31190000e-01 1.12740000e+01 1.10504000e+01
6808 2.29790000e-01 1.05650000e+01 1.08471000e+01
6821 3.75000000e-03 9.57400000e+00 7.48720000e+00
6826 7.27800000e-02 9.57400000e+00 1.01603000e+01
6830 1.13970000e-01 9.57400000e+00 9.55960000e+00
6837 7.42400000e-02 9.72000000e+00 9.82170000e+00
6838 7.45300000e-02 9.57400000e+00 9.47460000e+00
6839 1.06700000e-01 9.86400000e+00 9.85370000e+00
6840 1.93090000e-01 1.10510000e+01 1.07436000e+01
6842 9.36700000e-02 1.08350000e+01 9.33040000e+00
6844 9.73800000e-02 1.03600000e+01 1.05515000e+01
6845 3.85250000e-01 1.12740000e+01 1.07595000e+01
6846 7.53200000e-02 1.00910000e+01 9.86250000e+00
6853 1.06180000e-01 1.03030000e+01 1.05159000e+01
6854 1.06890000e-01 1.04440000e+01 1.06682000e+01
6855 1.47020000e-01 1.25220000e+01 1.05877000e+01
6856 1.59340000e-01 1.15340000e+01 1.06139000e+01
6858 1.78890000e-01 1.05560000e+01 1.05623000e+01
6859 9.74800000e-02 9.57400000e+00 9.99840000e+00
6860 1.93880000e-01 1.04410000e+01 1.03589000e+01
6861 1.22210000e-01 9.73000000e+00 9.77640000e+00
6879 9.97900000e-02 1.04440000e+01 1.05197000e+01
6880 1.04710000e-01 1.18110000e+01 1.03319000e+01
6881 1.06150000e-01 1.05700000e+01 1.07506000e+01
6882 1.05590000e-01 1.18110000e+01 1.08308000e+01
6884 1.05190000e-01 1.02020000e+01 1.06539000e+01
6885 1.34000000e-01 1.06270000e+01 1.07811000e+01
6886 1.14000000e-01 1.00920000e+01 1.00498000e+01
6889 3.11930000e-01 1.13320000e+01 1.15667000e+01
6892 1.57560000e-01 1.25220000e+01 9.95280000e+00
6900 1.10090000e-01 1.00980000e+01 1.01298000e+01
6901 9.92000000e-02 9.57400000e+00 9.45950000e+00
6903 1.20690000e-01 9.72400000e+00 9.48210000e+00
6906 7.70200000e-02 1.01180000e+01 1.06279000e+01
6908 2.07080000e-01 1.02970000e+01 1.05293000e+01
6909 3.85340000e-01 1.13320000e+01 1.14767000e+01
6915 3.51070000e-01 1.12740000e+01 1.09182000e+01
6916 1.34080000e-01 9.86700000e+00 9.82180000e+00
6922 3.54390000e-01 1.13930000e+01 1.14603000e+01
6926 9.72400000e-02 1.12940000e+01 9.53580000e+00
6929 1.07860000e-01 9.57400000e+00 9.48840000e+00
6930 9.58100000e-02 9.57400000e+00 9.96120000e+00
6934 3.57430000e-01 1.12840000e+01 1.15518000e+01
6935 3.53280000e-01 1.13320000e+01 1.15111000e+01
6936 4.41600000e-01 1.18110000e+01 1.16657000e+01
6942 2.66160000e-01 1.13950000e+01 1.13019000e+01
6943 2.84710000e-01 1.08300000e+01 1.06030000e+01
6955 2.64040000e-01 1.25220000e+01 1.05423000e+01
6956 7.44400000e-02 1.01870000e+01 1.00459000e+01
6957 1.59480000e-01 1.02010000e+01 9.95560000e+00
6964 7.35700000e-02 1.25220000e+01 1.03140000e+01
6965 1.08130000e-01 9.57400000e+00 1.00472000e+01
6967 7.46900000e-02 1.25220000e+01 9.70280000e+00
6968 1.00610000e-01 1.25220000e+01 1.03037000e+01
6969 2.74540000e-01 1.12740000e+01 1.09260000e+01
6971 1.92060000e-01 1.25220000e+01 1.06967000e+01
6973 2.73990000e-01 9.57400000e+00 1.11932000e+01
6974 7.37900000e-02 1.01180000e+01 1.06411000e+01
6975 7.53000000e-02 1.25220000e+01 9.93920000e+00
6979 2.21960000e-01 1.12430000e+01 1.07211000e+01
6983 2.79800000e-01 1.08300000e+01 1.10245000e+01
6988 2.61100000e-01 1.25220000e+01 1.07958000e+01
6998 3.09300000e-01 1.12740000e+01 1.05250000e+01
6999 5.00000000e-05 9.57400000e+00 3.36090000e+00
14450 2.66680000e-01 1.12740000e+01 1.13147000e+01
14455 1.25990000e-01 9.73000000e+00 1.01587000e+01
14460 3.09500000e-02 9.57400000e+00 8.59340000e+00
14466 3.64660000e-01 1.13930000e+01 1.11142000e+01
14468 1.63800000e-02 9.57400000e+00 9.21910000e+00
14472 1.14360000e-01 1.03030000e+01 1.05583000e+01
14473 2.45570000e-01 1.07680000e+01 1.05966000e+01
14474 1.19870000e-01 1.15340000e+01 9.99710000e+00
14475 3.24060000e-01 1.13950000e+01 1.11784000e+01
14476 1.98730000e-01 1.07480000e+01 1.04526000e+01
14477 2.56190000e-01 1.06160000e+01 1.07065000e+01
14478 1.05600000e-01 9.57400000e+00 9.10530000e+00
14479 1.87680000e-01 1.03490000e+01 1.00317000e+01
14480 2.00200000e-01 1.02970000e+01 1.04454000e+01
14482 1.29780000e-01 1.07480000e+01 1.09085000e+01
14485 1.83490000e-01 1.07480000e+01 1.07123000e+01
14486 1.99100000e-01 1.25220000e+01 1.08041000e+01
14487 2.00780000e-01 1.18110000e+01 1.00834000e+01
14488 2.39460000e-01 1.13930000e+01 1.13855000e+01
14489 2.39740000e-01 1.13950000e+01 1.11993000e+01
14491 3.71480000e-01 1.13950000e+01 1.12834000e+01
14492 2.46010000e-01 1.07480000e+01 1.07762000e+01
14497 2.39440000e-01 1.04060000e+01 9.87190000e+00
14505 1.05720000e-01 1.04440000e+01 1.03594000e+01
14506 1.65260000e-01 1.25220000e+01 1.06316000e+01
14507 2.56270000e-01 1.08300000e+01 1.10424000e+01
14510 3.69040000e-01 1.25220000e+01 1.07682000e+01
14511 2.40470000e-01 1.04060000e+01 1.04392000e+01
14513 2.71180000e-01 1.12740000e+01 1.13865000e+01
14515 4.52800000e-02 1.06060000e+01 9.03140000e+00
14516 2.40510000e-01 1.04060000e+01 1.06372000e+01
14517 1.13650000e-01 1.00910000e+01 1.05935000e+01
14518 1.72320000e-01 1.00460000e+01 9.68190000e+00
14519 1.72490000e-01 9.82700000e+00 1.01884000e+01
14520 1.66030000e-01 1.16230000e+01 1.03495000e+01
14521 8.33700000e-02 9.57400000e+00 9.72000000e+00
14522 8.29600000e-02 1.04780000e+01 1.07954000e+01
14523 1.65730000e-01 1.25220000e+01 1.00529000e+01
14524 1.13450000e-01 1.01870000e+01 9.96030000e+00
14525 2.54860000e-01 1.06840000e+01 1.07987000e+01
14526 1.13470000e-01 9.57400000e+00 9.52140000e+00
14527 1.64910000e-01 1.00460000e+01 9.50410000e+00
14529 2.56590000e-01 1.05650000e+01 1.08453000e+01
14532 3.70730000e-01 1.12740000e+01 1.10460000e+01
14536 2.53830000e-01 1.07680000e+01 1.06595000e+01
14537 2.52600000e-01 1.06160000e+01 1.08547000e+01
14538 1.99800000e-01 1.04410000e+01 1.07671000e+01
14540 8.31900000e-02 9.57400000e+00 9.58890000e+00
14542 8.28300000e-02 9.57400000e+00 9.54520000e+00
14543 3.33300000e-01 1.08300000e+01 1.10122000e+01
14544 3.19350000e-01 1.12840000e+01 1.11680000e+01
14552 7.67300000e-02 1.06060000e+01 1.08134000e+01
14555 2.55900000e-02 9.57400000e+00 8.72330000e+00
14557 2.47010000e-01 1.12430000e+01 1.09146000e+01
14558 1.41030000e-01 9.72000000e+00 9.60220000e+00
14563 1.50000000e-04 9.57400000e+00 2.48710000e+00
14564 2.52300000e-02 9.57400000e+00 8.17650000e+00
14565 2.57680000e-01 1.12740000e+01 1.13335000e+01
14566 1.74570000e-01 1.25220000e+01 1.00670000e+01
14567 1.13920000e-01 1.07480000e+01 1.10290000e+01
14569 2.71690000e-01 1.07680000e+01 1.08181000e+01
14570 2.39810000e-01 1.04410000e+01 1.04476000e+01
14571 2.69960000e-01 1.08300000e+01 1.12242000e+01
14572 3.33990000e-01 1.12740000e+01 1.11178000e+01
14573 3.25520000e-01 1.12740000e+01 1.08446000e+01
14575 2.57090000e-01 1.08300000e+01 1.11322000e+01
14577 1.65110000e-01 1.00460000e+01 1.03886000e+01
14580 2.52550000e-01 1.05380000e+01 1.05612000e+01
14581 2.47800000e-02 9.57400000e+00 8.05470000e+00
14582 1.39030000e-01 9.72000000e+00 9.95070000e+00
14586 1.60620000e-01 1.04250000e+01 9.84680000e+00
14587 2.69300000e-01 1.06840000e+01 1.06242000e+01
14588 3.25980000e-01 1.08300000e+01 1.11146000e+01
14589 3.16020000e-01 1.12840000e+01 1.12731000e+01
14592 5.78800000e-02 1.10480000e+01 9.97630000e+00
14593 2.68700000e-01 1.13950000e+01 1.08199000e+01
14597 1.13590000e-01 1.00920000e+01 1.02993000e+01
14598 1.14590000e-01 1.03600000e+01 1.07196000e+01
14599 1.77630000e-01 1.01800000e+01 1.03270000e+01
7000 1.12570000e-01 9.57400000e+00 9.96020000e+00
7001 7.49800000e-02 1.25220000e+01 9.98910000e+00
7002 7.49200000e-02 1.02890000e+01 9.49670000e+00
7003 1.06600000e-01 1.25220000e+01 1.01719000e+01
7004 1.59990000e-01 1.25220000e+01 1.00905000e+01
7005 1.12980000e-01 1.14190000e+01 1.03852000e+01
7007 2.78600000e-01 1.12840000e+01 1.10740000e+01
7008 1.12230000e-01 1.25220000e+01 9.87120000e+00
7010 1.32810000e-01 1.13930000e+01 9.49960000e+00
7011 1.35860000e-01 1.18110000e+01 1.05155000e+01
7012 1.34770000e-01 1.05700000e+01 1.06799000e+01
7017 2.33020000e-01 1.07480000e+01 1.06090000e+01
7019 2.05600000e-01 1.04410000e+01 1.07025000e+01
7024 2.79880000e-01 1.08300000e+01 1.09675000e+01
7025 2.60850000e-01 1.07480000e+01 1.11238000e+01
7026 3.11700000e-01 1.13750000e+01 1.13005000e+01
7029 3.10920000e-01 1.12840000e+01 1.09752000e+01
7030 3.60030000e-01 1.12740000e+01 1.10671000e+01
7032 2.33520000e-01 1.25220000e+01 1.05092000e+01
7039 1.34500000e-01 1.25220000e+01 1.06982000e+01
7040 1.08250000e-01 9.57400000e+00 9.94510000e+00
7043 3.09760000e-01 1.13320000e+01 1.15951000e+01
7045 3.08210000e-01 1.13950000e+01 1.13883000e+01
7049 3.09050000e-01 1.12740000e+01 1.12820000e+01
7052 3.11190000e-01 1.12840000e+01 1.11705000e+01
7054 3.14670000e-01 1.12740000e+01 1.13663000e+01
7055 1.79760000e-01 1.04250000e+01 1.02430000e+01
7060 7.74700000e-02 1.25220000e+01 9.29360000e+00
7069 1.54540000e-01 1.00730000e+01 1.00530000e+01
7070 1.11170000e-01 1.04730000e+01 1.01740000e+01
7072 1.80000000e-04 9.57400000e+00 1.92630000e+00
7076 3.13710000e-01 1.12840000e+01 1.12610000e+01
7077 2.85730000e-01 1.12130000e+01 1.08849000e+01
7079 3.06310000e-01 1.12130000e+01 1.17058000e+01
7080 3.10410000e-01 9.57400000e+00 1.12740000e+01
7083 3.10840000e-01 1.11700000e+01 1.14739000e+01
7084 2.85680000e-01 1.12430000e+01 1.09222000e+01
7086 3.10790000e-01 1.15340000e+01 1.13074000e+01
7088 3.08090000e-01 1.08300000e+01 1.10847000e+01
7097 2.48650000e-01 1.25220000e+01 1.11652000e+01
7100 8.98600000e-02 9.57400000e+00 9.26810000e+00
7102 3.02700000e-01 1.14190000e+01 1.14947000e+01
7103 9.02100000e-02 9.73000000e+00 9.77800000e+00
7104 7.50400000e-02 1.13320000e+01 1.01370000e+01
7107 1.20490000e-01 9.97700000e+00 9.98660000e+00
7109 3.07370000e-01 1.12840000e+01 1.11070000e+01
7112 3.07150000e-01 1.13950000e+01 1.11175000e+01
7116 3.06100000e-01 1.12840000e+01 1.10297000e+01
7117 2.61390000e-01 1.07480000e+01 1.09676000e+01
7118 2.33720000e-01 1.12940000e+01 1.09008000e+01
7119 2.85360000e-01 1.25220000e+01 1.12282000e+01
7130 7.56300000e-02 9.57400000e+00 1.03175000e+01
7135 6.35700000e-02 9.57400000e+00 9.21220000e+00
7136 2.96730000e-01 1.12740000e+01 1.08803000e+01
7137 1.38360000e-01 1.25220000e+01 1.00538000e+01
7138 1.18070000e-01 1.14190000e+01 1.01782000e+01
7139 7.56700000e-02 1.03010000e+01 1.05394000e+01
7140 1.33410000e-01 1.05250000e+01 1.07346000e+01
7147 1.54920000e-01 1.02010000e+01 1.07963000e+01
7149 3.04680000e-01 1.16230000e+01 1.11217000e+01
7157 2.76020000e-01 1.12430000e+01 1.09782000e+01
7167 1.05910000e-01 9.57400000e+00 9.46870000e+00
7176 1.25300000e-01 1.03600000e+01 1.01921000e+01
7177 2.97510000e-01 1.08300000e+01 9.79510000e+00
7179 1.01240000e-01 1.00910000e+01 9.94810000e+00
7182 1.06180000e-01 1.16230000e+01 1.04145000e+01
7188 2.86640000e-01 1.12430000e+01 1.06365000e+01
7192 2.96640000e-01 1.13950000e+01 1.10672000e+01
7193 2.98370000e-01 1.12840000e+01 1.09959000e+01
7203 9.31700000e-02 9.57400000e+00 1.03998000e+01
7205 1.32990000e-01 1.25220000e+01 9.70970000e+00
7206 9.33900000e-02 1.02020000e+01 1.04742000e+01
7209 9.29000000e-02 1.05250000e+01 1.08675000e+01
7210 1.25480000e-01 1.04980000e+01 1.06650000e+01
7211 2.33980000e-01 1.09870000e+01 1.08610000e+01
7214 2.74630000e-01 1.12130000e+01 1.10036000e+01
7216 3.29710000e-01 1.13320000e+01 1.17621000e+01
7234 1.92750000e-01 1.09010000e+01 1.07309000e+01
7235 2.33850000e-01 1.11550000e+01 1.10711000e+01
7237 2.18840000e-01 1.12940000e+01 1.08474000e+01
7238 2.46140000e-01 1.14190000e+01 1.11988000e+01
7241 2.44240000e-01 1.11550000e+01 1.04264000e+01
7246 9.33000000e-02 9.57400000e+00 9.18310000e+00
7248 3.58130000e-01 1.16990000e+01 1.10158000e+01
7254 1.07890000e-01 9.57400000e+00 9.87640000e+00
7255 1.33100000e-01 1.16230000e+01 1.02470000e+01
7259 2.40510000e-01 1.09870000e+01 1.05036000e+01
7260 2.40140000e-01 1.11550000e+01 1.07382000e+01
7264 1.59980000e-01 1.18110000e+01 1.06171000e+01
7266 1.59440000e-01 1.03490000e+01 9.96430000e+00
7268 2.16000000e-01 1.11550000e+01 1.07500000e+01
7269 1.79460000e-01 1.09010000e+01 1.06514000e+01
7270 1.60540000e-01 1.25220000e+01 9.93910000e+00
7286 1.78980000e-01 1.25220000e+01 1.04328000e+01
7287 1.02900000e-01 1.14190000e+01 1.03580000e+01
7288 1.79000000e-01 1.07480000e+01 1.10566000e+01
7289 8.68200000e-02 1.06060000e+01 1.10914000e+01
7290 1.79880000e-01 1.25220000e+01 1.06795000e+01
7291 1.25620000e-01 1.04980000e+01 1.05339000e+01
7292 1.46370000e-01 1.00540000e+01 1.03321000e+01
7293 8.70100000e-02 9.57400000e+00 9.70280000e+00
7294 1.55730000e-01 1.25220000e+01 1.00955000e+01
7295 2.29270000e-01 1.09010000e+01 1.07742000e+01
7302 1.03040000e-01 1.25220000e+01 9.48940000e+00
7307 2.34690000e-01 1.25220000e+01 1.08636000e+01
7311 1.25900000e-01 9.73000000e+00 9.90050000e+00
7312 1.65900000e-01 1.03190000e+01 1.04530000e+01
7313 1.24800000e-01 1.06270000e+01 1.07365000e+01
7314 1.26510000e-01 1.03600000e+01 1.07487000e+01
7315 1.26640000e-01 1.25220000e+01 1.04538000e+01
7329 1.83380000e-01 1.06840000e+01 1.08423000e+01
7331 2.94630000e-01 1.12840000e+01 1.12593000e+01
7336 2.61900000e-01 1.07480000e+01 1.08655000e+01
7338 2.63770000e-01 1.16230000e+01 1.11563000e+01
7339 1.05020000e-01 1.16990000e+01 1.04342000e+01
7340 1.03240000e-01 9.90900000e+00 1.02068000e+01
7344 2.64280000e-01 1.25220000e+01 1.09744000e+01
7346 1.25200000e-01 9.73000000e+00 9.84420000e+00
7347 3.47430000e-01 1.12840000e+01 1.13715000e+01
7355 1.04380000e-01 9.57400000e+00 1.00768000e+01
7365 2.33380000e-01 1.08300000e+01 1.08282000e+01
7366 2.61650000e-01 9.57400000e+00 1.12783000e+01
7368 1.01770000e-01 9.57400000e+00 9.78910000e+00
7369 1.26110000e-01 1.08350000e+01 1.12656000e+01
7370 1.23270000e-01 1.18110000e+01 1.06169000e+01
7371 1.26110000e-01 1.25220000e+01 1.06336000e+01
7372 1.23590000e-01 9.90900000e+00 1.02823000e+01
7375 1.25830000e-01 9.73000000e+00 1.01279000e+01
7376 7.66500000e-02 9.57400000e+00 1.02658000e+01
7377 1.27740000e-01 1.02730000e+01 1.05893000e+01
7379 1.25770000e-01 1.07480000e+01 1.09233000e+01
7380 2.61450000e-01 1.12130000e+01 1.14406000e+01
7381 1.77760000e-01 1.09010000e+01 1.13627000e+01
7382 1.52200000e-01 1.00880000e+01 1.03781000e+01
7383 1.78430000e-01 1.00460000e+01 1.01965000e+01
7384 1.55310000e-01 1.18110000e+01 1.07818000e+01
7385 1.26840000e-01 1.01600000e+01 1.02302000e+01
7387 2.65910000e-01 1.25220000e+01 1.09337000e+01
7389 2.59190000e-01 1.07680000e+01 1.06880000e+01
7403 1.80420000e-01 1.18110000e+01 1.06535000e+01
7404 1.02170000e-01 1.00910000e+01 1.02949000e+01
7405 2.65110000e-01 1.13320000e+01 1.14697000e+01
7406 1.77780000e-01 1.04770000e+01 1.05219000e+01
7407 2.62260000e-01 1.07480000e+01 1.07012000e+01
7409 1.25920000e-01 1.02730000e+01 1.03304000e+01
7410 2.13640000e-01 1.12430000e+01 1.10223000e+01
7416 2.52930000e-01 1.09660000e+01 1.10551000e+01
7422 1.26430000e-01 1.25220000e+01 1.04809000e+01
7434 7.79000000e-02 1.11890000e+01 9.45780000e+00
7435 2.55030000e-01 1.04060000e+01 1.07563000e+01
7436 1.25840000e-01 1.01990000e+01 1.02056000e+01
7438 1.34050000e-01 1.05700000e+01 1.07871000e+01
7453 2.57670000e-01 1.07480000e+01 1.08096000e+01
7454 1.39510000e-01 1.04110000e+01 1.07343000e+01
7456 1.39100000e-01 1.18110000e+01 1.05950000e+01
7457 1.39550000e-01 1.07480000e+01 1.09412000e+01
7460 1.40400000e-01 1.08350000e+01 1.07832000e+01
7461 1.40790000e-01 9.86400000e+00 1.00859000e+01
7466 2.61120000e-01 1.12430000e+01 1.11577000e+01
7468 2.88500000e-01 1.13950000e+01 1.12850000e+01
7472 1.33890000e-01 1.16230000e+01 1.00103000e+01
7473 1.40240000e-01 9.97700000e+00 9.82630000e+00
7475 1.32940000e-01 1.25220000e+01 1.02225000e+01
7476 1.52100000e-01 1.25220000e+01 9.76030000e+00
7480 1.29060000e-01 1.07480000e+01 1.05939000e+01
7482 2.56750000e-01 1.25220000e+01 1.08619000e+01
7483 8.15800000e-02 1.12940000e+01 9.67250000e+00
7484 2.87410000e-01 9.57400000e+00 1.14358000e+01
7487 1.08730000e-01 1.25220000e+01 9.30840000e+00
7489 1.28300000e-01 1.07480000e+01 1.09729000e+01
7490 1.07210000e-01 1.03600000e+01 1.04516000e+01
7493 2.66260000e-01 1.25220000e+01 1.07980000e+01
7496 2.55850000e-01 1.07480000e+01 1.07499000e+01
7500 1.60740000e-01 1.00460000e+01 1.00689000e+01
7504 1.05410000e-01 1.12680000e+01 9.81080000e+00
7510 1.95310000e-01 1.08350000e+01 1.06815000e+01
7511 5.92800000e-02 9.57400000e+00 9.01150000e+00
7512 1.94880000e-01 1.09010000e+01 1.09692000e+01
7513 1.95850000e-01 1.08800000e+01 1.07593000e+01
7514 1.60300000e-01 1.00460000e+01 1.00122000e+01
7517 2.85290000e-01 1.13750000e+01 1.12835000e+01
7518 6.38900000e-02 9.57400000e+00 9.15810000e+00
7522 1.97020000e-01 1.05560000e+01 1.07377000e+01
7524 1.06450000e-01 1.03010000e+01 1.01175000e+01
7529 2.96730000e-01 1.25220000e+01 1.11558000e+01
7541 1.51760000e-01 1.03440000e+01 1.03696000e+01
7551 8.75000000e-03 1.00910000e+01 7.21490000e+00
7554 7.82900000e-02 1.04390000e+01 1.08044000e+01
7562 1.57840000e-01 1.05560000e+01 1.09748000e+01
7563 2.56660000e-01 1.11700000e+01 1.14155000e+01
7565 7.90600000e-02 1.03010000e+01 1.06918000e+01
7567 7.62400000e-02 9.57400000e+00 1.02214000e+01
7568 1.57530000e-01 1.08350000e+01 1.07277000e+01
7569 1.57370000e-01 1.10480000e+01 1.09116000e+01
7570 1.06460000e-01 1.00920000e+01 1.02869000e+01
7572 1.69210000e-01 1.18110000e+01 1.05535000e+01
7573 3.36110000e-01 1.16990000e+01 1.12794000e+01
7577 2.29540000e-01 1.25220000e+01 1.08024000e+01
7590 1.06080000e-01 1.02050000e+01 1.05980000e+01
7592 4.88200000e-02 1.04110000e+01 8.78750000e+00
7593 2.28220000e-01 1.25220000e+01 1.09823000e+01
7594 1.21910000e-01 1.18110000e+01 1.02131000e+01
7595 3.03650000e-01 1.16230000e+01 1.13523000e+01
7596 2.90030000e-01 1.25220000e+01 1.08151000e+01
7598 2.26970000e-01 1.06840000e+01 1.07621000e+01
7599 2.69890000e-01 1.06840000e+01 1.09470000e+01
7601 1.22520000e-01 1.16230000e+01 1.03233000e+01
7609 2.27230000e-01 1.25220000e+01 1.08187000e+01
7618 2.28690000e-01 1.04060000e+01 1.04212000e+01
7619 2.27940000e-01 1.09660000e+01 1.09401000e+01
7622 1.69610000e-01 1.07480000e+01 1.08782000e+01
7623 5.18000000e-02 9.57400000e+00 9.70050000e+00
7624 1.58220000e-01 1.07480000e+01 1.08556000e+01
7630 3.02420000e-01 1.13950000e+01 1.11121000e+01
7634 2.30440000e-01 1.06840000e+01 1.05627000e+01
7639 2.00670000e-01 1.00160000e+01 9.78150000e+00
7641 1.04410000e-01 1.02020000e+01 1.01576000e+01
7642 2.28670000e-01 1.10480000e+01 1.13557000e+01
7643 1.56910000e-01 1.07480000e+01 1.05070000e+01
7644 2.66550000e-01 1.12940000e+01 1.09402000e+01
7645 1.49180000e-01 1.07480000e+01 1.10292000e+01
7647 1.38010000e-01 1.16230000e+01 1.02382000e+01
7649 1.32870000e-01 1.02200000e+01 9.86020000e+00
7651 1.98900000e-01 1.25220000e+01 1.02638000e+01
7653 1.50060000e-01 1.18110000e+01 1.02490000e+01
7656 2.28160000e-01 1.14190000e+01 1.12307000e+01
7657 3.04110000e-01 1.13320000e+01 1.10216000e+01
7659 2.28750000e-01 1.10510000e+01 1.01489000e+01
7663 1.50880000e-01 1.06270000e+01 1.06443000e+01
7666 1.33240000e-01 1.18110000e+01 9.98710000e+00
7670 2.08880000e-01 1.05850000e+01 1.03453000e+01
7675 3.02260000e-01 1.12430000e+01 1.09995000e+01
7681 3.00000000e-04 9.57400000e+00 3.49660000e+00
7682 2.08880000e-01 1.07680000e+01 1.09187000e+01
7683 2.01160000e-01 1.08800000e+01 1.08254000e+01
7684 1.02870000e-01 1.00910000e+01 9.63730000e+00
7685 1.99290000e-01 1.08350000e+01 1.06976000e+01
7687 2.08270000e-01 1.11550000e+01 1.14450000e+01
7688 3.22900000e-02 1.00910000e+01 8.76030000e+00
7689 2.51640000e-01 1.25220000e+01 1.08181000e+01
7690 1.03120000e-01 1.03600000e+01 1.04641000e+01
7691 2.01350000e-01 1.25220000e+01 1.07622000e+01
7703 7.80000000e-02 1.05250000e+01 1.08420000e+01
7709 2.67910000e-01 1.25220000e+01 1.06067000e+01
7711 7.65500000e-02 1.25220000e+01 9.25150000e+00
7712 2.67030000e-01 1.12430000e+01 1.08914000e+01
7714 2.00660000e-01 1.11700000e+01 1.08874000e+01
7715 7.79800000e-02 1.04780000e+01 1.09647000e+01
7721 2.70450000e-01 1.25220000e+01 1.10052000e+01
7722 2.67530000e-01 1.12430000e+01 1.10271000e+01
7735 9.56300000e-02 9.73000000e+00 9.57690000e+00
7740 1.30380000e-01 1.03600000e+01 1.01343000e+01
7742 7.65800000e-02 9.57400000e+00 1.02084000e+01
7743 1.33090000e-01 1.04980000e+01 1.06110000e+01
7745 1.09460000e-01 1.16230000e+01 9.65460000e+00
7746 1.99830000e-01 1.08350000e+01 1.05918000e+01
7747 1.28530000e-01 1.00920000e+01 9.97410000e+00
7749 7.78100000e-02 9.57400000e+00 9.73400000e+00
7752 1.32190000e-01 1.16230000e+01 1.02584000e+01
7753 2.09300000e-01 1.04060000e+01 1.01251000e+01
7755 1.23400000e-01 1.05560000e+01 1.07180000e+01
7756 1.30890000e-01 1.00920000e+01 9.65090000e+00
7757 2.00220000e-01 1.10480000e+01 1.11895000e+01
7758 2.00550000e-01 1.12940000e+01 1.12149000e+01
7759 2.00780000e-01 1.12940000e+01 1.11177000e+01
7761 1.30940000e-01 1.05640000e+01 1.07035000e+01
7765 6.21900000e-02 9.57400000e+00 1.02166000e+01
7767 2.29240000e-01 1.09010000e+01 1.07637000e+01
7777 4.01030000e-01 1.16990000e+01 1.12015000e+01
7782 1.30150000e-01 1.06060000e+01 1.04232000e+01
7784 2.00110000e-01 1.18110000e+01 1.06083000e+01
7791 1.37100000e-01 1.25220000e+01 1.03428000e+01
7792 1.00000000e-05 9.57400000e+00 3.14820000e+00
7793 7.75500000e-02 1.01180000e+01 1.06115000e+01
7795 1.58590000e-01 1.03030000e+01 9.93410000e+00
7796 4.66600000e-02 9.57400000e+00 8.68780000e+00
7797 4.68000000e-02 1.08350000e+01 9.75090000e+00
7798 1.99450000e-01 1.25220000e+01 1.09563000e+01
7802 4.63200000e-02 1.10480000e+01 9.10900000e+00
7803 1.23510000e-01 1.01600000e+01 1.00952000e+01
7804 6.51900000e-02 9.57400000e+00 9.88090000e+00
7805 1.04130000e-01 9.57400000e+00 9.75140000e+00
7809 1.30580000e-01 1.04980000e+01 1.03060000e+01
7811 2.46020000e-01 1.08300000e+01 1.07314000e+01
7815 3.33380000e-01 1.13930000e+01 1.13986000e+01
7816 1.78130000e-01 1.18110000e+01 1.05656000e+01
7824 2.00330000e-01 1.08350000e+01 1.04998000e+01
7831 2.70930000e-01 1.25220000e+01 1.13285000e+01
7839 4.74900000e-02 1.14190000e+01 1.10391000e+01
7840 4.74200000e-02 1.14190000e+01 1.06179000e+01
7841 7.85200000e-02 1.05640000e+01 1.08339000e+01
7846 6.50600000e-02 1.15060000e+01 1.05120000e+01
7847 1.99560000e-01 1.05380000e+01 1.10176000e+01
7848 3.93100000e-02 9.57400000e+00 9.27640000e+00
7849 7.82000000e-02 1.01600000e+01 1.06673000e+01
7850 7.82800000e-02 1.09660000e+01 9.86570000e+00
7852 6.17700000e-02 9.57400000e+00 9.16970000e+00
7854 2.01890000e-01 1.09870000e+01 1.13119000e+01
7856 7.71700000e-02 9.57400000e+00 1.00242000e+01
7857 1.79790000e-01 1.06160000e+01 1.04935000e+01
7858 2.69640000e-01 1.13750000e+01 1.09370000e+01
7859 1.99200000e-01 1.06160000e+01 1.07892000e+01
7862 9.39300000e-02 9.73000000e+00 9.92380000e+00
7864 1.30700000e-01 9.73000000e+00 1.01574000e+01
7865 1.99560000e-01 1.08350000e+01 1.11962000e+01
7866 8.64100000e-02 9.57400000e+00 9.94620000e+00
7867 1.99990000e-01 1.09010000e+01 1.06853000e+01
7868 1.30890000e-01 1.05640000e+01 1.06365000e+01
7869 2.02310000e-01 1.02970000e+01 1.03158000e+01
7870 2.02990000e-01 1.06840000e+01 1.08109000e+01
7871 2.00040000e-01 1.08800000e+01 1.05955000e+01
7874 1.05440000e-01 9.57400000e+00 9.83020000e+00
7875 1.99590000e-01 1.09010000e+01 1.12176000e+01
7881 2.52040000e-01 1.12130000e+01 1.11775000e+01
7882 2.71410000e-01 1.08300000e+01 1.08630000e+01
7883 3.32810000e-01 1.13930000e+01 1.14758000e+01
7886 2.65190000e-01 1.25220000e+01 1.10836000e+01
7888 5.15470000e-01 1.18110000e+01 1.15055000e+01
7889 2.02670000e-01 1.08800000e+01 1.05837000e+01
7890 1.96300000e-01 1.04070000e+01 1.02993000e+01
7892 1.99310000e-01 1.05560000e+01 1.05084000e+01
7893 2.58190000e-01 1.25220000e+01 1.07814000e+01
7906 2.02150000e-01 1.11550000e+01 1.14067000e+01
7907 2.44270000e-01 1.08300000e+01 1.10390000e+01
7908 2.35060000e-01 1.06840000e+01 1.07622000e+01
7911 2.00780000e-01 1.02970000e+01 1.05699000e+01
7912 1.99780000e-01 1.18110000e+01 1.09920000e+01
7913 7.59400000e-02 9.57400000e+00 1.04262000e+01
7914 1.31770000e-01 9.86700000e+00 9.98690000e+00
7915 1.04580000e-01 1.25220000e+01 1.04024000e+01
7916 1.32600000e-01 1.07480000e+01 1.09100000e+01
7918 1.51210000e-01 1.18110000e+01 1.03671000e+01
7921 6.22400000e-02 9.57400000e+00 1.00646000e+01
7929 2.02730000e-01 1.02290000e+01 1.02613000e+01
7933 1.42280000e-01 1.01990000e+01 9.80680000e+00
7942 8.57100000e-02 9.57400000e+00 1.03412000e+01
7943 2.58170000e-01 1.12940000e+01 1.10639000e+01
7944 2.03110000e-01 1.02970000e+01 1.06050000e+01
7945 8.65400000e-02 9.57400000e+00 9.51990000e+00
7946 1.02950000e-01 1.05640000e+01 1.08899000e+01
7947 2.46480000e-01 1.12840000e+01 1.08416000e+01
7948 1.03600000e-01 1.15060000e+01 9.88910000e+00
7949 1.06280000e-01 1.01180000e+01 1.02176000e+01
7952 2.30900000e-01 1.07480000e+01 1.08725000e+01
7953 1.63900000e-01 1.25220000e+01 1.01937000e+01
7960 2.26880000e-01 1.10510000e+01 1.09132000e+01
7961 8.57000000e-02 9.57400000e+00 1.01137000e+01
7967 1.05630000e-01 9.57400000e+00 1.01200000e+01
7968 8.36500000e-02 1.25220000e+01 1.00596000e+01
7969 8.55400000e-02 1.06270000e+01 1.09876000e+01
7970 8.77000000e-02 1.03600000e+01 1.05525000e+01
7971 1.06050000e-01 1.02050000e+01 1.02567000e+01
7972 8.66100000e-02 9.57400000e+00 1.03820000e+01
7973 1.67940000e-01 1.25220000e+01 1.05814000e+01
7974 1.47070000e-01 1.08800000e+01 1.04782000e+01
7975 2.45950000e-01 1.25220000e+01 1.07092000e+01
7976 2.45230000e-01 1.12840000e+01 1.09937000e+01
7979 1.39840000e-01 1.06270000e+01 1.08904000e+01
7980 8.76000000e-02 9.57400000e+00 9.95110000e+00
7982 1.39800000e-01 1.07480000e+01 1.08114000e+01
7983 4.90000000e-04 9.57400000e+00 1.65890000e+00
7985 1.79550000e-01 1.25220000e+01 1.05178000e+01
7992 8.16400000e-02 1.04980000e+01 1.09175000e+01
7996 8.11900000e-02 1.02730000e+01 9.88700000e+00
7997 1.78020000e-01 1.25220000e+01 1.06471000e+01
7998 1.79580000e-01 1.05560000e+01 1.07303000e+01
7999 1.99500000e-01 1.04410000e+01 1.07984000e+01
8003 9.40300000e-02 1.09660000e+01 9.46740000e+00
8004 1.00420000e-01 9.57400000e+00 9.41940000e+00
8005 1.40820000e-01 1.04390000e+01 1.03680000e+01
8007 8.13200000e-02 9.57400000e+00 1.04905000e+01
8008 1.00510000e-01 1.05850000e+01 9.97330000e+00
8009 1.67420000e-01 1.09010000e+01 1.06896000e+01
8010 1.99350000e-01 9.57400000e+00 1.07350000e+01
8011 8.48900000e-02 1.02020000e+01 1.04316000e+01
8012 1.24730000e-01 1.25220000e+01 1.03841000e+01
8014 2.00330000e-01 1.04060000e+01 1.06252000e+01
8016 2.19510000e-01 1.09660000e+01 1.08989000e+01
8018 2.52250000e-01 1.06840000e+01 1.04259000e+01
8033 7.80500000e-02 1.14190000e+01 1.02079000e+01
8036 9.86100000e-02 1.02020000e+01 1.06977000e+01
8037 1.32320000e-01 1.05250000e+01 1.03410000e+01
8038 2.00080000e-01 9.57400000e+00 1.10811000e+01
8039 2.00510000e-01 1.08800000e+01 1.08793000e+01
8041 1.42190000e-01 1.06060000e+01 1.05192000e+01
8043 2.46060000e-01 1.12130000e+01 1.12909000e+01
8045 7.85800000e-02 1.11550000e+01 9.97820000e+00
8046 1.25210000e-01 1.06060000e+01 1.07928000e+01
8047 9.87800000e-02 1.13950000e+01 9.66490000e+00
8048 2.45290000e-01 1.08300000e+01 1.06042000e+01
8050 2.45720000e-01 1.25220000e+01 1.12931000e+01
8051 1.70530000e-01 1.04390000e+01 1.03779000e+01
8052 2.10130000e-01 1.01800000e+01 1.02965000e+01
8057 2.00300000e-01 1.08800000e+01 1.04130000e+01
8075 7.83200000e-02 1.03600000e+01 1.07953000e+01
8076 2.43180000e-01 1.11550000e+01 1.09487000e+01
8077 9.93500000e-02 1.14190000e+01 9.87390000e+00
8078 2.33240000e-01 1.12130000e+01 1.08209000e+01
8079 1.25180000e-01 1.02050000e+01 1.06221000e+01
8083 1.94700000e-01 1.25220000e+01 1.06651000e+01
8084 1.11290000e-01 1.06270000e+01 1.07469000e+01
8087 2.51490000e-01 1.12840000e+01 1.07589000e+01
8088 1.46490000e-01 1.04390000e+01 1.02878000e+01
8090 1.62580000e-01 1.03030000e+01 1.03511000e+01
8091 2.38720000e-01 1.25220000e+01 1.08282000e+01
8093 2.35570000e-01 1.06160000e+01 1.08987000e+01
8096 2.55110000e-01 1.08300000e+01 1.06943000e+01
8097 2.57490000e-01 1.25220000e+01 1.09328000e+01
8102 2.55350000e-01 1.25220000e+01 1.09588000e+01
8107 2.54290000e-01 1.06840000e+01 1.07205000e+01
8108 1.43190000e-01 9.90900000e+00 9.80790000e+00
8118 1.66240000e-01 1.01800000e+01 1.06213000e+01
8122 2.37330000e-01 1.12430000e+01 1.11135000e+01
8123 2.35190000e-01 1.08300000e+01 1.11722000e+01
8124 2.56570000e-01 1.12130000e+01 1.10439000e+01
8125 3.86630000e-01 1.16990000e+01 1.12538000e+01
8127 2.64820000e-01 1.12740000e+01 1.12411000e+01
8128 2.11210000e-01 1.05380000e+01 1.06671000e+01
8129 1.30590000e-01 1.04980000e+01 1.05183000e+01
8130 8.18900000e-02 1.05250000e+01 1.07279000e+01
8131 2.44020000e-01 1.06840000e+01 1.06899000e+01
8132 9.45900000e-02 1.16230000e+01 9.98330000e+00
8134 2.35890000e-01 1.06160000e+01 1.09062000e+01
8135 2.37330000e-01 1.09660000e+01 1.09205000e+01
8136 2.55180000e-01 1.10480000e+01 1.13314000e+01
8138 1.63640000e-01 1.02320000e+01 1.02309000e+01
8143 3.74930000e-01 1.12740000e+01 1.11527000e+01
8145 1.31880000e-01 1.01600000e+01 1.02731000e+01
8147 2.57840000e-01 1.25220000e+01 1.05918000e+01
8156 1.09860000e-01 9.57400000e+00 9.47460000e+00
8161 1.65180000e-01 1.00730000e+01 1.05258000e+01
8163 2.03020000e-01 1.02290000e+01 1.06722000e+01
8164 8.33800000e-02 1.12840000e+01 9.47760000e+00
8165 7.81600000e-02 1.12940000e+01 9.86730000e+00
8166 2.06120000e-01 1.01800000e+01 1.07222000e+01
8168 1.33340000e-01 1.04440000e+01 1.06982000e+01
8170 2.66010000e-01 1.06840000e+01 1.10995000e+01
8172 2.65660000e-01 1.06840000e+01 1.09511000e+01
8173 3.56850000e-01 1.12940000e+01 1.14826000e+01
8176 1.02710000e-01 9.72000000e+00 9.89390000e+00
8178 1.94570000e-01 1.00160000e+01 1.00200000e+01
8184 7.74900000e-02 9.57400000e+00 9.54060000e+00
8186 1.04810000e-01 9.57400000e+00 9.77050000e+00
8188 1.10440000e-01 1.00920000e+01 1.02882000e+01
8191 2.66140000e-01 1.25220000e+01 1.10748000e+01
8203 1.61890000e-01 1.05650000e+01 1.03338000e+01
8216 1.61850000e-01 1.25220000e+01 1.01452000e+01
8217 9.67000000e-03 9.57400000e+00 8.41270000e+00
8219 2.83120000e-01 1.12840000e+01 1.16256000e+01
8220 1.53840000e-01 1.25220000e+01 1.00943000e+01
8221 8.19800000e-02 1.15340000e+01 1.02883000e+01
8222 9.69200000e-02 1.01180000e+01 1.08839000e+01
8223 9.23800000e-02 9.57400000e+00 9.99480000e+00
8224 8.82600000e-02 1.15060000e+01 1.01400000e+01
8225 2.12570000e-01 1.05380000e+01 1.08029000e+01
8226 2.07420000e-01 1.05850000e+01 1.08418000e+01
8227 2.06230000e-01 1.25220000e+01 1.07267000e+01
8228 1.59900000e-01 1.00460000e+01 1.00153000e+01
8237 2.13710000e-01 1.07680000e+01 1.07626000e+01
8238 1.10660000e-01 1.04980000e+01 1.06293000e+01
8239 8.83200000e-02 9.57400000e+00 9.24460000e+00
8241 7.80200000e-02 9.57400000e+00 1.00116000e+01
8242 2.15840000e-01 1.06840000e+01 1.10912000e+01
8243 2.42840000e-01 1.07480000e+01 1.07339000e+01
8245 2.39840000e-01 1.08300000e+01 1.07192000e+01
8255 9.55300000e-02 9.57400000e+00 9.41580000e+00
8258 2.05990000e-01 1.09010000e+01 1.10558000e+01
8259 2.39710000e-01 1.07680000e+01 1.09518000e+01
8262 2.42790000e-01 1.09660000e+01 1.09542000e+01
8263 2.53620000e-01 1.07480000e+01 1.05946000e+01
8264 1.62640000e-01 1.25220000e+01 1.02444000e+01
8268 7.80200000e-02 1.04410000e+01 9.16610000e+00
8276 2.54140000e-01 1.13750000e+01 1.11933000e+01
8277 8.17400000e-02 1.02020000e+01 1.03012000e+01
8278 8.15100000e-02 1.10480000e+01 9.30030000e+00
8279 1.62320000e-01 1.25220000e+01 1.04352000e+01
8280 1.06620000e-01 1.02730000e+01 1.00547000e+01
8282 2.54900000e-01 1.09660000e+01 1.09168000e+01
8286 9.27800000e-02 1.11890000e+01 1.03082000e+01
8289 2.50310000e-01 1.25220000e+01 1.10756000e+01
8297 1.06530000e-01 9.73000000e+00 9.70520000e+00
8298 1.11720000e-01 1.03600000e+01 1.07101000e+01
8299 8.86100000e-02 1.05250000e+01 1.06745000e+01
8300 1.11810000e-01 1.25220000e+01 9.93220000e+00
8301 9.00400000e-02 1.16230000e+01 1.03422000e+01
8302 3.35600000e-01 1.25220000e+01 1.11115000e+01
8303 1.11870000e-01 1.02020000e+01 1.02213000e+01
8304 2.58860000e-01 1.12130000e+01 1.08641000e+01
8305 1.14160000e-01 9.72000000e+00 9.84260000e+00
8306 1.69870000e-01 1.07480000e+01 1.06110000e+01
8307 8.97000000e-02 1.01180000e+01 1.01324000e+01
8308 1.06590000e-01 1.00910000e+01 1.06471000e+01
8309 1.47230000e-01 1.18110000e+01 1.06361000e+01
8312 3.89600000e-01 1.16230000e+01 1.13151000e+01
8314 1.29390000e-01 9.97700000e+00 1.00264000e+01
8319 4.47000000e-03 9.57400000e+00 7.39350000e+00
8320 1.71860000e-01 1.25220000e+01 9.96720000e+00
8325 1.71400000e-01 1.09010000e+01 1.08179000e+01
8329 1.75800000e-01 1.25220000e+01 1.12395000e+01
8330 1.76600000e-01 1.09660000e+01 1.11407000e+01
8332 1.19850000e-01 1.02730000e+01 1.02020000e+01
8334 1.19610000e-01 1.06060000e+01 1.07601000e+01
8335 7.82900000e-02 1.25220000e+01 9.44780000e+00
8336 1.30690000e-01 9.72400000e+00 9.75940000e+00
8337 9.49000000e-02 1.02050000e+01 1.05724000e+01
8338 1.75570000e-01 1.10480000e+01 1.08498000e+01
8339 1.75320000e-01 1.09010000e+01 1.07308000e+01
8340 2.47320000e-01 1.08300000e+01 1.07513000e+01
8344 1.72120000e-01 1.03490000e+01 1.01901000e+01
8345 7.75200000e-02 9.57400000e+00 9.32610000e+00
8353 1.96700000e-02 9.57400000e+00 9.35350000e+00
8360 1.58020000e-01 1.25220000e+01 1.04492000e+01
8361 1.64140000e-01 1.25220000e+01 1.03111000e+01
8363 1.64690000e-01 1.02440000e+01 1.04898000e+01
8365 1.70010000e-01 1.03440000e+01 1.05390000e+01
8366 2.24120000e-01 1.07480000e+01 1.10152000e+01
8367 2.23810000e-01 1.06160000e+01 1.08699000e+01
8368 2.91260000e-01 1.12740000e+01 1.10642000e+01
8371 2.52720000e-01 1.09660000e+01 1.08078000e+01
8382 2.23360000e-01 1.07480000e+01 1.08565000e+01
8384 2.03410000e-01 1.08350000e+01 1.07921000e+01
8385 2.52380000e-01 1.25220000e+01 1.08962000e+01
8386 1.75670000e-01 1.25220000e+01 1.08148000e+01
8387 1.75900000e-01 1.25220000e+01 1.08164000e+01
8388 7.84900000e-02 1.00910000e+01 1.02382000e+01
8389 1.85530000e-01 1.10480000e+01 1.12761000e+01
8390 1.22860000e-01 1.07480000e+01 1.03623000e+01
8391 2.03500000e-02 1.00910000e+01 8.83490000e+00
8393 9.27500000e-02 9.57400000e+00 9.37970000e+00
8394 9.28700000e-02 9.57400000e+00 9.28180000e+00
8401 2.54400000e-01 1.12430000e+01 1.10599000e+01
8403 2.99720000e-01 1.13750000e+01 1.12446000e+01
8404 1.88500000e-02 9.57400000e+00 8.77340000e+00
8408 2.54990000e-01 1.04060000e+01 1.04613000e+01
8410 1.85090000e-01 1.05560000e+01 1.03280000e+01
8414 1.58710000e-01 1.07480000e+01 1.08823000e+01
8415 1.57880000e-01 1.05560000e+01 1.06152000e+01
8416 1.59710000e-01 1.00880000e+01 1.02855000e+01
8417 1.40930000e-01 9.90900000e+00 9.85850000e+00
8418 2.80040000e-01 1.12840000e+01 1.08719000e+01
8419 1.28480000e-01 1.06270000e+01 1.08932000e+01
8420 1.43580000e-01 9.86400000e+00 9.88580000e+00
8421 1.28760000e-01 1.00920000e+01 1.00066000e+01
8423 1.70420000e-01 1.04070000e+01 1.05799000e+01
8428 3.00110000e-01 1.12940000e+01 1.15763000e+01
8430 2.25020000e-01 1.10510000e+01 1.08563000e+01
8435 2.98440000e-01 1.12740000e+01 1.09617000e+01
8438 2.99890000e-01 1.25220000e+01 1.12747000e+01
8441 2.67950000e-01 1.06840000e+01 1.08951000e+01
8450 2.14900000e-02 9.57400000e+00 9.54690000e+00
8452 1.71340000e-01 1.05560000e+01 1.06792000e+01
8453 9.31500000e-02 9.57400000e+00 9.51300000e+00
8454 1.69840000e-01 1.06060000e+01 1.07949000e+01
8455 7.86500000e-02 1.00160000e+01 1.01238000e+01
8457 2.24620000e-01 1.10480000e+01 1.09919000e+01
8460 1.84730000e-01 1.08800000e+01 1.07510000e+01
8461 2.65930000e-01 1.08300000e+01 1.11186000e+01
8462 2.65430000e-01 1.12130000e+01 1.10091000e+01
8473 2.59030000e-01 1.12940000e+01 1.09784000e+01
8485 1.95100000e-02 1.00910000e+01 9.20470000e+00
8487 2.02400000e-02 1.10480000e+01 1.05489000e+01
8488 1.99600000e-02 9.57400000e+00 9.50640000e+00
8490 1.99800000e-02 9.57400000e+00 9.00650000e+00
8491 1.27560000e-01 9.90900000e+00 9.91620000e+00
8495 1.23000000e-01 1.25220000e+01 9.80750000e+00
8496 1.23610000e-01 1.05200000e+01 1.04918000e+01
8497 2.62630000e-01 1.25220000e+01 1.09765000e+01
8499 2.65160000e-01 1.11700000e+01 1.10653000e+01
8505 2.97090000e-01 1.12840000e+01 1.10030000e+01
8507 2.53750000e-01 1.12840000e+01 1.11061000e+01
8517 1.48430000e-01 1.25220000e+01 9.69140000e+00
8521 3.61100000e-01 9.57400000e+00 1.12587000e+01
8527 7.93100000e-02 9.73000000e+00 9.70100000e+00
8533 1.23080000e-01 1.02020000e+01 9.85510000e+00
8534 2.06150000e-01 1.08800000e+01 1.09667000e+01
8536 7.87800000e-02 9.57400000e+00 9.65420000e+00
8538 1.27410000e-01 1.18110000e+01 1.04658000e+01
8539 1.58140000e-01 1.25220000e+01 1.00720000e+01
8540 7.83300000e-02 1.25220000e+01 1.00034000e+01
8541 2.69110000e-01 1.12840000e+01 1.11265000e+01
8547 2.06430000e-01 1.10480000e+01 1.06531000e+01
8548 3.53600000e-01 1.13930000e+01 1.12726000e+01
8550 2.43090000e-01 1.09660000e+01 1.06804000e+01
8554 2.92880000e-01 1.11550000e+01 1.13858000e+01
8562 1.99100000e-02 1.00910000e+01 8.36950000e+00
8563 1.26940000e-01 9.57400000e+00 9.67770000e+00
8566 2.69190000e-01 1.13950000e+01 1.08737000e+01
8570 2.07200000e-02 9.57400000e+00 9.24080000e+00
8573 1.27100000e-01 1.07480000e+01 1.08535000e+01
8575 2.73710000e-01 9.57400000e+00 1.12714000e+01
8576 1.25890000e-01 1.25220000e+01 1.03842000e+01
8577 1.26080000e-01 1.06270000e+01 1.04120000e+01
8580 2.74080000e-01 1.25220000e+01 1.08170000e+01
8584 2.84850000e-01 1.13320000e+01 1.10060000e+01
8585 2.71110000e-01 1.12940000e+01 1.10471000e+01
8592 2.73020000e-01 1.14190000e+01 1.11893000e+01
8593 2.62740000e-01 1.11550000e+01 1.07495000e+01
8602 1.24160000e-01 1.07480000e+01 1.06049000e+01
8609 2.72400000e-01 1.12430000e+01 1.10461000e+01
8612 2.91320000e-01 1.14190000e+01 1.07386000e+01
8615 1.61310000e-01 1.07480000e+01 1.02533000e+01
8616 3.97370000e-01 1.18110000e+01 1.14736000e+01
8618 2.60630000e-01 1.13320000e+01 1.08117000e+01
8630 2.29150000e-01 1.07480000e+01 1.05691000e+01
8632 2.58160000e-01 1.13320000e+01 1.11029000e+01
8638 2.40410000e-01 1.12430000e+01 1.07897000e+01
8643 1.60670000e-01 1.04110000e+01 1.00380000e+01
8651 1.57220000e-01 1.05560000e+01 1.00452000e+01
8655 9.58600000e-02 9.57400000e+00 1.00290000e+01
8672 1.99420000e-01 1.18110000e+01 1.05709000e+01
8673 2.12620000e-01 1.11700000e+01 1.08416000e+01
8674 2.12760000e-01 1.25220000e+01 1.02475000e+01
8675 1.60420000e-01 1.07480000e+01 1.07904000e+01
8676 3.31150000e-01 1.15340000e+01 1.10251000e+01
8677 5.01000000e-02 9.57400000e+00 9.37760000e+00
8678 1.83410000e-01 1.18110000e+01 1.00453000e+01
8679 1.72660000e-01 1.05560000e+01 1.04709000e+01
8681 9.97100000e-02 1.03600000e+01 1.06895000e+01
8683 2.59680000e-01 1.12840000e+01 1.11058000e+01
8684 1.25770000e-01 1.02200000e+01 1.01777000e+01
8685 9.90900000e-02 1.15060000e+01 1.03924000e+01
8686 9.99900000e-02 1.02020000e+01 1.05361000e+01
8703 2.04400000e-02 9.57400000e+00 1.03581000e+01
8706 2.07900000e-02 9.57400000e+00 1.00082000e+01
8708 2.48100000e-01 1.09660000e+01 1.10204000e+01
8709 7.46900000e-02 1.11700000e+01 1.02970000e+01
8713 2.00240000e-01 1.11890000e+01 1.07995000e+01
8717 2.51030000e-01 1.12940000e+01 1.15924000e+01
8718 2.47520000e-01 1.09660000e+01 1.09854000e+01
8721 9.37500000e-02 9.57400000e+00 1.00091000e+01
8724 2.56310000e-01 1.07480000e+01 1.06774000e+01
8725 2.54700000e-01 1.12130000e+01 1.11472000e+01
8726 2.55060000e-01 1.11550000e+01 1.08934000e+01
8727 2.55160000e-01 1.12130000e+01 1.09185000e+01
8730 3.08540000e-01 1.25220000e+01 1.12294000e+01
8731 1.99990000e-01 1.04060000e+01 1.04505000e+01
8738 2.49650000e-01 1.25220000e+01 1.10638000e+01
8743 2.45090000e-01 1.08300000e+01 1.09314000e+01
8746 2.50860000e-01 1.07480000e+01 1.08874000e+01
8747 8.20100000e-02 1.25220000e+01 9.72700000e+00
8760 2.40800000e-01 1.06840000e+01 1.02829000e+01
8763 2.44580000e-01 1.13750000e+01 1.11911000e+01
8764 9.97500000e-02 1.03600000e+01 1.07025000e+01
8765 1.97510000e-01 1.12940000e+01 1.11033000e+01
8770 2.22990000e-01 1.09660000e+01 1.06657000e+01
8771 2.97700000e-01 1.08300000e+01 1.08711000e+01
8773 3.30910000e-01 1.25220000e+01 1.13368000e+01
8775 2.51550000e-01 1.10480000e+01 1.12560000e+01
8777 2.45940000e-01 1.25220000e+01 1.11236000e+01
8778 1.84670000e-01 1.25220000e+01 1.03808000e+01
8783 2.43400000e-01 1.12430000e+01 1.10114000e+01
8786 2.32090000e-01 1.08800000e+01 1.08264000e+01
8789 2.51760000e-01 1.25220000e+01 1.09713000e+01
8790 1.84940000e-01 1.05380000e+01 1.03934000e+01
8793 1.00060000e-01 1.11550000e+01 9.67180000e+00
8803 2.50270000e-01 1.25220000e+01 1.07144000e+01
8805 7.52400000e-02 9.57400000e+00 9.00370000e+00
8806 1.63600000e-01 1.00460000e+01 1.00715000e+01
8807 1.64810000e-01 1.05640000e+01 1.04096000e+01
8811 1.97870000e-01 1.25220000e+01 1.04226000e+01
8812 7.44800000e-02 9.57400000e+00 9.98880000e+00
8813 7.48000000e-02 9.57400000e+00 9.46450000e+00
8814 1.84750000e-01 1.05560000e+01 1.09037000e+01
8815 1.84330000e-01 1.04250000e+01 1.02674000e+01
8816 1.32510000e-01 1.04110000e+01 1.06711000e+01
8818 2.47180000e-01 1.12130000e+01 1.10359000e+01
8819 2.49600000e-01 1.09660000e+01 1.09031000e+01
8820 2.49310000e-01 1.11550000e+01 1.13150000e+01
8821 1.68350000e-01 1.03490000e+01 1.01360000e+01
8822 2.47240000e-01 1.15060000e+01 1.13608000e+01
8823 4.99100000e-02 1.25220000e+01 8.97930000e+00
8825 7.89700000e-02 1.12840000e+01 9.60800000e+00
8826 2.45220000e-01 1.12940000e+01 1.09429000e+01
8827 2.44140000e-01 1.09660000e+01 1.09325000e+01
8829 1.56030000e-01 1.07480000e+01 1.07169000e+01
8830 2.45020000e-01 1.25220000e+01 1.10509000e+01
8845 3.09900000e-01 9.57400000e+00 1.11964000e+01
8847 2.44050000e-01 1.12940000e+01 1.09266000e+01
8848 2.50090000e-01 1.09660000e+01 1.08913000e+01
8853 7.25100000e-02 9.57400000e+00 9.40730000e+00
8860 2.32310000e-01 1.12130000e+01 1.09666000e+01
8865 7.31400000e-02 1.03010000e+01 1.06256000e+01
8866 6.48200000e-02 1.25220000e+01 9.48750000e+00
8867 1.32270000e-01 1.25220000e+01 9.92650000e+00
8869 1.51510000e-01 1.07480000e+01 1.05965000e+01
8870 2.01100000e-01 1.11550000e+01 1.08214000e+01
8871 7.38900000e-02 9.57400000e+00 9.67490000e+00
8872 1.55860000e-01 1.00920000e+01 1.00330000e+01
8873 1.20910000e-01 1.18110000e+01 1.03861000e+01
8874 1.21800000e-01 1.25220000e+01 1.05546000e+01
8875 2.56240000e-01 1.12430000e+01 1.10837000e+01
8877 1.83440000e-01 9.57400000e+00 1.09493000e+01
8878 1.53000000e-01 1.25220000e+01 1.02928000e+01
8879 3.09690000e-01 9.57400000e+00 1.10073000e+01
8880 1.52760000e-01 1.25220000e+01 1.01785000e+01
8882 2.56240000e-01 1.13750000e+01 1.11142000e+01
8889 2.32020000e-01 1.25220000e+01 1.06905000e+01
8892 9.37700000e-02 9.57400000e+00 9.53550000e+00
8893 3.05700000e-01 1.12940000e+01 1.13311000e+01
8894 3.07610000e-01 1.13320000e+01 1.15078000e+01
8908 3.09800000e-01 9.57400000e+00 1.09932000e+01
8912 1.98720000e-01 1.12130000e+01 1.10166000e+01
8913 2.87800000e-02 1.01180000e+01 8.77080000e+00
8915 9.82100000e-02 1.01180000e+01 1.01132000e+01
8916 3.14090000e-01 1.15340000e+01 1.10443000e+01
8917 1.71030000e-01 1.09010000e+01 1.07581000e+01
8921 1.70410000e-01 9.72000000e+00 1.05956000e+01
8926 3.05740000e-01 1.13950000e+01 1.11963000e+01
8946 1.49620000e-01 1.16230000e+01 1.04675000e+01
8949 9.86000000e-02 1.00910000e+01 9.67980000e+00
8951 8.26200000e-02 1.00910000e+01 9.80560000e+00
8953 8.20900000e-02 1.05250000e+01 1.08144000e+01
8954 3.55460000e-01 1.16990000e+01 1.03900000e+01
8957 7.37500000e-02 9.57400000e+00 9.93930000e+00
8958 7.86100000e-02 1.25220000e+01 9.31390000e+00
8962 2.97410000e-01 1.12430000e+01 1.10001000e+01
8963 2.97040000e-01 1.25220000e+01 1.14070000e+01
8975 7.85200000e-02 1.00910000e+01 1.00038000e+01
8977 1.64520000e-01 1.06060000e+01 1.06015000e+01
8983 2.00310000e-01 1.09010000e+01 1.12057000e+01
8984 1.99980000e-01 1.11550000e+01 1.09458000e+01
8985 3.13260000e-01 1.13930000e+01 1.08612000e+01
8986 7.61500000e-02 1.00460000e+01 9.20990000e+00
8987 1.99910000e-01 1.09660000e+01 1.09888000e+01
8988 1.99170000e-01 1.08800000e+01 1.03784000e+01
8990 7.02000000e-02 9.57400000e+00 1.00544000e+01
8991 6.47600000e-02 1.00160000e+01 9.36980000e+00
8992 8.25400000e-02 1.00910000e+01 1.01414000e+01
8993 6.45100000e-02 9.57400000e+00 9.93340000e+00
8994 2.13320000e-01 1.11700000e+01 1.09247000e+01
8996 1.54690000e-01 1.04390000e+01 1.00265000e+01
8997 1.09250000e-01 1.25220000e+01 9.76380000e+00
8998 1.94560000e-01 1.09010000e+01 1.05530000e+01
8999 7.77500000e-02 9.57400000e+00 1.00805000e+01
9000 4.80600000e-02 9.57400000e+00 8.95740000e+00
9005 1.99360000e-01 1.09660000e+01 1.08382000e+01
9008 3.21730000e-01 1.13750000e+01 1.08692000e+01
9010 7.31200000e-02 1.09010000e+01 9.33710000e+00
9012 3.23000000e-01 1.13750000e+01 1.12092000e+01
9025 1.54550000e-01 1.25220000e+01 9.82730000e+00
9031 1.76130000e-01 1.06060000e+01 1.08883000e+01
9032 6.38900000e-02 9.57400000e+00 1.03110000e+01
9033 3.09220000e-01 1.15060000e+01 1.16167000e+01
9034 1.49340000e-01 1.05700000e+01 1.03841000e+01
9035 1.09070000e-01 9.57400000e+00 9.87370000e+00
9036 7.75800000e-02 9.57400000e+00 1.03145000e+01
9037 8.94000000e-02 9.57400000e+00 1.04595000e+01
9038 8.98800000e-02 9.57400000e+00 9.47330000e+00
9039 1.48520000e-01 1.04060000e+01 1.10603000e+01
9040 1.49550000e-01 1.03490000e+01 1.04077000e+01
9041 1.03600000e-01 9.57400000e+00 9.88550000e+00
9042 1.83710000e-01 1.25220000e+01 1.08691000e+01
9043 1.49710000e-01 1.04060000e+01 1.04010000e+01
9044 3.41860000e-01 1.12740000e+01 1.08110000e+01
9047 3.41900000e-01 1.12840000e+01 1.15417000e+01
9061 4.82000000e-02 9.57400000e+00 9.44550000e+00
9062 2.17000000e-02 9.57400000e+00 1.02180000e+01
9064 2.15800000e-02 9.57400000e+00 9.13740000e+00
9065 9.94600000e-02 9.57400000e+00 1.01505000e+01
9067 3.36900000e-02 9.57400000e+00 9.44210000e+00
9069 9.98100000e-02 1.01600000e+01 1.01838000e+01
9070 7.95500000e-02 1.00730000e+01 9.68670000e+00
9071 7.93600000e-02 9.57400000e+00 9.61030000e+00
9072 9.95600000e-02 1.06270000e+01 1.09281000e+01
9073 1.01210000e-01 1.00910000e+01 9.98610000e+00
9077 2.01910000e-01 1.08350000e+01 1.07402000e+01
9078 1.87010000e-01 1.06840000e+01 1.06048000e+01
9079 4.06450000e-01 1.12840000e+01 1.16938000e+01
9087 2.57660000e-01 1.12430000e+01 1.11328000e+01
9091 1.48620000e-01 1.00460000e+01 1.03314000e+01
9099 2.06610000e-01 1.01800000e+01 1.03261000e+01
9108 1.10790000e-01 9.97700000e+00 9.76990000e+00
9109 8.86600000e-02 1.00980000e+01 9.85060000e+00
9110 2.59670000e-01 1.25220000e+01 1.11000000e+01
9112 4.16800000e-02 9.57400000e+00 9.44820000e+00
9114 1.11130000e-01 1.02730000e+01 9.94690000e+00
9115 3.37800000e-02 9.57400000e+00 9.06830000e+00
9116 1.48790000e-01 1.25220000e+01 1.03272000e+01
9117 1.47860000e-01 1.08350000e+01 1.09455000e+01
9119 2.00050000e-01 1.02970000e+01 1.06773000e+01
9120 1.69940000e-01 1.02970000e+01 1.05639000e+01
9122 1.70310000e-01 1.01800000e+01 1.01232000e+01
9123 1.72000000e-01 1.05560000e+01 1.06314000e+01
9125 7.56600000e-02 9.57400000e+00 9.50460000e+00
9127 3.24000000e-01 1.12740000e+01 1.12297000e+01
9132 1.70320000e-01 1.05640000e+01 1.02286000e+01
9143 1.47680000e-01 1.00460000e+01 1.01955000e+01
9145 2.71200000e-01 1.12430000e+01 1.06580000e+01
9146 1.10310000e-01 9.57400000e+00 9.84690000e+00
9154 2.10260000e-01 1.04410000e+01 1.05829000e+01
9156 2.70260000e-01 1.13950000e+01 1.11645000e+01
9158 1.10990000e-01 1.04780000e+01 1.08388000e+01
9159 1.74420000e-01 1.04460000e+01 1.05258000e+01
9160 1.42470000e-01 1.25220000e+01 1.05741000e+01
9163 7.06000000e-03 9.57400000e+00 9.18910000e+00
9166 1.70290000e-01 1.09660000e+01 1.07569000e+01
9167 2.10610000e-01 1.12940000e+01 1.11263000e+01
9169 2.10240000e-01 1.25220000e+01 1.09098000e+01
9173 2.59780000e-01 1.12130000e+01 1.06321000e+01
9174 3.22830000e-01 1.13950000e+01 1.11848000e+01
9176 2.03820000e-01 1.08350000e+01 1.04652000e+01
9185 1.02790000e-01 1.00880000e+01 9.96980000e+00
9190 1.20750000e-01 9.57400000e+00 9.61260000e+00
9191 1.24030000e-01 9.57400000e+00 9.90640000e+00
9198 9.93500000e-02 1.25220000e+01 9.96180000e+00
9201 1.73970000e-01 1.04110000e+01 1.04646000e+01
9203 2.11170000e-01 1.07680000e+01 1.07755000e+01
9204 2.11420000e-01 1.05380000e+01 1.07693000e+01
9205 2.10260000e-01 1.07480000e+01 1.10375000e+01
9207 1.71880000e-01 1.04390000e+01 1.03743000e+01
9208 2.10860000e-01 1.12130000e+01 1.09693000e+01
9209 2.10920000e-01 1.08800000e+01 1.07315000e+01
9213 2.10040000e-01 1.05380000e+01 1.05688000e+01
9216 2.60860000e-01 1.12430000e+01 1.11619000e+01
9217 2.61410000e-01 1.25220000e+01 1.05114000e+01
9233 2.03490000e-01 1.25220000e+01 1.07378000e+01
9235 2.59510000e-01 1.25220000e+01 1.11917000e+01
9247 2.59590000e-01 1.11700000e+01 1.08460000e+01
9248 2.68590000e-01 1.13950000e+01 1.12804000e+01
9258 4.19900000e-02 1.00910000e+01 1.04448000e+01
9259 4.20000000e-04 1.25220000e+01 1.89040000e+00
9260 2.03380000e-01 1.10340000e+01 1.06347000e+01
9261 3.86330000e-01 1.13930000e+01 1.08899000e+01
9263 9.87800000e-02 1.04780000e+01 1.09341000e+01
9264 1.23850000e-01 9.82700000e+00 9.69930000e+00
9266 3.39720000e-01 1.12130000e+01 1.13414000e+01
9274 1.58250000e-01 1.04390000e+01 1.05868000e+01
9278 6.29700000e-02 9.57400000e+00 1.01269000e+01
9279 1.55360000e-01 1.00460000e+01 1.02695000e+01
9280 1.13420000e-01 1.25220000e+01 9.79120000e+00
9282 1.13210000e-01 1.04980000e+01 1.07371000e+01
9283 1.13030000e-01 1.04780000e+01 1.06574000e+01
9284 1.70910000e-01 1.18110000e+01 1.07688000e+01
9286 1.16660000e-01 1.05250000e+01 1.05367000e+01
9295 2.65730000e-01 1.12130000e+01 1.11552000e+01
9296 1.17260000e-01 1.16230000e+01 1.00969000e+01
9298 3.47430000e-01 1.15340000e+01 1.11631000e+01
9300 2.04440000e-01 1.25220000e+01 1.07097000e+01
9312 3.90000000e-04 1.25220000e+01 3.45950000e+00
9315 1.70230000e-01 1.25220000e+01 1.03744000e+01
9317 7.37100000e-02 9.57400000e+00 9.72720000e+00
9319 1.62430000e-01 1.08350000e+01 1.06435000e+01
9320 1.12420000e-01 1.02020000e+01 1.07058000e+01
9321 7.41200000e-02 1.07480000e+01 1.07457000e+01
9322 7.45300000e-02 1.25220000e+01 1.05918000e+01
9323 7.28800000e-02 9.57400000e+00 1.04441000e+01
9324 7.42000000e-02 9.57400000e+00 1.02171000e+01
9325 1.17810000e-01 1.00920000e+01 9.65960000e+00
9326 6.31400000e-02 9.57400000e+00 8.79070000e+00
9327 1.12430000e-01 1.04440000e+01 1.03799000e+01
9328 1.56990000e-01 1.07480000e+01 1.06741000e+01
9337 1.62840000e-01 1.05560000e+01 1.01014000e+01
9342 7.35500000e-02 1.25220000e+01 9.79610000e+00
9346 7.48400000e-02 1.09010000e+01 9.56740000e+00
9352 2.42600000e-02 9.57400000e+00 8.93850000e+00
9357 2.37850000e-01 1.08300000e+01 1.07881000e+01
