2.00570585804e-08  	  6.1687037506e+38  
2.07779255948e-08  	  4.40058049906e+39  
2.15666275546e-08  	  8.34262607246e+39  
2.23511733366e-08  	  1.16252513869e+40  
2.26989384553e-08  	  1.14167718003e+40  
2.30775360356e-08  	  2.15577808975e+40  
2.3915358806e-08  	  4.05152656734e+40  
2.4474102892e-08  	  3.29214802065e+40  
2.51551417477e-08  	  2.45715408325e+41  
2.58389859e-08  	  6.24819845147e+41  
2.6250952467e-08  	  5.53111528421e+41  
2.70915120349e-08  	  1.0245596989e+42  
2.77160002651e-08  	  1.21969131706e+42  
2.84878543334e-08  	  5.4079484249e+41  
2.95547739668e-08  	  4.72652295352e+41  
3.01937587673e-08  	  2.92271463759e+41  
3.08358247416e-08  	  7.82864023155e+41  
3.17731544709e-08  	  1.45278044029e+42  
3.28365434679e-08  	  3.76822352877e+42  
3.39605809144e-08  	  4.64564959384e+42  
3.50635441908e-08  	  4.62421963761e+42  
3.57774943608e-08  	  1.23269052185e+42  
3.68387913671e-08  	  1.87501020837e+42  
3.77041743787e-08  	  1.88095224346e+42  
3.8864261839e-08  	  1.7691732357e+42  
4.01376665097e-08  	  2.3422218796e+42  
4.09292977305e-08  	  3.25756796014e+42  
4.20960753313e-08  	  3.01178946404e+42  
4.34998504703e-08  	  3.44801186698e+42  
4.47314387216e-08  	  5.79269104613e+42  
4.61265011933e-08  	  6.75099250351e+42  
4.7739678597e-08  	  5.61839145076e+42  
4.96368369434e-08  	  5.28050024659e+42  
5.07932465217e-08  	  6.49928415394e+42  
5.18583525341e-08  	  7.54278789968e+42  
5.30230148696e-08  	  5.73582984893e+42  
5.4455868388e-08  	  2.58193279617e+42  
5.60131506434e-08  	  6.97876988694e+42  
5.75427667568e-08  	  7.37070718188e+42  
5.87090014382e-08  	  8.04023383527e+42  
6.06724302403e-08  	  8.04083023532e+42  
6.28317085546e-08  	  7.56767197273e+42  
6.50363798975e-08  	  8.25545215477e+42  
6.67206955022e-08  	  6.20084926078e+42  
6.81593676378e-08  	  7.40707514219e+42  
6.9827676534e-08  	  7.86692404498e+42  
7.2248351042e-08  	  9.47269716557e+42  
7.43966922957e-08  	  7.78543518398e+42  
7.59793454058e-08  	  7.7725269407e+42  
7.74140265412e-08  	  7.27548111426e+42  
7.99170111017e-08  	  7.73435124701e+42  
8.27817815135e-08  	  8.39615177753e+42  
8.4814019401e-08  	  7.88322865452e+42  
8.68493372857e-08  	  9.30408782937e+42  
8.94984966567e-08  	  1.00638290511e+43  
9.10932951605e-08  	  1.7635161885e+43  
9.26693872149e-08  	  3.38297758254e+43  
9.4693776079e-08  	  4.51019673476e+43  
9.61993857387e-08  	  4.51822063231e+43  
9.87467089763e-08  	  3.24881151758e+43  
1.00498051926e-07  	  5.14928130949e+43  
1.02853190903e-07  	  4.37762138749e+43  
1.04800044135e-07  	  6.02574406044e+43  
1.07342854175e-07  	  5.25546402549e+43  
1.10756061668e-07  	  5.15284456981e+43  
1.1388637345e-07  	  4.96584061464e+43  
1.17995549986e-07  	  4.30815637955e+43  
1.20389785878e-07  	  3.45438922091e+43  
1.23204193039e-07  	  4.24720855351e+43  
1.25952280955e-07  	  4.68075877331e+43  
1.28973293729e-07  	  4.65163823217e+43  
1.3244044164e-07  	  4.57951605413e+43  
1.35367040527e-07  	  4.53051410317e+43  
1.3822090953e-07  	  4.02458943928e+43  
1.41231437178e-07  	  3.78393088131e+43  
1.45059270942e-07  	  3.84614526376e+43  
1.48769233337e-07  	  3.60556200209e+43  
1.52706219112e-07  	  2.96066655015e+43  
1.55733302927e-07  	  2.6861435836e+43  
1.58772923304e-07  	  2.95005912071e+43  
1.61958012111e-07  	  2.98167860707e+43  
1.64448154247e-07  	  2.9837766365e+43  
1.68703500169e-07  	  2.89358241755e+43  
1.73752573339e-07  	  2.68898081584e+43  
1.78526935109e-07  	  2.62441446703e+43  
1.83608235939e-07  	  2.37214458321e+43  
1.8935592224e-07  	  2.18398612425e+43  
1.98291862558e-07  	  2.11444975267e+43  
2.02986944957e-07  	  2.03470176223e+43  
2.06601928364e-07  	  1.95124522793e+43  
2.10548631953e-07  	  1.91226036408e+43  
2.15290769094e-07  	  1.82381767744e+43  
2.19467642478e-07  	  1.7579667663e+43  
2.23879040608e-07  	  1.64757698047e+43  
2.27572272895e-07  	  1.61158059785e+43  
2.3136639105e-07  	  1.45248726941e+43  
2.36169083673e-07  	  1.37296656547e+43  
2.40697007389e-07  	  1.31640358862e+43  
2.44810447152e-07  	  1.31424738275e+43  
2.50186867472e-07  	  1.2242578181e+43  
2.55956265677e-07  	  1.1951222461e+43  
2.61810236671e-07  	  1.17522332191e+43  
2.68063105521e-07  	  1.17655734503e+43  
2.75485409086e-07  	  1.07188451751e+43  
2.80923422044e-07  	  1.0103127821e+43  
2.87730906972e-07  	  1.03611514875e+43  
2.93598420877e-07  	  1.05714029014e+43  
2.98609175101e-07  	  1.02684536673e+43  
3.03848659165e-07  	  1.01332620333e+43  
3.09732221791e-07  	  9.96363705173e+42  
3.1451330546e-07  	  9.68979699406e+42  
3.19817524828e-07  	  9.28502457238e+42  
3.27448081376e-07  	  9.47281226384e+42  
3.33666297846e-07  	  9.16489284538e+42  
3.39605268846e-07  	  8.68861803389e+42  
3.44795956777e-07  	  8.6817330877e+42  
3.49810389179e-07  	  8.73677125551e+42  
3.57522372953e-07  	  8.32213750645e+42  
3.65227976191e-07  	  8.36950185044e+42  
3.70810194688e-07  	  8.12273195696e+42  
3.76440526555e-07  	  9.40248368905e+42  
3.82548451105e-07  	  1.02913366483e+43  
3.90054995981e-07  	  1.05459469192e+43  
3.97607740533e-07  	  1.06365237362e+43  
4.04150241432e-07  	  1.25397541612e+43  
4.11851080614e-07  	  1.16331760787e+43  
4.20602170546e-07  	  1.19619881396e+43  
4.30160164222e-07  	  1.08723848691e+43  
4.37994746734e-07  	  1.118490125e+43  
4.4827200034e-07  	  1.2002758516e+43  
4.56328677199e-07  	  1.20098622322e+43  
4.63733084849e-07  	  1.1930044459e+43  
4.70561038594e-07  	  1.17403211425e+43  
4.77623151681e-07  	  1.17023135146e+43  
4.86756700828e-07  	  1.1429037434e+43  
4.93625499448e-07  	  1.11322577695e+43  
5.00064668669e-07  	  1.05652484834e+43  
5.11366160063e-07  	  1.02663292478e+43  
5.21867855391e-07  	  9.9385187972e+42  
5.301096199e-07  	  1.01749028013e+43  
5.3731459865e-07  	  1.01998908444e+43  
5.45330796177e-07  	  1.0051936866e+43  
5.54908107444e-07  	  9.95781396141e+42  
5.65742435556e-07  	  9.84641089589e+42  
5.72926790062e-07  	  9.80860210448e+42  
5.85367829666e-07  	  9.58798911585e+42  
6.02457368914e-07  	  9.43285735692e+42  
6.13832625225e-07  	  8.95336625301e+42  
6.26874662717e-07  	  8.68416452977e+42  
6.36919308173e-07  	  8.64161936658e+42  
6.43192254377e-07  	  8.50210614551e+42  
6.53403355783e-07  	  9.58709604823e+42  
6.61586156133e-07  	  8.8097595038e+42  
6.70750312817e-07  	  8.06325634314e+42  
6.85445438827e-07  	  7.89763103429e+42  
6.98206520494e-07  	  7.77886749063e+42  
7.10069056047e-07  	  7.44043368092e+42  
7.1945756406e-07  	  7.18056929405e+42  
7.29799683024e-07  	  7.2838448078e+42  
7.43515583858e-07  	  7.36640487708e+42  
7.56205357622e-07  	  7.44684428665e+42  
7.65095601237e-07  	  7.0755202261e+42  
7.74309467317e-07  	  6.86371683516e+42  
7.84139478109e-07  	  6.82238997215e+42  
7.92293257484e-07  	  6.62685743666e+42  
8.03364332881e-07  	  6.73759930259e+42  
8.16823135574e-07  	  6.78821299891e+42  
8.22856490715e-07  	  6.65748241637e+42  
8.39348391317e-07  	  6.36863656239e+42  
8.51418841968e-07  	  6.00753319718e+42  
8.62589713959e-07  	  6.17418818661e+42  
8.71862040143e-07  	  6.23341842577e+42  
8.84424374903e-07  	  6.26552735695e+42  
9.00685807014e-07  	  6.16388222155e+42  
9.15628045922e-07  	  6.10657879142e+42  
9.35069631215e-07  	  5.89980156229e+42  
9.49004454546e-07  	  5.78416230932e+42  
9.68022239879e-07  	  5.68327509887e+42  
9.85995528056e-07  	  5.5624238423e+42  
1.00305737103e-06  	  5.3992942391e+42  
1.02368478334e-06  	  5.24415066856e+42  
1.05123074494e-06  	  5.01485476922e+42  
1.08147773548e-06  	  4.7489736227e+42  
1.10005153047e-06  	  4.54485237757e+42  
1.13748920543e-06  	  4.31902357126e+42  
1.17492319616e-06  	  4.07617326789e+42  
1.20443091662e-06  	  3.86976707235e+42  
1.24981901486e-06  	  3.68087596833e+42  
1.27278762707e-06  	  3.54591280226e+42  
1.29559000006e-06  	  3.41750887615e+42  
1.31748769808e-06  	  3.28628937756e+42  
1.36044671479e-06  	  3.14298118102e+42  
1.40534826867e-06  	  2.97062332937e+42  
1.44621589694e-06  	  2.85187778913e+42  
1.48131787778e-06  	  2.74863228184e+42  
1.54720086503e-06  	  2.68110575223e+42  
1.588562969e-06  	  2.52345664725e+42  
1.61694525725e-06  	  2.49320056303e+42  
1.65855434411e-06  	  2.38214122774e+42  
1.7027144913e-06  	  2.23829077111e+42  
1.7440712609e-06  	  2.06884897595e+42  
1.79047954349e-06  	  1.9120987539e+42  
1.84182501437e-06  	  1.75403706699e+42  
1.88467017571e-06  	  1.61521510969e+42  
1.92166100035e-06  	  1.53213849566e+42  
1.9539238098e-06  	  1.42783577307e+42  
2.00130047071e-06  	  1.31097281613e+42  
2.11110599726e-06  	  1.15564756569e+42  
2.18706652246e-06  	  1.01057839155e+42  
2.28648820286e-06  	  8.13005401157e+41  
2.43033605383e-06  	  6.06881254472e+41  
2.54008016924e-06  	  5.11784012348e+41  
2.60658674211e-06  	  4.76792638715e+41  
2.69965398116e-06  	  4.31086939228e+41  
2.90157991958e-06  	  3.66392104835e+41  
3.06314484058e-06  	  3.04779125246e+41  
3.22362863134e-06  	  2.58211679563e+41  
3.357149673e-06  	  2.1645151061e+41  
3.57669442182e-06  	  1.7660876763e+41  
3.78196901633e-06  	  1.44607546563e+41  
3.92010661659e-06  	  1.25301874473e+41  
4.03504172386e-06  	  1.1137467212e+41  
4.15710886036e-06  	  9.93621145668e+40  
4.30967632201e-06  	  8.3072285117e+40  
4.44320929247e-06  	  6.65550120765e+40  
4.5490261393e-06  	  5.81277802591e+40  
4.74298082363e-06  	  5.14267423368e+40  
4.99595374435e-06  	  4.41776519397e+40  
5.19784556163e-06  	  3.80813825784e+40  
5.48176298309e-06  	  3.31595995798e+40  
5.67048574245e-06  	  2.91368981563e+40  
5.95799287829e-06  	  2.46901976777e+40  
6.39151471106e-06  	  2.03786866609e+40  
6.63270850989e-06  	  1.69671075258e+40  
7.07514291256e-06  	  1.39917960119e+40  
7.42968647149e-06  	  1.17200161096e+40  
7.68283292968e-06  	  1.01289005627e+40  
8.0474579762e-06  	  8.49132991761e+39  
8.63105619529e-06  	  6.79321261508e+39  
9.22052727429e-06  	  5.7016082913e+39  
