2.00570585804e-08  	  1.18586987545e+38  
2.07779255948e-08  	  1.71209237017e+39  
2.15666275546e-08  	  5.47486509452e+39  
2.23511733366e-08  	  4.88428542956e+39  
2.26989384553e-08  	  3.93746026335e+39  
2.30775360356e-08  	  7.27390942895e+39  
2.3915358806e-08  	  1.86420256791e+40  
2.4474102892e-08  	  1.08610001786e+40  
2.51551417477e-08  	  6.76566747367e+40  
2.58389859e-08  	  1.63981765743e+41  
2.6250952467e-08  	  3.04251626867e+41  
2.70915120349e-08  	  4.66083146025e+41  
2.77160002651e-08  	  3.61702338704e+41  
2.84878543334e-08  	  2.21652793331e+41  
2.95547739668e-08  	  2.5308765365e+41  
3.01937587673e-08  	  1.92442567949e+41  
3.08358247416e-08  	  4.90787844626e+41  
3.17731544709e-08  	  1.01839000781e+42  
3.28365434679e-08  	  8.51521701052e+41  
3.39605809144e-08  	  5.58731152185e+41  
3.50635441908e-08  	  5.88318086705e+41  
3.57774943608e-08  	  6.30462513402e+41  
3.68387913671e-08  	  1.93447701299e+42  
3.77041743787e-08  	  1.97338293446e+42  
3.8864261839e-08  	  1.28367572343e+42  
4.01376665097e-08  	  1.97240318371e+42  
4.09292977305e-08  	  3.51535174211e+42  
4.20960753313e-08  	  2.30791074499e+42  
4.34998504703e-08  	  1.24389981906e+42  
4.47314387216e-08  	  2.53094552558e+42  
4.61265011933e-08  	  3.45065415279e+42  
4.7739678597e-08  	  3.56121310424e+42  
4.96368369434e-08  	  5.07256659108e+42  
5.07932465217e-08  	  5.49664456175e+42  
5.18583525341e-08  	  7.0539344241e+42  
5.30230148696e-08  	  4.53013159702e+42  
5.4455868388e-08  	  8.71754183382e+41  
5.60131506434e-08  	  4.95222271365e+42  
5.75427667568e-08  	  5.27643493537e+42  
5.87090014382e-08  	  7.20721458015e+42  
6.06724302403e-08  	  5.60579821006e+42  
6.28317085546e-08  	  3.07228471417e+42  
6.50363798975e-08  	  4.67213199171e+42  
6.67206955022e-08  	  4.00314930878e+42  
6.81593676378e-08  	  5.41359574849e+42  
6.9827676534e-08  	  4.20207853557e+42  
7.2248351042e-08  	  5.76024099694e+42  
7.43966922957e-08  	  4.63603759913e+42  
7.59793454058e-08  	  2.81370602746e+42  
7.74140265412e-08  	  2.74069137758e+42  
7.99170111017e-08  	  4.25349529908e+42  
8.27817815135e-08  	  4.04522350874e+42  
8.4814019401e-08  	  3.79435245086e+42  
8.68493372857e-08  	  4.07819604284e+42  
8.94984966567e-08  	  4.20646518852e+42  
9.10932951605e-08  	  3.81467033517e+42  
9.26693872149e-08  	  6.90878706452e+42  
9.4693776079e-08  	  1.31898496522e+43  
9.61993857387e-08  	  1.08794626307e+43  
9.87467089763e-08  	  8.2941515e+42  
1.00498051926e-07  	  1.15643135194e+43  
1.02853190903e-07  	  1.01669962249e+43  
1.04800044135e-07  	  1.37221857059e+43  
1.07342854175e-07  	  1.1744879834e+43  
1.10756061668e-07  	  1.21652839951e+43  
1.1388637345e-07  	  1.20320610526e+43  
1.17995549986e-07  	  1.06449504844e+43  
1.20389785878e-07  	  7.67543645735e+42  
1.23204193039e-07  	  9.83795729948e+42  
1.25952280955e-07  	  1.13329216755e+43  
1.28973293729e-07  	  1.12995600458e+43  
1.3244044164e-07  	  1.11943961139e+43  
1.35367040527e-07  	  1.10821693543e+43  
1.3822090953e-07  	  1.00319943555e+43  
1.41231437178e-07  	  9.33201465658e+42  
1.45059270942e-07  	  9.45508416383e+42  
1.48769233337e-07  	  8.79322606057e+42  
1.52706219112e-07  	  7.51772505244e+42  
1.55733302927e-07  	  7.01640803456e+42  
1.58772923304e-07  	  7.45841323941e+42  
1.61958012111e-07  	  7.25850986276e+42  
1.64448154247e-07  	  7.19923167818e+42  
1.68703500169e-07  	  7.04040939644e+42  
1.73752573339e-07  	  6.53083785547e+42  
1.78526935109e-07  	  6.45012239567e+42  
1.83608235939e-07  	  5.82163397777e+42  
1.8935592224e-07  	  5.42432439542e+42  
1.98291862558e-07  	  5.3037866995e+42  
2.02986944957e-07  	  5.08240359045e+42  
2.06601928364e-07  	  4.97250218996e+42  
2.10548631953e-07  	  4.88375053262e+42  
2.15290769094e-07  	  4.66443965695e+42  
2.19467642478e-07  	  4.52377246605e+42  
2.23879040608e-07  	  4.24124526116e+42  
2.27572272895e-07  	  4.14554179987e+42  
2.3136639105e-07  	  3.69465587899e+42  
2.36169083673e-07  	  3.45880081606e+42  
2.40697007389e-07  	  3.32906931684e+42  
2.44810447152e-07  	  3.47885777849e+42  
2.50186867472e-07  	  3.19981414946e+42  
2.55956265677e-07  	  3.18287872201e+42  
2.61810236671e-07  	  3.22654197655e+42  
2.68063105521e-07  	  3.48228634425e+42  
2.75485409086e-07  	  3.05201302688e+42  
2.80923422044e-07  	  2.88330905611e+42  
2.87730906972e-07  	  3.22486578887e+42  
2.93598420877e-07  	  3.55871833722e+42  
2.98609175101e-07  	  3.49260257204e+42  
3.03848659165e-07  	  3.54762394142e+42  
3.09732221791e-07  	  3.60619354466e+42  
3.1451330546e-07  	  3.56120428069e+42  
3.19817524828e-07  	  3.43357348342e+42  
3.27448081376e-07  	  3.79082082353e+42  
3.33666297846e-07  	  3.70081600281e+42  
3.39605268846e-07  	  3.43354710793e+42  
3.44795956777e-07  	  3.5751638644e+42  
3.49810389179e-07  	  3.77015750617e+42  
3.57522372953e-07  	  3.56100230451e+42  
3.65227976191e-07  	  3.80143161094e+42  
3.70810194688e-07  	  3.65402454017e+42  
3.76440526555e-07  	  4.11873403246e+42  
3.82548451105e-07  	  4.34227037074e+42  
3.90054995981e-07  	  4.51722041395e+42  
3.97607740533e-07  	  4.82307796784e+42  
4.04150241432e-07  	  6.10541621376e+42  
4.11851080614e-07  	  5.916710258e+42  
4.20602170546e-07  	  6.00337890805e+42  
4.30160164222e-07  	  5.49904598541e+42  
4.37994746734e-07  	  6.01778474308e+42  
4.4827200034e-07  	  6.72433373174e+42  
4.56328677199e-07  	  6.90409080832e+42  
4.63733084849e-07  	  6.95058088562e+42  
4.70561038594e-07  	  6.93712589502e+42  
4.77623151681e-07  	  7.03097894521e+42  
4.86756700828e-07  	  6.97640657808e+42  
4.93625499448e-07  	  6.81841477894e+42  
5.00064668669e-07  	  6.44244530223e+42  
5.11366160063e-07  	  6.3137110384e+42  
5.21867855391e-07  	  6.17920395001e+42  
5.301096199e-07  	  6.51325436404e+42  
5.3731459865e-07  	  6.60924312191e+42  
5.45330796177e-07  	  6.57006723337e+42  
5.54908107444e-07  	  6.58741282544e+42  
5.65742435556e-07  	  6.58427598116e+42  
5.72926790062e-07  	  6.63024946143e+42  
5.85367829666e-07  	  6.53183681393e+42  
6.02457368914e-07  	  6.52791513747e+42  
6.13832625225e-07  	  6.21176778357e+42  
6.26874662717e-07  	  6.05303511593e+42  
6.36919308173e-07  	  6.07942095777e+42  
6.43192254377e-07  	  6.0079241105e+42  
6.53403355783e-07  	  6.61632697861e+42  
6.61586156133e-07  	  6.20459344872e+42  
6.70750312817e-07  	  5.75918218451e+42  
6.85445438827e-07  	  5.67699251856e+42  
6.98206520494e-07  	  5.65157680919e+42  
7.10069056047e-07  	  5.39632171484e+42  
7.1945756406e-07  	  5.20663169767e+42  
7.29799683024e-07  	  5.35419411514e+42  
7.43515583858e-07  	  5.50525748321e+42  
7.56205357622e-07  	  5.62934643361e+42  
7.65095601237e-07  	  5.28771730067e+42  
7.74309467317e-07  	  5.11886205067e+42  
7.84139478109e-07  	  5.11243145286e+42  
7.92293257484e-07  	  4.9892663543e+42  
8.03364332881e-07  	  5.12852828466e+42  
8.16823135574e-07  	  5.23855132585e+42  
8.22856490715e-07  	  5.14349569447e+42  
8.39348391317e-07  	  4.91104466021e+42  
8.51418841968e-07  	  4.60546779668e+42  
8.62589713959e-07  	  4.77948351731e+42  
8.71862040143e-07  	  4.86875931765e+42  
8.84424374903e-07  	  4.91314500138e+42  
9.00685807014e-07  	  4.85406359536e+42  
9.15628045922e-07  	  4.84745980792e+42  
9.35069631215e-07  	  4.66432921922e+42  
9.49004454546e-07  	  4.61446866244e+42  
9.68022239879e-07  	  4.54884193497e+42  
9.85995528056e-07  	  4.46939014108e+42  
1.00305737103e-06  	  4.37044247802e+42  
1.02368478334e-06  	  4.25411235838e+42  
1.05123074494e-06  	  4.08237787564e+42  
1.08147773548e-06  	  3.87835071529e+42  
1.10005153047e-06  	  3.71774497833e+42  
1.13748920543e-06  	  3.5430574557e+42  
1.17492319616e-06  	  3.35797217769e+42  
1.20443091662e-06  	  3.19801471401e+42  
1.24981901486e-06  	  3.05227964521e+42  
1.27278762707e-06  	  2.94007821122e+42  
1.29559000006e-06  	  2.84447972862e+42  
1.31748769808e-06  	  2.74221610111e+42  
1.36044671479e-06  	  2.63085449007e+42  
1.40534826867e-06  	  2.48579940213e+42  
1.44621589694e-06  	  2.39544034109e+42  
1.48131787778e-06  	  2.31841297103e+42  
1.54720086503e-06  	  2.27860291553e+42  
1.588562969e-06  	  2.14815806409e+42  
1.61694525725e-06  	  2.12511793566e+42  
1.65855434411e-06  	  2.03908809805e+42  
1.7027144913e-06  	  1.92327093578e+42  
1.7440712609e-06  	  1.78127364711e+42  
1.79047954349e-06  	  1.64693935678e+42  
1.84182501437e-06  	  1.51304744293e+42  
1.88467017571e-06  	  1.39529494283e+42  
1.92166100035e-06  	  1.32256828956e+42  
1.9539238098e-06  	  1.23255000015e+42  
2.00130047071e-06  	  1.13154320209e+42  
2.11110599726e-06  	  9.99521635883e+41  
2.18706652246e-06  	  8.75241983678e+41  
2.28648820286e-06  	  7.03002114469e+41  
2.43033605383e-06  	  5.21296384691e+41  
2.54008016924e-06  	  4.33845507738e+41  
2.60658674211e-06  	  4.07562523393e+41  
2.69965398116e-06  	  3.69911660932e+41  
2.90157991958e-06  	  3.15660533449e+41  
3.06314484058e-06  	  2.63503525868e+41  
3.22362863134e-06  	  2.23991997178e+41  
3.357149673e-06  	  1.88191768733e+41  
3.57669442182e-06  	  1.53706838642e+41  
3.78196901633e-06  	  1.25933293446e+41  
3.92010661659e-06  	  1.09096874755e+41  
4.03504172386e-06  	  9.696899777e+40  
4.15710886036e-06  	  8.65300580981e+40  
4.30967632201e-06  	  7.24659501895e+40  
4.44320929247e-06  	  5.83265335072e+40  
4.5490261393e-06  	  5.10534110051e+40  
4.74298082363e-06  	  4.51573200829e+40  
4.99595374435e-06  	  3.87530621396e+40  
5.19784556163e-06  	  3.33691423459e+40  
5.48176298309e-06  	  2.9009633873e+40  
5.67048574245e-06  	  2.54494835682e+40  
5.95799287829e-06  	  2.15254125202e+40  
6.39151471106e-06  	  1.77225597273e+40  
6.63270850989e-06  	  1.47187108968e+40  
7.07514291256e-06  	  1.21009169062e+40  
7.42968647149e-06  	  1.01025942279e+40  
7.68283292968e-06  	  8.70392320115e+39  
8.0474579762e-06  	  7.26328790222e+39  
8.63105619529e-06  	  5.7685877246e+39  
9.22052727429e-06  	  4.80755600674e+39  
