2.00570585804e-08  	  1.14777353576e+39  
2.07779255948e-08  	  1.83125471991e+39  
2.15666275546e-08  	  5.33257198703e+39  
2.23511733366e-08  	  5.13903260441e+39  
2.26989384553e-08  	  3.85114986402e+39  
2.30775360356e-08  	  8.7062315269e+39  
2.3915358806e-08  	  1.54753023158e+40  
2.4474102892e-08  	  1.18299132455e+40  
2.51551417477e-08  	  4.17210948365e+40  
2.58389859e-08  	  1.26573550932e+41  
2.6250952467e-08  	  3.36654272377e+41  
2.70915120349e-08  	  5.94478425757e+41  
2.77160002651e-08  	  5.16413579736e+41  
2.84878543334e-08  	  2.07775679262e+41  
2.95547739668e-08  	  2.10158094265e+41  
3.01937587673e-08  	  1.6486072399e+41  
3.08358247416e-08  	  4.64466635872e+41  
3.17731544709e-08  	  1.25142737332e+42  
3.28365434679e-08  	  2.15436866482e+42  
3.39605809144e-08  	  2.95590985113e+42  
3.50635441908e-08  	  2.87101860227e+42  
3.57774943608e-08  	  1.04665800557e+42  
3.68387913671e-08  	  2.03605613485e+42  
3.77041743787e-08  	  1.901554541e+42  
3.8864261839e-08  	  1.66185975211e+42  
4.01376665097e-08  	  2.72245135169e+42  
4.09292977305e-08  	  3.4494479935e+42  
4.20960753313e-08  	  3.01677969556e+42  
4.34998504703e-08  	  2.78007923394e+42  
4.47314387216e-08  	  4.31824769956e+42  
4.61265011933e-08  	  5.4926269538e+42  
4.7739678597e-08  	  4.80420570863e+42  
4.96368369434e-08  	  5.6014678772e+42  
5.07932465217e-08  	  6.18783437018e+42  
5.18583525341e-08  	  7.28704760071e+42  
5.30230148696e-08  	  4.98510167498e+42  
5.4455868388e-08  	  1.99592310494e+42  
5.60131506434e-08  	  6.06982353378e+42  
5.75427667568e-08  	  6.58033274135e+42  
5.87090014382e-08  	  8.02909048548e+42  
6.06724302403e-08  	  6.4448890549e+42  
6.28317085546e-08  	  4.92156130885e+42  
6.50363798975e-08  	  6.01251624337e+42  
6.67206955022e-08  	  5.10197970673e+42  
6.81593676378e-08  	  6.44770310367e+42  
6.9827676534e-08  	  5.64050408786e+42  
7.2248351042e-08  	  7.39908279073e+42  
7.43966922957e-08  	  6.11590257318e+42  
7.59793454058e-08  	  4.92184978626e+42  
7.74140265412e-08  	  4.40327584087e+42  
7.99170111017e-08  	  5.92547072732e+42  
8.27817815135e-08  	  5.77632021918e+42  
8.4814019401e-08  	  5.65036535602e+42  
8.68493372857e-08  	  6.19255540339e+42  
8.94984966567e-08  	  6.47985913577e+42  
9.10932951605e-08  	  9.97145682665e+42  
9.26693872149e-08  	  2.05548447011e+43  
9.4693776079e-08  	  3.04535711809e+43  
9.61993857387e-08  	  2.90732404403e+43  
9.87467089763e-08  	  2.10591442757e+43  
1.00498051926e-07  	  3.33470708699e+43  
1.02853190903e-07  	  2.78557339272e+43  
1.04800044135e-07  	  3.98728083408e+43  
1.07342854175e-07  	  3.41928009114e+43  
1.10756061668e-07  	  3.45213755694e+43  
1.1388637345e-07  	  3.34229531085e+43  
1.17995549986e-07  	  2.94256326714e+43  
1.20389785878e-07  	  2.19614279837e+43  
1.23204193039e-07  	  2.89503577163e+43  
1.25952280955e-07  	  3.2260498793e+43  
1.28973293729e-07  	  3.17376477727e+43  
1.3244044164e-07  	  3.13432929586e+43  
1.35367040527e-07  	  3.10892408779e+43  
1.3822090953e-07  	  2.76614621136e+43  
1.41231437178e-07  	  2.5778958759e+43  
1.45059270942e-07  	  2.64267054643e+43  
1.48769233337e-07  	  2.46048284812e+43  
1.52706219112e-07  	  2.02302081713e+43  
1.55733302927e-07  	  1.85983363047e+43  
1.58772923304e-07  	  2.03070231018e+43  
1.61958012111e-07  	  2.04495054709e+43  
1.64448154247e-07  	  2.05207514183e+43  
1.68703500169e-07  	  1.99403348731e+43  
1.73752573339e-07  	  1.84057866255e+43  
1.78526935109e-07  	  1.80823213385e+43  
1.83608235939e-07  	  1.62585796911e+43  
1.8935592224e-07  	  1.50261563154e+43  
1.98291862558e-07  	  1.46026181505e+43  
2.02986944957e-07  	  1.40542507276e+43  
2.06601928364e-07  	  1.35731804165e+43  
2.10548631953e-07  	  1.32871061939e+43  
2.15290769094e-07  	  1.27377836493e+43  
2.19467642478e-07  	  1.22996316756e+43  
2.23879040608e-07  	  1.15201577582e+43  
2.27572272895e-07  	  1.13075266244e+43  
2.3136639105e-07  	  1.00867623629e+43  
2.36169083673e-07  	  9.51719670075e+42  
2.40697007389e-07  	  9.15453412901e+42  
2.44810447152e-07  	  9.24622055632e+42  
2.50186867472e-07  	  8.58675217237e+42  
2.55956265677e-07  	  8.4402700277e+42  
2.61810236671e-07  	  8.38078794548e+42  
2.68063105521e-07  	  8.60558917687e+42  
2.75485409086e-07  	  7.71303959151e+42  
2.80923422044e-07  	  7.28246806607e+42  
2.87730906972e-07  	  7.70135350034e+42  
2.93598420877e-07  	  8.13087005862e+42  
2.98609175101e-07  	  7.90629151965e+42  
3.03848659165e-07  	  7.89635015889e+42  
3.09732221791e-07  	  7.90259691558e+42  
3.1451330546e-07  	  7.74001941349e+42  
3.19817524828e-07  	  7.41538074447e+42  
3.27448081376e-07  	  7.88387454938e+42  
3.33666297846e-07  	  7.63940137641e+42  
3.39605268846e-07  	  7.12769941302e+42  
3.44795956777e-07  	  7.26438942587e+42  
3.49810389179e-07  	  7.51274112185e+42  
3.57522372953e-07  	  7.07491630538e+42  
3.65227976191e-07  	  7.44092034552e+42  
3.70810194688e-07  	  7.17020918484e+42  
3.76440526555e-07  	  8.09536527996e+42  
3.82548451105e-07  	  8.55710767218e+42  
3.90054995981e-07  	  8.8506428141e+42  
3.97607740533e-07  	  9.26862920609e+42  
4.04150241432e-07  	  1.14301495079e+43  
4.11851080614e-07  	  1.09487896341e+43  
4.20602170546e-07  	  1.11044339051e+43  
4.30160164222e-07  	  1.01746024262e+43  
4.37994746734e-07  	  1.09549221249e+43  
4.4827200034e-07  	  1.20974094595e+43  
4.56328677199e-07  	  1.23507000289e+43  
4.63733084849e-07  	  1.23780991695e+43  
4.70561038594e-07  	  1.23029597821e+43  
4.77623151681e-07  	  1.24214042141e+43  
4.86756700828e-07  	  1.2095487349e+43  
4.93625499448e-07  	  1.19751592745e+43  
5.00064668669e-07  	  1.12682316745e+43  
5.11366160063e-07  	  1.10031380432e+43  
5.21867855391e-07  	  1.07379333094e+43  
5.301096199e-07  	  1.13057406466e+43  
5.3731459865e-07  	  1.14479009157e+43  
5.45330796177e-07  	  1.13542746581e+43  
5.54908107444e-07  	  1.13607775436e+43  
5.65742435556e-07  	  1.13337827764e+43  
5.72926790062e-07  	  1.14091426082e+43  
5.85367829666e-07  	  1.12139669815e+43  
6.02457368914e-07  	  1.11872836207e+43  
6.13832625225e-07  	  1.06105767933e+43  
6.26874662717e-07  	  1.03163275989e+43  
6.36919308173e-07  	  1.03472807206e+43  
6.43192254377e-07  	  1.022729574e+43  
6.53403355783e-07  	  1.09842349882e+43  
6.61586156133e-07  	  1.04322891257e+43  
6.70750312817e-07  	  9.75859966079e+42  
6.85445438827e-07  	  9.60846481426e+42  
6.98206520494e-07  	  9.56827712213e+42  
7.10069056047e-07  	  9.10415063386e+42  
7.1945756406e-07  	  8.76237638026e+42  
7.29799683024e-07  	  9.03426648553e+42  
7.43515583858e-07  	  9.32818052887e+42  
7.56205357622e-07  	  9.56818574648e+42  
7.65095601237e-07  	  8.92964701055e+42  
7.74309467317e-07  	  8.62117826252e+42  
7.84139478109e-07  	  8.60958487331e+42  
7.92293257484e-07  	  8.39383683953e+42  
8.03364332881e-07  	  8.64387804002e+42  
8.16823135574e-07  	  8.86873200371e+42  
8.22856490715e-07  	  8.69787454736e+42  
8.39348391317e-07  	  8.27325813691e+42  
8.51418841968e-07  	  7.72111938618e+42  
8.62589713959e-07  	  8.0505262154e+42  
8.71862040143e-07  	  8.23696794865e+42  
8.84424374903e-07  	  8.33187786794e+42  
9.00685807014e-07  	  8.23829069152e+42  
9.15628045922e-07  	  8.25955194455e+42  
9.35069631215e-07  	  7.92572370807e+42  
9.49004454546e-07  	  7.85576137473e+42  
9.68022239879e-07  	  7.75953451386e+42  
9.85995528056e-07  	  7.62734141852e+42  
1.00305737103e-06  	  7.46986348733e+42  
1.02368478334e-06  	  7.2834799122e+42  
1.05123074494e-06  	  6.9887034937e+42  
1.08147773548e-06  	  6.63761213088e+42  
1.10005153047e-06  	  6.35536685879e+42  
1.13748920543e-06  	  6.06056877844e+42  
1.17492319616e-06  	  5.74787706366e+42  
1.20443091662e-06  	  5.47533009789e+42  
1.24981901486e-06  	  5.22754232577e+42  
1.27278762707e-06  	  5.02865457758e+42  
1.29559000006e-06  	  4.87070364539e+42  
1.31748769808e-06  	  4.69746862863e+42  
1.36044671479e-06  	  4.50717526372e+42  
1.40534826867e-06  	  4.25001232964e+42  
1.44621589694e-06  	  4.09770058797e+42  
1.48131787778e-06  	  3.96840545404e+42  
1.54720086503e-06  	  3.90957798499e+42  
1.588562969e-06  	  3.68003326785e+42  
1.61694525725e-06  	  3.64398179263e+42  
1.65855434411e-06  	  3.50522161063e+42  
1.7027144913e-06  	  3.31488340933e+42  
1.7440712609e-06  	  3.07224645632e+42  
1.79047954349e-06  	  2.84015634842e+42  
1.84182501437e-06  	  2.61046331433e+42  
1.88467017571e-06  	  2.40839096079e+42  
1.92166100035e-06  	  2.28275174453e+42  
1.9539238098e-06  	  2.12662620652e+42  
2.00130047071e-06  	  1.95284274794e+42  
2.11110599726e-06  	  1.72767206906e+42  
2.18706652246e-06  	  1.51408728042e+42  
2.28648820286e-06  	  1.21367343452e+42  
2.43033605383e-06  	  8.93568246068e+41  
2.54008016924e-06  	  7.35843252711e+41  
2.60658674211e-06  	  6.94311328968e+41  
2.69965398116e-06  	  6.32131209973e+41  
2.90157991958e-06  	  5.41391880639e+41  
3.06314484058e-06  	  4.53521761723e+41  
3.22362863134e-06  	  3.86888935327e+41  
3.357149673e-06  	  3.25723860168e+41  
3.57669442182e-06  	  2.66283472072e+41  
3.78196901633e-06  	  2.18187653635e+41  
3.92010661659e-06  	  1.89036730398e+41  
4.03504172386e-06  	  1.68007912462e+41  
4.15710886036e-06  	  1.49959797171e+41  
4.30967632201e-06  	  1.25694485882e+41  
4.44320929247e-06  	  1.0137410859e+41  
4.5490261393e-06  	  8.88250298316e+40  
4.74298082363e-06  	  7.85298462282e+40  
4.99595374435e-06  	  6.73706854558e+40  
5.19784556163e-06  	  5.79865286613e+40  
5.48176298309e-06  	  5.03826503864e+40  
5.67048574245e-06  	  4.41769833505e+40  
5.95799287829e-06  	  3.73449775767e+40  
6.39151471106e-06  	  3.07301553517e+40  
6.63270850989e-06  	  2.55066946275e+40  
7.07514291256e-06  	  2.09543832505e+40  
7.42968647149e-06  	  1.74770998783e+40  
7.68283292968e-06  	  1.50424739109e+40  
8.0474579762e-06  	  1.25334462673e+40  
8.63105619529e-06  	  9.92904965222e+39  
9.22052727429e-06  	  8.25380409076e+39  
