2.00570585804e-08  	  2.39289218892e+39  
2.07779255948e-08  	  1.52613905149e+40  
2.15666275546e-08  	  2.72132395034e+40  
2.23511733366e-08  	  3.92714126859e+40  
2.26989384553e-08  	  4.02564096514e+40  
2.30775360356e-08  	  7.62317791439e+40  
2.3915358806e-08  	  1.35544048394e+41  
2.4474102892e-08  	  1.16162358157e+41  
2.51551417477e-08  	  8.94054802746e+41  
2.58389859e-08  	  2.27627903675e+42  
2.6250952467e-08  	  1.38609527856e+42  
2.70915120349e-08  	  2.67299951046e+42  
2.77160002651e-08  	  3.03862663031e+42  
2.84878543334e-08  	  1.51749526082e+42  
2.95547739668e-08  	  1.33297521686e+42  
3.01937587673e-08  	  8.11369803751e+41  
3.08358247416e-08  	  2.05990924351e+42  
3.17731544709e-08  	  2.79527620019e+42  
3.28365434679e-08  	  6.15599473003e+42  
3.39605809144e-08  	  4.71840607613e+42  
3.50635441908e-08  	  4.96193830855e+42  
3.57774943608e-08  	  1.66248181879e+42  
3.68387913671e-08  	  3.79786826431e+42  
3.77041743787e-08  	  4.70106016055e+42  
3.8864261839e-08  	  3.74208701568e+42  
4.01376665097e-08  	  3.5887790791e+42  
4.09292977305e-08  	  7.29527282496e+42  
4.20960753313e-08  	  5.24148861273e+42  
4.34998504703e-08  	  3.54404342195e+42  
4.47314387216e-08  	  7.54631944767e+42  
4.61265011933e-08  	  8.28923597313e+42  
4.7739678597e-08  	  7.85674253651e+42  
4.96368369434e-08  	  9.25627680364e+42  
5.07932465217e-08  	  1.12798388785e+43  
5.18583525341e-08  	  1.42453981929e+43  
5.30230148696e-08  	  1.02807286558e+43  
5.4455868388e-08  	  2.64294368092e+42  
5.60131506434e-08  	  1.04894010422e+43  
5.75427667568e-08  	  1.09048461779e+43  
5.87090014382e-08  	  1.32660900337e+43  
6.06724302403e-08  	  1.31982812709e+43  
6.28317085546e-08  	  9.58242562651e+42  
6.50363798975e-08  	  1.22781000683e+43  
6.67206955022e-08  	  9.16017815948e+42  
6.81593676378e-08  	  1.16620363273e+43  
6.9827676534e-08  	  1.11418642989e+43  
7.2248351042e-08  	  1.36518211593e+43  
7.43966922957e-08  	  1.08572487307e+43  
7.59793454058e-08  	  8.95853431043e+42  
7.74140265412e-08  	  9.36212454483e+42  
7.99170111017e-08  	  1.05183798811e+43  
8.27817815135e-08  	  1.1070882728e+43  
8.4814019401e-08  	  1.029163276e+43  
8.68493372857e-08  	  1.18335218648e+43  
8.94984966567e-08  	  1.27249117345e+43  
9.10932951605e-08  	  1.73632397011e+43  
9.26693872149e-08  	  3.0735197478e+43  
9.4693776079e-08  	  4.42823584575e+43  
9.61993857387e-08  	  4.30797862134e+43  
9.87467089763e-08  	  3.20202975456e+43  
1.00498051926e-07  	  4.80600348397e+43  
1.02853190903e-07  	  4.15814524679e+43  
1.04800044135e-07  	  5.55649662828e+43  
1.07342854175e-07  	  4.88619043148e+43  
1.10756061668e-07  	  4.7564914204e+43  
1.1388637345e-07  	  4.59354107505e+43  
1.17995549986e-07  	  3.96307950541e+43  
1.20389785878e-07  	  3.24609261695e+43  
1.23204193039e-07  	  3.86991053192e+43  
1.25952280955e-07  	  4.2433467695e+43  
1.28973293729e-07  	  4.18983632552e+43  
1.3244044164e-07  	  4.10074278248e+43  
1.35367040527e-07  	  4.0324354835e+43  
1.3822090953e-07  	  3.58977797024e+43  
1.41231437178e-07  	  3.37169144388e+43  
1.45059270942e-07  	  3.40366182113e+43  
1.48769233337e-07  	  3.18232022646e+43  
1.52706219112e-07  	  2.64707449974e+43  
1.55733302927e-07  	  2.39357329669e+43  
1.58772923304e-07  	  2.61110760772e+43  
1.61958012111e-07  	  2.60443271903e+43  
1.64448154247e-07  	  2.5921803669e+43  
1.68703500169e-07  	  2.52268306422e+43  
1.73752573339e-07  	  2.3470026773e+43  
1.78526935109e-07  	  2.28279582054e+43  
1.83608235939e-07  	  2.06468110577e+43  
1.8935592224e-07  	  1.89490977434e+43  
1.98291862558e-07  	  1.8352211289e+43  
2.02986944957e-07  	  1.76740991483e+43  
2.06601928364e-07  	  1.69079325261e+43  
2.10548631953e-07  	  1.66169194821e+43  
2.15290769094e-07  	  1.57993045911e+43  
2.19467642478e-07  	  1.52262277407e+43  
2.23879040608e-07  	  1.42860644317e+43  
2.27572272895e-07  	  1.38932943994e+43  
2.3136639105e-07  	  1.25418060073e+43  
2.36169083673e-07  	  1.1891387359e+43  
2.40697007389e-07  	  1.13845820389e+43  
2.44810447152e-07  	  1.14048420382e+43  
2.50186867472e-07  	  1.05917113628e+43  
2.55956265677e-07  	  1.03389473239e+43  
2.61810236671e-07  	  1.01883016963e+43  
2.68063105521e-07  	  1.02821820398e+43  
2.75485409086e-07  	  9.31439460611e+42  
2.80923422044e-07  	  8.78213172824e+42  
2.87730906972e-07  	  9.09268432816e+42  
2.93598420877e-07  	  9.36317988704e+42  
2.98609175101e-07  	  9.10693844205e+42  
3.03848659165e-07  	  9.02478885749e+42  
3.09732221791e-07  	  8.92164904715e+42  
3.1451330546e-07  	  8.70386856688e+42  
3.19817524828e-07  	  8.34863755888e+42  
3.27448081376e-07  	  8.63726006631e+42  
3.33666297846e-07  	  8.37454844385e+42  
3.39605268846e-07  	  7.89981112736e+42  
3.44795956777e-07  	  7.94472007223e+42  
3.49810389179e-07  	  8.07313662757e+42  
3.57522372953e-07  	  7.67956839314e+42  
3.65227976191e-07  	  7.76348426702e+42  
3.70810194688e-07  	  7.45620226227e+42  
3.76440526555e-07  	  8.50422404726e+42  
3.82548451105e-07  	  9.17289220705e+42  
3.90054995981e-07  	  9.40098647775e+42  
3.97607740533e-07  	  9.60882429385e+42  
4.04150241432e-07  	  1.15285096352e+43  
4.11851080614e-07  	  1.08527732171e+43  
4.20602170546e-07  	  1.10986984081e+43  
4.30160164222e-07  	  1.01284785495e+43  
4.37994746734e-07  	  1.06036775682e+43  
4.4827200034e-07  	  1.15024010138e+43  
4.56328677199e-07  	  1.15990670525e+43  
4.63733084849e-07  	  1.1561192553e+43  
4.70561038594e-07  	  1.14302824642e+43  
4.77623151681e-07  	  1.14604008694e+43  
4.86756700828e-07  	  1.16132787385e+43  
4.93625499448e-07  	  1.09671492989e+43  
5.00064668669e-07  	  1.03918829393e+43  
5.11366160063e-07  	  1.01238601465e+43  
5.21867855391e-07  	  9.83259291785e+42  
5.301096199e-07  	  1.01603094013e+43  
5.3731459865e-07  	  1.0226737775e+43  
5.45330796177e-07  	  1.01073440952e+43  
5.54908107444e-07  	  1.00518844692e+43  
5.65742435556e-07  	  9.97484560152e+42  
5.72926790062e-07  	  9.97062662413e+42  
5.85367829666e-07  	  9.77443160945e+42  
6.02457368914e-07  	  9.67026589509e+42  
6.13832625225e-07  	  9.18443345099e+42  
6.26874662717e-07  	  8.92290955e+42  
6.36919308173e-07  	  8.90751236634e+42  
6.43192254377e-07  	  8.77697013868e+42  
6.53403355783e-07  	  1.04503926968e+43  
6.61586156133e-07  	  9.35137243996e+42  
6.70750312817e-07  	  8.35619463452e+42  
6.85445438827e-07  	  8.20179786051e+42  
6.98206520494e-07  	  8.10542042644e+42  
7.10069056047e-07  	  7.74890397472e+42  
7.1945756406e-07  	  7.47657025918e+42  
7.29799683024e-07  	  7.61926601746e+42  
7.43515583858e-07  	  7.74391185166e+42  
7.56205357622e-07  	  7.85731677434e+42  
7.65095601237e-07  	  7.44573716124e+42  
7.74309467317e-07  	  7.2201080659e+42  
7.84139478109e-07  	  7.18783770808e+42  
7.92293257484e-07  	  6.98916746119e+42  
8.03364332881e-07  	  7.12713990208e+42  
8.16823135574e-07  	  7.20565728911e+42  
8.22856490715e-07  	  7.06688438959e+42  
8.39348391317e-07  	  6.75753010556e+42  
8.51418841968e-07  	  6.37240891339e+42  
8.62589713959e-07  	  6.56517451951e+42  
8.71862040143e-07  	  6.64184597465e+42  
8.84424374903e-07  	  6.68320124415e+42  
9.00685807014e-07  	  6.58449819968e+42  
9.15628045922e-07  	  6.53832911439e+42  
9.35069631215e-07  	  6.30964948884e+42  
9.49004454546e-07  	  6.20454924721e+42  
9.68022239879e-07  	  6.09989558738e+42  
9.85995528056e-07  	  5.97855853493e+42  
1.00305737103e-06  	  5.81759671793e+42  
1.02368478334e-06  	  5.6523477999e+42  
1.05123074494e-06  	  5.41156441476e+42  
1.08147773548e-06  	  5.13039940233e+42  
1.10005153047e-06  	  4.91638150713e+42  
1.13748920543e-06  	  4.67517055012e+42  
1.17492319616e-06  	  4.41713660617e+42  
1.20443091662e-06  	  4.1978985848e+42  
1.24981901486e-06  	  3.9973750304e+42  
1.27278762707e-06  	  3.86577254746e+42  
1.29559000006e-06  	  3.7197036725e+42  
1.31748769808e-06  	  3.57557397606e+42  
1.36044671479e-06  	  3.4232209586e+42  
1.40534826867e-06  	  3.23680992995e+42  
1.44621589694e-06  	  3.11182274768e+42  
1.48131787778e-06  	  3.0018558628e+42  
1.54720086503e-06  	  2.93517748727e+42  
1.588562969e-06  	  2.76526588474e+42  
1.61694525725e-06  	  2.73865538674e+42  
1.65855434411e-06  	  2.61979673305e+42  
1.7027144913e-06  	  2.46207966573e+42  
1.7440712609e-06  	  2.27509665746e+42  
1.79047954349e-06  	  2.10209785941e+42  
1.84182501437e-06  	  1.92856147052e+42  
1.88467017571e-06  	  1.77636478682e+42  
1.92166100035e-06  	  1.6847147493e+42  
1.9539238098e-06  	  1.57008183769e+42  
2.00130047071e-06  	  1.44172251862e+42  
2.11110599726e-06  	  1.27183484549e+42  
2.18706652246e-06  	  1.11356946385e+42  
2.28648820286e-06  	  8.94401861238e+41  
2.43033605383e-06  	  6.6589669036e+41  
2.54008016924e-06  	  5.59990878063e+41  
2.60658674211e-06  	  5.22900485322e+41  
2.69965398116e-06  	  4.73360823266e+41  
2.90157991958e-06  	  4.02830846946e+41  
3.06314484058e-06  	  3.35448435471e+41  
3.22362863134e-06  	  2.84530610969e+41  
3.357149673e-06  	  2.38682401102e+41  
3.57669442182e-06  	  1.94869995202e+41  
3.78196901633e-06  	  1.5962887304e+41  
3.92010661659e-06  	  1.38341297865e+41  
4.03504172386e-06  	  1.22988276541e+41  
4.15710886036e-06  	  1.09744296479e+41  
4.30967632201e-06  	  9.17747112492e+40  
4.44320929247e-06  	  7.35783810205e+40  
4.5490261393e-06  	  6.43077879215e+40  
4.74298082363e-06  	  5.69352497249e+40  
4.99595374435e-06  	  4.89411572885e+40  
5.19784556163e-06  	  4.22217828888e+40  
5.48176298309e-06  	  3.67919219656e+40  
5.67048574245e-06  	  3.23562806041e+40  
5.95799287829e-06  	  2.74519609939e+40  
6.39151471106e-06  	  2.26939341829e+40  
6.63270850989e-06  	  1.8928767654e+40  
7.07514291256e-06  	  1.56444052966e+40  
7.42968647149e-06  	  1.31378295776e+40  
7.68283292968e-06  	  1.13804409398e+40  
8.0474579762e-06  	  9.57215516523e+39  
8.63105619529e-06  	  7.69661939542e+39  
9.22052727429e-06  	  6.49070296076e+39  
