2.00570585804e-08  	  3.94775141054e-07  
2.07779255948e-08  	  3.94775141054e-07  
2.15666275546e-08  	  3.94775141054e-07  
2.23511733366e-08  	  3.94775141054e-07  
2.26989384553e-08  	  3.94775141054e-07  
2.30775360356e-08  	  3.94775141054e-07  
2.3915358806e-08  	  3.94775141054e-07  
2.4474102892e-08  	  3.94775141054e-07  
2.51551417477e-08  	  3.94775141054e-07  
2.58389859e-08  	  3.94775141054e-07  
2.6250952467e-08  	  3.94775141054e-07  
2.70915120349e-08  	  3.94775141054e-07  
2.77160002651e-08  	  3.94775141054e-07  
2.84878543334e-08  	  3.94775141054e-07  
2.95547739668e-08  	  3.94775141054e-07  
3.01937587673e-08  	  3.94775141054e-07  
3.08358247416e-08  	  3.94775141054e-07  
3.17731544709e-08  	  3.94775141054e-07  
3.28365434679e-08  	  3.94775141054e-07  
3.39605809144e-08  	  3.94775141054e-07  
3.50635441908e-08  	  3.94775141054e-07  
3.57774943608e-08  	  3.94775141054e-07  
3.68387913671e-08  	  3.94775141054e-07  
3.77041743787e-08  	  3.94775141054e-07  
3.8864261839e-08  	  3.94775141054e-07  
4.01376665097e-08  	  3.94775141054e-07  
4.09292977305e-08  	  3.94775141054e-07  
4.20960753313e-08  	  3.94775141054e-07  
4.34998504703e-08  	  3.94775141054e-07  
4.47314387216e-08  	  3.94775141054e-07  
4.61265011933e-08  	  3.94775141054e-07  
4.7739678597e-08  	  3.94775141054e-07  
4.96368369434e-08  	  3.94775141054e-07  
5.07932465217e-08  	  3.94775141054e-07  
5.18583525341e-08  	  3.94775141054e-07  
5.30230148696e-08  	  3.94775141054e-07  
5.4455868388e-08  	  3.94775141054e-07  
5.60131506434e-08  	  3.94775141054e-07  
5.75427667568e-08  	  3.94775141054e-07  
5.87090014382e-08  	  3.94775141054e-07  
6.06724302403e-08  	  3.94775141054e-07  
6.28317085546e-08  	  3.94775141054e-07  
6.50363798975e-08  	  3.94775141054e-07  
6.67206955022e-08  	  3.94775141054e-07  
6.81593676378e-08  	  7747683.08042  
6.9827676534e-08  	  158079416459.0  
7.2248351042e-08  	  2.00778597751e+12  
7.43966922957e-08  	  1.54279836716e+13  
7.59793454058e-08  	  7.11168353216e+13  
7.74140265412e-08  	  3.59031464939e+14  
7.99170111017e-08  	  3.16359867381e+15  
8.27817815135e-08  	  2.3780334431e+16  
8.4814019401e-08  	  1.24174016992e+17  
8.68493372857e-08  	  6.14030936336e+17  
8.94984966567e-08  	  2.74985869406e+18  
9.10932951605e-08  	  9.9306416081e+30  
9.26693872149e-08  	  2.27293355097e+32  
9.4693776079e-08  	  4.47227541696e+32  
9.61993857387e-08  	  7.99654865469e+32  
9.87467089763e-08  	  1.43398814318e+33  
1.00498051926e-07  	  2.59213539916e+33  
1.02853190903e-07  	  4.03689346102e+33  
1.04800044135e-07  	  7.81064413429e+33  
1.07342854175e-07  	  1.47351073928e+34  
1.10756061668e-07  	  7.03076137055e+34  
1.1388637345e-07  	  2.22795034899e+35  
1.17995549986e-07  	  3.6987735999e+35  
1.20389785878e-07  	  2.41658188383e+35  
1.23204193039e-07  	  6.76740375434e+35  
1.25952280955e-07  	  2.06974216163e+36  
1.28973293729e-07  	  4.39967313113e+36  
1.3244044164e-07  	  8.13035702398e+36  
1.35367040527e-07  	  1.30180817376e+37  
1.3822090953e-07  	  1.86289981081e+37  
1.41231437178e-07  	  2.81576557359e+37  
1.45059270942e-07  	  4.55629343505e+37  
1.48769233337e-07  	  7.45248428401e+37  
1.52706219112e-07  	  1.41920112191e+38  
1.55733302927e-07  	  2.50171376598e+38  
1.58772923304e-07  	  5.7929687838e+38  
1.61958012111e-07  	  8.43735250463e+38  
1.64448154247e-07  	  1.34828242238e+39  
1.68703500169e-07  	  6.19801171202e+39  
1.73752573339e-07  	  1.77656928117e+40  
1.78526935109e-07  	  3.28678637124e+40  
1.83608235939e-07  	  4.75067851629e+40  
1.8935592224e-07  	  7.59235032458e+40  
1.98291862558e-07  	  1.29311291684e+41  
2.02986944957e-07  	  1.58478160756e+41  
2.06601928364e-07  	  2.66714390178e+41  
2.10548631953e-07  	  4.7114984469e+41  
2.15290769094e-07  	  5.09117167327e+41  
2.19467642478e-07  	  5.94581170664e+41  
2.23879040608e-07  	  6.79462556118e+41  
2.27572272895e-07  	  6.34747004139e+41  
2.3136639105e-07  	  6.69408084913e+41  
2.36169083673e-07  	  4.64062230744e+41  
2.40697007389e-07  	  4.70444184122e+41  
2.44810447152e-07  	  9.75002611587e+41  
2.50186867472e-07  	  5.41717861072e+41  
2.55956265677e-07  	  1.05700779354e+42  
2.61810236671e-07  	  1.53139363135e+42  
2.68063105521e-07  	  3.16964034123e+42  
2.75485409086e-07  	  1.93866365334e+42  
2.80923422044e-07  	  1.88766917144e+42  
2.87730906972e-07  	  3.58939491387e+42  
2.93598420877e-07  	  6.15227631517e+42  
2.98609175101e-07  	  5.78787400509e+42  
3.03848659165e-07  	  6.53433790218e+42  
3.09732221791e-07  	  7.81571661532e+42  
3.1451330546e-07  	  8.20887941125e+42  
3.19817524828e-07  	  7.97715604786e+42  
3.27448081376e-07  	  1.13136587404e+43  
3.33666297846e-07  	  1.09503060566e+43  
3.39605268846e-07  	  9.12096632569e+42  
3.44795956777e-07  	  1.06529647346e+43  
3.49810389179e-07  	  1.28198686424e+43  
3.57522372953e-07  	  1.12935601468e+43  
3.65227976191e-07  	  1.49714604978e+43  
3.70810194688e-07  	  1.41744388741e+43  
3.76440526555e-07  	  1.39984986195e+43  
3.82548451105e-07  	  1.17456792215e+43  
3.90054995981e-07  	  1.33201647119e+43  
3.97607740533e-07  	  1.71633301654e+43  
4.04150241432e-07  	  2.46969590743e+43  
4.11851080614e-07  	  2.65897722575e+43  
4.20602170546e-07  	  2.52541778627e+43  
4.30160164222e-07  	  2.40085466522e+43  
4.37994746734e-07  	  2.98961664655e+43  
4.4827200034e-07  	  3.58345362445e+43  
4.56328677199e-07  	  3.85285791985e+43  
4.63733084849e-07  	  3.95883587684e+43  
4.70561038594e-07  	  4.04177678038e+43  
4.77623151681e-07  	  4.17881923266e+43  
4.86756700828e-07  	  4.08150229446e+43  
4.93625499448e-07  	  4.16668239667e+43  
5.00064668669e-07  	  3.86243128527e+43  
5.11366160063e-07  	  3.79775763793e+43  
5.21867855391e-07  	  3.79342301053e+43  
5.301096199e-07  	  4.24132111631e+43  
5.3731459865e-07  	  4.3737317092e+43  
5.45330796177e-07  	  4.39194201847e+43  
5.54908107444e-07  	  4.48181067452e+43  
5.65742435556e-07  	  4.54893279557e+43  
5.72926790062e-07  	  4.65714440511e+43  
5.85367829666e-07  	  4.62314024755e+43  
6.02457368914e-07  	  4.72551599493e+43  
6.13832625225e-07  	  4.48984826219e+43  
6.26874662717e-07  	  4.39205253409e+43  
6.36919308173e-07  	  4.46611767279e+43  
6.43192254377e-07  	  4.44160433914e+43  
6.53403355783e-07  	  4.40199417864e+43  
6.61586156133e-07  	  4.42506391422e+43  
6.70750312817e-07  	  4.29827227886e+43  
6.85445438827e-07  	  4.26851053108e+43  
6.98206520494e-07  	  4.31609165608e+43  
7.10069056047e-07  	  4.09083741777e+43  
7.1945756406e-07  	  3.93285630742e+43  
7.29799683024e-07  	  4.13668470474e+43  
7.43515583858e-07  	  4.37646577353e+43  
7.56205357622e-07  	  4.56865036573e+43  
7.65095601237e-07  	  4.18225265024e+43  
7.74309467317e-07  	  4.02228756805e+43  
7.84139478109e-07  	  4.04133481752e+43  
7.92293257484e-07  	  3.96006261362e+43  
8.03364332881e-07  	  4.13524226543e+43  
8.16823135574e-07  	  4.34226159712e+43  
8.22856490715e-07  	  4.24375949801e+43  
8.39348391317e-07  	  4.01792243071e+43  
8.51418841968e-07  	  3.7330400758e+43  
8.62589713959e-07  	  3.93873034917e+43  
8.71862040143e-07  	  4.07933953955e+43  
8.84424374903e-07  	  4.14209166772e+43  
9.00685807014e-07  	  4.11130497619e+43  
9.15628045922e-07  	  4.19549850157e+43  
9.35069631215e-07  	  3.99598603531e+43  
9.49004454546e-07  	  4.0118835823e+43  
9.68022239879e-07  	  3.97997831967e+43  
9.85995528056e-07  	  3.92301264202e+43  
1.00305737103e-06  	  3.88623564207e+43  
1.02368478334e-06  	  3.81192778843e+43  
1.05123074494e-06  	  3.67083786852e+43  
1.08147773548e-06  	  3.50104328627e+43  
1.10005153047e-06  	  3.35364358385e+43  
1.13748920543e-06  	  3.21138013877e+43  
1.17492319616e-06  	  3.06112587043e+43  
1.20443091662e-06  	  2.92560386847e+43  
1.24981901486e-06  	  2.80524744006e+43  
1.27278762707e-06  	  2.69585493837e+43  
1.29559000006e-06  	  2.62671252047e+43  
1.31748769808e-06  	  2.53913313951e+43  
1.36044671479e-06  	  2.442107561e+43  
1.40534826867e-06  	  2.29346520739e+43  
1.44621589694e-06  	  2.22640042645e+43  
1.48131787778e-06  	  2.16778535778e+43  
1.54720086503e-06  	  2.16240312127e+43  
1.588562969e-06  	  2.04403951919e+43  
1.61694525725e-06  	  2.02970538194e+43  
1.65855434411e-06  	  1.96687321301e+43  
1.7027144913e-06  	  1.87110843772e+43  
1.7440712609e-06  	  1.73536127056e+43  
1.79047954349e-06  	  1.59791624375e+43  
1.84182501437e-06  	  1.46923207042e+43  
1.88467017571e-06  	  1.35771492269e+43  
1.92166100035e-06  	  1.28494624662e+43  
1.9539238098e-06  	  1.19641256091e+43  
2.00130047071e-06  	  1.09826928274e+43  
2.11110599726e-06  	  9.77638949146e+42  
2.18706652246e-06  	  8.60171397678e+42  
2.28648820286e-06  	  6.88202740044e+42  
2.43033605383e-06  	  4.99898248027e+42  
2.54008016924e-06  	  3.98043023911e+42  
2.60658674211e-06  	  3.79218681779e+42  
2.69965398116e-06  	  3.47022374425e+42  
2.90157991958e-06  	  2.98944411447e+42  
3.06314484058e-06  	  2.5262033532e+42  
3.22362863134e-06  	  2.18168421722e+42  
3.357149673e-06  	  1.85307014907e+42  
3.57669442182e-06  	  1.52109715334e+42  
3.78196901633e-06  	  1.2492055894e+42  
3.92010661659e-06  	  1.08191567826e+42  
4.03504172386e-06  	  9.61474823898e+41  
4.15710886036e-06  	  8.58114454674e+41  
4.30967632201e-06  	  7.22689003426e+41  
4.44320929247e-06  	  5.88925802574e+41  
4.5490261393e-06  	  5.17736628534e+41  
4.74298082363e-06  	  4.57247556703e+41  
4.99595374435e-06  	  3.91542569466e+41  
5.19784556163e-06  	  3.36275478021e+41  
5.48176298309e-06  	  2.91284282935e+41  
5.67048574245e-06  	  2.54570115256e+41  
5.95799287829e-06  	  2.14500220491e+41  
6.39151471106e-06  	  1.75821018343e+41  
6.63270850989e-06  	  1.45411467209e+41  
7.07514291256e-06  	  1.18969402773e+41  
7.42968647149e-06  	  9.88146508746e+40  
7.68283292968e-06  	  8.46785725743e+40  
8.0474579762e-06  	  7.01250461126e+40  
8.63105619529e-06  	  5.50056995424e+40  
9.22052727429e-06  	  4.52743093055e+40  
