2.00570585804e-08  	  2517856200.45  
2.07779255948e-08  	  4529284282.79  
2.15666275546e-08  	  9391616326.67  
2.23511733366e-08  	  16169447934.1  
2.26989384553e-08  	  7.37830358196e+31  
2.30775360356e-08  	  1.30119320493e+34  
2.3915358806e-08  	  6.96571232261e+34  
2.4474102892e-08  	  5.53715705983e+34  
2.51551417477e-08  	  2.82598780161e+35  
2.58389859e-08  	  5.51806590471e+35  
2.6250952467e-08  	  6.74114023722e+35  
2.70915120349e-08  	  9.46087497594e+35  
2.77160002651e-08  	  1.5688081279e+36  
2.84878543334e-08  	  1.42834733125e+36  
2.95547739668e-08  	  2.2943095329e+36  
3.01937587673e-08  	  2.02964113987e+36  
3.08358247416e-08  	  6.3022345348e+36  
3.17731544709e-08  	  1.5752603405e+37  
3.28365434679e-08  	  2.14173920471e+37  
3.39605809144e-08  	  3.86140310749e+37  
3.50635441908e-08  	  4.81292288167e+37  
3.57774943608e-08  	  8.58645865977e+37  
3.68387913671e-08  	  1.54415761743e+38  
3.77041743787e-08  	  1.43432916854e+38  
3.8864261839e-08  	  2.60609907129e+38  
4.01376665097e-08  	  4.32025236402e+38  
4.09292977305e-08  	  4.90823616471e+38  
4.20960753313e-08  	  7.33852514741e+38  
4.34998504703e-08  	  1.15925787091e+39  
4.47314387216e-08  	  1.46018604121e+39  
4.61265011933e-08  	  1.82766293583e+39  
4.7739678597e-08  	  2.50612950187e+39  
4.96368369434e-08  	  3.48570126544e+39  
5.07932465217e-08  	  3.28416857237e+40  
5.18583525341e-08  	  6.9780203282e+40  
5.30230148696e-08  	  6.63478870634e+40  
5.4455868388e-08  	  7.33666363914e+40  
5.60131506434e-08  	  1.07040807915e+41  
5.75427667568e-08  	  1.14946689477e+41  
5.87090014382e-08  	  1.2257098592e+41  
6.06724302403e-08  	  1.37483503367e+41  
6.28317085546e-08  	  1.71627494796e+41  
6.50363798975e-08  	  1.82218565334e+41  
6.67206955022e-08  	  1.95150276048e+41  
6.81593676378e-08  	  1.90725975177e+41  
6.9827676534e-08  	  2.16764957362e+41  
7.2248351042e-08  	  2.55222205092e+41  
7.43966922957e-08  	  2.73733807033e+41  
7.59793454058e-08  	  2.94333776259e+41  
7.74140265412e-08  	  3.18643266429e+41  
7.99170111017e-08  	  3.37565242875e+41  
8.27817815135e-08  	  3.3423260138e+41  
8.4814019401e-08  	  3.55392069669e+41  
8.68493372857e-08  	  3.91271281745e+41  
8.94984966567e-08  	  4.27343867609e+41  
9.10932951605e-08  	  7.84296383202e+41  
9.26693872149e-08  	  4.64718296587e+42  
9.4693776079e-08  	  9.95830056444e+42  
9.61993857387e-08  	  1.04585889135e+43  
9.87467089763e-08  	  8.13234418931e+42  
1.00498051926e-07  	  1.37409651562e+43  
1.02853190903e-07  	  1.03387112893e+43  
1.04800044135e-07  	  1.67682164968e+43  
1.07342854175e-07  	  1.44576138845e+43  
1.10756061668e-07  	  1.52819758116e+43  
1.1388637345e-07  	  1.50946064331e+43  
1.17995549986e-07  	  1.32945731446e+43  
1.20389785878e-07  	  8.58733342683e+42  
1.23204193039e-07  	  1.27782837978e+43  
1.25952280955e-07  	  1.47873004486e+43  
1.28973293729e-07  	  1.50915142254e+43  
1.3244044164e-07  	  1.51236618946e+43  
1.35367040527e-07  	  1.50856307875e+43  
1.3822090953e-07  	  1.35991967856e+43  
1.41231437178e-07  	  1.26225358707e+43  
1.45059270942e-07  	  1.30793369499e+43  
1.48769233337e-07  	  1.20926761005e+43  
1.52706219112e-07  	  1.01368439498e+43  
1.55733302927e-07  	  9.38634751277e+42  
1.58772923304e-07  	  1.02878480074e+43  
1.61958012111e-07  	  1.00194183271e+43  
1.64448154247e-07  	  1.00348505486e+43  
1.68703500169e-07  	  9.88003989902e+42  
1.73752573339e-07  	  9.15809418373e+42  
1.78526935109e-07  	  9.14287254331e+42  
1.83608235939e-07  	  8.24193321688e+42  
1.8935592224e-07  	  7.68101869129e+42  
1.98291862558e-07  	  7.58576636895e+42  
2.02986944957e-07  	  7.3063532769e+42  
2.06601928364e-07  	  7.11861684318e+42  
2.10548631953e-07  	  6.99944247386e+42  
2.15290769094e-07  	  6.70614061887e+42  
2.19467642478e-07  	  6.51121157547e+42  
2.23879040608e-07  	  6.09054386018e+42  
2.27572272895e-07  	  5.96652134847e+42  
2.3136639105e-07  	  5.28785625987e+42  
2.36169083673e-07  	  4.98302482952e+42  
2.40697007389e-07  	  4.79058461905e+42  
2.44810447152e-07  	  4.9555862e+42  
2.50186867472e-07  	  4.58669719189e+42  
2.55956265677e-07  	  4.53569161178e+42  
2.61810236671e-07  	  4.57208409698e+42  
2.68063105521e-07  	  4.80276229489e+42  
2.75485409086e-07  	  4.28140931751e+42  
2.80923422044e-07  	  4.04134378475e+42  
2.87730906972e-07  	  4.38110433067e+42  
2.93598420877e-07  	  4.66278236767e+42  
2.98609175101e-07  	  4.57234679841e+42  
3.03848659165e-07  	  4.58889372333e+42  
3.09732221791e-07  	  4.58773164628e+42  
3.1451330546e-07  	  4.49640333834e+42  
3.19817524828e-07  	  4.31762697854e+42  
3.27448081376e-07  	  4.59180228012e+42  
3.33666297846e-07  	  4.47367766674e+42  
3.39605268846e-07  	  4.2010007752e+42  
3.44795956777e-07  	  4.30325690662e+42  
3.49810389179e-07  	  4.43161621945e+42  
3.57522372953e-07  	  4.21193812686e+42  
3.65227976191e-07  	  4.42848716354e+42  
3.70810194688e-07  	  4.37634215166e+42  
3.76440526555e-07  	  5.10991997005e+42  
3.82548451105e-07  	  5.60608198868e+42  
3.90054995981e-07  	  5.79045503412e+42  
3.97607740533e-07  	  5.97927676163e+42  
4.04150241432e-07  	  7.34160705979e+42  
4.11851080614e-07  	  6.91438720977e+42  
4.20602170546e-07  	  7.1271108807e+42  
4.30160164222e-07  	  6.49230102114e+42  
4.37994746734e-07  	  6.8454946177e+42  
4.4827200034e-07  	  7.48994062339e+42  
4.56328677199e-07  	  7.57655833792e+42  
4.63733084849e-07  	  7.57268467429e+42  
4.70561038594e-07  	  7.49558323817e+42  
4.77623151681e-07  	  7.5374021773e+42  
4.86756700828e-07  	  6.91312194166e+42  
4.93625499448e-07  	  7.23206406204e+42  
5.00064668669e-07  	  6.86686531642e+42  
5.11366160063e-07  	  6.7040000787e+42  
5.21867855391e-07  	  6.5199554941e+42  
5.301096199e-07  	  6.73901907125e+42  
5.3731459865e-07  	  6.79290326007e+42  
5.45330796177e-07  	  6.72229685092e+42  
5.54908107444e-07  	  6.69281859705e+42  
5.65742435556e-07  	  6.64916358328e+42  
5.72926790062e-07  	  6.64704908654e+42  
5.85367829666e-07  	  6.5228324781e+42  
6.02457368914e-07  	  6.45929617024e+42  
6.13832625225e-07  	  6.14357743253e+42  
6.26874662717e-07  	  5.97701254412e+42  
6.36919308173e-07  	  5.96930980182e+42  
6.43192254377e-07  	  5.87993637821e+42  
6.53403355783e-07  	  5.71006766553e+42  
6.61586156133e-07  	  5.72745216774e+42  
6.70750312817e-07  	  5.61279329457e+42  
6.85445438827e-07  	  5.51227351522e+42  
6.98206520494e-07  	  5.44186455206e+42  
7.10069056047e-07  	  5.21292016012e+42  
7.1945756406e-07  	  5.03754158216e+42  
7.29799683024e-07  	  5.12231019829e+42  
7.43515583858e-07  	  5.18505409342e+42  
7.56205357622e-07  	  5.24815858245e+42  
7.65095601237e-07  	  5.00074957281e+42  
7.74309467317e-07  	  4.85937615979e+42  
7.84139478109e-07  	  4.83665837941e+42  
7.92293257484e-07  	  4.7017156045e+42  
8.03364332881e-07  	  4.78559051234e+42  
8.16823135574e-07  	  4.81875819795e+42  
8.22856490715e-07  	  4.74320635975e+42  
8.39348391317e-07  	  4.54848891522e+42  
8.51418841968e-07  	  4.30364245389e+42  
8.62589713959e-07  	  4.41835163662e+42  
8.71862040143e-07  	  4.45323585879e+42  
8.84424374903e-07  	  4.47365834136e+42  
9.00685807014e-07  	  4.40304662341e+42  
9.15628045922e-07  	  4.36026108028e+42  
9.35069631215e-07  	  4.21941262466e+42  
9.49004454546e-07  	  4.13909206565e+42  
9.68022239879e-07  	  4.06212798065e+42  
9.85995528056e-07  	  3.9780498294e+42  
1.00305737103e-06  	  3.86348955051e+42  
1.02368478334e-06  	  3.7498748444e+42  
1.05123074494e-06  	  3.58889846452e+42  
1.08147773548e-06  	  3.40043936219e+42  
1.10005153047e-06  	  3.26176288257e+42  
1.13748920543e-06  	  3.09972005342e+42  
1.17492319616e-06  	  2.92559355022e+42  
1.20443091662e-06  	  2.77887118752e+42  
1.24981901486e-06  	  2.6447040145e+42  
1.27278762707e-06  	  2.52485697968e+42  
1.29559000006e-06  	  2.45021552829e+42  
1.31748769808e-06  	  2.36358741365e+42  
1.36044671479e-06  	  2.26185948679e+42  
1.40534826867e-06  	  2.14161366625e+42  
1.44621589694e-06  	  2.05825173268e+42  
1.48131787778e-06  	  1.98591989253e+42  
1.54720086503e-06  	  1.93773944981e+42  
1.588562969e-06  	  1.82768399464e+42  
1.61694525725e-06  	  1.80736574516e+42  
1.65855434411e-06  	  1.72505350625e+42  
1.7027144913e-06  	  1.61769814657e+42  
1.7440712609e-06  	  1.49352780617e+42  
1.79047954349e-06  	  1.37974284347e+42  
1.84182501437e-06  	  1.26523225996e+42  
1.88467017571e-06  	  1.16464722972e+42  
1.92166100035e-06  	  1.10464074329e+42  
1.9539238098e-06  	  1.02941044645e+42  
2.00130047071e-06  	  9.45130052444e+41  
2.11110599726e-06  	  8.32705880841e+41  
2.18706652246e-06  	  7.2650222158e+41  
2.28648820286e-06  	  5.8595094055e+41  
2.43033605383e-06  	  4.38171554071e+41  
2.54008016924e-06  	  3.71023691136e+41  
2.60658674211e-06  	  3.44938987008e+41  
2.69965398116e-06  	  3.11470078721e+41  
2.90157991958e-06  	  2.6420732616e+41  
3.06314484058e-06  	  2.19340750416e+41  
3.22362863134e-06  	  1.85552204781e+41  
3.357149673e-06  	  1.55448175967e+41  
3.57669442182e-06  	  1.26698866965e+41  
3.78196901633e-06  	  1.03651077845e+41  
3.92010661659e-06  	  8.9748826436e+40  
4.03504172386e-06  	  7.97206796315e+40  
4.15710886036e-06  	  7.1082195599e+40  
4.30967632201e-06  	  5.93030958648e+40  
4.44320929247e-06  	  4.73606271086e+40  
4.5490261393e-06  	  4.13115749958e+40  
4.74298082363e-06  	  3.65142319595e+40  
4.99595374435e-06  	  3.13064476208e+40  
5.19784556163e-06  	  2.69264050756e+40  
5.48176298309e-06  	  2.33911637611e+40  
5.67048574245e-06  	  2.050111647e+40  
5.95799287829e-06  	  1.73020783097e+40  
6.39151471106e-06  	  1.41969366207e+40  
6.63270850989e-06  	  1.17389340406e+40  
7.07514291256e-06  	  9.5952798525e+39  
7.42968647149e-06  	  7.95846265853e+39  
7.68283292968e-06  	  6.81484047583e+39  
8.0474579762e-06  	  5.63709394782e+39  
8.63105619529e-06  	  4.41658931085e+39  
9.22052727429e-06  	  3.63280164011e+39  
