2.00570585804e-08  	  3.8174268071e+41  
2.07779255948e-08  	  2.48550264465e+41  
2.15666275546e-08  	  6.15860336564e+41  
2.23511733366e-08  	  6.33273924841e+41  
2.26989384553e-08  	  6.20748313578e+41  
2.30775360356e-08  	  9.53288491355e+41  
2.3915358806e-08  	  1.14866327738e+42  
2.4474102892e-08  	  2.24647910181e+42  
2.51551417477e-08  	  7.39930831297e+42  
2.58389859e-08  	  1.38635282426e+43  
2.6250952467e-08  	  7.74943368562e+42  
2.70915120349e-08  	  1.35614800228e+43  
2.77160002651e-08  	  1.51376251829e+43  
2.84878543334e-08  	  7.81735271584e+42  
2.95547739668e-08  	  7.60733326509e+42  
3.01937587673e-08  	  7.28260388285e+42  
3.08358247416e-08  	  1.19757420153e+43  
3.17731544709e-08  	  1.63354017381e+43  
3.28365434679e-08  	  2.6937999795e+43  
3.39605809144e-08  	  1.86553304891e+43  
3.50635441908e-08  	  1.93392037147e+43  
3.57774943608e-08  	  7.97990737087e+42  
3.68387913671e-08  	  1.87120190231e+43  
3.77041743787e-08  	  2.18025769582e+43  
3.8864261839e-08  	  1.91926105146e+43  
4.01376665097e-08  	  1.80936383069e+43  
4.09292977305e-08  	  3.05814444173e+43  
4.20960753313e-08  	  2.33795246441e+43  
4.34998504703e-08  	  1.51530134505e+43  
4.47314387216e-08  	  2.87611541508e+43  
4.61265011933e-08  	  3.08978699344e+43  
4.7739678597e-08  	  3.19278745749e+43  
4.96368369434e-08  	  3.78602030426e+43  
5.07932465217e-08  	  4.38830527052e+43  
5.18583525341e-08  	  5.55426928618e+43  
5.30230148696e-08  	  3.94416936192e+43  
5.4455868388e-08  	  7.90540569385e+42  
5.60131506434e-08  	  4.00106067053e+43  
5.75427667568e-08  	  4.25242251617e+43  
5.87090014382e-08  	  5.11705762253e+43  
6.06724302403e-08  	  5.05593758075e+43  
6.28317085546e-08  	  3.51687968478e+43  
6.50363798975e-08  	  4.16541016162e+43  
6.67206955022e-08  	  3.48351898598e+43  
6.81593676378e-08  	  4.2883981515e+43  
6.9827676534e-08  	  3.7028612233e+43  
7.2248351042e-08  	  4.48011132515e+43  
7.43966922957e-08  	  3.55817417459e+43  
7.59793454058e-08  	  2.50243947026e+43  
7.74140265412e-08  	  2.59654146533e+43  
7.99170111017e-08  	  3.37054853397e+43  
8.27817815135e-08  	  3.28111752824e+43  
8.4814019401e-08  	  3.200323533e+43  
8.68493372857e-08  	  3.18656150945e+43  
8.94984966567e-08  	  3.26660139936e+43  
9.10932951605e-08  	  3.75046707672e+43  
9.26693872149e-08  	  5.60172600913e+43  
9.4693776079e-08  	  8.47097932826e+43  
9.61993857387e-08  	  7.13703370073e+43  
9.87467089763e-08  	  5.81539015875e+43  
1.00498051926e-07  	  6.90136256653e+43  
1.02853190903e-07  	  6.43834169684e+43  
1.04800044135e-07  	  7.49622573257e+43  
1.07342854175e-07  	  6.70083988234e+43  
1.10756061668e-07  	  6.57361362203e+43  
1.1388637345e-07  	  6.24146079578e+43  
1.17995549986e-07  	  5.53281533249e+43  
1.20389785878e-07  	  4.72665974964e+43  
1.23204193039e-07  	  4.94056003105e+43  
1.25952280955e-07  	  5.41707006371e+43  
1.28973293729e-07  	  5.30340269557e+43  
1.3244044164e-07  	  5.12693417267e+43  
1.35367040527e-07  	  4.97137108529e+43  
1.3822090953e-07  	  4.5623441796e+43  
1.41231437178e-07  	  4.28086234179e+43  
1.45059270942e-07  	  4.22869415139e+43  
1.48769233337e-07  	  3.97403318736e+43  
1.52706219112e-07  	  3.50757506501e+43  
1.55733302927e-07  	  3.2093442784e+43  
1.58772923304e-07  	  3.30862430952e+43  
1.61958012111e-07  	  3.21965329667e+43  
1.64448154247e-07  	  3.14149914599e+43  
1.68703500169e-07  	  3.01241746989e+43  
1.73752573339e-07  	  2.79232053599e+43  
1.78526935109e-07  	  2.67223875038e+43  
1.83608235939e-07  	  2.44167711491e+43  
1.8935592224e-07  	  2.24366772241e+43  
1.98291862558e-07  	  2.11933862113e+43  
2.02986944957e-07  	  2.00099045755e+43  
2.06601928364e-07  	  1.92962808581e+43  
2.10548631953e-07  	  1.87317796227e+43  
2.15290769094e-07  	  1.77840411466e+43  
2.19467642478e-07  	  1.70442837506e+43  
2.23879040608e-07  	  1.6058822588e+43  
2.27572272895e-07  	  1.55489838472e+43  
2.3136639105e-07  	  1.42822360769e+43  
2.36169083673e-07  	  1.3496688299e+43  
2.40697007389e-07  	  1.29010567422e+43  
2.44810447152e-07  	  1.28744596493e+43  
2.50186867472e-07  	  1.20055875252e+43  
2.55956265677e-07  	  1.16488564589e+43  
2.61810236671e-07  	  1.14140254777e+43  
2.68063105521e-07  	  1.14740128214e+43  
2.75485409086e-07  	  1.04602452526e+43  
2.80923422044e-07  	  9.87290924623e+42  
2.87730906972e-07  	  1.01975465331e+43  
2.93598420877e-07  	  1.04486791004e+43  
2.98609175101e-07  	  1.02101700742e+43  
3.03848659165e-07  	  1.01216141936e+43  
3.09732221791e-07  	  1.00241414991e+43  
3.1451330546e-07  	  9.80707712046e+42  
3.19817524828e-07  	  9.45999482835e+42  
3.27448081376e-07  	  9.74307579778e+42  
3.33666297846e-07  	  9.50336381162e+42  
3.39605268846e-07  	  9.05931289535e+42  
3.44795956777e-07  	  9.04076966053e+42  
3.49810389179e-07  	  9.1621966261e+42  
3.57522372953e-07  	  8.80360511074e+42  
3.65227976191e-07  	  8.41398488419e+42  
3.70810194688e-07  	  7.70911194067e+42  
3.76440526555e-07  	  8.76783201872e+42  
3.82548451105e-07  	  9.53632858685e+42  
3.90054995981e-07  	  9.76925389489e+42  
3.97607740533e-07  	  9.96866381287e+42  
4.04150241432e-07  	  1.19252066811e+43  
4.11851080614e-07  	  1.11501288043e+43  
4.20602170546e-07  	  1.14871627675e+43  
4.30160164222e-07  	  1.04756082569e+43  
4.37994746734e-07  	  1.08747134315e+43  
4.4827200034e-07  	  1.17474936455e+43  
4.56328677199e-07  	  1.18008827436e+43  
4.63733084849e-07  	  1.17437657893e+43  
4.70561038594e-07  	  1.15789926739e+43  
4.77623151681e-07  	  1.1588829513e+43  
4.86756700828e-07  	  1.42770637124e+43  
4.93625499448e-07  	  1.10600265263e+43  
5.00064668669e-07  	  1.05153340436e+43  
5.11366160063e-07  	  1.0238548761e+43  
5.21867855391e-07  	  9.92480507551e+42  
5.301096199e-07  	  1.0176781754e+43  
5.3731459865e-07  	  1.0214793307e+43  
5.45330796177e-07  	  1.00835654964e+43  
5.54908107444e-07  	  1.00000613715e+43  
5.65742435556e-07  	  9.90028071952e+42  
5.72926790062e-07  	  9.86402886304e+42  
5.85367829666e-07  	  9.65887507077e+42  
6.02457368914e-07  	  9.52676939194e+42  
6.13832625225e-07  	  9.05854575556e+42  
6.26874662717e-07  	  8.80497000865e+42  
6.36919308173e-07  	  8.77029638672e+42  
6.43192254377e-07  	  8.6293403833e+42  
6.53403355783e-07  	  1.49458255295e+43  
6.61586156133e-07  	  1.11356219091e+43  
6.70750312817e-07  	  8.21446448117e+42  
6.85445438827e-07  	  8.05385281767e+42  
6.98206520494e-07  	  7.927579871e+42  
7.10069056047e-07  	  7.59879366371e+42  
7.1945756406e-07  	  7.34804627112e+42  
7.29799683024e-07  	  7.43855148865e+42  
7.43515583858e-07  	  7.4998205983e+42  
7.56205357622e-07  	  7.56873568645e+42  
7.65095601237e-07  	  7.22020763684e+42  
7.74309467317e-07  	  7.01857805727e+42  
7.84139478109e-07  	  6.97590840247e+42  
7.92293257484e-07  	  6.77686576585e+42  
8.03364332881e-07  	  6.87498695858e+42  
8.16823135574e-07  	  6.9063928495e+42  
8.22856490715e-07  	  6.71395601426e+42  
8.39348391317e-07  	  6.43620340681e+42  
8.51418841968e-07  	  6.0974485007e+42  
8.62589713959e-07  	  6.24313444593e+42  
8.71862040143e-07  	  6.2820487005e+42  
8.84424374903e-07  	  6.30195725098e+42  
9.00685807014e-07  	  6.19538048267e+42  
9.15628045922e-07  	  6.13361261293e+42  
9.35069631215e-07  	  5.94059929904e+42  
9.49004454546e-07  	  5.81645636943e+42  
9.68022239879e-07  	  5.70778497714e+42  
9.85995528056e-07  	  5.58397443088e+42  
1.00305737103e-06  	  5.41676737838e+42  
1.02368478334e-06  	  5.2612563501e+42  
1.05123074494e-06  	  5.03306103958e+42  
1.08147773548e-06  	  4.76730689702e+42  
1.10005153047e-06  	  4.56773403983e+42  
1.13748920543e-06  	  4.34234383641e+42  
1.17492319616e-06  	  4.09815256753e+42  
1.20443091662e-06  	  3.89161307334e+42  
1.24981901486e-06  	  3.70240586151e+42  
1.27278762707e-06  	  3.69664419075e+42  
1.29559000006e-06  	  3.47571566108e+42  
1.31748769808e-06  	  3.30660115372e+42  
1.36044671479e-06  	  3.16166842744e+42  
1.40534826867e-06  	  2.98958008623e+42  
1.44621589694e-06  	  2.86938962032e+42  
1.48131787778e-06  	  2.75620141448e+42  
1.54720086503e-06  	  2.68663008646e+42  
1.588562969e-06  	  2.5332271949e+42  
1.61694525725e-06  	  2.50239836348e+42  
1.65855434411e-06  	  2.38912240702e+42  
1.7027144913e-06  	  2.24189895637e+42  
1.7440712609e-06  	  2.07060089501e+42  
1.79047954349e-06  	  1.9135223007e+42  
1.84182501437e-06  	  1.75569626564e+42  
1.88467017571e-06  	  1.61707922553e+42  
1.92166100035e-06  	  1.53379121253e+42  
1.9539238098e-06  	  1.42952972461e+42  
2.00130047071e-06  	  1.31299606572e+42  
2.11110599726e-06  	  1.15756517861e+42  
2.18706652246e-06  	  1.01983396817e+42  
2.28648820286e-06  	  8.15395505074e+41  
2.43033605383e-06  	  6.1138052603e+41  
2.54008016924e-06  	  5.17154896816e+41  
2.60658674211e-06  	  4.81172434037e+41  
2.69965398116e-06  	  4.34856403059e+41  
2.90157991958e-06  	  3.69537339577e+41  
3.06314484058e-06  	  3.07583994604e+41  
3.22362863134e-06  	  2.60772843091e+41  
3.357149673e-06  	  2.18476192189e+41  
3.57669442182e-06  	  1.78713993191e+41  
3.78196901633e-06  	  1.46764279906e+41  
3.92010661659e-06  	  1.27434428534e+41  
4.03504172386e-06  	  1.13458628747e+41  
4.15710886036e-06  	  1.01390448471e+41  
4.30967632201e-06  	  8.51115238032e+40  
4.44320929247e-06  	  6.85953630646e+40  
4.5490261393e-06  	  6.0068610952e+40  
4.74298082363e-06  	  5.34303123987e+40  
4.99595374435e-06  	  4.62461034294e+40  
5.19784556163e-06  	  4.01986779571e+40  
5.48176298309e-06  	  3.53180896806e+40  
5.67048574245e-06  	  3.13264751276e+40  
5.95799287829e-06  	  2.69184911051e+40  
6.39151471106e-06  	  2.26462540963e+40  
6.63270850989e-06  	  1.92668719202e+40  
7.07514291256e-06  	  1.63203505514e+40  
7.42968647149e-06  	  1.40692839419e+40  
7.68283292968e-06  	  1.24960913953e+40  
8.0474579762e-06  	  1.08741013822e+40  
8.63105619529e-06  	  9.19044803436e+39  
9.22052727429e-06  	  8.10703215539e+39  
