2.00570585804e-08  	  4.07764378337e+37  
2.07779255948e-08  	  8.62089432321e+38  
2.15666275546e-08  	  3.95436270411e+39  
2.23511733366e-08  	  2.46698904213e+39  
2.26989384553e-08  	  1.79977121169e+39  
2.30775360356e-08  	  3.38549690076e+39  
2.3915358806e-08  	  1.00582396359e+40  
2.4474102892e-08  	  4.9807158756e+39  
2.51551417477e-08  	  2.60342078998e+40  
2.58389859e-08  	  6.62025914963e+40  
2.6250952467e-08  	  2.24337960506e+41  
2.70915120349e-08  	  3.38430128818e+41  
2.77160002651e-08  	  1.82393998528e+41  
2.84878543334e-08  	  1.24856275483e+41  
2.95547739668e-08  	  1.69479930384e+41  
3.01937587673e-08  	  1.55338524282e+41  
3.08358247416e-08  	  4.37980763283e+41  
3.17731544709e-08  	  1.21933880095e+42  
3.28365434679e-08  	  5.57074127608e+41  
3.39605809144e-08  	  3.21052523461e+41  
3.50635441908e-08  	  3.45344315905e+41  
3.57774943608e-08  	  7.55946030084e+41  
3.68387913671e-08  	  2.46769198491e+42  
3.77041743787e-08  	  2.25179350344e+42  
3.8864261839e-08  	  1.43968453129e+42  
4.01376665097e-08  	  2.84756595248e+42  
4.09292977305e-08  	  4.32804867387e+42  
4.20960753313e-08  	  2.83102398689e+42  
4.34998504703e-08  	  1.43896964743e+42  
4.47314387216e-08  	  2.66249144103e+42  
4.61265011933e-08  	  4.21177565877e+42  
4.7739678597e-08  	  4.52341406406e+42  
4.96368369434e-08  	  6.9860905176e+42  
5.07932465217e-08  	  7.0792293056e+42  
5.18583525341e-08  	  9.2135904293e+42  
5.30230148696e-08  	  5.55752664134e+42  
5.4455868388e-08  	  1.11779406801e+42  
5.60131506434e-08  	  6.88359827411e+42  
5.75427667568e-08  	  7.66807896139e+42  
5.87090014382e-08  	  1.08469354572e+43  
6.06724302403e-08  	  7.1441142146e+42  
6.28317085546e-08  	  3.66872315691e+42  
6.50363798975e-08  	  5.79074685689e+42  
6.67206955022e-08  	  5.38785549426e+42  
6.81593676378e-08  	  7.31701430643e+42  
6.9827676534e-08  	  5.40466281248e+42  
7.2248351042e-08  	  7.9555701888e+42  
7.43966922957e-08  	  6.79474376116e+42  
7.59793454058e-08  	  4.54235662067e+42  
7.74140265412e-08  	  3.43151888134e+42  
7.99170111017e-08  	  5.919753234e+42  
8.27817815135e-08  	  5.60516637588e+42  
8.4814019401e-08  	  5.06908328106e+42  
8.68493372857e-08  	  5.7777058272e+42  
8.94984966567e-08  	  5.98312467796e+42  
9.10932951605e-08  	  5.52485045875e+42  
9.26693872149e-08  	  9.96377308121e+42  
9.4693776079e-08  	  1.55556857209e+43  
9.61993857387e-08  	  1.07443342303e+43  
9.87467089763e-08  	  8.04909558059e+42  
1.00498051926e-07  	  8.66259913005e+42  
1.02853190903e-07  	  9.34295228053e+42  
1.04800044135e-07  	  9.90231249721e+42  
1.07342854175e-07  	  8.65094646435e+42  
1.10756061668e-07  	  8.59404569735e+42  
1.1388637345e-07  	  8.29731299969e+42  
1.17995549986e-07  	  7.2542224256e+42  
1.20389785878e-07  	  6.51285011815e+42  
1.23204193039e-07  	  5.93603342699e+42  
1.25952280955e-07  	  6.83185876056e+42  
1.28973293729e-07  	  6.59718569784e+42  
1.3244044164e-07  	  6.2870685513e+42  
1.35367040527e-07  	  6.0014329823e+42  
1.3822090953e-07  	  5.51601382932e+42  
1.41231437178e-07  	  5.11179022137e+42  
1.45059270942e-07  	  4.93568184211e+42  
1.48769233337e-07  	  4.67492609325e+42  
1.52706219112e-07  	  4.26565249429e+42  
1.55733302927e-07  	  3.90289289002e+42  
1.58772923304e-07  	  3.87166011543e+42  
1.61958012111e-07  	  3.68812065316e+42  
1.64448154247e-07  	  3.53719166997e+42  
1.68703500169e-07  	  3.3539175957e+42  
1.73752573339e-07  	  3.10372651521e+42  
1.78526935109e-07  	  2.89422115772e+42  
1.83608235939e-07  	  2.66991155425e+42  
1.8935592224e-07  	  2.44149484701e+42  
1.98291862558e-07  	  2.25981848092e+42  
2.02986944957e-07  	  2.11927690389e+42  
2.06601928364e-07  	  2.06751132139e+42  
2.10548631953e-07  	  2.05237860454e+42  
2.15290769094e-07  	  1.95268030908e+42  
2.19467642478e-07  	  1.88605810652e+42  
2.23879040608e-07  	  1.81380872825e+42  
2.27572272895e-07  	  1.72786968877e+42  
2.3136639105e-07  	  1.64021556984e+42  
2.36169083673e-07  	  1.49711909159e+42  
2.40697007389e-07  	  1.42865541904e+42  
2.44810447152e-07  	  1.53981511698e+42  
2.50186867472e-07  	  1.32728763488e+42  
2.55956265677e-07  	  1.40179444062e+42  
2.61810236671e-07  	  1.45328089984e+42  
2.68063105521e-07  	  1.79684619364e+42  
2.75485409086e-07  	  1.44373632034e+42  
2.80923422044e-07  	  1.36803285292e+42  
2.87730906972e-07  	  1.73285053977e+42  
2.93598420877e-07  	  2.23905016781e+42  
2.98609175101e-07  	  2.15416048467e+42  
3.03848659165e-07  	  2.28542806215e+42  
3.09732221791e-07  	  2.47597112492e+42  
3.1451330546e-07  	  2.50589256084e+42  
3.19817524828e-07  	  2.44992692889e+42  
3.27448081376e-07  	  3.07866862019e+42  
3.33666297846e-07  	  2.98927354259e+42  
3.39605268846e-07  	  2.6342649209e+42  
3.44795956777e-07  	  2.93071550419e+42  
3.49810389179e-07  	  3.32297481207e+42  
3.57522372953e-07  	  3.0528710641e+42  
3.65227976191e-07  	  3.57303366691e+42  
3.70810194688e-07  	  3.36877522473e+42  
3.76440526555e-07  	  3.42748660945e+42  
3.82548451105e-07  	  3.09694015102e+42  
3.90054995981e-07  	  3.31754285514e+42  
3.97607740533e-07  	  3.98389026726e+42  
4.04150241432e-07  	  5.41874327437e+42  
4.11851080614e-07  	  5.70113423131e+42  
4.20602170546e-07  	  5.4823152064e+42  
4.30160164222e-07  	  5.11481159109e+42  
4.37994746734e-07  	  6.13958318974e+42  
4.4827200034e-07  	  7.21578937013e+42  
4.56328677199e-07  	  7.65684082461e+42  
4.63733084849e-07  	  7.85144143118e+42  
4.70561038594e-07  	  7.97919291901e+42  
4.77623151681e-07  	  8.19289600026e+42  
4.86756700828e-07  	  8.52070633007e+42  
4.93625499448e-07  	  8.13015718903e+42  
5.00064668669e-07  	  7.64053513156e+42  
5.11366160063e-07  	  7.52472068604e+42  
5.21867855391e-07  	  7.48557593514e+42  
5.301096199e-07  	  8.17750611268e+42  
5.3731459865e-07  	  8.39359923208e+42  
5.45330796177e-07  	  8.41508454419e+42  
5.54908107444e-07  	  8.54790206508e+42  
5.65742435556e-07  	  8.64205835467e+42  
5.72926790062e-07  	  8.79044578827e+42  
5.85367829666e-07  	  8.72931004427e+42  
6.02457368914e-07  	  8.84766840664e+42  
6.13832625225e-07  	  8.45055077432e+42  
6.26874662717e-07  	  8.27855306036e+42  
6.36919308173e-07  	  8.39444698361e+42  
6.43192254377e-07  	  8.32360775515e+42  
6.53403355783e-07  	  9.23076576965e+42  
6.61586156133e-07  	  8.68744235411e+42  
6.70750312817e-07  	  8.07747261417e+42  
6.85445438827e-07  	  8.01179871595e+42  
6.98206520494e-07  	  8.04697782254e+42  
7.10069056047e-07  	  7.68648990587e+42  
7.1945756406e-07  	  7.42826994687e+42  
7.29799683024e-07  	  7.71736076762e+42  
7.43515583858e-07  	  8.02099785455e+42  
7.56205357622e-07  	  8.26492448306e+42  
7.65095601237e-07  	  7.72650424938e+42  
7.74309467317e-07  	  7.48542422173e+42  
7.84139478109e-07  	  7.50470068523e+42  
7.92293257484e-07  	  7.35191394664e+42  
8.03364332881e-07  	  7.61141148194e+42  
8.16823135574e-07  	  7.84557351431e+42  
8.22856490715e-07  	  7.69283419187e+42  
8.39348391317e-07  	  7.35464551482e+42  
8.51418841968e-07  	  6.9211346535e+42  
8.62589713959e-07  	  7.20057549839e+42  
8.71862040143e-07  	  7.35328919259e+42  
8.84424374903e-07  	  7.41616983002e+42  
9.00685807014e-07  	  7.33670044757e+42  
9.15628045922e-07  	  7.37933909893e+42  
9.35069631215e-07  	  7.09222185084e+42  
9.49004454546e-07  	  7.0575571082e+42  
9.68022239879e-07  	  6.95395929408e+42  
9.85995528056e-07  	  6.8391270988e+42  
1.00305737103e-06  	  6.72516887118e+42  
1.02368478334e-06  	  6.55397372882e+42  
1.05123074494e-06  	  6.30417010115e+42  
1.08147773548e-06  	  6.00600950226e+42  
1.10005153047e-06  	  5.77078379251e+42  
1.13748920543e-06  	  5.50748878503e+42  
1.17492319616e-06  	  5.23182008543e+42  
1.20443091662e-06  	  4.99156728991e+42  
1.24981901486e-06  	  4.77613080961e+42  
1.27278762707e-06  	  4.6099644988e+42  
1.29559000006e-06  	  4.46832633591e+42  
1.31748769808e-06  	  4.31072662953e+42  
1.36044671479e-06  	  4.14314256234e+42  
1.40534826867e-06  	  3.91556964411e+42  
1.44621589694e-06  	  3.79238670235e+42  
1.48131787778e-06  	  3.6830017369e+42  
1.54720086503e-06  	  3.64654095062e+42  
1.588562969e-06  	  3.45774499442e+42  
1.61694525725e-06  	  3.42774743538e+42  
1.65855434411e-06  	  3.2973218601e+42  
1.7027144913e-06  	  3.11233029886e+42  
1.7440712609e-06  	  2.88002151637e+42  
1.79047954349e-06  	  2.65507552792e+42  
1.84182501437e-06  	  2.44034773596e+42  
1.88467017571e-06  	  2.2534754128e+42  
1.92166100035e-06  	  2.13243696709e+42  
1.9539238098e-06  	  1.98700817474e+42  
2.00130047071e-06  	  1.82385516511e+42  
2.11110599726e-06  	  1.61621016502e+42  
2.18706652246e-06  	  1.41860617967e+42  
2.28648820286e-06  	  1.13863043117e+42  
2.43033605383e-06  	  8.40014929831e+41  
2.54008016924e-06  	  6.90842341131e+41  
2.60658674211e-06  	  6.5037980449e+41  
2.69965398116e-06  	  5.91126443088e+41  
2.90157991958e-06  	  5.0526121226e+41  
3.06314484058e-06  	  4.2322897014e+41  
3.22362863134e-06  	  3.61583167645e+41  
3.357149673e-06  	  3.04926070678e+41  
3.57669442182e-06  	  2.49535508565e+41  
3.78196901633e-06  	  2.04770681099e+41  
3.92010661659e-06  	  1.77332944918e+41  
4.03504172386e-06  	  1.57627276992e+41  
4.15710886036e-06  	  1.4061610917e+41  
4.30967632201e-06  	  1.17962529972e+41  
4.44320929247e-06  	  9.52828144266e+40  
4.5490261393e-06  	  8.34972550478e+40  
4.74298082363e-06  	  7.38845104692e+40  
4.99595374435e-06  	  6.33715503528e+40  
5.19784556163e-06  	  5.45461171198e+40  
5.48176298309e-06  	  4.73793982112e+40  
5.67048574245e-06  	  4.15224056922e+40  
5.95799287829e-06  	  3.50880281496e+40  
6.39151471106e-06  	  2.88523094065e+40  
6.63270850989e-06  	  2.39360403727e+40  
7.07514291256e-06  	  1.96567624024e+40  
7.42968647149e-06  	  1.63954472056e+40  
7.68283292968e-06  	  1.41096288619e+40  
8.0474579762e-06  	  1.17582564162e+40  
8.63105619529e-06  	  9.31783327997e+39  
9.22052727429e-06  	  7.74841380534e+39  
