2.00570585804e-08  	  1.17702244549e+38  
2.07779255948e-08  	  2.06319851693e+39  
2.15666275546e-08  	  7.90838330784e+39  
2.23511733366e-08  	  5.93416752531e+39  
2.26989384553e-08  	  4.54022070298e+39  
2.30775360356e-08  	  8.47045531511e+39  
2.3915358806e-08  	  2.34599249737e+40  
2.4474102892e-08  	  1.25837623453e+40  
2.51551417477e-08  	  7.19796633096e+40  
2.58389859e-08  	  1.78818689089e+41  
2.6250952467e-08  	  4.8078139894e+41  
2.70915120349e-08  	  7.3233802841e+41  
2.77160002651e-08  	  5.34237087571e+41  
2.84878543334e-08  	  3.10485059993e+41  
2.95547739668e-08  	  3.73988318916e+41  
3.01937587673e-08  	  3.07926893541e+41  
3.08358247416e-08  	  8.23032991285e+41  
3.17731544709e-08  	  2.05834238612e+42  
3.28365434679e-08  	  1.72696647312e+42  
3.39605809144e-08  	  1.67297987951e+42  
3.50635441908e-08  	  1.69285252748e+42  
3.57774943608e-08  	  1.39972566847e+42  
3.68387913671e-08  	  3.96992791611e+42  
3.77041743787e-08  	  3.75586831477e+42  
3.8864261839e-08  	  2.51763034959e+42  
4.01376665097e-08  	  4.50879007984e+42  
4.09292977305e-08  	  7.03947993162e+42  
4.20960753313e-08  	  4.94808725226e+42  
4.34998504703e-08  	  3.02443006592e+42  
4.47314387216e-08  	  5.62543771922e+42  
4.61265011933e-08  	  8.15248054321e+42  
4.7739678597e-08  	  8.24312560595e+42  
4.96368369434e-08  	  1.12031653968e+43  
5.07932465217e-08  	  1.20765113528e+43  
5.18583525341e-08  	  1.56431108691e+43  
5.30230148696e-08  	  1.00542454301e+43  
5.4455868388e-08  	  2.55332947965e+42  
5.60131506434e-08  	  1.25835395965e+43  
5.75427667568e-08  	  1.36771302403e+43  
5.87090014382e-08  	  1.82283971725e+43  
6.06724302403e-08  	  1.35788843942e+43  
6.28317085546e-08  	  9.31084189619e+42  
6.50363798975e-08  	  1.24329479144e+43  
6.67206955022e-08  	  1.02139233484e+43  
6.81593676378e-08  	  1.32959559583e+43  
6.9827676534e-08  	  1.2143837895e+43  
7.2248351042e-08  	  1.62535075913e+43  
7.43966922957e-08  	  1.37506485573e+43  
7.59793454058e-08  	  1.17028625535e+43  
7.74140265412e-08  	  1.00361062523e+43  
7.99170111017e-08  	  1.23778416409e+43  
8.27817815135e-08  	  1.32387659974e+43  
8.4814019401e-08  	  1.13886855063e+43  
8.68493372857e-08  	  1.47080710437e+43  
8.94984966567e-08  	  1.61081348839e+43  
9.10932951605e-08  	  2.02334209038e+43  
9.26693872149e-08  	  3.36788909753e+43  
9.4693776079e-08  	  4.35234377789e+43  
9.61993857387e-08  	  3.86956308855e+43  
9.87467089763e-08  	  2.7121055045e+43  
1.00498051926e-07  	  3.97109443723e+43  
1.02853190903e-07  	  3.73786885875e+43  
1.04800044135e-07  	  4.62809706797e+43  
1.07342854175e-07  	  4.06632254966e+43  
1.10756061668e-07  	  3.79123638704e+43  
1.1388637345e-07  	  3.70270119208e+43  
1.17995549986e-07  	  3.1358137502e+43  
1.20389785878e-07  	  2.83849093146e+43  
1.23204193039e-07  	  3.05946041923e+43  
1.25952280955e-07  	  3.31802601453e+43  
1.28973293729e-07  	  3.22402236356e+43  
1.3244044164e-07  	  3.10765381201e+43  
1.35367040527e-07  	  3.02607091513e+43  
1.3822090953e-07  	  2.63934333838e+43  
1.41231437178e-07  	  2.51414222711e+43  
1.45059270942e-07  	  2.47330411772e+43  
1.48769233337e-07  	  2.33679336247e+43  
1.52706219112e-07  	  1.92716046133e+43  
1.55733302927e-07  	  1.71681351794e+43  
1.58772923304e-07  	  1.87187750585e+43  
1.61958012111e-07  	  1.88905837477e+43  
1.64448154247e-07  	  1.87669175533e+43  
1.68703500169e-07  	  1.82484298124e+43  
1.73752573339e-07  	  1.71661721882e+43  
1.78526935109e-07  	  1.64521439725e+43  
1.83608235939e-07  	  1.49263005317e+43  
1.8935592224e-07  	  1.36072625868e+43  
1.98291862558e-07  	  1.3187379164e+43  
2.02986944957e-07  	  1.28000725121e+43  
2.06601928364e-07  	  1.21959572113e+43  
2.10548631953e-07  	  1.2178762477e+43  
2.15290769094e-07  	  1.14807554147e+43  
2.19467642478e-07  	  1.10983322254e+43  
2.23879040608e-07  	  1.04608782374e+43  
2.27572272895e-07  	  1.01013287356e+43  
2.3136639105e-07  	  9.25794762019e+42  
2.36169083673e-07  	  8.65557183349e+42  
2.40697007389e-07  	  8.2621565292e+42  
2.44810447152e-07  	  8.44042695845e+42  
2.50186867472e-07  	  7.67005076923e+42  
2.55956265677e-07  	  7.5665589712e+42  
2.61810236671e-07  	  7.50021684337e+42  
2.68063105521e-07  	  7.87971366207e+42  
2.75485409086e-07  	  6.97385333947e+42  
2.80923422044e-07  	  6.57422139741e+42  
2.87730906972e-07  	  7.14940641423e+42  
2.93598420877e-07  	  7.65364507369e+42  
2.98609175101e-07  	  7.49689788743e+42  
3.03848659165e-07  	  7.54429932537e+42  
3.09732221791e-07  	  7.59889031891e+42  
3.1451330546e-07  	  7.47019306522e+42  
3.19817524828e-07  	  7.19088050006e+42  
3.27448081376e-07  	  7.73912232829e+42  
3.33666297846e-07  	  7.57145132685e+42  
3.39605268846e-07  	  7.08279622995e+42  
3.44795956777e-07  	  7.27777927105e+42  
3.49810389179e-07  	  7.56237124871e+42  
3.57522372953e-07  	  7.18553395061e+42  
3.65227976191e-07  	  7.47017459823e+42  
3.70810194688e-07  	  7.14991436659e+42  
3.76440526555e-07  	  7.8750476276e+42  
3.82548451105e-07  	  8.18855863551e+42  
3.90054995981e-07  	  8.35395011883e+42  
3.97607740533e-07  	  8.81475088659e+42  
4.04150241432e-07  	  1.10182539184e+43  
4.11851080614e-07  	  1.07811619942e+43  
4.20602170546e-07  	  1.08879133077e+43  
4.30160164222e-07  	  1.00565408371e+43  
4.37994746734e-07  	  1.09403606131e+43  
4.4827200034e-07  	  1.21078797528e+43  
4.56328677199e-07  	  1.24086109808e+43  
4.63733084849e-07  	  1.2503010735e+43  
4.70561038594e-07  	  1.24828802159e+43  
4.77623151681e-07  	  1.263054317e+43  
4.86756700828e-07  	  1.30365792123e+43  
4.93625499448e-07  	  1.22417035849e+43  
5.00064668669e-07  	  1.16056848321e+43  
5.11366160063e-07  	  1.13798441964e+43  
5.21867855391e-07  	  1.11288893901e+43  
5.301096199e-07  	  1.16464853725e+43  
5.3731459865e-07  	  1.18056625068e+43  
5.45330796177e-07  	  1.17295820464e+43  
5.54908107444e-07  	  1.17417460482e+43  
5.65742435556e-07  	  1.1723059143e+43  
5.72926790062e-07  	  1.1785659169e+43  
5.85367829666e-07  	  1.16204462907e+43  
6.02457368914e-07  	  1.15763939763e+43  
6.13832625225e-07  	  1.10258466513e+43  
6.26874662717e-07  	  1.07526274643e+43  
6.36919308173e-07  	  1.07871712892e+43  
6.43192254377e-07  	  1.06461263087e+43  
6.53403355783e-07  	  1.25516334732e+43  
6.61586156133e-07  	  1.13415947988e+43  
6.70750312817e-07  	  1.02199701435e+43  
6.85445438827e-07  	  1.00635702496e+43  
6.98206520494e-07  	  9.9804963284e+42  
7.10069056047e-07  	  9.56042592234e+42  
7.1945756406e-07  	  9.23490288801e+42  
7.29799683024e-07  	  9.44611338182e+42  
7.43515583858e-07  	  9.61337324532e+42  
7.56205357622e-07  	  9.7706922951e+42  
7.65095601237e-07  	  9.29481929562e+42  
7.74309467317e-07  	  9.03128966925e+42  
7.84139478109e-07  	  9.00499480362e+42  
7.92293257484e-07  	  8.76552713903e+42  
8.03364332881e-07  	  8.9562905474e+42  
8.16823135574e-07  	  9.05120021554e+42  
8.22856490715e-07  	  8.90282727254e+42  
8.39348391317e-07  	  8.53709254354e+42  
8.51418841968e-07  	  8.0538335403e+42  
8.62589713959e-07  	  8.29539258648e+42  
8.71862040143e-07  	  8.38220620921e+42  
8.84424374903e-07  	  8.43450965479e+42  
9.00685807014e-07  	  8.31658935421e+42  
9.15628045922e-07  	  8.24711480654e+42  
9.35069631215e-07  	  7.96367109472e+42  
9.49004454546e-07  	  7.84508148916e+42  
9.68022239879e-07  	  7.70393654578e+42  
9.85995528056e-07  	  7.55958512479e+42  
1.00305737103e-06  	  7.36664750333e+42  
1.02368478334e-06  	  7.14777186359e+42  
1.05123074494e-06  	  6.85055193437e+42  
1.08147773548e-06  	  6.50201326832e+42  
1.10005153047e-06  	  6.24547985243e+42  
1.13748920543e-06  	  5.93817908003e+42  
1.17492319616e-06  	  5.61257143335e+42  
1.20443091662e-06  	  5.33774158635e+42  
1.24981901486e-06  	  5.086858783e+42  
1.27278762707e-06  	  4.91633258263e+42  
1.29559000006e-06  	  4.73629756314e+42  
1.31748769808e-06  	  4.55725273986e+42  
1.36044671479e-06  	  4.36784010108e+42  
1.40534826867e-06  	  4.14140528723e+42  
1.44621589694e-06  	  3.98481425168e+42  
1.48131787778e-06  	  3.8489835077e+42  
1.54720086503e-06  	  3.7647187388e+42  
1.588562969e-06  	  3.55143008344e+42  
1.61694525725e-06  	  3.51440212129e+42  
1.65855434411e-06  	  3.35739450078e+42  
1.7027144913e-06  	  3.15190642204e+42  
1.7440712609e-06  	  2.91294669676e+42  
1.79047954349e-06  	  2.69268524744e+42  
1.84182501437e-06  	  2.47014784687e+42  
1.88467017571e-06  	  2.27487332755e+42  
1.92166100035e-06  	  2.15849255432e+42  
1.9539238098e-06  	  2.01256060805e+42  
2.00130047071e-06  	  1.84852601509e+42  
2.11110599726e-06  	  1.63000467359e+42  
2.18706652246e-06  	  1.42615080919e+42  
2.28648820286e-06  	  1.14609597085e+42  
2.43033605383e-06  	  8.55095586916e+41  
2.54008016924e-06  	  7.2500047301e+41  
2.60658674211e-06  	  6.75054680635e+41  
2.69965398116e-06  	  6.10400668686e+41  
2.90157991958e-06  	  5.18491494766e+41  
3.06314484058e-06  	  4.30756191187e+41  
3.22362863134e-06  	  3.64604732489e+41  
3.357149673e-06  	  3.05525128153e+41  
3.57669442182e-06  	  2.49314538464e+41  
3.78196901633e-06  	  2.04174904023e+41  
3.92010661659e-06  	  1.76924382724e+41  
4.03504172386e-06  	  1.5729218765e+41  
4.15710886036e-06  	  1.40315252177e+41  
4.30967632201e-06  	  1.16973688178e+41  
4.44320929247e-06  	  9.32225615409e+40  
4.5490261393e-06  	  8.13657395641e+40  
4.74298082363e-06  	  7.21155822474e+40  
4.99595374435e-06  	  6.20053055092e+40  
5.19784556163e-06  	  5.35239871499e+40  
5.48176298309e-06  	  4.66787748518e+40  
5.67048574245e-06  	  4.10840188512e+40  
5.95799287829e-06  	  3.4865015481e+40  
6.39151471106e-06  	  2.88092723561e+40  
6.63270850989e-06  	  2.40075720203e+40  
7.07514291256e-06  	  1.98141550789e+40  
7.42968647149e-06  	  1.66140147186e+40  
7.68283292968e-06  	  1.43684084987e+40  
8.0474579762e-06  	  1.20596034068e+40  
8.63105619529e-06  	  9.6660257405e+39  
9.22052727429e-06  	  8.1274447568e+39  
