2.00570585804e-08  	  2.0629151685e-07  
2.07779255948e-08  	  2.0629151685e-07  
2.15666275546e-08  	  2.0629151685e-07  
2.23511733366e-08  	  2.0629151685e-07  
2.26989384553e-08  	  2.0629151685e-07  
2.30775360356e-08  	  2.0629151685e-07  
2.3915358806e-08  	  2.0629151685e-07  
2.4474102892e-08  	  2.0629151685e-07  
2.51551417477e-08  	  2.0629151685e-07  
2.58389859e-08  	  2.0629151685e-07  
2.6250952467e-08  	  2.0629151685e-07  
2.70915120349e-08  	  2.0629151685e-07  
2.77160002651e-08  	  2.0629151685e-07  
2.84878543334e-08  	  2.0629151685e-07  
2.95547739668e-08  	  2.0629151685e-07  
3.01937587673e-08  	  2.0629151685e-07  
3.08358247416e-08  	  2.0629151685e-07  
3.17731544709e-08  	  2.0629151685e-07  
3.28365434679e-08  	  2.0629151685e-07  
3.39605809144e-08  	  2.0629151685e-07  
3.50635441908e-08  	  2.0629151685e-07  
3.57774943608e-08  	  2.0629151685e-07  
3.68387913671e-08  	  2.0629151685e-07  
3.77041743787e-08  	  2.0629151685e-07  
3.8864261839e-08  	  2.0629151685e-07  
4.01376665097e-08  	  2.0629151685e-07  
4.09292977305e-08  	  2.0629151685e-07  
4.20960753313e-08  	  2.0629151685e-07  
4.34998504703e-08  	  2.0629151685e-07  
4.47314387216e-08  	  2.0629151685e-07  
4.61265011933e-08  	  2.0629151685e-07  
4.7739678597e-08  	  2.0629151685e-07  
4.96368369434e-08  	  74218.0154998  
5.07932465217e-08  	  3304047.46294  
5.18583525341e-08  	  7549316.48866  
5.30230148696e-08  	  15912411.4052  
5.4455868388e-08  	  35410080.2597  
5.60131506434e-08  	  80991357.7822  
5.75427667568e-08  	  166912740.696  
5.87090014382e-08  	  340806578.093  
6.06724302403e-08  	  785202203.453  
6.28317085546e-08  	  1924858370.3  
6.50363798975e-08  	  4285114840.82  
6.67206955022e-08  	  8118036176.83  
6.81593676378e-08  	  13975473789.5  
6.9827676534e-08  	  63357975998.1  
7.2248351042e-08  	  531188256538.0  
7.43966922957e-08  	  3.78931344192e+12  
7.59793454058e-08  	  1.71938326339e+13  
7.74140265412e-08  	  8.62845222064e+13  
7.99170111017e-08  	  7.52291225488e+14  
8.27817815135e-08  	  5.65038076248e+15  
8.4814019401e-08  	  2.94997192468e+16  
8.68493372857e-08  	  1.45865192415e+17  
8.94984966567e-08  	  6.53244368269e+17  
9.10932951605e-08  	  1.62711258042e+31  
9.26693872149e-08  	  3.72445907318e+32  
9.4693776079e-08  	  7.3118662955e+32  
9.61993857387e-08  	  1.29450651623e+33  
9.87467089763e-08  	  2.29602062482e+33  
1.00498051926e-07  	  4.10492665078e+33  
1.02853190903e-07  	  6.23214677072e+33  
1.04800044135e-07  	  1.2068398374e+34  
1.07342854175e-07  	  2.2427488399e+34  
1.10756061668e-07  	  9.91785356992e+34  
1.1388637345e-07  	  2.99744241949e+35  
1.17995549986e-07  	  4.76288475835e+35  
1.20389785878e-07  	  2.96627220911e+35  
1.23204193039e-07  	  8.16739248496e+35  
1.25952280955e-07  	  2.60328811533e+36  
1.28973293729e-07  	  5.72059059048e+36  
1.3244044164e-07  	  1.08208381929e+37  
1.35367040527e-07  	  1.75235050493e+37  
1.3822090953e-07  	  2.53607844385e+37  
1.41231437178e-07  	  3.82412417743e+37  
1.45059270942e-07  	  6.10869166948e+37  
1.48769233337e-07  	  9.83211361245e+37  
1.52706219112e-07  	  1.75559188678e+38  
1.55733302927e-07  	  3.01626758665e+38  
1.58772923304e-07  	  7.42898119449e+38  
1.61958012111e-07  	  1.10941304686e+39  
1.64448154247e-07  	  1.82751978166e+39  
1.68703500169e-07  	  8.5310550569e+39  
1.73752573339e-07  	  2.39515392436e+40  
1.78526935109e-07  	  4.22325938161e+40  
1.83608235939e-07  	  6.04382084072e+40  
1.8935592224e-07  	  9.18249723951e+40  
1.98291862558e-07  	  1.4779947216e+41  
2.02986944957e-07  	  1.74552833129e+41  
2.06601928364e-07  	  2.71902023106e+41  
2.10548631953e-07  	  4.22049263265e+41  
2.15290769094e-07  	  4.45426227916e+41  
2.19467642478e-07  	  5.16241707715e+41  
2.23879040608e-07  	  5.77184802612e+41  
2.27572272895e-07  	  5.35664614508e+41  
2.3136639105e-07  	  5.59628658417e+41  
2.36169083673e-07  	  3.91947552974e+41  
2.40697007389e-07  	  3.90360680364e+41  
2.44810447152e-07  	  7.815722222e+41  
2.50186867472e-07  	  4.54819255591e+41  
2.55956265677e-07  	  7.78125038341e+41  
2.61810236671e-07  	  1.05736502905e+42  
2.68063105521e-07  	  2.07886614801e+42  
2.75485409086e-07  	  1.34237449706e+42  
2.80923422044e-07  	  1.2867725555e+42  
2.87730906972e-07  	  2.29855696072e+42  
2.93598420877e-07  	  3.72382019253e+42  
2.98609175101e-07  	  3.54331988672e+42  
3.03848659165e-07  	  3.96009756514e+42  
3.09732221791e-07  	  4.57294202028e+42  
3.1451330546e-07  	  4.74050619052e+42  
3.19817524828e-07  	  4.65815127749e+42  
3.27448081376e-07  	  6.44744249277e+42  
3.33666297846e-07  	  6.24885488109e+42  
3.39605268846e-07  	  5.30740364238e+42  
3.44795956777e-07  	  6.19199504157e+42  
3.49810389179e-07  	  7.32533757539e+42  
3.57522372953e-07  	  6.60199418816e+42  
3.65227976191e-07  	  8.40979874676e+42  
3.70810194688e-07  	  8.08219939259e+42  
3.76440526555e-07  	  8.1215806155e+42  
3.82548451105e-07  	  7.08587912566e+42  
3.90054995981e-07  	  7.76469111352e+42  
3.97607740533e-07  	  9.72540371625e+42  
4.04150241432e-07  	  1.36243060818e+43  
4.11851080614e-07  	  1.45599453816e+43  
4.20602170546e-07  	  1.38944183492e+43  
4.30160164222e-07  	  1.30621793807e+43  
4.37994746734e-07  	  1.60285749506e+43  
4.4827200034e-07  	  1.90900581426e+43  
4.56328677199e-07  	  2.04139903124e+43  
4.63733084849e-07  	  2.10045229339e+43  
4.70561038594e-07  	  2.14198229152e+43  
4.77623151681e-07  	  2.20559140596e+43  
4.86756700828e-07  	  2.15264649727e+43  
4.93625499448e-07  	  2.19876750221e+43  
5.00064668669e-07  	  2.05888979725e+43  
5.11366160063e-07  	  2.0278033587e+43  
5.21867855391e-07  	  2.02457717022e+43  
5.301096199e-07  	  2.23392778546e+43  
5.3731459865e-07  	  2.29824144146e+43  
5.45330796177e-07  	  2.307154156e+43  
5.54908107444e-07  	  2.35022421836e+43  
5.65742435556e-07  	  2.38150423108e+43  
5.72926790062e-07  	  2.4287231385e+43  
5.85367829666e-07  	  2.41335532607e+43  
6.02457368914e-07  	  2.45479078833e+43  
6.13832625225e-07  	  2.34337903275e+43  
6.26874662717e-07  	  2.29575491984e+43  
6.36919308173e-07  	  2.33212682591e+43  
6.43192254377e-07  	  2.31489875463e+43  
6.53403355783e-07  	  2.28926636459e+43  
6.61586156133e-07  	  2.30248875084e+43  
6.70750312817e-07  	  2.24744453314e+43  
6.85445438827e-07  	  2.23150323811e+43  
6.98206520494e-07  	  2.2478780285e+43  
7.10069056047e-07  	  2.14288676295e+43  
7.1945756406e-07  	  2.06865121827e+43  
7.29799683024e-07  	  2.1585809333e+43  
7.43515583858e-07  	  2.25671685502e+43  
7.56205357622e-07  	  2.33493254184e+43  
7.65095601237e-07  	  2.16952923222e+43  
7.74309467317e-07  	  2.09784134345e+43  
7.84139478109e-07  	  2.10538765238e+43  
7.92293257484e-07  	  2.06397738462e+43  
8.03364332881e-07  	  2.14341250367e+43  
8.16823135574e-07  	  2.22314472166e+43  
8.22856490715e-07  	  2.17988237122e+43  
8.39348391317e-07  	  2.07904912237e+43  
8.51418841968e-07  	  1.95096960877e+43  
8.62589713959e-07  	  2.03767406383e+43  
8.71862040143e-07  	  2.08948904898e+43  
8.84424374903e-07  	  2.11113018453e+43  
9.00685807014e-07  	  2.0906569503e+43  
9.15628045922e-07  	  2.1133022529e+43  
9.35069631215e-07  	  2.02518101032e+43  
9.49004454546e-07  	  2.02182250506e+43  
9.68022239879e-07  	  1.99625300959e+43  
9.85995528056e-07  	  1.96450680502e+43  
1.00305737103e-06  	  1.93737561993e+43  
1.02368478334e-06  	  1.89295754847e+43  
1.05123074494e-06  	  1.82154297677e+43  
1.08147773548e-06  	  1.7366232036e+43  
1.10005153047e-06  	  1.66702804418e+43  
1.13748920543e-06  	  1.59291417379e+43  
1.17492319616e-06  	  1.51488299288e+43  
1.20443091662e-06  	  1.44612873886e+43  
1.24981901486e-06  	  1.38485973701e+43  
1.27278762707e-06  	  1.33011431263e+43  
1.29559000006e-06  	  1.29504300733e+43  
1.31748769808e-06  	  1.25131220352e+43  
1.36044671479e-06  	  1.20260924438e+43  
1.40534826867e-06  	  1.13394768896e+43  
1.44621589694e-06  	  1.09990736771e+43  
1.48131787778e-06  	  1.06994716786e+43  
1.54720086503e-06  	  1.06287148924e+43  
1.588562969e-06  	  1.00786309473e+43  
1.61694525725e-06  	  1.00012269554e+43  
1.65855434411e-06  	  9.64693958521e+42  
1.7027144913e-06  	  9.1303049332e+42  
1.7440712609e-06  	  8.45146777974e+42  
1.79047954349e-06  	  7.77788108108e+42  
1.84182501437e-06  	  7.14529591712e+42  
1.88467017571e-06  	  6.59852729409e+42  
1.92166100035e-06  	  6.24558435489e+42  
1.9539238098e-06  	  5.81908795916e+42  
2.00130047071e-06  	  5.34133556247e+42  
2.11110599726e-06  	  4.74536925624e+42  
2.18706652246e-06  	  4.16884967454e+42  
2.28648820286e-06  	  3.34606727767e+42  
2.43033605383e-06  	  2.45439103984e+42  
2.54008016924e-06  	  1.99395566098e+42  
2.60658674211e-06  	  1.88253048724e+42  
2.69965398116e-06  	  1.71319636719e+42  
2.90157991958e-06  	  1.46723441528e+42  
3.06314484058e-06  	  1.2336471447e+42  
3.22362863134e-06  	  1.05927189381e+42  
3.357149673e-06  	  8.96614138652e+41  
3.57669442182e-06  	  7.3487767041e+41  
3.78196901633e-06  	  6.03396826217e+41  
3.92010661659e-06  	  5.22484812472e+41  
4.03504172386e-06  	  4.64327424884e+41  
4.15710886036e-06  	  4.14196289275e+41  
4.30967632201e-06  	  3.47956376812e+41  
4.44320929247e-06  	  2.81975513261e+41  
4.5490261393e-06  	  2.4734079934e+41  
4.74298082363e-06  	  2.18606924086e+41  
4.99595374435e-06  	  1.87247996784e+41  
5.19784556163e-06  	  1.60908080512e+41  
5.48176298309e-06  	  1.39492622005e+41  
5.67048574245e-06  	  1.21995376429e+41  
5.95799287829e-06  	  1.02828828323e+41  
6.39151471106e-06  	  8.42840425785e+40  
6.63270850989e-06  	  6.96825571552e+40  
7.07514291256e-06  	  5.69806435409e+40  
7.42968647149e-06  	  4.73024522333e+40  
7.68283292968e-06  	  4.0517169854e+40  
8.0474579762e-06  	  3.35369348226e+40  
8.63105619529e-06  	  2.62904972176e+40  
9.22052727429e-06  	  2.16295292969e+40  
