2.00570585804e-08  	  4.61760795023e+40  
2.07779255948e-08  	  2.98613603816e+40  
2.15666275546e-08  	  4.42384580921e+40  
2.23511733366e-08  	  4.5380576816e+40  
2.26989384553e-08  	  3.29078083978e+40  
2.30775360356e-08  	  5.82306244917e+40  
2.3915358806e-08  	  5.47289217367e+40  
2.4474102892e-08  	  6.09092703109e+40  
2.51551417477e-08  	  1.09870128968e+41  
2.58389859e-08  	  2.70910751326e+41  
2.6250952467e-08  	  2.59244328513e+41  
2.70915120349e-08  	  5.66527334297e+41  
2.77160002651e-08  	  3.25592054115e+41  
2.84878543334e-08  	  1.24502512486e+41  
2.95547739668e-08  	  1.08571075186e+41  
3.01937587673e-08  	  1.00266161522e+41  
3.08358247416e-08  	  1.750052473e+41  
3.17731544709e-08  	  3.95287454924e+41  
3.28365434679e-08  	  1.1850884982e+42  
3.39605809144e-08  	  1.58071247716e+42  
3.50635441908e-08  	  1.50126783833e+42  
3.57774943608e-08  	  4.60950497148e+41  
3.68387913671e-08  	  7.00542446264e+41  
3.77041743787e-08  	  9.91846874185e+41  
3.8864261839e-08  	  1.44287780434e+42  
4.01376665097e-08  	  1.69860925175e+42  
4.09292977305e-08  	  1.37336925533e+42  
4.20960753313e-08  	  2.08024574517e+42  
4.34998504703e-08  	  1.26633877784e+42  
4.47314387216e-08  	  1.89114053016e+42  
4.61265011933e-08  	  2.26324169099e+42  
4.7739678597e-08  	  2.11441119282e+42  
4.96368369434e-08  	  1.74221052461e+42  
5.07932465217e-08  	  2.34935154013e+42  
5.18583525341e-08  	  3.33371661855e+42  
5.30230148696e-08  	  2.56225825576e+42  
5.4455868388e-08  	  1.35043069968e+42  
5.60131506434e-08  	  4.15840540816e+42  
5.75427667568e-08  	  4.52633778358e+42  
5.87090014382e-08  	  5.05849001017e+42  
6.06724302403e-08  	  4.20115646586e+42  
6.28317085546e-08  	  4.5007245614e+42  
6.50363798975e-08  	  4.55854879762e+42  
6.67206955022e-08  	  3.2462026942e+42  
6.81593676378e-08  	  3.98485743942e+42  
6.9827676534e-08  	  4.46612439482e+42  
7.2248351042e-08  	  5.9527297836e+42  
7.43966922957e-08  	  5.33437187958e+42  
7.59793454058e-08  	  6.12665436689e+42  
7.74140265412e-08  	  4.93742628754e+42  
7.99170111017e-08  	  4.83237701355e+42  
8.27817815135e-08  	  5.75204114937e+42  
8.4814019401e-08  	  5.19347269708e+42  
8.68493372857e-08  	  6.45767763296e+42  
8.94984966567e-08  	  7.0076637529e+42  
9.10932951605e-08  	  1.21744209605e+43  
9.26693872149e-08  	  2.41031292563e+43  
9.4693776079e-08  	  3.28384601495e+43  
9.61993857387e-08  	  3.27161626889e+43  
9.87467089763e-08  	  2.40760986308e+43  
1.00498051926e-07  	  3.61056964364e+43  
1.02853190903e-07  	  3.08589228732e+43  
1.04800044135e-07  	  4.12005015062e+43  
1.07342854175e-07  	  3.61483760013e+43  
1.10756061668e-07  	  3.48438358002e+43  
1.1388637345e-07  	  3.32120192221e+43  
1.17995549986e-07  	  2.85805176199e+43  
1.20389785878e-07  	  2.42226915306e+43  
1.23204193039e-07  	  2.76608361856e+43  
1.25952280955e-07  	  2.98450887426e+43  
1.28973293729e-07  	  2.93858571818e+43  
1.3244044164e-07  	  2.86060845764e+43  
1.35367040527e-07  	  2.78934886949e+43  
1.3822090953e-07  	  2.4457976282e+43  
1.41231437178e-07  	  2.31140176526e+43  
1.45059270942e-07  	  2.31756003652e+43  
1.48769233337e-07  	  2.17308835474e+43  
1.52706219112e-07  	  1.8060783229e+43  
1.55733302927e-07  	  1.61724197909e+43  
1.58772923304e-07  	  1.76684506434e+43  
1.61958012111e-07  	  1.76715981101e+43  
1.64448154247e-07  	  1.76320197885e+43  
1.68703500169e-07  	  1.7120057889e+43  
1.73752573339e-07  	  1.59441468938e+43  
1.78526935109e-07  	  1.54008583492e+43  
1.83608235939e-07  	  1.39643045048e+43  
1.8935592224e-07  	  1.27273563741e+43  
1.98291862558e-07  	  1.22590605782e+43  
2.02986944957e-07  	  1.17860510546e+43  
2.06601928364e-07  	  1.12821371977e+43  
2.10548631953e-07  	  1.107345264e+43  
2.15290769094e-07  	  1.05441329131e+43  
2.19467642478e-07  	  1.01766338581e+43  
2.23879040608e-07  	  9.58960602813e+42  
2.27572272895e-07  	  9.30130256661e+42  
2.3136639105e-07  	  8.49328208462e+42  
2.36169083673e-07  	  8.0456815256e+42  
2.40697007389e-07  	  7.67397374038e+42  
2.44810447152e-07  	  7.66092675247e+42  
2.50186867472e-07  	  7.06103822236e+42  
2.55956265677e-07  	  6.88457175972e+42  
2.61810236671e-07  	  6.75246727813e+42  
2.68063105521e-07  	  6.79194372292e+42  
2.75485409086e-07  	  6.16429201808e+42  
2.80923422044e-07  	  5.79113862097e+42  
2.87730906972e-07  	  5.98690431058e+42  
2.93598420877e-07  	  6.11843157138e+42  
2.98609175101e-07  	  5.94756496888e+42  
3.03848659165e-07  	  5.87839849661e+42  
3.09732221791e-07  	  5.79231030711e+42  
3.1451330546e-07  	  5.64179843805e+42  
3.19817524828e-07  	  5.41488144509e+42  
3.27448081376e-07  	  5.56359680343e+42  
3.33666297846e-07  	  5.39707646728e+42  
3.39605268846e-07  	  5.1144190803e+42  
3.44795956777e-07  	  5.14070449494e+42  
3.49810389179e-07  	  5.19472779754e+42  
3.57522372953e-07  	  4.95899142099e+42  
3.65227976191e-07  	  5.00957947693e+42  
3.70810194688e-07  	  4.87459266207e+42  
3.76440526555e-07  	  5.58686243881e+42  
3.82548451105e-07  	  6.1034890205e+42  
3.90054995981e-07  	  6.25814591159e+42  
3.97607740533e-07  	  6.36921561107e+42  
4.04150241432e-07  	  7.6024468042e+42  
4.11851080614e-07  	  7.08817477697e+42  
4.20602170546e-07  	  7.31548300898e+42  
4.30160164222e-07  	  6.65587951101e+42  
4.37994746734e-07  	  6.88776658828e+42  
4.4827200034e-07  	  7.44322064336e+42  
4.56328677199e-07  	  7.46768380567e+42  
4.63733084849e-07  	  7.44138507634e+42  
4.70561038594e-07  	  7.34133953493e+42  
4.77623151681e-07  	  7.3349226324e+42  
4.86756700828e-07  	  7.15872142352e+42  
4.93625499448e-07  	  7.00673381438e+42  
5.00064668669e-07  	  6.68566777542e+42  
5.11366160063e-07  	  6.51041383394e+42  
5.21867855391e-07  	  6.31802405045e+42  
5.301096199e-07  	  6.45702711272e+42  
5.3731459865e-07  	  6.47970515658e+42  
5.45330796177e-07  	  6.39635032048e+42  
5.54908107444e-07  	  6.34529293408e+42  
5.65742435556e-07  	  6.28383449142e+42  
5.72926790062e-07  	  6.25626091992e+42  
5.85367829666e-07  	  6.13096176692e+42  
6.02457368914e-07  	  6.03825070302e+42  
6.13832625225e-07  	  5.75167495994e+42  
6.26874662717e-07  	  5.59676678658e+42  
6.36919308173e-07  	  5.57528678568e+42  
6.43192254377e-07  	  5.48214973127e+42  
6.53403355783e-07  	  6.13171429388e+42  
6.61586156133e-07  	  5.66837723711e+42  
6.70750312817e-07  	  5.23520545696e+42  
6.85445438827e-07  	  5.13325744847e+42  
6.98206520494e-07  	  5.03883879736e+42  
7.10069056047e-07  	  4.84545271252e+42  
7.1945756406e-07  	  4.69630732548e+42  
7.29799683024e-07  	  4.73311866399e+42  
7.43515583858e-07  	  4.73603936513e+42  
7.56205357622e-07  	  4.75709127755e+42  
7.65095601237e-07  	  4.58501289309e+42  
7.74309467317e-07  	  4.47324575329e+42  
7.84139478109e-07  	  4.44204660976e+42  
7.92293257484e-07  	  4.30679986597e+42  
8.03364332881e-07  	  4.35209871533e+42  
8.16823135574e-07  	  4.3376316082e+42  
8.22856490715e-07  	  4.25912008908e+42  
8.39348391317e-07  	  4.10241506176e+42  
8.51418841968e-07  	  3.90753795178e+42  
8.62589713959e-07  	  3.97566316126e+42  
8.71862040143e-07  	  3.97344076367e+42  
8.84424374903e-07  	  3.97419944643e+42  
9.00685807014e-07  	  3.89900453434e+42  
9.15628045922e-07  	  3.83972046745e+42  
9.35069631215e-07  	  3.73372251673e+42  
9.49004454546e-07  	  3.63992282987e+42  
9.68022239879e-07  	  3.55858117235e+42  
9.85995528056e-07  	  3.47552870531e+42  
1.00305737103e-06  	  3.36030582861e+42  
1.02368478334e-06  	  3.25566707724e+42  
1.05123074494e-06  	  3.1117534077e+42  
1.08147773548e-06  	  2.94563114526e+42  
1.10005153047e-06  	  2.82562054516e+42  
1.13748920543e-06  	  2.68182223235e+42  
1.17492319616e-06  	  2.52601646254e+42  
1.20443091662e-06  	  2.39594116589e+42  
1.24981901486e-06  	  2.27707255079e+42  
1.27278762707e-06  	  2.19175101007e+42  
1.29559000006e-06  	  2.11183803939e+42  
1.31748769808e-06  	  2.03035613416e+42  
1.36044671479e-06  	  1.94035338458e+42  
1.40534826867e-06  	  1.84015507646e+42  
1.44621589694e-06  	  1.76525776595e+42  
1.48131787778e-06  	  1.69822859715e+42  
1.54720086503e-06  	  1.64851539304e+42  
1.588562969e-06  	  1.55603524381e+42  
1.61694525725e-06  	  1.53326326665e+42  
1.65855434411e-06  	  1.45718091079e+42  
1.7027144913e-06  	  1.36183417335e+42  
1.7440712609e-06  	  1.25598172078e+42  
1.79047954349e-06  	  1.16047354552e+42  
1.84182501437e-06  	  1.06381401489e+42  
1.88467017571e-06  	  9.7891267581e+41  
1.92166100035e-06  	  9.28265769988e+41  
1.9539238098e-06  	  8.65204769127e+41  
2.00130047071e-06  	  7.9418153776e+41  
2.11110599726e-06  	  6.98291147263e+41  
2.18706652246e-06  	  6.09363981951e+41  
2.28648820286e-06  	  4.91882436439e+41  
2.43033605383e-06  	  3.70921172398e+41  
2.54008016924e-06  	  3.18194791172e+41  
2.60658674211e-06  	  2.93809276507e+41  
2.69965398116e-06  	  2.64363076666e+41  
2.90157991958e-06  	  2.23293972678e+41  
3.06314484058e-06  	  1.84570770897e+41  
3.22362863134e-06  	  1.55536257743e+41  
3.357149673e-06  	  1.29966031813e+41  
3.57669442182e-06  	  1.05858844198e+41  
3.78196901633e-06  	  8.66287308205e+40  
3.92010661659e-06  	  7.50302943076e+40  
4.03504172386e-06  	  6.66773793622e+40  
4.15710886036e-06  	  5.94390498896e+40  
4.30967632201e-06  	  4.95824023572e+40  
4.44320929247e-06  	  3.95022863511e+40  
4.5490261393e-06  	  3.43957420126e+40  
4.74298082363e-06  	  3.04430741946e+40  
4.99595374435e-06  	  2.61591156123e+40  
5.19784556163e-06  	  2.2554854314e+40  
5.48176298309e-06  	  1.96508993043e+40  
5.67048574245e-06  	  1.72732845261e+40  
5.95799287829e-06  	  1.46385928516e+40  
6.39151471106e-06  	  1.20793882032e+40  
6.63270850989e-06  	  1.00523799491e+40  
7.07514291256e-06  	  8.28398914709e+39  
7.42968647149e-06  	  6.93583072272e+39  
7.68283292968e-06  	  5.99113760642e+39  
8.0474579762e-06  	  5.02054302278e+39  
8.63105619529e-06  	  4.01513489537e+39  
9.22052727429e-06  	  3.36941161341e+39  
