2.00570585804e-08  	  1.97034684779e+37  
2.07779255948e-08  	  4.16567823411e+38  
2.15666275546e-08  	  1.91077654228e+39  
2.23511733366e-08  	  1.19206687512e+39  
2.26989384553e-08  	  8.69662413414e+38  
2.30775360356e-08  	  1.63589648851e+39  
2.3915358806e-08  	  4.86021384254e+39  
2.4474102892e-08  	  2.40671778767e+39  
2.51551417477e-08  	  1.25799167841e+40  
2.58389859e-08  	  3.19895690747e+40  
2.6250952467e-08  	  1.08401718445e+41  
2.70915120349e-08  	  1.6353187599e+41  
2.77160002651e-08  	  8.81340938906e+40  
2.84878543334e-08  	  6.03314516651e+40  
2.95547739668e-08  	  8.18939231422e+40  
3.01937587673e-08  	  7.50606938517e+40  
3.08358247416e-08  	  2.11635459637e+41  
3.17731544709e-08  	  5.89193291636e+41  
3.28365434679e-08  	  2.69182231123e+41  
3.39605809144e-08  	  1.5513489192e+41  
3.50635441908e-08  	  1.66872861021e+41  
3.57774943608e-08  	  3.65278566952e+41  
3.68387913671e-08  	  1.19240654225e+42  
3.77041743787e-08  	  1.08808284098e+42  
3.8864261839e-08  	  6.95665936155e+41  
4.01376665097e-08  	  1.37596438038e+42  
4.09292977305e-08  	  2.09134429602e+42  
4.20960753313e-08  	  1.36797118522e+42  
4.34998504703e-08  	  6.9532050366e+41  
4.47314387216e-08  	  1.28653505144e+42  
4.61265011933e-08  	  2.03516035239e+42  
4.7739678597e-08  	  2.18574628972e+42  
4.96368369434e-08  	  3.37572936724e+42  
5.07932465217e-08  	  3.42074500839e+42  
5.18583525341e-08  	  4.45210294013e+42  
5.30230148696e-08  	  2.68547758544e+42  
5.4455868388e-08  	  5.40186502646e+41  
5.60131506434e-08  	  3.32629956098e+42  
5.75427667568e-08  	  3.70539165681e+42  
5.87090014382e-08  	  5.24148278333e+42  
6.06724302403e-08  	  3.45234536009e+42  
6.28317085546e-08  	  1.77311362624e+42  
6.50363798975e-08  	  2.79861325546e+42  
6.67206955022e-08  	  2.60406869027e+42  
6.81593676378e-08  	  3.53635317405e+42  
6.9827676534e-08  	  2.6125349911e+42  
7.2248351042e-08  	  3.84541690522e+42  
7.43966922957e-08  	  3.28482716944e+42  
7.59793454058e-08  	  2.19681894303e+42  
7.74140265412e-08  	  1.66045768943e+42  
7.99170111017e-08  	  2.86329985089e+42  
8.27817815135e-08  	  2.71183854575e+42  
8.4814019401e-08  	  2.45344290755e+42  
8.68493372857e-08  	  2.79675497156e+42  
8.94984966567e-08  	  2.89706908908e+42  
9.10932951605e-08  	  2.68342069881e+42  
9.26693872149e-08  	  4.97871133736e+42  
9.4693776079e-08  	  8.30256673588e+42  
9.61993857387e-08  	  6.29072318317e+42  
9.87467089763e-08  	  4.84788960026e+42  
1.00498051926e-07  	  6.11723717106e+42  
1.02853190903e-07  	  5.61175211198e+42  
1.04800044135e-07  	  7.34625907338e+42  
1.07342854175e-07  	  6.33622281255e+42  
1.10756061668e-07  	  6.56855105654e+42  
1.1388637345e-07  	  6.59108780326e+42  
1.17995549986e-07  	  5.94533337415e+42  
1.20389785878e-07  	  4.21348361576e+42  
1.23204193039e-07  	  5.21440663713e+42  
1.25952280955e-07  	  6.18007960064e+42  
1.28973293729e-07  	  6.17980007273e+42  
1.3244044164e-07  	  6.04733569564e+42  
1.35367040527e-07  	  6.01505547324e+42  
1.3822090953e-07  	  5.56517534238e+42  
1.41231437178e-07  	  5.22056792891e+42  
1.45059270942e-07  	  5.1984158894e+42  
1.48769233337e-07  	  4.85747237666e+42  
1.52706219112e-07  	  4.22411851627e+42  
1.55733302927e-07  	  3.96073869778e+42  
1.58772923304e-07  	  4.13756187004e+42  
1.61958012111e-07  	  4.0097750086e+42  
1.64448154247e-07  	  3.93206564501e+42  
1.68703500169e-07  	  3.84087873506e+42  
1.73752573339e-07  	  3.58179471206e+42  
1.78526935109e-07  	  3.55425860401e+42  
1.83608235939e-07  	  3.24934230587e+42  
1.8935592224e-07  	  3.08854548696e+42  
1.98291862558e-07  	  3.09217926171e+42  
2.02986944957e-07  	  2.99250832233e+42  
2.06601928364e-07  	  3.06537283078e+42  
2.10548631953e-07  	  3.19537488944e+42  
2.15290769094e-07  	  3.0912659352e+42  
2.19467642478e-07  	  3.09492095475e+42  
2.23879040608e-07  	  3.00309695429e+42  
2.27572272895e-07  	  2.90303287963e+42  
2.3136639105e-07  	  2.68058985638e+42  
2.36169083673e-07  	  2.33433273692e+42  
2.40697007389e-07  	  2.26038542537e+42  
2.44810447152e-07  	  2.81638622703e+42  
2.50186867472e-07  	  2.29688322097e+42  
2.55956265677e-07  	  2.62861259324e+42  
2.61810236671e-07  	  2.95013474819e+42  
2.68063105521e-07  	  4.19730331988e+42  
2.75485409086e-07  	  3.18347096417e+42  
2.80923422044e-07  	  3.03240156026e+42  
2.87730906972e-07  	  4.31875854143e+42  
2.93598420877e-07  	  5.90297013315e+42  
2.98609175101e-07  	  5.75338627276e+42  
3.03848659165e-07  	  6.1994029443e+42  
3.09732221791e-07  	  6.76217879372e+42  
3.1451330546e-07  	  6.86032294473e+42  
3.19817524828e-07  	  6.70841330686e+42  
3.27448081376e-07  	  8.57078689365e+42  
3.33666297846e-07  	  8.37163691245e+42  
3.39605268846e-07  	  7.38554448981e+42  
3.44795956777e-07  	  8.30737122676e+42  
3.49810389179e-07  	  9.43240629575e+42  
3.57522372953e-07  	  8.69012857928e+42  
3.65227976191e-07  	  1.03864188945e+43  
3.70810194688e-07  	  1.00842633481e+43  
3.76440526555e-07  	  1.04991486553e+43  
3.82548451105e-07  	  9.77495770328e+42  
3.90054995981e-07  	  1.03886659109e+43  
3.97607740533e-07  	  1.2252220297e+43  
4.04150241432e-07  	  1.66145007002e+43  
4.11851080614e-07  	  1.73348359223e+43  
4.20602170546e-07  	  1.68408359816e+43  
4.30160164222e-07  	  1.56809211517e+43  
4.37994746734e-07  	  1.86022919177e+43  
4.4827200034e-07  	  2.17036745591e+43  
4.56328677199e-07  	  2.29362211289e+43  
4.63733084849e-07  	  2.34810955284e+43  
4.70561038594e-07  	  2.38251283828e+43  
4.77623151681e-07  	  2.44482272499e+43  
4.86756700828e-07  	  2.38682107775e+43  
4.93625499448e-07  	  2.42087543987e+43  
5.00064668669e-07  	  2.28100050995e+43  
5.11366160063e-07  	  2.24885583332e+43  
5.21867855391e-07  	  2.23129274305e+43  
5.301096199e-07  	  2.42081883398e+43  
5.3731459865e-07  	  2.48164463926e+43  
5.45330796177e-07  	  2.48607641767e+43  
5.54908107444e-07  	  2.52076805168e+43  
5.65742435556e-07  	  2.54476016263e+43  
5.72926790062e-07  	  2.58514750687e+43  
5.85367829666e-07  	  2.5652564942e+43  
6.02457368914e-07  	  2.59475927923e+43  
6.13832625225e-07  	  2.47811826366e+43  
6.26874662717e-07  	  2.42690233046e+43  
6.36919308173e-07  	  2.45630284947e+43  
6.43192254377e-07  	  2.43470159795e+43  
6.53403355783e-07  	  2.44511676195e+43  
6.61586156133e-07  	  2.43169673858e+43  
6.70750312817e-07  	  2.36004140068e+43  
6.85445438827e-07  	  2.33816163331e+43  
6.98206520494e-07  	  2.34276845545e+43  
7.10069056047e-07  	  2.24008136601e+43  
7.1945756406e-07  	  2.1652511632e+43  
7.29799683024e-07  	  2.2418307861e+43  
7.43515583858e-07  	  2.3212598069e+43  
7.56205357622e-07  	  2.38609185963e+43  
7.65095601237e-07  	  2.23690206447e+43  
7.74309467317e-07  	  2.16824993034e+43  
7.84139478109e-07  	  2.17129636354e+43  
7.92293257484e-07  	  2.12444605944e+43  
8.03364332881e-07  	  2.19278111194e+43  
8.16823135574e-07  	  2.25256522097e+43  
8.22856490715e-07  	  2.21314630152e+43  
8.39348391317e-07  	  2.11647840327e+43  
8.51418841968e-07  	  1.98986364025e+43  
8.62589713959e-07  	  2.06726191676e+43  
8.71862040143e-07  	  2.10805414336e+43  
8.84424374903e-07  	  2.1257093062e+43  
9.00685807014e-07  	  2.10210027034e+43  
9.15628045922e-07  	  2.10903119735e+43  
9.35069631215e-07  	  2.02766320522e+43  
9.49004454546e-07  	  2.01472320179e+43  
9.68022239879e-07  	  1.98461860924e+43  
9.85995528056e-07  	  1.95152389645e+43  
1.00305737103e-06  	  1.91672833635e+43  
1.02368478334e-06  	  1.86655282434e+43  
1.05123074494e-06  	  1.79476159951e+43  
1.08147773548e-06  	  1.70903620758e+43  
1.10005153047e-06  	  1.64197516059e+43  
1.13748920543e-06  	  1.56657871056e+43  
1.17492319616e-06  	  1.4875909994e+43  
1.20443091662e-06  	  1.41878259806e+43  
1.24981901486e-06  	  1.35685898061e+43  
1.27278762707e-06  	  1.30281567221e+43  
1.29559000006e-06  	  1.26643971805e+43  
1.31748769808e-06  	  1.22350093647e+43  
1.36044671479e-06  	  1.17562538541e+43  
1.40534826867e-06  	  1.11124122428e+43  
1.44621589694e-06  	  1.07444990148e+43  
1.48131787778e-06  	  1.04224916873e+43  
1.54720086503e-06  	  1.02885133249e+43  
1.588562969e-06  	  9.73762336877e+42  
1.61694525725e-06  	  9.63844688318e+42  
1.65855434411e-06  	  9.25889558388e+42  
1.7027144913e-06  	  8.73304623282e+42  
1.7440712609e-06  	  8.08348021798e+42  
1.79047954349e-06  	  7.46103206509e+42  
1.84182501437e-06  	  6.85662985639e+42  
1.88467017571e-06  	  6.32794368342e+42  
1.92166100035e-06  	  5.99011065344e+42  
1.9539238098e-06  	  5.58172045378e+42  
2.00130047071e-06  	  5.12187589611e+42  
2.11110599726e-06  	  4.53085029726e+42  
2.18706652246e-06  	  3.96859893541e+42  
2.28648820286e-06  	  3.19070577241e+42  
2.43033605383e-06  	  2.36210395827e+42  
2.54008016924e-06  	  1.95166240279e+42  
2.60658674211e-06  	  1.8361814636e+42  
2.69965398116e-06  	  1.6671511922e+42  
2.90157991958e-06  	  1.422518252e+42  
3.06314484058e-06  	  1.18825337642e+42  
3.22362863134e-06  	  1.01258669415e+42  
3.357149673e-06  	  8.52660775382e+41  
3.57669442182e-06  	  6.96918044542e+41  
3.78196901633e-06  	  5.71311041126e+41  
3.92010661659e-06  	  4.94618248947e+41  
4.03504172386e-06  	  4.39536558255e+41  
4.15710886036e-06  	  3.92020839179e+41  
4.30967632201e-06  	  3.28684654785e+41  
4.44320929247e-06  	  2.65315059772e+41  
4.5490261393e-06  	  2.32358392986e+41  
4.74298082363e-06  	  2.0539706176e+41  
4.99595374435e-06  	  1.75989326552e+41  
5.19784556163e-06  	  1.51278460458e+41  
5.48176298309e-06  	  1.31225958418e+41  
5.67048574245e-06  	  1.14847395344e+41  
5.95799287829e-06  	  9.68595327188e+40  
6.39151471106e-06  	  7.94365866761e+40  
6.63270850989e-06  	  6.5702447758e+40  
7.07514291256e-06  	  5.3749540072e+40  
7.42968647149e-06  	  4.46397088035e+40  
7.68283292968e-06  	  3.82578272974e+40  
8.0474579762e-06  	  3.16927286368e+40  
8.63105619529e-06  	  2.48814068146e+40  
9.22052727429e-06  	  2.05025364297e+40  
