2.00570585804e-08  	  1.76715005941e+36  
2.07779255948e-08  	  1.32721924665e+37  
2.15666275546e-08  	  3.34329045786e+37  
2.23511733366e-08  	  6.02607826074e+37  
2.26989384553e-08  	  7.76631566076e+37  
2.30775360356e-08  	  7.14557483871e+38  
2.3915358806e-08  	  1.85726055351e+39  
2.4474102892e-08  	  1.37054376782e+39  
2.51551417477e-08  	  1.06607599098e+40  
2.58389859e-08  	  2.83415930273e+40  
2.6250952467e-08  	  4.3123356563e+40  
2.70915120349e-08  	  6.29239036161e+40  
2.77160002651e-08  	  1.98880039285e+40  
2.84878543334e-08  	  7.85771539227e+40  
2.95547739668e-08  	  1.12872723462e+41  
3.01937587673e-08  	  1.26909220145e+41  
3.08358247416e-08  	  1.86422806718e+41  
3.17731544709e-08  	  5.45563584195e+41  
3.28365434679e-08  	  2.11785759855e+41  
3.39605809144e-08  	  2.24093893209e+41  
3.50635441908e-08  	  2.88488889062e+41  
3.57774943608e-08  	  3.98999424421e+41  
3.68387913671e-08  	  1.09055616186e+42  
3.77041743787e-08  	  9.03397828943e+41  
3.8864261839e-08  	  8.99010612282e+41  
4.01376665097e-08  	  1.86232544604e+42  
4.09292977305e-08  	  2.11542156675e+42  
4.20960753313e-08  	  1.7993156105e+42  
4.34998504703e-08  	  6.43405620289e+41  
4.47314387216e-08  	  1.67410653031e+42  
4.61265011933e-08  	  2.57456939908e+42  
4.7739678597e-08  	  3.11881242022e+42  
4.96368369434e-08  	  3.14923111025e+42  
5.07932465217e-08  	  3.54803332034e+42  
5.18583525341e-08  	  5.46445933836e+42  
5.30230148696e-08  	  3.61504221598e+42  
5.4455868388e-08  	  9.61665882185e+41  
5.60131506434e-08  	  6.10091475132e+42  
5.75427667568e-08  	  6.58058830476e+42  
5.87090014382e-08  	  7.96133564211e+42  
6.06724302403e-08  	  6.35006703109e+42  
6.28317085546e-08  	  5.46508541218e+42  
6.50363798975e-08  	  5.87284587054e+42  
6.67206955022e-08  	  4.47907639386e+42  
6.81593676378e-08  	  5.73016957258e+42  
6.9827676534e-08  	  5.56018944355e+42  
7.2248351042e-08  	  7.70748907017e+42  
7.43966922957e-08  	  6.95643266681e+42  
7.59793454058e-08  	  7.28583818158e+42  
7.74140265412e-08  	  5.45749458508e+42  
7.99170111017e-08  	  5.88296217499e+42  
8.27817815135e-08  	  7.06447453751e+42  
8.4814019401e-08  	  6.20289297832e+42  
8.68493372857e-08  	  7.31395106478e+42  
8.94984966567e-08  	  7.75996282148e+42  
9.10932951605e-08  	  1.32086401232e+43  
9.26693872149e-08  	  2.19820455306e+43  
9.4693776079e-08  	  2.70128840951e+43  
9.61993857387e-08  	  2.47023897819e+43  
9.87467089763e-08  	  1.84330105631e+43  
1.00498051926e-07  	  2.58202176058e+43  
1.02853190903e-07  	  2.27213563672e+43  
1.04800044135e-07  	  2.91394725767e+43  
1.07342854175e-07  	  2.6008916534e+43  
1.10756061668e-07  	  2.46994903837e+43  
1.1388637345e-07  	  2.37926998427e+43  
1.17995549986e-07  	  2.08855211111e+43  
1.20389785878e-07  	  1.7832632292e+43  
1.23204193039e-07  	  1.91895920601e+43  
1.25952280955e-07  	  2.11523594171e+43  
1.28973293729e-07  	  2.09236195295e+43  
1.3244044164e-07  	  2.01873199622e+43  
1.35367040527e-07  	  1.97992301414e+43  
1.3822090953e-07  	  1.77361222568e+43  
1.41231437178e-07  	  1.69913478543e+43  
1.45059270942e-07  	  1.66024118545e+43  
1.48769233337e-07  	  1.57062502655e+43  
1.52706219112e-07  	  1.33488548977e+43  
1.55733302927e-07  	  1.19561744243e+43  
1.58772923304e-07  	  1.28083342943e+43  
1.61958012111e-07  	  1.285798433e+43  
1.64448154247e-07  	  1.26101869268e+43  
1.68703500169e-07  	  1.21951699244e+43  
1.73752573339e-07  	  1.13492064079e+43  
1.78526935109e-07  	  1.08849309897e+43  
1.83608235939e-07  	  9.92190689569e+42  
1.8935592224e-07  	  9.06741411836e+42  
1.98291862558e-07  	  8.63773317458e+42  
2.02986944957e-07  	  8.24079645895e+42  
2.06601928364e-07  	  7.87725202687e+42  
2.10548631953e-07  	  7.69195596538e+42  
2.15290769094e-07  	  7.29433455919e+42  
2.19467642478e-07  	  6.99730253149e+42  
2.23879040608e-07  	  6.58206972145e+42  
2.27572272895e-07  	  6.35977860299e+42  
2.3136639105e-07  	  5.8191633139e+42  
2.36169083673e-07  	  5.51773014589e+42  
2.40697007389e-07  	  5.26390584751e+42  
2.44810447152e-07  	  5.21404745582e+42  
2.50186867472e-07  	  4.85610820408e+42  
2.55956265677e-07  	  4.69657047456e+42  
2.61810236671e-07  	  4.58514059266e+42  
2.68063105521e-07  	  4.56126443565e+42  
2.75485409086e-07  	  4.15851747621e+42  
2.80923422044e-07  	  3.91517414068e+42  
2.87730906972e-07  	  3.97955546688e+42  
2.93598420877e-07  	  4.02663700783e+42  
2.98609175101e-07  	  3.90574454579e+42  
3.03848659165e-07  	  3.84516328296e+42  
3.09732221791e-07  	  3.77243464167e+42  
3.1451330546e-07  	  3.6681618284e+42  
3.19817524828e-07  	  3.52011857438e+42  
3.27448081376e-07  	  3.58221617366e+42  
3.33666297846e-07  	  3.46736865097e+42  
3.39605268846e-07  	  3.28720503967e+42  
3.44795956777e-07  	  3.27829309424e+42  
3.49810389179e-07  	  3.29802705343e+42  
3.57522372953e-07  	  3.15027825591e+42  
3.65227976191e-07  	  3.11438023629e+42  
3.70810194688e-07  	  2.98720281201e+42  
3.76440526555e-07  	  3.39621009995e+42  
3.82548451105e-07  	  3.67718501645e+42  
3.90054995981e-07  	  3.74706584126e+42  
3.97607740533e-07  	  3.7853522431e+42  
4.04150241432e-07  	  4.44587365365e+42  
4.11851080614e-07  	  4.14743731343e+42  
4.20602170546e-07  	  4.24833500983e+42  
4.30160164222e-07  	  3.87072079875e+42  
4.37994746734e-07  	  3.98402543475e+42  
4.4827200034e-07  	  4.27265401001e+42  
4.56328677199e-07  	  4.27557752568e+42  
4.63733084849e-07  	  4.2476197181e+42  
4.70561038594e-07  	  4.18479374136e+42  
4.77623151681e-07  	  4.17286277924e+42  
4.86756700828e-07  	  4.40188684928e+42  
4.93625499448e-07  	  3.97601484367e+42  
5.00064668669e-07  	  3.78606334722e+42  
5.11366160063e-07  	  3.68027563699e+42  
5.21867855391e-07  	  3.56674368957e+42  
5.301096199e-07  	  3.64473819172e+42  
5.3731459865e-07  	  3.65246560841e+42  
5.45330796177e-07  	  3.60076999549e+42  
5.54908107444e-07  	  3.56836403604e+42  
5.65742435556e-07  	  3.5296893261e+42  
5.72926790062e-07  	  3.51014198872e+42  
5.85367829666e-07  	  3.43311939452e+42  
6.02457368914e-07  	  3.38146986094e+42  
6.13832625225e-07  	  3.21757596353e+42  
6.26874662717e-07  	  3.12605697647e+42  
6.36919308173e-07  	  3.11254817421e+42  
6.43192254377e-07  	  3.06013416128e+42  
6.53403355783e-07  	  4.00139924377e+42  
6.61586156133e-07  	  3.40420598142e+42  
6.70750312817e-07  	  2.9132357442e+42  
6.85445438827e-07  	  2.85518623627e+42  
6.98206520494e-07  	  2.80757952059e+42  
7.10069056047e-07  	  2.6945796341e+42  
7.1945756406e-07  	  2.60732161946e+42  
7.29799683024e-07  	  2.63518204644e+42  
7.43515583858e-07  	  2.6469376353e+42  
7.56205357622e-07  	  2.66340401807e+42  
7.65095601237e-07  	  2.5550533796e+42  
7.74309467317e-07  	  2.48784609192e+42  
7.84139478109e-07  	  2.47178236897e+42  
7.92293257484e-07  	  2.40026294436e+42  
8.03364332881e-07  	  2.43195601985e+42  
8.16823135574e-07  	  2.43214635167e+42  
8.22856490715e-07  	  2.38212155593e+42  
8.39348391317e-07  	  2.29006273645e+42  
8.51418841968e-07  	  2.17502409602e+42  
8.62589713959e-07  	  2.22054535263e+42  
8.71862040143e-07  	  2.22628391115e+42  
8.84424374903e-07  	  2.22984809355e+42  
9.00685807014e-07  	  2.18972879442e+42  
9.15628045922e-07  	  2.15877600341e+42  
9.35069631215e-07  	  2.09482593036e+42  
9.49004454546e-07  	  2.04609159912e+42  
9.68022239879e-07  	  2.00264909881e+42  
9.85995528056e-07  	  1.9573950976e+42  
1.00305737103e-06  	  1.89462890856e+42  
1.02368478334e-06  	  1.8356292791e+42  
1.05123074494e-06  	  1.75477616182e+42  
1.08147773548e-06  	  1.661638242e+42  
1.10005153047e-06  	  1.59337688248e+42  
1.13748920543e-06  	  1.51217462126e+42  
1.17492319616e-06  	  1.42473272153e+42  
1.20443091662e-06  	  1.35150369707e+42  
1.24981901486e-06  	  1.28461931248e+42  
1.27278762707e-06  	  1.25121694223e+42  
1.29559000006e-06  	  1.19590640142e+42  
1.31748769808e-06  	  1.14584790162e+42  
1.36044671479e-06  	  1.09548688075e+42  
1.40534826867e-06  	  1.03850212574e+42  
1.44621589694e-06  	  9.96683139568e+41  
1.48131787778e-06  	  9.58736939117e+41  
1.54720086503e-06  	  9.32514200907e+41  
1.588562969e-06  	  8.80374896868e+41  
1.61694525725e-06  	  8.68448440191e+41  
1.65855434411e-06  	  8.26515438542e+41  
1.7027144913e-06  	  7.7330919129e+41  
1.7440712609e-06  	  7.13671764425e+41  
1.79047954349e-06  	  6.59618000002e+41  
1.84182501437e-06  	  6.05027652015e+41  
1.88467017571e-06  	  5.57087956529e+41  
1.92166100035e-06  	  5.28205274072e+41  
1.9539238098e-06  	  4.92394918833e+41  
2.00130047071e-06  	  4.52069590877e+41  
2.11110599726e-06  	  3.97785055101e+41  
2.18706652246e-06  	  3.48189764723e+41  
2.28648820286e-06  	  2.80104068336e+41  
2.43033605383e-06  	  2.107610294e+41  
2.54008016924e-06  	  1.80310960302e+41  
2.60658674211e-06  	  1.66940217124e+41  
2.69965398116e-06  	  1.50454576042e+41  
2.90157991958e-06  	  1.27350100473e+41  
3.06314484058e-06  	  1.05472393471e+41  
3.22362863134e-06  	  8.89975375232e+40  
3.357149673e-06  	  7.43978129478e+40  
3.57669442182e-06  	  6.06740796102e+40  
3.78196901633e-06  	  4.97132314037e+40  
3.92010661659e-06  	  4.30919794308e+40  
4.03504172386e-06  	  3.83251152528e+40  
4.15710886036e-06  	  3.41885745765e+40  
4.30967632201e-06  	  2.85578924683e+40  
4.44320929247e-06  	  2.28065776593e+40  
4.5490261393e-06  	  1.98941869413e+40  
4.74298082363e-06  	  1.76430801463e+40  
4.99595374435e-06  	  1.51986622051e+40  
5.19784556163e-06  	  1.31454854598e+40  
5.48176298309e-06  	  1.14899365289e+40  
5.67048574245e-06  	  1.01352112534e+40  
5.95799287829e-06  	  8.63324731458e+39  
6.39151471106e-06  	  7.17323391065e+39  
6.63270850989e-06  	  6.01652270671e+39  
7.07514291256e-06  	  5.00697538727e+39  
7.42968647149e-06  	  4.23759804132e+39  
7.68283292968e-06  	  3.69719874679e+39  
8.0474579762e-06  	  3.1421568381e+39  
8.63105619529e-06  	  2.56672365648e+39  
9.22052727429e-06  	  2.19673714179e+39  
