2.00570585804e-08  	  2.84220142955e-07  
2.07779255948e-08  	  2.84220142955e-07  
2.15666275546e-08  	  2.84220142955e-07  
2.23511733366e-08  	  2.84220142955e-07  
2.26989384553e-08  	  2.84220142955e-07  
2.30775360356e-08  	  2.84220142955e-07  
2.3915358806e-08  	  2.84220142955e-07  
2.4474102892e-08  	  2.84220142955e-07  
2.51551417477e-08  	  2.84220142955e-07  
2.58389859e-08  	  2.84220142955e-07  
2.6250952467e-08  	  2.84220142955e-07  
2.70915120349e-08  	  2.84220142955e-07  
2.77160002651e-08  	  2.84220142955e-07  
2.84878543334e-08  	  2.84220142955e-07  
2.95547739668e-08  	  2.84220142955e-07  
3.01937587673e-08  	  2.84220142955e-07  
3.08358247416e-08  	  2.84220142955e-07  
3.17731544709e-08  	  2.84220142955e-07  
3.28365434679e-08  	  2.84220142955e-07  
3.39605809144e-08  	  2.84220142955e-07  
3.50635441908e-08  	  2.84220142955e-07  
3.57774943608e-08  	  2.84220142955e-07  
3.68387913671e-08  	  2.84220142955e-07  
3.77041743787e-08  	  2.84220142955e-07  
3.8864261839e-08  	  2.84220142955e-07  
4.01376665097e-08  	  2.84220142955e-07  
4.09292977305e-08  	  2.84220142955e-07  
4.20960753313e-08  	  2.84220142955e-07  
4.34998504703e-08  	  2.84220142955e-07  
4.47314387216e-08  	  2.84220142955e-07  
4.61265011933e-08  	  2.84220142955e-07  
4.7739678597e-08  	  2.84220142955e-07  
4.96368369434e-08  	  9.26948752897e+17  
5.07932465217e-08  	  4.69078742032e+19  
5.18583525341e-08  	  1.53266156881e+20  
5.30230148696e-08  	  4.67324782961e+20  
5.4455868388e-08  	  1.5231596557e+21  
5.60131506434e-08  	  4.47484309291e+21  
5.75427667568e-08  	  1.27927377169e+22  
5.87090014382e-08  	  3.72588999351e+22  
6.06724302403e-08  	  1.30446143648e+23  
6.28317085546e-08  	  4.99187322775e+23  
6.50363798975e-08  	  1.64563246372e+24  
6.67206955022e-08  	  4.27927321824e+24  
6.81593676378e-08  	  9.33565626782e+24  
6.9827676534e-08  	  1.74300708927e+25  
7.2248351042e-08  	  4.72234508869e+25  
7.43966922957e-08  	  1.1477309559e+26  
7.59793454058e-08  	  2.27509059169e+26  
7.74140265412e-08  	  4.54686777676e+26  
7.99170111017e-08  	  1.08432778937e+27  
8.27817815135e-08  	  2.64361276233e+27  
8.4814019401e-08  	  5.44254233993e+27  
8.68493372857e-08  	  6.52663414522e+27  
8.94984966567e-08  	  7.02094463962e+27  
9.10932951605e-08  	  1.47788454314e+31  
9.26693872149e-08  	  2.82636337276e+32  
9.4693776079e-08  	  5.51788775234e+32  
9.61993857387e-08  	  9.7573456632e+32  
9.87467089763e-08  	  1.72729508954e+33  
1.00498051926e-07  	  3.08483984333e+33  
1.02853190903e-07  	  4.69027158496e+33  
1.04800044135e-07  	  9.05720296153e+33  
1.07342854175e-07  	  1.68241205462e+34  
1.10756061668e-07  	  7.54417529314e+34  
1.1388637345e-07  	  2.27924536498e+35  
1.17995549986e-07  	  3.67498465819e+35  
1.20389785878e-07  	  2.36251080771e+35  
1.23204193039e-07  	  6.61054254682e+35  
1.25952280955e-07  	  2.11231362405e+36  
1.28973293729e-07  	  4.58045522069e+36  
1.3244044164e-07  	  8.55130383102e+36  
1.35367040527e-07  	  1.37811062992e+37  
1.3822090953e-07  	  1.97022364483e+37  
1.41231437178e-07  	  2.95070366202e+37  
1.45059270942e-07  	  4.71106634083e+37  
1.48769233337e-07  	  7.56156853037e+37  
1.52706219112e-07  	  1.41140862863e+38  
1.55733302927e-07  	  2.49568038578e+38  
1.58772923304e-07  	  6.06688508386e+38  
1.61958012111e-07  	  8.75567170661e+38  
1.64448154247e-07  	  1.42295189428e+39  
1.68703500169e-07  	  6.58760926552e+39  
1.73752573339e-07  	  1.8081056113e+40  
1.78526935109e-07  	  3.17713002506e+40  
1.83608235939e-07  	  4.53615810714e+40  
1.8935592224e-07  	  6.93242330666e+40  
1.98291862558e-07  	  1.13122982179e+41  
2.02986944957e-07  	  1.34852759181e+41  
2.06601928364e-07  	  2.15316556571e+41  
2.10548631953e-07  	  3.52420174372e+41  
2.15290769094e-07  	  3.77643564145e+41  
2.19467642478e-07  	  4.39761152343e+41  
2.23879040608e-07  	  4.9954636347e+41  
2.27572272895e-07  	  4.69162154729e+41  
2.3136639105e-07  	  4.94229884999e+41  
2.36169083673e-07  	  3.50815612065e+41  
2.40697007389e-07  	  3.54588359823e+41  
2.44810447152e-07  	  7.12050056629e+41  
2.50186867472e-07  	  4.0916722737e+41  
2.55956265677e-07  	  7.6843629514e+41  
2.61810236671e-07  	  1.10293066534e+42  
2.68063105521e-07  	  2.24864668697e+42  
2.75485409086e-07  	  1.39711453105e+42  
2.80923422044e-07  	  1.36077328776e+42  
2.87730906972e-07  	  2.55649313061e+42  
2.93598420877e-07  	  4.35211683807e+42  
2.98609175101e-07  	  4.10242954883e+42  
3.03848659165e-07  	  4.62861318813e+42  
3.09732221791e-07  	  5.54005603427e+42  
3.1451330546e-07  	  5.82839330481e+42  
3.19817524828e-07  	  5.66596752966e+42  
3.27448081376e-07  	  8.02384051572e+42  
3.33666297846e-07  	  7.77607074644e+42  
3.39605268846e-07  	  6.48932991428e+42  
3.44795956777e-07  	  7.56846064786e+42  
3.49810389179e-07  	  9.09967035886e+42  
3.57522372953e-07  	  8.0181113989e+42  
3.65227976191e-07  	  1.06483857773e+43  
3.70810194688e-07  	  1.00867967497e+43  
3.76440526555e-07  	  9.96497907402e+42  
3.82548451105e-07  	  8.37568669121e+42  
3.90054995981e-07  	  9.50047416184e+42  
3.97607740533e-07  	  1.22382040967e+43  
4.04150241432e-07  	  1.76190613994e+43  
4.11851080614e-07  	  1.89703787224e+43  
4.20602170546e-07  	  1.80327359887e+43  
4.30160164222e-07  	  1.71910152985e+43  
4.37994746734e-07  	  2.14083678661e+43  
4.4827200034e-07  	  2.56561276344e+43  
4.56328677199e-07  	  2.75958920528e+43  
4.63733084849e-07  	  2.83491265582e+43  
4.70561038594e-07  	  2.89505534564e+43  
4.77623151681e-07  	  2.99498761687e+43  
4.86756700828e-07  	  2.92566350714e+43  
4.93625499448e-07  	  2.98725458791e+43  
5.00064668669e-07  	  2.76669757382e+43  
5.11366160063e-07  	  2.72009518108e+43  
5.21867855391e-07  	  2.7175189818e+43  
5.301096199e-07  	  3.04219995903e+43  
5.3731459865e-07  	  3.13768892289e+43  
5.45330796177e-07  	  3.15030112886e+43  
5.54908107444e-07  	  3.21577838308e+43  
5.65742435556e-07  	  3.2649338911e+43  
5.72926790062e-07  	  3.34442984305e+43  
5.85367829666e-07  	  3.31765270511e+43  
6.02457368914e-07  	  3.39542899524e+43  
6.13832625225e-07  	  3.22407346985e+43  
6.26874662717e-07  	  3.15386276597e+43  
6.36919308173e-07  	  3.20594354618e+43  
6.43192254377e-07  	  3.18944872465e+43  
6.53403355783e-07  	  3.16178016266e+43  
6.61586156133e-07  	  3.17843455202e+43  
6.70750312817e-07  	  3.08599218816e+43  
6.85445438827e-07  	  3.06433655113e+43  
6.98206520494e-07  	  3.09838012767e+43  
7.10069056047e-07  	  2.93567731553e+43  
7.1945756406e-07  	  2.82115238551e+43  
7.29799683024e-07  	  2.9681859763e+43  
7.43515583858e-07  	  3.14358011722e+43  
7.56205357622e-07  	  3.28644505469e+43  
7.65095601237e-07  	  3.00264282211e+43  
7.74309467317e-07  	  2.88578722349e+43  
7.84139478109e-07  	  2.89892360895e+43  
7.92293257484e-07  	  2.83884577502e+43  
8.03364332881e-07  	  2.96539854983e+43  
8.16823135574e-07  	  3.12088965404e+43  
8.22856490715e-07  	  3.04714574339e+43  
8.39348391317e-07  	  2.88129035676e+43  
8.51418841968e-07  	  2.66806478111e+43  
8.62589713959e-07  	  2.82085742592e+43  
8.71862040143e-07  	  2.92776994242e+43  
8.84424374903e-07  	  2.97656959338e+43  
9.00685807014e-07  	  2.95552641745e+43  
9.15628045922e-07  	  3.02327766094e+43  
9.35069631215e-07  	  2.87497599705e+43  
9.49004454546e-07  	  2.88991787821e+43  
9.68022239879e-07  	  2.87012446198e+43  
9.85995528056e-07  	  2.82954039721e+43  
1.00305737103e-06  	  2.80626089071e+43  
1.02368478334e-06  	  2.75618035935e+43  
1.05123074494e-06  	  2.65435813665e+43  
1.08147773548e-06  	  2.5319778513e+43  
1.10005153047e-06  	  2.42359763104e+43  
1.13748920543e-06  	  2.3221985602e+43  
1.17492319616e-06  	  2.21469620427e+43  
1.20443091662e-06  	  2.11689846338e+43  
1.24981901486e-06  	  2.03037149665e+43  
1.27278762707e-06  	  1.95132140776e+43  
1.29559000006e-06  	  1.90165724734e+43  
1.31748769808e-06  	  1.83824058724e+43  
1.36044671479e-06  	  1.7677944749e+43  
1.40534826867e-06  	  1.65806103394e+43  
1.44621589694e-06  	  1.6093573728e+43  
1.48131787778e-06  	  1.56694260342e+43  
1.54720086503e-06  	  1.56383638558e+43  
1.588562969e-06  	  1.4766237893e+43  
1.61694525725e-06  	  1.463819523e+43  
1.65855434411e-06  	  1.41972501235e+43  
1.7027144913e-06  	  1.353041018e+43  
1.7440712609e-06  	  1.25599129264e+43  
1.79047954349e-06  	  1.15657764347e+43  
1.84182501437e-06  	  1.06366543745e+43  
1.88467017571e-06  	  9.83085745283e+42  
1.92166100035e-06  	  9.30533719164e+42  
1.9539238098e-06  	  8.66348249955e+42  
2.00130047071e-06  	  7.95229548765e+42  
2.11110599726e-06  	  7.08368195743e+42  
2.18706652246e-06  	  6.23603343494e+42  
2.28648820286e-06  	  4.98815480066e+42  
2.43033605383e-06  	  3.61714169694e+42  
2.54008016924e-06  	  2.86527439286e+42  
2.60658674211e-06  	  2.73373056357e+42  
2.69965398116e-06  	  2.50391208355e+42  
2.90157991958e-06  	  2.15886577021e+42  
3.06314484058e-06  	  1.8259600492e+42  
3.22362863134e-06  	  1.57973440361e+42  
3.357149673e-06  	  1.34360589976e+42  
3.57669442182e-06  	  1.10363497544e+42  
3.78196901633e-06  	  9.06581560815e+41  
3.92010661659e-06  	  7.85229809502e+41  
4.03504172386e-06  	  6.97805165046e+41  
4.15710886036e-06  	  6.22847174456e+41  
4.30967632201e-06  	  5.2506523015e+41  
4.44320929247e-06  	  4.28734800734e+41  
4.5490261393e-06  	  3.77108048229e+41  
4.74298082363e-06  	  3.32920704985e+41  
4.99595374435e-06  	  2.85027873645e+41  
5.19784556163e-06  	  2.4471552152e+41  
5.48176298309e-06  	  2.11889646502e+41  
5.67048574245e-06  	  1.85109535954e+41  
5.95799287829e-06  	  1.55930873601e+41  
6.39151471106e-06  	  1.27794213152e+41  
6.63270850989e-06  	  1.05691107103e+41  
7.07514291256e-06  	  8.64774705456e+40  
7.42968647149e-06  	  7.18333229699e+40  
7.68283292968e-06  	  6.15620644625e+40  
8.0474579762e-06  	  5.09860384439e+40  
8.63105619529e-06  	  3.99975264416e+40  
9.22052727429e-06  	  3.29239402555e+40  
