2.00570585804e-08  	  4.64965659704e+30  
2.07779255948e-08  	  1.18345709653e+31  
2.15666275546e-08  	  2.78052424364e+31  
2.23511733366e-08  	  5.86367581191e+31  
2.26989384553e-08  	  4.52736513447e+33  
2.30775360356e-08  	  1.24105632592e+35  
2.3915358806e-08  	  3.01251114847e+36  
2.4474102892e-08  	  4.75676929643e+36  
2.51551417477e-08  	  4.94738946809e+37  
2.58389859e-08  	  6.19997146828e+37  
2.6250952467e-08  	  5.51453226943e+37  
2.70915120349e-08  	  1.56332838377e+38  
2.77160002651e-08  	  5.03648688853e+37  
2.84878543334e-08  	  3.89045269431e+38  
2.95547739668e-08  	  8.10735402758e+38  
3.01937587673e-08  	  1.10597503058e+39  
3.08358247416e-08  	  4.82021916466e+38  
3.17731544709e-08  	  1.43666659318e+39  
3.28365434679e-08  	  2.1299465981e+39  
3.39605809144e-08  	  6.6400270946e+39  
3.50635441908e-08  	  9.29785884622e+39  
3.57774943608e-08  	  9.41595226992e+39  
3.68387913671e-08  	  2.20162858222e+40  
3.77041743787e-08  	  2.73905853051e+40  
3.8864261839e-08  	  2.53206195161e+40  
4.01376665097e-08  	  5.19113074936e+40  
4.09292977305e-08  	  5.51721946697e+40  
4.20960753313e-08  	  1.13729999679e+41  
4.34998504703e-08  	  4.31942979288e+40  
4.47314387216e-08  	  1.42828592885e+41  
4.61265011933e-08  	  3.3728972194e+41  
4.7739678597e-08  	  3.50703501944e+41  
4.96368369434e-08  	  2.52590338346e+41  
5.07932465217e-08  	  4.19442693452e+41  
5.18583525341e-08  	  7.14976462513e+41  
5.30230148696e-08  	  5.83684538955e+41  
5.4455868388e-08  	  3.539871735e+41  
5.60131506434e-08  	  1.22098577931e+42  
5.75427667568e-08  	  1.33409558148e+42  
5.87090014382e-08  	  1.56686202918e+42  
6.06724302403e-08  	  1.37449069603e+42  
6.28317085546e-08  	  2.11079215343e+42  
6.50363798975e-08  	  2.08959150842e+42  
6.67206955022e-08  	  1.14576225481e+42  
6.81593676378e-08  	  1.19016282728e+42  
6.9827676534e-08  	  2.81034106613e+42  
7.2248351042e-08  	  2.97056314868e+42  
7.43966922957e-08  	  2.74750872458e+42  
7.59793454058e-08  	  4.3652912201e+42  
7.74140265412e-08  	  3.85686052568e+42  
7.99170111017e-08  	  2.44112301958e+42  
8.27817815135e-08  	  3.69785941922e+42  
8.4814019401e-08  	  2.39799764745e+42  
8.68493372857e-08  	  5.20665017611e+42  
8.94984966567e-08  	  6.53184495217e+42  
9.10932951605e-08  	  9.81190945297e+42  
9.26693872149e-08  	  1.44572770088e+43  
9.4693776079e-08  	  1.18229084932e+43  
9.61993857387e-08  	  1.34638637607e+43  
9.87467089763e-08  	  8.04481499902e+42  
1.00498051926e-07  	  1.48689423233e+43  
1.02853190903e-07  	  1.48675263171e+43  
1.04800044135e-07  	  1.73799826792e+43  
1.07342854175e-07  	  1.58319185828e+43  
1.10756061668e-07  	  1.239358603e+43  
1.1388637345e-07  	  1.25439670795e+43  
1.17995549986e-07  	  9.37908454016e+42  
1.20389785878e-07  	  1.16889994246e+43  
1.23204193039e-07  	  1.11247795074e+43  
1.25952280955e-07  	  1.09914760809e+43  
1.28973293729e-07  	  1.07563443112e+43  
1.3244044164e-07  	  1.00452522248e+43  
1.35367040527e-07  	  9.74030581454e+42  
1.3822090953e-07  	  7.86162907166e+42  
1.41231437178e-07  	  8.06050475867e+42  
1.45059270942e-07  	  7.5329720665e+42  
1.48769233337e-07  	  7.37052115636e+42  
1.52706219112e-07  	  5.4567553127e+42  
1.55733302927e-07  	  4.39300417565e+42  
1.58772923304e-07  	  5.37653679418e+42  
1.61958012111e-07  	  5.77398698372e+42  
1.64448154247e-07  	  5.81762716229e+42  
1.68703500169e-07  	  5.77230563682e+42  
1.73752573339e-07  	  5.74730756341e+42  
1.78526935109e-07  	  5.39486985586e+42  
1.83608235939e-07  	  4.91163041963e+42  
1.8935592224e-07  	  4.34993468689e+42  
1.98291862558e-07  	  4.37824737642e+42  
2.02986944957e-07  	  4.44222859753e+42  
2.06601928364e-07  	  3.98473229048e+42  
2.10548631953e-07  	  4.15820640224e+42  
2.15290769094e-07  	  3.7499873027e+42  
2.19467642478e-07  	  3.62322013696e+42  
2.23879040608e-07  	  3.40829519297e+42  
2.27572272895e-07  	  3.21509804695e+42  
2.3136639105e-07  	  3.01730925501e+42  
2.36169083673e-07  	  2.84953510001e+42  
2.40697007389e-07  	  2.69408856913e+42  
2.44810447152e-07  	  2.69099748388e+42  
2.50186867472e-07  	  2.41439953264e+42  
2.55956265677e-07  	  2.3864918872e+42  
2.61810236671e-07  	  2.33575107339e+42  
2.68063105521e-07  	  2.42148353885e+42  
2.75485409086e-07  	  2.12965319497e+42  
2.80923422044e-07  	  1.99471512311e+42  
2.87730906972e-07  	  2.11356331598e+42  
2.93598420877e-07  	  2.3159062485e+42  
2.98609175101e-07  	  2.21458483044e+42  
3.03848659165e-07  	  2.23287397054e+42  
3.09732221791e-07  	  2.27308044688e+42  
3.1451330546e-07  	  2.25080195008e+42  
3.19817524828e-07  	  2.17511969038e+42  
3.27448081376e-07  	  2.43017586699e+42  
3.33666297846e-07  	  2.34233303411e+42  
3.39605268846e-07  	  2.11098884906e+42  
3.44795956777e-07  	  2.22928527397e+42  
3.49810389179e-07  	  2.3937933658e+42  
3.57522372953e-07  	  2.22419123197e+42  
3.65227976191e-07  	  2.46928046086e+42  
3.70810194688e-07  	  2.37826584199e+42  
3.76440526555e-07  	  2.45789019262e+42  
3.82548451105e-07  	  2.30605228577e+42  
3.90054995981e-07  	  2.40195204132e+42  
3.97607740533e-07  	  2.69584807685e+42  
4.04150241432e-07  	  3.42918313255e+42  
4.11851080614e-07  	  3.52263087631e+42  
4.20602170546e-07  	  3.39508494929e+42  
4.30160164222e-07  	  3.16040290829e+42  
4.37994746734e-07  	  3.65055052975e+42  
4.4827200034e-07  	  4.18850381633e+42  
4.56328677199e-07  	  4.3855370759e+42  
4.63733084849e-07  	  4.47054253211e+42  
4.70561038594e-07  	  4.53059730573e+42  
4.77623151681e-07  	  4.60608443043e+42  
4.86756700828e-07  	  4.6950286328e+42  
4.93625499448e-07  	  4.53928129236e+42  
5.00064668669e-07  	  4.27298879246e+42  
5.11366160063e-07  	  4.19033182557e+42  
5.21867855391e-07  	  4.15070254589e+42  
5.301096199e-07  	  4.48934342036e+42  
5.3731459865e-07  	  4.58733904577e+42  
5.45330796177e-07  	  4.5867189514e+42  
5.54908107444e-07  	  4.6413496531e+42  
5.65742435556e-07  	  4.67679771962e+42  
5.72926790062e-07  	  4.74107537929e+42  
5.85367829666e-07  	  4.70119303837e+42  
6.02457368914e-07  	  4.73879168341e+42  
6.13832625225e-07  	  4.52287325266e+42  
6.26874662717e-07  	  4.42285637704e+42  
6.36919308173e-07  	  4.47549887459e+42  
6.43192254377e-07  	  4.43331457278e+42  
6.53403355783e-07  	  4.8109078435e+42  
6.61586156133e-07  	  4.57473584282e+42  
6.70750312817e-07  	  4.28910343591e+42  
6.85445438827e-07  	  4.24510038895e+42  
6.98206520494e-07  	  4.25624977025e+42  
7.10069056047e-07  	  4.0655859754e+42  
7.1945756406e-07  	  3.9268314334e+42  
7.29799683024e-07  	  4.07130875905e+42  
7.43515583858e-07  	  4.22450033875e+42  
7.56205357622e-07  	  4.34497786856e+42  
7.65095601237e-07  	  4.06106955514e+42  
7.74309467317e-07  	  3.93296848337e+42  
7.84139478109e-07  	  3.94046691799e+42  
7.92293257484e-07  	  3.85953571983e+42  
8.03364332881e-07  	  3.99065564592e+42  
8.16823135574e-07  	  4.10962323914e+42  
8.22856490715e-07  	  4.02823105016e+42  
8.39348391317e-07  	  3.85049651111e+42  
8.51418841968e-07  	  3.62989568203e+42  
8.62589713959e-07  	  3.77169608248e+42  
8.71862040143e-07  	  3.84874478909e+42  
8.84424374903e-07  	  3.87705980826e+42  
9.00685807014e-07  	  3.83312181967e+42  
9.15628045922e-07  	  3.8515478406e+42  
9.35069631215e-07  	  3.70253359543e+42  
9.49004454546e-07  	  3.68138209562e+42  
9.68022239879e-07  	  3.62513556993e+42  
9.85995528056e-07  	  3.56300108398e+42  
1.00305737103e-06  	  3.50105706394e+42  
1.02368478334e-06  	  3.41000463263e+42  
1.05123074494e-06  	  3.27838724033e+42  
1.08147773548e-06  	  3.12521779663e+42  
1.10005153047e-06  	  2.99963486365e+42  
1.13748920543e-06  	  2.86107626865e+42  
1.17492319616e-06  	  2.71629305605e+42  
1.20443091662e-06  	  2.59074556448e+42  
1.24981901486e-06  	  2.47774742266e+42  
1.27278762707e-06  	  2.38884138641e+42  
1.29559000006e-06  	  2.31648122557e+42  
1.31748769808e-06  	  2.23412770994e+42  
1.36044671479e-06  	  2.14555741555e+42  
1.40534826867e-06  	  2.02708404766e+42  
1.44621589694e-06  	  1.96345233474e+42  
1.48131787778e-06  	  1.90665349931e+42  
1.54720086503e-06  	  1.88773401724e+42  
1.588562969e-06  	  1.79171973622e+42  
1.61694525725e-06  	  1.77951258672e+42  
1.65855434411e-06  	  1.71196687427e+42  
1.7027144913e-06  	  1.6144325861e+42  
1.7440712609e-06  	  1.4917697249e+42  
1.79047954349e-06  	  1.37329563256e+42  
1.84182501437e-06  	  1.2618036484e+42  
1.88467017571e-06  	  1.16568010078e+42  
1.92166100035e-06  	  1.10235258087e+42  
1.9539238098e-06  	  1.02713852409e+42  
2.00130047071e-06  	  9.42841152288e+41  
2.11110599726e-06  	  8.36089794365e+41  
2.18706652246e-06  	  7.34147720289e+41  
2.28648820286e-06  	  5.89450819948e+41  
2.43033605383e-06  	  4.34447319265e+41  
2.54008016924e-06  	  3.57032865051e+41  
2.60658674211e-06  	  3.35880288667e+41  
2.69965398116e-06  	  3.05129102469e+41  
2.90157991958e-06  	  2.60883471089e+41  
3.06314484058e-06  	  2.18776448089e+41  
3.22362863134e-06  	  1.8698220825e+41  
3.357149673e-06  	  1.57718661787e+41  
3.57669442182e-06  	  1.29106233721e+41  
3.78196901633e-06  	  1.05984554693e+41  
3.92010661659e-06  	  9.17814938116e+40  
4.03504172386e-06  	  8.16046293264e+40  
4.15710886036e-06  	  7.27696822366e+40  
4.30967632201e-06  	  6.10803466086e+40  
4.44320929247e-06  	  4.93692377471e+40  
4.5490261393e-06  	  4.32677380519e+40  
4.74298082363e-06  	  3.82744947146e+40  
4.99595374435e-06  	  3.28158185931e+40  
5.19784556163e-06  	  2.82378545861e+40  
5.48176298309e-06  	  2.45174354438e+40  
5.67048574245e-06  	  2.14779763029e+40  
5.95799287829e-06  	  1.81418460793e+40  
6.39151471106e-06  	  1.49090016721e+40  
6.63270850989e-06  	  1.23613456084e+40  
7.07514291256e-06  	  1.01439796032e+40  
7.42968647149e-06  	  8.45879493751e+39  
7.68283292968e-06  	  7.26986282599e+39  
8.0474579762e-06  	  6.0512734837e+39  
8.63105619529e-06  	  4.78661357941e+39  
9.22052727429e-06  	  3.97279726547e+39  
