2.00570585804e-08  	  1.45633247054e-07  
2.07779255948e-08  	  1.45633247054e-07  
2.15666275546e-08  	  1.45633247054e-07  
2.23511733366e-08  	  1.45633247054e-07  
2.26989384553e-08  	  1.45633247054e-07  
2.30775360356e-08  	  1.45633247054e-07  
2.3915358806e-08  	  1.45633247054e-07  
2.4474102892e-08  	  1.45633247054e-07  
2.51551417477e-08  	  1.45633247054e-07  
2.58389859e-08  	  1.45633247054e-07  
2.6250952467e-08  	  1.45633247054e-07  
2.70915120349e-08  	  1.45633247054e-07  
2.77160002651e-08  	  1.45633247054e-07  
2.84878543334e-08  	  1.45633247054e-07  
2.95547739668e-08  	  1.45633247054e-07  
3.01937587673e-08  	  1.45633247054e-07  
3.08358247416e-08  	  1.45633247054e-07  
3.17731544709e-08  	  1.45633247054e-07  
3.28365434679e-08  	  1.45633247054e-07  
3.39605809144e-08  	  1.45633247054e-07  
3.50635441908e-08  	  1.45633247054e-07  
3.57774943608e-08  	  1.45633247054e-07  
3.68387913671e-08  	  1.45633247054e-07  
3.77041743787e-08  	  1.45633247054e-07  
3.8864261839e-08  	  1.45633247054e-07  
4.01376665097e-08  	  1.45633247054e-07  
4.09292977305e-08  	  1.45633247054e-07  
4.20960753313e-08  	  1.45633247054e-07  
4.34998504703e-08  	  1.45633247054e-07  
4.47314387216e-08  	  1.45633247054e-07  
4.61265011933e-08  	  1.45633247054e-07  
4.7739678597e-08  	  1.45633247054e-07  
4.96368369434e-08  	  0.173815335444  
5.07932465217e-08  	  7.3263848237  
5.18583525341e-08  	  14.4267509724  
5.30230148696e-08  	  26.0911210808  
5.4455868388e-08  	  49.4041066921  
5.60131506434e-08  	  95.5393232906  
5.75427667568e-08  	  170.570372638  
5.87090014382e-08  	  301.032277938  
6.06724302403e-08  	  585.175273906  
6.28317085546e-08  	  1198.33234878  
6.50363798975e-08  	  2275.86912121  
6.67206955022e-08  	  3795.27329113  
6.81593676378e-08  	  8134154.46035  
6.9827676534e-08  	  1.30028304626e+13  
7.2248351042e-08  	  9.64035624946e+13  
7.43966922957e-08  	  4.33123990751e+14  
7.59793454058e-08  	  1.35019677347e+15  
7.74140265412e-08  	  4.39622609831e+15  
7.99170111017e-08  	  2.00084462881e+16  
8.27817815135e-08  	  9.00057182596e+16  
8.4814019401e-08  	  3.12797289229e+17  
8.68493372857e-08  	  1.04706748229e+18  
8.94984966567e-08  	  3.35538567463e+18  
9.10932951605e-08  	  5.92521075207e+30  
9.26693872149e-08  	  1.35620631254e+32  
9.4693776079e-08  	  2.66754604315e+32  
9.61993857387e-08  	  4.7689666859e+32  
9.87467089763e-08  	  8.54773008049e+32  
1.00498051926e-07  	  1.54398521697e+33  
1.02853190903e-07  	  2.40878452406e+33  
1.04800044135e-07  	  4.64306022676e+33  
1.07342854175e-07  	  8.74236209448e+33  
1.10756061668e-07  	  4.24485616837e+34  
1.1388637345e-07  	  1.35151514939e+35  
1.17995549986e-07  	  2.22759685195e+35  
1.20389785878e-07  	  1.42206841112e+35  
1.23204193039e-07  	  4.02092613505e+35  
1.25952280955e-07  	  1.2592568289e+36  
1.28973293729e-07  	  2.70342748789e+36  
1.3244044164e-07  	  5.01387750326e+36  
1.35367040527e-07  	  8.02612996356e+36  
1.3822090953e-07  	  1.14527466164e+37  
1.41231437178e-07  	  1.72527766918e+37  
1.45059270942e-07  	  2.78156799056e+37  
1.48769233337e-07  	  4.53342755267e+37  
1.52706219112e-07  	  8.53333104834e+37  
1.55733302927e-07  	  1.49163259412e+38  
1.58772923304e-07  	  3.40241175729e+38  
1.61958012111e-07  	  4.91508935973e+38  
1.64448154247e-07  	  7.7927388589e+38  
1.68703500169e-07  	  3.65442479404e+39  
1.73752573339e-07  	  1.06786540701e+40  
1.78526935109e-07  	  1.96427414681e+40  
1.83608235939e-07  	  2.81610606798e+40  
1.8935592224e-07  	  4.4585186894e+40  
1.98291862558e-07  	  7.48857084688e+40  
2.02986944957e-07  	  9.07498960378e+40  
2.06601928364e-07  	  1.49108709902e+41  
2.10548631953e-07  	  2.52690541222e+41  
2.15290769094e-07  	  2.69582038875e+41  
2.19467642478e-07  	  3.13432480395e+41  
2.23879040608e-07  	  3.52985619526e+41  
2.27572272895e-07  	  3.27985832929e+41  
2.3136639105e-07  	  3.43066588366e+41  
2.36169083673e-07  	  2.34929905726e+41  
2.40697007389e-07  	  2.35612808593e+41  
2.44810447152e-07  	  4.88000673201e+41  
2.50186867472e-07  	  2.74233718064e+41  
2.55956265677e-07  	  5.03010734575e+41  
2.61810236671e-07  	  7.05192963472e+41  
2.68063105521e-07  	  1.43118010444e+42  
2.75485409086e-07  	  8.92856242897e+41  
2.80923422044e-07  	  8.63552079534e+41  
2.87730906972e-07  	  1.60223571031e+42  
2.93598420877e-07  	  2.66018279939e+42  
2.98609175101e-07  	  2.52601463713e+42  
3.03848659165e-07  	  2.8341317124e+42  
3.09732221791e-07  	  3.31508993105e+42  
3.1451330546e-07  	  3.448621884e+42  
3.19817524828e-07  	  3.36534954723e+42  
3.27448081376e-07  	  4.69777782864e+42  
3.33666297846e-07  	  4.55422832308e+42  
3.39605268846e-07  	  3.8388308634e+42  
3.44795956777e-07  	  4.47343381124e+42  
3.49810389179e-07  	  5.32397835231e+42  
3.57522372953e-07  	  4.748422675e+42  
3.65227976191e-07  	  6.13927505241e+42  
3.70810194688e-07  	  5.86570683948e+42  
3.76440526555e-07  	  5.85332979021e+42  
3.82548451105e-07  	  5.01773453113e+42  
3.90054995981e-07  	  5.57648907347e+42  
3.97607740533e-07  	  7.04926363644e+42  
4.04150241432e-07  	  1.00094577964e+43  
4.11851080614e-07  	  1.07299412083e+43  
4.20602170546e-07  	  1.02245704855e+43  
4.30160164222e-07  	  9.64441048819e+42  
4.37994746734e-07  	  1.19002060399e+43  
4.4827200034e-07  	  1.41944291743e+43  
4.56328677199e-07  	  1.52054702568e+43  
4.63733084849e-07  	  1.56254268568e+43  
4.70561038594e-07  	  1.59362785483e+43  
4.77623151681e-07  	  1.64458547783e+43  
4.86756700828e-07  	  1.60354158924e+43  
4.93625499448e-07  	  1.63804629109e+43  
5.00064668669e-07  	  1.52684055812e+43  
5.11366160063e-07  	  1.50314087616e+43  
5.21867855391e-07  	  1.49944480334e+43  
5.301096199e-07  	  1.66231388217e+43  
5.3731459865e-07  	  1.71195186185e+43  
5.45330796177e-07  	  1.71871628273e+43  
5.54908107444e-07  	  1.75127381191e+43  
5.65742435556e-07  	  1.77531459704e+43  
5.72926790062e-07  	  1.81345921026e+43  
5.85367829666e-07  	  1.80135503248e+43  
6.02457368914e-07  	  1.83538230313e+43  
6.13832625225e-07  	  1.74762699545e+43  
6.26874662717e-07  	  1.71085148319e+43  
6.36919308173e-07  	  1.73826322009e+43  
6.43192254377e-07  	  1.72683317235e+43  
6.53403355783e-07  	  1.70858710307e+43  
6.61586156133e-07  	  1.71816649615e+43  
6.70750312817e-07  	  1.67360335063e+43  
6.85445438827e-07  	  1.66143330518e+43  
6.98206520494e-07  	  1.67562853934e+43  
7.10069056047e-07  	  1.59317503559e+43  
7.1945756406e-07  	  1.53496537655e+43  
7.29799683024e-07  	  1.6067534888e+43  
7.43515583858e-07  	  1.68823089828e+43  
7.56205357622e-07  	  1.75343174014e+43  
7.65095601237e-07  	  1.61848885059e+43  
7.74309467317e-07  	  1.56120333796e+43  
7.84139478109e-07  	  1.56739238531e+43  
7.92293257484e-07  	  1.53579892052e+43  
8.03364332881e-07  	  1.59842327227e+43  
8.16823135574e-07  	  1.66595750077e+43  
8.22856490715e-07  	  1.6313335045e+43  
8.39348391317e-07  	  1.55063623193e+43  
8.51418841968e-07  	  1.4486654061e+43  
8.62589713959e-07  	  1.51970681362e+43  
8.71862040143e-07  	  1.5649160072e+43  
8.84424374903e-07  	  1.58447417034e+43  
9.00685807014e-07  	  1.57063180188e+43  
9.15628045922e-07  	  1.59324981403e+43  
9.35069631215e-07  	  1.52325200279e+43  
9.49004454546e-07  	  1.52379263059e+43  
9.68022239879e-07  	  1.50742773203e+43  
9.85995528056e-07  	  1.48462502231e+43  
1.00305737103e-06  	  1.46621118299e+43  
1.02368478334e-06  	  1.43403792644e+43  
1.05123074494e-06  	  1.38046702006e+43  
1.08147773548e-06  	  1.31600951467e+43  
1.10005153047e-06  	  1.26233655777e+43  
1.13748920543e-06  	  1.2071249374e+43  
1.17492319616e-06  	  1.14914341546e+43  
1.20443091662e-06  	  1.09760684663e+43  
1.24981901486e-06  	  1.05159775056e+43  
1.27278762707e-06  	  1.01017078442e+43  
1.29559000006e-06  	  9.8371768712e+42  
1.31748769808e-06  	  9.50878367115e+42  
1.36044671479e-06  	  9.1447830045e+42  
1.40534826867e-06  	  8.61150672442e+42  
1.44621589694e-06  	  8.35236093883e+42  
1.48131787778e-06  	  8.12510688651e+42  
1.54720086503e-06  	  8.08048901777e+42  
1.588562969e-06  	  7.6476478488e+42  
1.61694525725e-06  	  7.59100300752e+42  
1.65855434411e-06  	  7.33398962043e+42  
1.7027144913e-06  	  6.95346563469e+42  
1.7440712609e-06  	  6.44282401216e+42  
1.79047954349e-06  	  5.93708086707e+42  
1.84182501437e-06  	  5.45914982202e+42  
1.88467017571e-06  	  5.04370627128e+42  
1.92166100035e-06  	  4.77222755169e+42  
1.9539238098e-06  	  4.44434761676e+42  
2.00130047071e-06  	  4.07945095298e+42  
2.11110599726e-06  	  3.62359016665e+42  
2.18706652246e-06  	  3.18309235464e+42  
2.28648820286e-06  	  2.55051534334e+42  
2.43033605383e-06  	  1.86396700283e+42  
2.54008016924e-06  	  1.50406947783e+42  
2.60658674211e-06  	  1.42655901926e+42  
2.69965398116e-06  	  1.30219457676e+42  
2.90157991958e-06  	  1.11840368413e+42  
3.06314484058e-06  	  9.41493915599e+41  
3.22362863134e-06  	  8.0919532465e+41  
3.357149673e-06  	  6.85100212496e+41  
3.57669442182e-06  	  5.61461624724e+41  
3.78196901633e-06  	  4.60805330421e+41  
3.92010661659e-06  	  3.9901591449e+41  
4.03504172386e-06  	  3.54587294054e+41  
4.15710886036e-06  	  3.16379901207e+41  
4.30967632201e-06  	  2.65971185679e+41  
4.44320929247e-06  	  2.15917351586e+41  
4.5490261393e-06  	  1.89552384328e+41  
4.74298082363e-06  	  1.67485118967e+41  
4.99595374435e-06  	  1.43449522076e+41  
5.19784556163e-06  	  1.23247109305e+41  
5.48176298309e-06  	  1.06816645879e+41  
5.67048574245e-06  	  9.34022956969e+40  
5.95799287829e-06  	  7.87235240757e+40  
6.39151471106e-06  	  6.45317828652e+40  
6.63270850989e-06  	  5.33616944834e+40  
7.07514291256e-06  	  4.36450923164e+40  
7.42968647149e-06  	  3.62394107464e+40  
7.68283292968e-06  	  3.10467408613e+40  
8.0474579762e-06  	  2.57026982202e+40  
8.63105619529e-06  	  2.01533712994e+40  
9.22052727429e-06  	  1.65831484717e+40  
