7.50400000e-02
3.61217000e-07 1.06111932e+02 4.45596635e+02
3.61648030e-07 9.48877244e+01 4.77234820e+02
3.62079061e-07 1.55388181e+02 5.32171417e+02
3.62510091e-07 6.92977875e+01 5.07435878e+02
3.62941121e-07 1.04885562e+02 5.03181902e+02
3.63372152e-07 1.73846147e+02 5.45614608e+02
3.63803182e-07 1.07021740e+02 4.87492549e+02
3.64234212e-07 1.11002887e+02 5.11966925e+02
3.64665242e-07 1.15401685e+02 4.96913853e+02
3.65096273e-07 1.05529886e+02 4.66260929e+02
3.65527303e-07 1.45995426e+02 5.34182734e+02
3.65958333e-07 2.28296905e+02 5.65380319e+02
3.66389364e-07 1.54791638e+02 5.44852581e+02
3.66820394e-07 4.80337943e+01 4.36845722e+02
3.67251424e-07 9.25828059e+01 5.07815381e+02
3.67682455e-07 2.26284665e+02 5.78865259e+02
3.68113485e-07 2.22416165e+02 5.64780603e+02
3.68544515e-07 5.47449047e+01 4.71769286e+02
3.68975545e-07 1.57306539e+02 5.32088268e+02
3.69406576e-07 1.53354079e+02 5.31724210e+02
3.69837606e-07 1.20882487e+02 5.23136855e+02
3.70268636e-07 1.58869709e+02 5.88159339e+02
3.70699667e-07 1.05062500e+02 5.35652687e+02
3.71130697e-07 2.03875550e+02 5.71777556e+02
3.71561727e-07 1.54977308e+02 5.46574879e+02
3.71992758e-07 1.41700118e+02 5.44569858e+02
3.72423788e-07 2.07445006e+02 5.85773091e+02
3.72854818e-07 2.06635296e+02 5.97293473e+02
3.73285848e-07 1.36367370e+02 5.87996644e+02
3.73716879e-07 1.80147831e+02 6.27504163e+02
3.74147909e-07 2.58469008e+02 6.67912538e+02
3.74578939e-07 2.19606488e+02 6.28611765e+02
3.75009970e-07 1.86247816e+02 5.89405142e+02
3.75441000e-07 1.00084013e+02 5.65584759e+02
3.75872030e-07 1.95798824e+02 5.78640265e+02
3.76303061e-07 2.35665210e+02 5.68252357e+02
3.76734091e-07 1.76680856e+02 5.31609458e+02
3.77165121e-07 2.34090743e+02 5.99008418e+02
3.77596152e-07 1.87985778e+02 5.91291856e+02
3.78027182e-07 1.70172151e+02 5.88411455e+02
3.78458212e-07 1.59786486e+02 5.77852837e+02
3.78889242e-07 1.04693998e+02 5.41602531e+02
3.79320273e-07 1.65795829e+02 5.58495519e+02
3.79751303e-07 2.17944883e+02 5.78875000e+02
3.80182333e-07 2.25125728e+02 5.83498755e+02
3.80613364e-07 2.09685976e+02 5.67486723e+02
3.81044394e-07 2.41453369e+02 6.33989214e+02
3.81475424e-07 2.73770709e+02 6.14227624e+02
3.81906455e-07 2.34439238e+02 6.25036903e+02
3.82337485e-07 2.04587240e+02 6.13610024e+02
3.82768515e-07 1.29425891e+02 5.67179594e+02
3.83199545e-07 2.97204354e+02 6.97892066e+02
3.83630576e-07 3.42487573e+02 7.28457586e+02
3.84061606e-07 8.53821520e+01 5.88439114e+02
3.84492636e-07 2.10055716e+02 6.46951744e+02
3.84923667e-07 2.25754433e+02 6.42277633e+02
3.85354697e-07 9.27992695e+01 5.70077040e+02
3.85785727e-07 1.80643753e+02 6.12117923e+02
3.86216758e-07 1.70185973e+02 5.94985796e+02
3.86647788e-07 2.16894891e+02 6.00425114e+02
3.87078818e-07 2.27160604e+02 5.86329299e+02
3.87509848e-07 2.40113907e+02 6.05938434e+02
3.87940879e-07 1.79530834e+02 5.42909924e+02
3.88371909e-07 1.91990028e+02 5.82711290e+02
3.88802939e-07 2.45329046e+02 5.98542093e+02
3.89233970e-07 2.86003662e+02 6.25106416e+02
3.89665000e-07 2.57369347e+02 6.29567877e+02
3.90096030e-07 2.49475780e+02 6.52646690e+02
3.90527061e-07 2.23217995e+02 6.74397218e+02
3.90958091e-07 3.18623988e+02 7.22300861e+02
3.91389121e-07 3.66298047e+02 7.63941112e+02
3.91820152e-07 1.94475234e+02 6.64194193e+02
3.92251182e-07 1.30709834e+02 6.00810856e+02
3.92682212e-07 2.92984727e+02 6.46550890e+02
3.93113242e-07 2.56618945e+02 6.22156784e+02
3.93544273e-07 3.43498337e+02 6.53389043e+02
3.93975303e-07 2.28034588e+02 6.46374674e+02
3.94406333e-07 3.14178871e+02 7.37053228e+02
3.94837364e-07 3.51102554e+02 7.73875033e+02
3.95268394e-07 2.57123922e+02 6.95515997e+02
3.95699424e-07 2.38342508e+02 6.67982977e+02
3.96130455e-07 3.15575611e+02 6.81810720e+02
3.96561485e-07 3.32152636e+02 6.68489677e+02
3.96992515e-07 2.81499771e+02 6.23455491e+02
3.97423545e-07 3.25272255e+02 6.71216531e+02
3.97854576e-07 3.22857864e+02 7.17740679e+02
3.98285606e-07 2.92116292e+02 7.47621910e+02
3.98716636e-07 3.55569287e+02 7.85208429e+02
3.99147667e-07 2.98460455e+02 7.49367498e+02
3.99578697e-07 3.07646932e+02 7.52865670e+02
4.00009727e-07 3.42194214e+02 7.67735418e+02
4.00440758e-07 4.58976615e+02 8.65574724e+02
4.00871788e-07 5.03645316e+02 8.98105395e+02
4.01302818e-07 4.20027066e+02 8.61202372e+02
4.01733848e-07 3.82912646e+02 8.39567791e+02
4.02164879e-07 4.05197714e+02 8.54120855e+02
4.02595909e-07 3.67695207e+02 8.52189057e+02
4.03026939e-07 3.36985259e+02 8.13504267e+02
4.03457970e-07 4.35143051e+02 8.51367493e+02
4.03889000e-07 3.68507493e+02 8.38155994e+02
4.04320030e-07 4.26196879e+02 9.16074120e+02
4.04751061e-07 4.45791428e+02 9.33818331e+02
4.05182091e-07 3.52435181e+02 8.71711126e+02
4.05613121e-07 3.05277090e+02 8.39033017e+02
4.06044152e-07 5.27711356e+02 9.45072417e+02
4.06475182e-07 4.56850907e+02 9.57206311e+02
4.06906212e-07 3.67546508e+02 9.21911512e+02
4.07337242e-07 4.62044789e+02 9.50992164e+02
4.07768273e-07 3.57164810e+02 8.88746230e+02
4.08199303e-07 3.19811244e+02 8.80835121e+02
4.08630333e-07 4.22295727e+02 8.98619111e+02
4.09061364e-07 5.71783529e+02 9.62375934e+02
4.09492394e-07 3.65153217e+02 8.91484052e+02
4.09923424e-07 4.27335306e+02 8.65013711e+02
4.10354455e-07 3.66511383e+02 8.70337204e+02
4.10785485e-07 5.48325654e+02 9.44984392e+02
4.11216515e-07 4.73234504e+02 9.20864020e+02
4.11647545e-07 3.52199712e+02 8.78629268e+02
4.12078576e-07 3.75329139e+02 8.98189391e+02
4.12509606e-07 2.69310287e+02 8.84487604e+02
4.12940636e-07 3.14775056e+02 8.95063228e+02
4.13371667e-07 4.80215494e+02 9.81012555e+02
4.13802697e-07 5.27792652e+02 9.83552671e+02
4.14233727e-07 4.85671484e+02 9.75388600e+02
4.14664758e-07 6.38167795e+02 9.98226794e+02
4.15095788e-07 5.40170065e+02 9.78706163e+02
4.15526818e-07 4.89570190e+02 9.68299880e+02
4.15957848e-07 6.67201320e+02 1.05276119e+03
4.16388879e-07 5.68859498e+02 1.07018435e+03
4.16819909e-07 6.61833155e+02 1.12257621e+03
4.17250939e-07 4.66062897e+02 1.02832937e+03
4.17681970e-07 3.56949748e+02 9.23382249e+02
4.18113000e-07 4.11630399e+02 9.46332712e+02
4.18544030e-07 4.77504777e+02 9.63410680e+02
4.18975061e-07 5.27338686e+02 1.00002752e+03
4.19406091e-07 4.75658435e+02 9.71609132e+02
4.19837121e-07 5.26554374e+02 9.84605575e+02
4.20268152e-07 5.40331194e+02 9.73105539e+02
4.20699182e-07 6.83783857e+02 1.03059971e+03
4.21130212e-07 6.67903671e+02 1.03009422e+03
4.21561242e-07 5.53341538e+02 9.91132536e+02
4.21992273e-07 4.95437172e+02 9.63090224e+02
4.22423303e-07 3.48784378e+02 8.95634696e+02
4.22854333e-07 4.39063300e+02 9.13657484e+02
4.23285364e-07 4.98288698e+02 9.91581968e+02
4.23716394e-07 5.31896764e+02 9.83633696e+02
4.24147424e-07 5.68798268e+02 1.01611676e+03
4.24578455e-07 5.69813620e+02 1.04425968e+03
4.25009485e-07 6.11857335e+02 1.06220469e+03
4.25440515e-07 5.67199569e+02 1.05749952e+03
4.25871545e-07 5.38752114e+02 1.04636930e+03
4.26302576e-07 4.99972329e+02 1.03107350e+03
4.26733606e-07 3.80964070e+02 9.75983393e+02
4.27164636e-07 4.49385749e+02 9.61666014e+02
4.27595667e-07 5.76182265e+02 1.03433286e+03
4.28026697e-07 6.43188814e+02 1.07625798e+03
4.28457727e-07 6.06101536e+02 1.06797393e+03
4.28888758e-07 6.60015447e+02 1.09663819e+03
4.29319788e-07 9.08060014e+02 1.18074639e+03
4.29750818e-07 7.26462852e+02 1.12165594e+03
4.30181848e-07 7.81907531e+02 1.11063851e+03
4.30612879e-07 6.98403977e+02 1.09730076e+03
4.31043909e-07 6.05890303e+02 1.07923090e+03
4.31474939e-07 7.72819106e+02 1.18719954e+03
4.31905970e-07 7.92695084e+02 1.19996295e+03
4.32337000e-07 8.61170842e+02 1.23248452e+03
4.32768030e-07 7.75953700e+02 1.19166679e+03
4.33199061e-07 7.45620382e+02 1.17060591e+03
4.33630091e-07 8.65028395e+02 1.20303749e+03
4.34061121e-07 7.92666700e+02 1.17210523e+03
4.34492152e-07 7.57202186e+02 1.18271905e+03
4.34923182e-07 7.52108815e+02 1.20529311e+03
4.35354212e-07 6.95362694e+02 1.16498066e+03
4.35785242e-07 7.40275297e+02 1.19832441e+03
4.36216273e-07 7.94429550e+02 1.21481818e+03
4.36647303e-07 7.70897410e+02 1.21629740e+03
4.37078333e-07 8.88798018e+02 1.25550245e+03
4.37509364e-07 7.62101757e+02 1.23416119e+03
4.37940394e-07 7.32702373e+02 1.17961510e+03
4.38371424e-07 6.58329907e+02 1.14209734e+03
4.38802455e-07 7.80274279e+02 1.20576389e+03
4.39233485e-07 6.40430248e+02 1.16451227e+03
4.39664515e-07 7.70461276e+02 1.23491351e+03
4.40095545e-07 7.31292695e+02 1.22758039e+03
4.40526576e-07 5.89172064e+02 1.24666696e+03
4.40957606e-07 7.59204497e+02 1.33982752e+03
4.41388636e-07 6.23968400e+02 1.26619560e+03
4.41819667e-07 7.26496160e+02 1.33883453e+03
4.42250697e-07 8.97758441e+02 1.36459480e+03
4.42681727e-07 7.84054887e+02 1.31727620e+03
4.43112758e-07 8.99480528e+02 1.35570663e+03
4.43543788e-07 7.66826892e+02 1.29753605e+03
4.43974818e-07 7.27171803e+02 1.28282432e+03
4.44405848e-07 7.93788891e+02 1.32036627e+03
4.44836879e-07 8.92533350e+02 1.31310502e+03
4.45267909e-07 8.95770834e+02 1.30377741e+03
4.45698939e-07 8.78936677e+02 1.29147507e+03
4.46129970e-07 7.29946346e+02 1.22832287e+03
4.46561000e-07 8.75701197e+02 1.31213535e+03
4.46992030e-07 1.00833241e+03 1.34424707e+03
4.47423061e-07 9.46671701e+02 1.35122022e+03
4.47854091e-07 8.83564258e+02 1.33225507e+03
4.48285121e-07 9.66878450e+02 1.34159337e+03
4.48716152e-07 7.62827817e+02 1.30153357e+03
4.49147182e-07 9.63885163e+02 1.35900807e+03
4.49578212e-07 9.66330166e+02 1.36456848e+03
4.50009242e-07 1.04415014e+03 1.44544391e+03
4.50440273e-07 9.93724857e+02 1.42877522e+03
4.50871303e-07 8.41078326e+02 1.36298862e+03
4.51302333e-07 9.29216010e+02 1.38902446e+03
4.51733364e-07 8.41507688e+02 1.35095014e+03
4.52164394e-07 9.93842316e+02 1.45175069e+03
4.52595424e-07 9.34325431e+02 1.40985291e+03
4.53026455e-07 1.03633432e+03 1.44290652e+03
4.53457485e-07 1.03053825e+03 1.46944173e+03
4.53888515e-07 1.00602451e+03 1.48923924e+03
4.54319545e-07 1.09577175e+03 1.52376972e+03
4.54750576e-07 9.70478970e+02 1.46422507e+03
4.55181606e-07 1.09678475e+03 1.52547922e+03
4.55612636e-07 1.21603012e+03 1.56405716e+03
4.56043667e-07 9.32407076e+02 1.46798714e+03
4.56474697e-07 1.06369988e+03 1.49031337e+03
4.56905727e-07 1.16297812e+03 1.52427807e+03
4.57336758e-07 1.09219007e+03 1.50953804e+03
4.57767788e-07 1.10091603e+03 1.53018805e+03
4.58198818e-07 1.16710983e+03 1.56364610e+03
4.58629848e-07 1.04960946e+03 1.52678714e+03
4.59060879e-07 1.13780160e+03 1.54454519e+03
4.59491909e-07 1.15796095e+03 1.55472114e+03
4.59922939e-07 1.25092333e+03 1.56808175e+03
4.60353970e-07 1.22999637e+03 1.56328525e+03
4.60785000e-07 1.12543479e+03 1.54682681e+03
4.61216030e-07 9.59528372e+02 1.47813660e+03
4.61647061e-07 8.68125164e+02 1.48467573e+03
4.62078091e-07 9.66173340e+02 1.54903962e+03
4.62509121e-07 1.11179843e+03 1.55604362e+03
4.62940152e-07 9.08964431e+02 1.49715776e+03
4.63371182e-07 9.45446078e+02 1.46827211e+03
4.63802212e-07 1.05243596e+03 1.52660229e+03
4.64233242e-07 1.25815147e+03 1.59853446e+03
4.64664273e-07 1.29433619e+03 1.60656943e+03
4.65095303e-07 1.18590613e+03 1.59562799e+03
4.65526333e-07 1.24466869e+03 1.64332519e+03
4.65957364e-07 1.17014643e+03 1.64504089e+03
4.66388394e-07 1.16354887e+03 1.62622962e+03
4.66819424e-07 1.14691038e+03 1.61043210e+03
4.67250455e-07 1.10216986e+03 1.60372686e+03
4.67681485e-07 1.20305859e+03 1.63907919e+03
4.68112515e-07 1.18843064e+03 1.64577417e+03
4.68543545e-07 1.29270564e+03 1.72255542e+03
4.68974576e-07 1.20096471e+03 1.67301253e+03
4.69405606e-07 1.14492335e+03 1.62232292e+03
4.69836636e-07 1.23082479e+03 1.64480750e+03
4.70267667e-07 1.28888725e+03 1.69022612e+03
4.70698697e-07 1.15714684e+03 1.66298375e+03
4.71129727e-07 1.21599487e+03 1.68075938e+03
4.71560758e-07 1.14409420e+03 1.66398504e+03
4.71991788e-07 1.03277404e+03 1.62234258e+03
4.72422818e-07 1.21771674e+03 1.68741848e+03
4.72853848e-07 1.43944002e+03 1.74071415e+03
4.73284879e-07 1.18933494e+03 1.62145197e+03
4.73715909e-07 1.07710989e+03 1.60655886e+03
4.74146939e-07 1.32817076e+03 1.68848611e+03
4.74577970e-07 1.49949406e+03 1.81369671e+03
4.75009000e-07 1.21445484e+03 1.70740025e+03
4.75440030e-07 1.25995562e+03 1.70731788e+03
4.75871061e-07 1.51835356e+03 1.82325932e+03
4.76302091e-07 1.35465881e+03 1.72572104e+03
4.76733121e-07 1.22576225e+03 1.68106928e+03
4.77164152e-07 1.29068896e+03 1.75328784e+03
4.77595182e-07 1.26312618e+03 1.75788428e+03
4.78026212e-07 1.38968650e+03 1.77655578e+03
4.78457242e-07 1.28924669e+03 1.74511170e+03
4.78888273e-07 1.34668204e+03 1.78006864e+03
4.79319303e-07 1.35798016e+03 1.81012149e+03
4.79750333e-07 1.44472326e+03 1.83816607e+03
4.80181364e-07 1.41227542e+03 1.82952164e+03
4.80612394e-07 1.46442298e+03 1.85544660e+03
4.81043424e-07 1.40273456e+03 1.82432314e+03
4.81474455e-07 1.37625600e+03 1.87424655e+03
4.81905485e-07 1.63989902e+03 1.98376868e+03
4.82336515e-07 1.53894931e+03 1.99709215e+03
4.82767545e-07 1.63512706e+03 2.02553167e+03
4.83198576e-07 1.43933991e+03 1.93957048e+03
4.83629606e-07 1.45592700e+03 1.96271952e+03
4.84060636e-07 1.60331163e+03 1.98273274e+03
4.84491667e-07 1.48199710e+03 1.94988465e+03
4.84922697e-07 1.38588303e+03 1.89943229e+03
4.85353727e-07 1.50462660e+03 1.93128982e+03
4.85784758e-07 1.60244550e+03 1.93630479e+03
4.86215788e-07 1.54914561e+03 1.86546473e+03
4.86646818e-07 1.56641063e+03 1.92775650e+03
4.87077848e-07 1.40606333e+03 1.89572217e+03
4.87508879e-07 1.38823623e+03 1.90893546e+03
4.87939909e-07 1.54382322e+03 2.00486995e+03
4.88370939e-07 1.72516882e+03 2.08738758e+03
4.88801970e-07 1.79399224e+03 2.12690587e+03
4.89233000e-07 1.41977529e+03 1.97433308e+03
4.89664030e-07 1.49694956e+03 2.03306540e+03
4.90095061e-07 1.59131993e+03 2.09533086e+03
4.90526091e-07 1.74353881e+03 2.14916647e+03
4.90957121e-07 1.74484806e+03 2.11101096e+03
4.91388152e-07 1.68344054e+03 2.10725020e+03
4.91819182e-07 1.85170958e+03 2.15199823e+03
4.92250212e-07 1.78573616e+03 2.17419561e+03
4.92681242e-07 1.64197230e+03 2.11594161e+03
4.93112273e-07 1.89970344e+03 2.24063597e+03
4.93543303e-07 1.92560857e+03 2.23241046e+03
4.93974333e-07 1.63462494e+03 2.13496950e+03
4.94405364e-07 1.65533021e+03 2.12538654e+03
4.94836394e-07 1.80061166e+03 2.25049958e+03
4.95267424e-07 1.78793995e+03 2.24929823e+03
4.95698455e-07 2.03331595e+03 2.33682166e+03
4.96129485e-07 1.88272335e+03 2.33151747e+03
4.96560515e-07 1.90831855e+03 2.34135597e+03
4.96991545e-07 1.90368943e+03 2.36468899e+03
4.97422576e-07 1.81995512e+03 2.32769571e+03
4.97853606e-07 1.93450758e+03 2.35480683e+03
4.98284636e-07 1.85477292e+03 2.27720909e+03
4.98715667e-07 1.95621024e+03 2.35838129e+03
4.99146697e-07 2.04454946e+03 2.41505905e+03
4.99577727e-07 2.05262340e+03 2.43646190e+03
5.00008758e-07 1.85808498e+03 2.35593682e+03
5.00439788e-07 1.71438859e+03 2.24556419e+03
5.00870818e-07 1.89588454e+03 2.32186284e+03
5.01301848e-07 1.96753963e+03 2.35458618e+03
5.01732879e-07 1.71391857e+03 2.26435278e+03
5.02163909e-07 1.80492560e+03 2.29567073e+03
5.02594939e-07 1.81190578e+03 2.29096078e+03
5.03025970e-07 2.01199837e+03 2.39616187e+03
5.03457000e-07 2.05213804e+03 2.41012529e+03
5.03888030e-07 2.04104357e+03 2.38760132e+03
5.04319061e-07 1.97278245e+03 2.36366628e+03
5.04750091e-07 2.18782181e+03 2.45254056e+03
5.05181121e-07 1.92420949e+03 2.34050580e+03
5.05612152e-07 1.99801124e+03 2.38730895e+03
5.06043182e-07 1.85104838e+03 2.37755639e+03
5.06474212e-07 2.09850723e+03 2.45617897e+03
5.06905242e-07 2.14058562e+03 2.51211215e+03
5.07336273e-07 2.06227110e+03 2.42792061e+03
5.07767303e-07 2.01837802e+03 2.40266405e+03
5.08198333e-07 2.19393460e+03 2.48904024e+03
5.08629364e-07 2.17141500e+03 2.46616826e+03
5.09060394e-07 2.25017919e+03 2.49853804e+03
5.09491424e-07 2.31735833e+03 2.49866904e+03
5.09922455e-07 2.28399712e+03 2.50295465e+03
5.10353485e-07 2.22534643e+03 2.50939838e+03
5.10784515e-07 2.09526152e+03 2.42849130e+03
5.11215545e-07 2.00214834e+03 2.44792454e+03
5.11646576e-07 2.12651277e+03 2.50476483e+03
5.12077606e-07 2.19412553e+03 2.50410188e+03
5.12508636e-07 2.22215120e+03 2.43611061e+03
5.12939667e-07 2.17692274e+03 2.47633688e+03
5.13370697e-07 2.24825858e+03 2.49899774e+03
5.13801727e-07 2.36901324e+03 2.59211948e+03
5.14232758e-07 2.20393938e+03 2.55550018e+03
5.14663788e-07 2.12622385e+03 2.54551710e+03
5.15094818e-07 2.27403532e+03 2.59584567e+03
5.15525848e-07 2.45796128e+03 2.65494818e+03
5.15956879e-07 2.46899874e+03 2.65049723e+03
5.16387909e-07 2.22674864e+03 2.48066716e+03
5.16818939e-07 2.15363351e+03 2.40967796e+03
5.17249970e-07 2.53722310e+03 2.58234616e+03
5.17681000e-07 2.31427445e+03 2.54446478e+03
5.18112030e-07 2.27844904e+03 2.50506988e+03
5.18543061e-07 2.46576875e+03 2.60243487e+03
5.18974091e-07 2.37531482e+03 2.60712369e+03
5.19405121e-07 2.38175174e+03 2.74408453e+03
5.19836152e-07 2.32798077e+03 2.85270686e+03
5.20267182e-07 2.47715115e+03 2.90437204e+03
5.20698212e-07 2.40294579e+03 2.68669957e+03
5.21129242e-07 2.33935641e+03 2.58716618e+03
5.21560273e-07 2.05731683e+03 2.53279504e+03
5.21991303e-07 2.25804998e+03 2.62569710e+03
5.22422333e-07 2.85436188e+03 2.89160145e+03
5.22853364e-07 2.64587124e+03 2.79935915e+03
5.23284394e-07 2.37060361e+03 2.68920748e+03
5.23715424e-07 2.29382231e+03 2.70203521e+03
5.24146455e-07 2.16407029e+03 2.68529284e+03
5.24577485e-07 2.20122990e+03 2.65668902e+03
5.25008515e-07 2.47426829e+03 2.72910828e+03
5.25439545e-07 2.41889136e+03 2.78653460e+03
5.25870576e-07 2.39450878e+03 2.73723406e+03
5.26301606e-07 2.13553277e+03 2.56554101e+03
5.26732636e-07 2.09609318e+03 2.52848690e+03
5.27163667e-07 2.52465982e+03 2.72280149e+03
5.27594697e-07 2.56379523e+03 2.81399750e+03
5.28025727e-07 2.56618107e+03 2.77758706e+03
5.28456758e-07 2.49969182e+03 2.78008334e+03
5.28887788e-07 2.31657188e+03 2.74713276e+03
5.29318818e-07 2.29424946e+03 2.73912361e+03
5.29749848e-07 2.57478469e+03 2.84813194e+03
5.30180879e-07 2.41627143e+03 2.80336793e+03
5.30611909e-07 2.24836210e+03 2.75683680e+03
5.31042939e-07 2.59802055e+03 2.90413443e+03
5.31473970e-07 2.69422891e+03 2.93550218e+03
5.31905000e-07 2.57824801e+03 2.87517174e+03
5.32336030e-07 2.53346982e+03 2.88488307e+03
5.32767061e-07 2.39026306e+03 2.84430979e+03
5.33198091e-07 2.79941738e+03 3.02189045e+03
5.33629121e-07 2.59367661e+03 2.97781415e+03
5.34060152e-07 2.40793211e+03 2.85481663e+03
5.34491182e-07 2.47678741e+03 2.84985947e+03
5.34922212e-07 2.57141538e+03 2.95160170e+03
5.35353242e-07 2.61293222e+03 2.94019427e+03
5.35784273e-07 2.28848387e+03 2.84327912e+03
5.36215303e-07 2.24686057e+03 2.82053183e+03
5.36646333e-07 2.61176759e+03 2.97107424e+03
5.37077364e-07 2.40179165e+03 2.89387076e+03
5.37508394e-07 2.45596307e+03 2.84874886e+03
5.37939424e-07 2.21525945e+03 2.78974828e+03
5.38370455e-07 2.40083460e+03 2.87277403e+03
5.38801485e-07 2.59495583e+03 2.92350270e+03
5.39232515e-07 2.53347035e+03 2.91237690e+03
5.39663545e-07 2.31785625e+03 2.80054121e+03
5.40094576e-07 2.41530384e+03 2.85980006e+03
5.40525606e-07 2.44338985e+03 2.87569579e+03
5.40956636e-07 2.40595009e+03 2.86331275e+03
5.41387667e-07 2.09038762e+03 2.74266065e+03
5.41818697e-07 2.46905531e+03 2.92657448e+03
5.42249727e-07 2.58419243e+03 2.96543472e+03
5.42680758e-07 2.67210003e+03 2.97904353e+03
5.43111788e-07 2.54531556e+03 2.94385448e+03
5.43542818e-07 2.54183784e+03 2.96011737e+03
5.43973848e-07 2.65895104e+03 3.07031593e+03
5.44404879e-07 2.72136730e+03 3.04440232e+03
5.44835909e-07 2.68813495e+03 3.03397505e+03
5.45266939e-07 2.98461548e+03 3.12673462e+03
5.45697970e-07 2.67129743e+03 3.10000710e+03
5.46129000e-07 2.45994483e+03 3.00913205e+03
5.46560030e-07 2.76536784e+03 3.11842459e+03
5.46991061e-07 2.67322499e+03 3.05761491e+03
5.47422091e-07 2.42458042e+03 2.99191949e+03
5.47853121e-07 2.65860805e+03 3.05295522e+03
5.48284152e-07 2.41300261e+03 2.93887746e+03
5.48715182e-07 2.67753928e+03 3.01324434e+03
5.49146212e-07 2.52878408e+03 2.99734505e+03
5.49577242e-07 2.51211136e+03 3.04132130e+03
5.50008273e-07 2.49675512e+03 3.03741859e+03
5.50439303e-07 2.62984522e+03 3.10913995e+03
5.50870333e-07 2.73859690e+03 3.14437120e+03
5.51301364e-07 2.54086932e+03 3.06996858e+03
5.51732394e-07 2.62706410e+03 3.10698768e+03
5.52163424e-07 2.75262887e+03 3.08837084e+03
5.52594455e-07 2.58423316e+03 3.04919787e+03
5.53025485e-07 2.79521388e+03 3.13921351e+03
5.53456515e-07 2.54508082e+03 3.05790659e+03
5.53887545e-07 2.62647111e+03 3.13860186e+03
5.54318576e-07 2.57830890e+03 3.20209743e+03
5.54749606e-07 2.44819234e+03 3.13464540e+03
5.55180636e-07 2.65054712e+03 3.09242078e+03
5.55611667e-07 2.48010719e+03 3.06050800e+03
5.56042697e-07 2.22126286e+03 2.97526417e+03
5.56473727e-07 2.46725036e+03 3.27606542e+03
5.56904758e-07 2.82038195e+03 5.03655470e+03
5.57335788e-07 4.73544413e+03 1.61220218e+04
5.57766818e-07 4.46985185e+03 2.51231579e+04
5.58197848e-07 1.41093915e+03 1.40615349e+04
5.58628879e-07 1.79879382e+03 4.27503299e+03
5.59059909e-07 2.87753730e+03 3.16219779e+03
5.59490939e-07 2.83264038e+03 3.25651685e+03
5.59921970e-07 2.56199449e+03 3.14557016e+03
5.60353000e-07 2.73709491e+03 3.28130967e+03
5.60784030e-07 2.80238667e+03 3.33327586e+03
5.61215061e-07 2.85376120e+03 3.29040172e+03
5.61646091e-07 2.64261262e+03 3.13906708e+03
5.62077121e-07 2.53830275e+03 3.17728079e+03
5.62508152e-07 2.71124408e+03 3.27090836e+03
5.62939182e-07 2.93772078e+03 3.26156349e+03
5.63370212e-07 2.85952275e+03 3.20320034e+03
5.63801242e-07 2.96665381e+03 3.20484428e+03
5.64232273e-07 2.94434569e+03 3.26114797e+03
5.64663303e-07 2.78636891e+03 3.26140702e+03
5.65094333e-07 2.87800403e+03 3.23326596e+03
5.65525364e-07 2.85643754e+03 3.24292739e+03
5.65956394e-07 2.60147778e+03 3.08128445e+03
5.66387424e-07 2.53112133e+03 3.16297081e+03
5.66818455e-07 2.94337228e+03 3.28286325e+03
5.67249485e-07 3.33393366e+03 3.42913108e+03
5.67680515e-07 3.17830568e+03 3.38578261e+03
5.68111545e-07 3.06321546e+03 3.34750952e+03
5.68542576e-07 3.04443057e+03 3.35469445e+03
5.68973606e-07 2.92535206e+03 3.33187443e+03
5.69404636e-07 2.77023189e+03 3.35722695e+03
5.69835667e-07 3.05445753e+03 3.45764080e+03
5.70266697e-07 3.27658619e+03 3.49800445e+03
5.70697727e-07 3.29099097e+03 3.50316377e+03
5.71128758e-07 3.43080859e+03 3.51629658e+03
5.71559788e-07 3.76114725e+03 3.60584968e+03
5.71990818e-07 3.33566532e+03 3.52916077e+03
5.72421848e-07 3.15892048e+03 3.46605375e+03
5.72852879e-07 3.21932603e+03 3.50282674e+03
5.73283909e-07 3.18154141e+03 3.49026208e+03
5.73714939e-07 3.07303982e+03 3.42669133e+03
5.74145970e-07 3.25148686e+03 3.44926799e+03
5.74577000e-07 3.12678190e+03 3.44675257e+03
5.75008030e-07 3.16803490e+03 3.45728402e+03
5.75439061e-07 3.33082286e+03 3.54436244e+03
5.75870091e-07 3.41646974e+03 3.57730164e+03
5.76301121e-07 3.44960483e+03 3.56594619e+03
5.76732152e-07 3.48852387e+03 3.54556097e+03
5.77163182e-07 3.57807987e+03 3.59606138e+03
5.77594212e-07 3.60435786e+03 3.63614604e+03
5.78025242e-07 3.33312735e+03 3.51438573e+03
5.78456273e-07 3.41833565e+03 3.51733583e+03
5.78887303e-07 3.60599246e+03 3.60193448e+03
5.79318333e-07 3.17803099e+03 3.48471869e+03
5.79749364e-07 2.95753503e+03 3.43624499e+03
5.80180394e-07 3.22168791e+03 3.56874981e+03
5.80611424e-07 3.35978486e+03 3.56212951e+03
5.81042455e-07 3.06923284e+03 3.47860873e+03
5.81473485e-07 3.05746113e+03 3.50148997e+03
5.81904515e-07 3.48111310e+03 3.64128493e+03
5.82335545e-07 3.45262452e+03 3.68031266e+03
5.82766576e-07 3.29014806e+03 3.61785603e+03
5.83197606e-07 3.15377612e+03 3.55063024e+03
5.83628636e-07 3.27969593e+03 3.57211476e+03
5.84059667e-07 3.37966957e+03 3.63681583e+03
5.84490697e-07 3.43744576e+03 3.65250295e+03
5.84921727e-07 3.63152303e+03 3.77429475e+03
5.85352758e-07 3.46797681e+03 3.67200500e+03
5.85783788e-07 3.11763685e+03 3.54992000e+03
5.86214818e-07 3.63876135e+03 3.97501387e+03
5.86645848e-07 3.55925823e+03 4.28982861e+03
5.87076879e-07 3.21614486e+03 4.12034636e+03
5.87507909e-07 3.56965968e+03 3.94632389e+03
5.87938939e-07 3.69873470e+03 3.97158977e+03
5.88369970e-07 3.52585072e+03 4.85292178e+03
5.88801000e-07 3.72711390e+03 7.16290298e+03
5.89232030e-07 3.75271415e+03 7.98998315e+03
5.89663061e-07 3.30935739e+03 6.37876100e+03
5.90094091e-07 3.32853996e+03 4.71332138e+03
5.90525121e-07 3.33704501e+03 3.94791643e+03
5.90956152e-07 3.26349163e+03 3.93712765e+03
5.91387182e-07 3.45557260e+03 4.14845702e+03
5.91818212e-07 3.38261226e+03 4.11508523e+03
5.92249242e-07 3.30326259e+03 3.94427368e+03
5.92680273e-07 3.62152362e+03 4.11646708e+03
5.93111303e-07 3.50408018e+03 4.27337214e+03
5.93542333e-07 3.49105298e+03 4.19251586e+03
5.93973364e-07 3.28906441e+03 3.90719233e+03
5.94404394e-07 2.96232669e+03 3.74853570e+03
5.94835424e-07 3.33903903e+03 4.03567766e+03
5.95266455e-07 3.64777338e+03 4.27520309e+03
5.95697485e-07 3.74706703e+03 4.17402384e+03
5.96128515e-07 3.60758127e+03 3.98146110e+03
5.96559545e-07 3.62780666e+03 3.98845273e+03
5.96990576e-07 3.75199483e+03 4.10715340e+03
5.97421606e-07 3.94135626e+03 4.23434016e+03
5.97852636e-07 3.81613234e+03 4.19372760e+03
5.98283667e-07 3.55550211e+03 3.92984319e+03
5.98714697e-07 3.64751798e+03 3.91529003e+03
5.99145727e-07 3.66338247e+03 3.92676745e+03
5.99576758e-07 3.63757748e+03 3.90840020e+03
6.00007788e-07 3.44214661e+03 3.92973580e+03
6.00438818e-07 3.30439637e+03 3.87517028e+03
6.00869848e-07 3.64076344e+03 3.89002685e+03
6.01300879e-07 3.63246906e+03 3.80758299e+03
6.01731909e-07 3.61189163e+03 3.78064964e+03
6.02162939e-07 3.85404285e+03 3.86227277e+03
6.02593970e-07 4.31686259e+03 4.09168632e+03
6.03025000e-07 4.03426461e+03 3.97940247e+03
6.03456030e-07 3.93876732e+03 3.98426943e+03
6.03887061e-07 3.69633013e+03 3.83580530e+03
6.04318091e-07 3.98215353e+03 3.93668515e+03
6.04749121e-07 4.18221084e+03 3.99013079e+03
6.05180152e-07 3.73793760e+03 3.84207045e+03
6.05611182e-07 3.48480160e+03 3.79107439e+03
6.06042212e-07 4.01244935e+03 3.94570594e+03
6.06473242e-07 3.61366500e+03 3.79336925e+03
6.06904273e-07 3.70339885e+03 3.88261075e+03
6.07335303e-07 3.70340803e+03 3.83700320e+03
6.07766333e-07 3.61856370e+03 3.79946006e+03
6.08197364e-07 3.77571760e+03 3.83975468e+03
6.08628394e-07 3.72413795e+03 3.79081388e+03
6.09059424e-07 3.62458367e+03 3.81882666e+03
6.09490455e-07 3.76285722e+03 3.86094739e+03
6.09921485e-07 3.68607235e+03 3.88016210e+03
6.10352515e-07 4.17861445e+03 4.03920780e+03
6.10783545e-07 4.12137460e+03 4.01396867e+03
6.11214576e-07 3.98098443e+03 3.93162822e+03
6.11645606e-07 3.99522899e+03 3.94528444e+03
6.12076636e-07 3.94521311e+03 3.95866751e+03
6.12507667e-07 4.11095011e+03 5.40460447e+03
6.12938697e-07 3.81300209e+03 5.11388521e+03
6.13369727e-07 3.77030942e+03 5.23133788e+03
6.13800758e-07 3.60056023e+03 5.41715152e+03
6.14231788e-07 3.90690495e+03 4.15865185e+03
6.14662818e-07 4.08185829e+03 4.15201401e+03
6.15093848e-07 4.05643734e+03 4.12558923e+03
6.15524879e-07 4.04439303e+03 4.08786044e+03
6.15955909e-07 3.79101608e+03 4.01006358e+03
6.16386939e-07 4.27345468e+03 4.08458240e+03
6.16817970e-07 3.82947930e+03 4.10083034e+03
6.17249000e-07 4.52198776e+03 4.47602086e+03
6.17680030e-07 4.11677197e+03 4.16237618e+03
6.18111061e-07 3.99856647e+03 4.10622953e+03
6.18542091e-07 4.07444190e+03 4.07790768e+03
6.18973121e-07 4.29667665e+03 4.19298538e+03
6.19404152e-07 4.44908091e+03 4.22192547e+03
6.19835182e-07 3.68734615e+03 4.02755847e+03
6.20266212e-07 4.01322406e+03 4.22707367e+03
6.20697242e-07 4.31767607e+03 4.30988526e+03
6.21128273e-07 3.80135851e+03 4.05733034e+03
6.21559303e-07 3.79470785e+03 4.13991191e+03
6.21990333e-07 3.82581137e+03 4.24328198e+03
6.22421364e-07 4.28219868e+03 4.36531429e+03
6.22852394e-07 3.98391532e+03 4.36498267e+03
6.23283424e-07 4.16837628e+03 5.12646804e+03
6.23714455e-07 4.30048709e+03 5.49554068e+03
6.24145485e-07 3.82379438e+03 4.88800219e+03
6.24576515e-07 4.11034029e+03 4.51385399e+03
6.25007545e-07 4.36768905e+03 4.48687499e+03
6.25438576e-07 4.00788684e+03 4.84758977e+03
6.25869606e-07 3.86426291e+03 5.22817636e+03
6.26300636e-07 4.10306300e+03 4.99774175e+03
6.26731667e-07 4.08958875e+03 4.63368344e+03
6.27162697e-07 4.03937444e+03 4.41449447e+03
6.27593727e-07 3.70179470e+03 4.25844968e+03
6.28024758e-07 4.05485392e+03 4.47148175e+03
6.28455788e-07 4.45849455e+03 5.02955617e+03
6.28886818e-07 4.49433838e+03 5.32166613e+03
6.29317848e-07 4.62530141e+03 9.94862419e+03
6.29748879e-07 6.17228167e+03 1.99204745e+04
6.30179909e-07 4.82328909e+03 2.06053244e+04
6.30610939e-07 3.97643862e+03 7.91623968e+03
6.31041970e-07 4.28223415e+03 5.16730706e+03
6.31473000e-07 3.89698636e+03 4.45462268e+03
6.31904030e-07 4.53976718e+03 4.74268350e+03
6.32335061e-07 4.48945577e+03 4.98389057e+03
6.32766091e-07 3.86517371e+03 5.08194355e+03
6.33197121e-07 3.80437517e+03 4.95195218e+03
6.33628152e-07 3.76849960e+03 4.42559170e+03
6.34059182e-07 3.99443020e+03 4.33349790e+03
6.34490212e-07 3.92766100e+03 4.48181939e+03
6.34921242e-07 4.40554374e+03 4.82842638e+03
6.35352273e-07 4.07254866e+03 4.98391417e+03
6.35783303e-07 4.29374231e+03 5.99793035e+03
6.36214333e-07 4.43802890e+03 7.70492232e+03
6.36645364e-07 4.04148337e+03 6.86981438e+03
6.37076394e-07 3.91291204e+03 4.88713987e+03
6.37507424e-07 4.73804555e+03 4.76387112e+03
6.37938455e-07 4.20507142e+03 4.68499376e+03
6.38369485e-07 4.70423250e+03 5.02157267e+03
6.38800515e-07 4.37492486e+03 4.86245475e+03
6.39231545e-07 4.13847677e+03 4.56604689e+03
6.39662576e-07 4.39501534e+03 4.50917112e+03
6.40093606e-07 4.28483145e+03 4.46139684e+03
6.40524636e-07 4.54505241e+03 4.55929239e+03
6.40955667e-07 4.63081340e+03 4.59783973e+03
6.41386697e-07 4.26800181e+03 4.52860956e+03
6.41817727e-07 4.50020529e+03 4.61535872e+03
6.42248758e-07 4.29546244e+03 4.54341324e+03
6.42679788e-07 3.94311599e+03 4.36809392e+03
6.43110818e-07 4.48134814e+03 4.56577755e+03
6.43541848e-07 4.61770175e+03 4.59964352e+03
6.43972879e-07 4.27920467e+03 4.39863414e+03
6.44403909e-07 4.28569872e+03 4.50962729e+03
6.44834939e-07 4.26964716e+03 4.49617516e+03
6.45265970e-07 4.48943738e+03 7.22741939e+03
6.45697000e-07 4.37095524e+03 7.33750256e+03
6.46128030e-07 4.33098806e+03 7.77497162e+03
6.46559061e-07 3.98966755e+03 8.25169808e+03
6.46990091e-07 4.69760303e+03 5.57300063e+03
6.47421121e-07 4.84746072e+03 5.17632597e+03
6.47852152e-07 4.58229512e+03 4.78038149e+03
6.48283182e-07 4.54588947e+03 4.59567354e+03
6.48714212e-07 4.75815748e+03 4.62590875e+03
6.49145242e-07 4.84767470e+03 4.85431892e+03
6.49576273e-07 4.73815227e+03 5.58708752e+03
6.50007303e-07 4.77142648e+03 6.04345840e+03
6.50438333e-07 4.97850699e+03 5.62658775e+03
6.50869364e-07 4.78430552e+03 4.96572164e+03
6.51300394e-07 4.85441900e+03 4.74518079e+03
6.51731424e-07 4.87214148e+03 4.84002440e+03
6.52162455e-07 4.58542025e+03 4.87654079e+03
6.52593485e-07 4.75930822e+03 5.02473048e+03
6.53024515e-07 5.03911309e+03 5.61500324e+03
6.53455545e-07 4.80310951e+03 5.59924612e+03
6.53886576e-07 4.50381266e+03 5.06886490e+03
6.54317606e-07 4.73560316e+03 5.10500031e+03
6.54748636e-07 4.96974685e+03 5.36630527e+03
6.55179667e-07 4.50472420e+03 5.63234843e+03
6.55610697e-07 4.46969736e+03 5.44932794e+03
6.56041727e-07 4.93359737e+03 5.03963906e+03
6.56472758e-07 5.09913615e+03 5.04215708e+03
6.56903788e-07 4.80343364e+03 5.06266764e+03
6.57334818e-07 4.92399341e+03 5.38162260e+03
6.57765848e-07 5.07168375e+03 5.61256218e+03
6.58196879e-07 4.69773689e+03 5.10588919e+03
6.58627909e-07 4.55579148e+03 4.63315268e+03
6.59058939e-07 4.66788008e+03 4.70456047e+03
6.59489970e-07 4.69996639e+03 4.86927929e+03
6.59921000e-07 4.96392785e+03 5.04662437e+03
6.60352030e-07 4.63194650e+03 4.98280380e+03
6.60783061e-07 4.62033518e+03 4.81019761e+03
6.61214091e-07 4.86824050e+03 4.66428799e+03
6.61645121e-07 4.63858272e+03 4.53706286e+03
6.62076152e-07 4.32728136e+03 4.48806889e+03
6.62507182e-07 4.31127494e+03 4.54089043e+03
6.62938212e-07 4.56661288e+03 4.68769536e+03
6.63369242e-07 4.74397337e+03 4.70858119e+03
6.63800273e-07 4.45474675e+03 4.56204338e+03
6.64231303e-07 4.42874522e+03 4.49939096e+03
6.64662333e-07 4.50193598e+03 4.50176611e+03
6.65093364e-07 4.71127978e+03 4.48893299e+03
6.65524394e-07 4.69262482e+03 4.49631171e+03
6.65955424e-07 4.86232939e+03 4.56689100e+03
6.66386455e-07 4.87514949e+03 4.67482204e+03
6.66817485e-07 4.69109386e+03 4.66043990e+03
6.67248515e-07 4.97713122e+03 4.70190053e+03
6.67679545e-07 4.94332157e+03 4.58967599e+03
6.68110576e-07 4.60167881e+03 4.51952750e+03
6.68541606e-07 4.53687151e+03 4.42513864e+03
6.68972636e-07 4.36038958e+03 4.39555318e+03
6.69403667e-07 4.38185004e+03 4.43671720e+03
6.69834697e-07 4.74858327e+03 4.57056647e+03
6.70265727e-07 4.95851435e+03 4.65552374e+03
6.70696758e-07 4.60297003e+03 4.49825584e+03
6.71127788e-07 4.66399852e+03 4.46340266e+03
6.71558818e-07 4.81062009e+03 4.59243408e+03
6.71989848e-07 4.29522768e+03 4.37115364e+03
6.72420879e-07 4.41039731e+03 4.38246635e+03
6.72851909e-07 4.72109096e+03 4.46231650e+03
6.73282939e-07 4.60153004e+03 4.39510304e+03
6.73713970e-07 4.36707785e+03 4.36020790e+03
6.74145000e-07 4.64601529e+03 4.45050620e+03
6.74576030e-07 4.94112493e+03 4.58544410e+03
6.75007061e-07 4.57904547e+03 4.41585476e+03
6.75438091e-07 4.41684085e+03 4.35810500e+03
6.75869121e-07 4.91061880e+03 4.47083957e+03
6.76300152e-07 4.42353719e+03 4.27727679e+03
6.76731182e-07 4.68120137e+03 4.33504509e+03
6.77162212e-07 5.00598802e+03 4.50867794e+03
6.77593242e-07 4.66665620e+03 4.32395825e+03
6.78024273e-07 4.62528977e+03 4.34543597e+03
6.78455303e-07 4.59284434e+03 4.37609934e+03
6.78886333e-07 4.39758744e+03 4.26998048e+03
6.79317364e-07 4.66443336e+03 4.37602317e+03
6.79748394e-07 4.75458469e+03 4.37418129e+03
6.80179424e-07 4.92414853e+03 4.47371157e+03
6.80610455e-07 4.60101108e+03 4.34290742e+03
6.81041485e-07 4.88795726e+03 4.39348187e+03
6.81472515e-07 4.79314174e+03 4.44810633e+03
6.81903545e-07 4.79738634e+03 4.50582807e+03
6.82334576e-07 5.17822065e+03 5.43063931e+03
6.82765606e-07 4.92714806e+03 6.84168879e+03
6.83196636e-07 4.80607152e+03 7.40820740e+03
6.83627667e-07 4.42777231e+03 6.26483065e+03
6.84058697e-07 4.48993696e+03 5.16757874e+03
6.84489727e-07 4.33432048e+03 4.57138556e+03
6.84920758e-07 4.86263456e+03 4.58904677e+03
6.85351788e-07 5.07952956e+03 4.70283647e+03
6.85782818e-07 5.00157246e+03 5.50346342e+03
6.86213848e-07 4.52092141e+03 7.28766132e+03
6.86644879e-07 3.30593858e+03 6.24368980e+03
6.87075909e-07 3.22774672e+03 4.22721802e+03
6.87506939e-07 3.74997155e+03 4.02120720e+03
6.87937970e-07 3.97149046e+03 4.34177549e+03
6.88369000e-07 4.26308780e+03 4.66511958e+03
6.88800030e-07 3.83316008e+03 4.70086697e+03
6.89231061e-07 4.11023462e+03 4.59664556e+03
6.89662091e-07 4.59677104e+03 4.62177782e+03
6.90093121e-07 4.43465133e+03 4.70968561e+03
6.90524152e-07 4.03772471e+03 4.46811035e+03
6.90955182e-07 4.31354369e+03 4.91296774e+03
6.91386212e-07 5.11659112e+03 5.39415913e+03
6.91817242e-07 4.57799810e+03 5.25690734e+03
6.92248273e-07 4.18263564e+03 5.82384197e+03
6.92679303e-07 4.48204008e+03 5.25940517e+03
6.93110333e-07 4.55533814e+03 4.45781318e+03
6.93541364e-07 4.24795367e+03 4.58190893e+03
6.93972394e-07 4.63089898e+03 5.09441519e+03
6.94403424e-07 4.06145159e+03 5.23673497e+03
6.94834455e-07 4.69070399e+03 6.18022582e+03
6.95265485e-07 4.26123420e+03 5.47889765e+03
6.95696515e-07 4.39166527e+03 4.50182079e+03
6.96127545e-07 4.29720378e+03 4.34353900e+03
6.96558576e-07 4.07901493e+03 4.62003761e+03
6.96989606e-07 4.00186176e+03 4.86992146e+03
6.97420636e-07 4.48389361e+03 5.36390469e+03
6.97851667e-07 4.28148214e+03 5.49576086e+03
6.98282697e-07 3.98514938e+03 4.70078076e+03
6.98713727e-07 4.19753823e+03 4.31625958e+03
6.99144758e-07 4.28939943e+03 4.24260898e+03
6.99575788e-07 4.83315439e+03 4.50820831e+03
7.00006818e-07 3.99194932e+03 4.44493897e+03
7.00437848e-07 4.42468168e+03 4.69805739e+03
7.00868879e-07 4.41943510e+03 4.80238503e+03
7.01299909e-07 4.15752070e+03 4.54233765e+03
7.01730939e-07 4.02665957e+03 4.19557196e+03
7.02161970e-07 4.73102889e+03 4.30403992e+03
7.02593000e-07 3.83836152e+03 4.01637341e+03
7.03024030e-07 3.84323516e+03 3.99442105e+03
7.03455061e-07 5.38012498e+03 4.59681186e+03
7.03886091e-07 5.79248988e+03 4.91322548e+03
7.04317121e-07 5.47254135e+03 5.13493730e+03
7.04748152e-07 5.21828576e+03 5.28961740e+03
7.05179182e-07 9.80460562e+03 6.86530220e+03
7.05610212e-07 1.27555454e+04 7.70219777e+03
7.06041242e-07 7.88779705e+03 5.81825136e+03
7.06472273e-07 4.73832070e+03 4.71445916e+03
7.06903303e-07 4.45229693e+03 4.63855392e+03
7.07334333e-07 5.96916541e+03 5.12819472e+03
7.07765364e-07 7.22383886e+03 5.62299982e+03
7.08196394e-07 5.84681884e+03 5.13831200e+03
7.08627424e-07 5.13205665e+03 4.86776388e+03
7.09058455e-07 4.25061416e+03 4.50301822e+03
7.09489485e-07 4.45079720e+03 4.45755281e+03
7.09920515e-07 4.46382470e+03 4.39145448e+03
7.10351545e-07 4.28752477e+03 4.25078061e+03
7.10782576e-07 4.47144625e+03 4.29173331e+03
7.11213606e-07 4.62792330e+03 4.36929938e+03
7.11644636e-07 4.17623873e+03 4.22370649e+03
7.12075667e-07 4.34090905e+03 4.30306224e+03
7.12506697e-07 4.17816477e+03 4.32782687e+03
7.12937727e-07 3.77675939e+03 4.19755355e+03
7.13368758e-07 3.84750186e+03 4.21622476e+03
7.13799788e-07 4.05443790e+03 4.33892632e+03
7.14230818e-07 4.27010502e+03 4.54900605e+03
7.14661848e-07 4.47327287e+03 4.73589661e+03
7.15092879e-07 4.13318575e+03 4.35196439e+03
7.15523909e-07 3.95320361e+03 4.16903764e+03
7.15954939e-07 3.83272698e+03 4.15436191e+03
7.16385970e-07 3.71993570e+03 4.05770136e+03
7.16817000e-07 3.45028031e+03 3.85493654e+03
7.17248030e-07 3.82276336e+03 3.92392011e+03
7.17679061e-07 3.33925904e+03 3.77292700e+03
7.18110091e-07 3.01913736e+03 3.59290557e+03
7.18541121e-07 3.60316930e+03 3.63073174e+03
7.18972152e-07 3.82776460e+03 3.69725262e+03
7.19403182e-07 3.32867470e+03 3.50978981e+03
7.19834212e-07 3.13849832e+03 3.46076308e+03
7.20265242e-07 3.09810084e+03 3.46554822e+03
7.20696273e-07 3.54385951e+03 3.67142406e+03
7.21127303e-07 3.44269089e+03 3.74897132e+03
7.21558333e-07 4.05078561e+03 3.97756494e+03
7.21989364e-07 4.74413588e+03 4.30552393e+03
7.22420394e-07 4.27033737e+03 4.16116859e+03
7.22851424e-07 3.80852717e+03 4.01870221e+03
7.23282455e-07 3.42847073e+03 4.66781076e+03
7.23713485e-07 3.46955011e+03 7.28040760e+03
7.24144515e-07 2.40687423e+03 9.37399177e+03
7.24575545e-07 2.38248956e+03 8.37093243e+03
7.25006576e-07 2.85064018e+03 5.65191282e+03
7.25437606e-07 3.01951499e+03 4.44519547e+03
7.25868636e-07 2.97536946e+03 4.01182801e+03
7.26299667e-07 3.53740604e+03 4.03974182e+03
7.26730697e-07 3.22332790e+03 4.33707757e+03
7.27161727e-07 3.37477535e+03 6.55051646e+03
7.27592758e-07 2.82016339e+03 8.83865129e+03
7.28023788e-07 2.87593178e+03 7.92842295e+03
7.28454818e-07 3.17979736e+03 6.42809337e+03
7.28885848e-07 3.14614030e+03 5.05588526e+03
7.29316879e-07 3.28295530e+03 4.47612694e+03
7.29747909e-07 3.58163124e+03 4.79335907e+03
7.30178939e-07 3.83671058e+03 5.17116711e+03
7.30609970e-07 3.63906198e+03 5.04652831e+03
7.31041000e-07 3.40896836e+03 5.75810515e+03
7.31472030e-07 2.92002179e+03 8.02245801e+03
7.31903061e-07 2.99805279e+03 7.13452865e+03
7.32334091e-07 4.18370467e+03 5.42439709e+03
7.32765121e-07 4.05923115e+03 9.64578721e+03
7.33196152e-07 3.55169678e+03 9.54885851e+03
7.33627182e-07 3.92957990e+03 1.17517636e+04
7.34058212e-07 2.87373204e+03 1.50993886e+04
7.34489242e-07 3.61543093e+03 7.13731378e+03
7.34920273e-07 3.85078834e+03 4.63885049e+03
7.35351303e-07 4.05401117e+03 5.12357339e+03
7.35782333e-07 3.94198033e+03 6.06670157e+03
7.36213364e-07 4.04645503e+03 6.17035049e+03
7.36644394e-07 4.07996434e+03 7.28941309e+03
7.37075424e-07 3.36884142e+03 7.40881491e+03
7.37506455e-07 4.01659255e+03 5.51132846e+03
7.37937485e-07 4.20913273e+03 4.38655409e+03
7.38368515e-07 3.92066414e+03 4.30270507e+03
7.38799545e-07 3.92971152e+03 5.00121439e+03
7.39230576e-07 4.03574502e+03 5.64866075e+03
7.39661606e-07 4.15619762e+03 6.13278972e+03
7.40092636e-07 3.75554459e+03 6.81180110e+03
7.40523667e-07 3.88063691e+03 5.94257050e+03
7.40954697e-07 4.70877849e+03 5.20641054e+03
7.41385727e-07 4.98141634e+03 4.99983203e+03
7.41816758e-07 4.72407890e+03 4.50626222e+03
7.42247788e-07 4.19340689e+03 4.38852155e+03
7.42678818e-07 4.07749350e+03 4.77441907e+03
7.43109848e-07 4.50283070e+03 5.29882602e+03
7.43540879e-07 4.65831943e+03 5.79421917e+03
7.43971909e-07 4.20574881e+03 5.67542360e+03
7.44402939e-07 4.65492846e+03 4.94163215e+03
7.44833970e-07 4.61501108e+03 4.44372298e+03
7.45265000e-07 4.08691406e+03 4.29682261e+03
7.45696030e-07 4.61541945e+03 4.54946112e+03
7.46127061e-07 4.78517745e+03 5.01419726e+03
7.46558091e-07 4.98694500e+03 5.62691718e+03
7.46989121e-07 4.66545800e+03 5.99640642e+03
7.47420152e-07 4.53573694e+03 6.22345264e+03
7.47851182e-07 5.29227867e+03 6.68468303e+03
7.48282212e-07 4.51670155e+03 6.27357274e+03
7.48713242e-07 4.78110014e+03 5.46258367e+03
7.49144273e-07 5.08815637e+03 5.10863511e+03
7.49575303e-07 5.33949104e+03 5.02822524e+03
7.50006333e-07 5.22933388e+03 4.87572836e+03
7.50437364e-07 5.04580174e+03 4.69075306e+03
7.50868394e-07 5.42870288e+03 4.77141293e+03
7.51299424e-07 5.09420429e+03 4.88820765e+03
7.51730455e-07 5.10381645e+03 5.83359301e+03
7.52161485e-07 4.33304580e+03 7.59917952e+03
7.52592515e-07 4.06315363e+03 7.82674925e+03
7.53023545e-07 4.52082518e+03 6.25680413e+03
7.53454576e-07 4.77816771e+03 5.20120568e+03
7.53885606e-07 4.86792712e+03 4.88847338e+03
7.54316636e-07 5.11288236e+03 4.86615467e+03
7.54747667e-07 5.20382614e+03 4.73700127e+03
7.55178697e-07 4.64698392e+03 4.65058307e+03
7.55609727e-07 4.67850581e+03 5.08997913e+03
7.56040758e-07 4.58981952e+03 5.03040044e+03
7.56471788e-07 4.80071712e+03 5.31019294e+03
7.56902818e-07 5.05175216e+03 6.79561724e+03
7.57333848e-07 4.52361839e+03 6.73805073e+03
7.57764879e-07 5.12308739e+03 5.42497279e+03
7.58195909e-07 4.94691068e+03 5.06842656e+03
7.58626939e-07 4.39352950e+03 5.16978984e+03
7.59057970e-07 3.96893399e+03 4.47624832e+03
7.59489000e-07 2.51692138e+03 3.61662856e+03
7.59920030e-07 1.41814669e+03 3.06544401e+03
7.60351061e-07 1.06588217e+03 2.41197460e+03
7.60782091e-07 1.18876936e+03 2.28234748e+03
7.61213121e-07 2.10626101e+03 3.05132558e+03
7.61644152e-07 2.67095418e+03 3.82527146e+03
7.62075182e-07 2.59948721e+03 3.94382423e+03
7.62506212e-07 2.55668462e+03 3.89756606e+03
7.62937242e-07 2.46811510e+03 3.85299247e+03
7.63368273e-07 2.60249547e+03 3.49877120e+03
7.63799303e-07 3.09582233e+03 3.39711258e+03
7.64230333e-07 3.14687736e+03 3.43404469e+03
7.64661364e-07 2.99863587e+03 5.76526670e+03
7.65092394e-07 3.47388032e+03 6.32804068e+03
7.65523424e-07 3.87792187e+03 6.90076628e+03
7.65954455e-07 3.65948279e+03 7.31078692e+03
7.66385485e-07 3.97715680e+03 4.63990011e+03
7.66816515e-07 4.33763219e+03 4.32391985e+03
7.67247545e-07 4.00932320e+03 4.06688374e+03
7.67678576e-07 3.85835576e+03 4.05355407e+03
7.68109606e-07 3.91468044e+03 4.29550771e+03
7.68540636e-07 4.39296016e+03 4.64390609e+03
7.68971667e-07 4.24947262e+03 4.71816524e+03
7.69402697e-07 4.55947810e+03 4.88248698e+03
7.69833727e-07 4.53980176e+03 4.99122255e+03
7.70264758e-07 4.40681985e+03 4.96535658e+03
7.70695788e-07 4.84060713e+03 6.92166800e+03
7.71126818e-07 4.35862998e+03 1.17399202e+04
7.71557848e-07 3.62813757e+03 1.36140474e+04
7.71988879e-07 4.16279259e+03 1.01537703e+04
7.72419909e-07 4.70199486e+03 7.17788415e+03
7.72850939e-07 3.96789592e+03 5.70410721e+03
7.73281970e-07 3.99102923e+03 5.02329960e+03
7.73713000e-07 4.42407624e+03 4.94515520e+03
7.74144030e-07 4.65823732e+03 5.50391406e+03
7.74575061e-07 5.22299654e+03 9.10698638e+03
7.75006091e-07 3.91872730e+03 1.24662319e+04
7.75437121e-07 4.61066686e+03 1.05687934e+04
7.75868152e-07 4.41288003e+03 7.80709078e+03
7.76299182e-07 4.35959866e+03 6.47997718e+03
7.76730212e-07 4.25048721e+03 5.75894956e+03
7.77161242e-07 4.53830112e+03 6.97051032e+03
7.77592273e-07 4.78516389e+03 7.44879719e+03
7.78023303e-07 4.08402598e+03 6.65619281e+03
7.78454333e-07 4.36669902e+03 6.16591371e+03
7.78885364e-07 4.77628190e+03 7.96930290e+03
7.79316394e-07 3.91900139e+03 1.04910555e+04
7.79747424e-07 4.30218055e+03 8.59198254e+03
7.80178455e-07 4.75981522e+03 6.02678136e+03
7.80609485e-07 4.02012373e+03 6.70568509e+03
7.81040515e-07 4.11250004e+03 6.99905194e+03
7.81471545e-07 5.47493812e+03 7.79503863e+03
7.81902576e-07 4.48348996e+03 1.10724128e+04
7.82333606e-07 3.75887433e+03 1.06023051e+04
7.82764636e-07 4.38650992e+03 6.66823736e+03
7.83195667e-07 4.32707549e+03 4.96146001e+03
7.83626697e-07 4.47027976e+03 5.84131913e+03
7.84057727e-07 4.55266218e+03 6.97200122e+03
7.84488758e-07 4.36950993e+03 7.21081553e+03
7.84919788e-07 4.56784122e+03 1.03155600e+04
7.85350818e-07 4.39685041e+03 1.31857032e+04
7.85781848e-07 4.72502628e+03 1.09921214e+04
7.86212879e-07 4.45498750e+03 8.45389234e+03
7.86643909e-07 4.49325959e+03 8.40034869e+03
7.87074939e-07 4.27566334e+03 8.71098019e+03
7.87505970e-07 4.51086292e+03 7.96279664e+03
7.87937000e-07 4.23025713e+03 7.69324204e+03
7.88368030e-07 4.50439835e+03 8.10302123e+03
7.88799061e-07 4.41859814e+03 8.77618923e+03
7.89230091e-07 4.21266171e+03 7.87919602e+03
7.89661121e-07 4.03914717e+03 5.60036116e+03
7.90092152e-07 3.81157336e+03 4.87466832e+03
7.90523182e-07 4.46383428e+03 6.33434652e+03
7.90954212e-07 3.76267048e+03 1.07543031e+04
7.91385242e-07 3.58271047e+03 1.42475110e+04
7.91816273e-07 4.84939521e+03 1.23339898e+04
7.92247303e-07 4.19579505e+03 8.95435544e+03
7.92678333e-07 4.57333197e+03 7.60163560e+03
7.93109364e-07 4.18213427e+03 7.52619835e+03
7.93540394e-07 4.36319713e+03 6.38811681e+03
7.93971424e-07 4.14789450e+03 5.15474158e+03
7.94402455e-07 4.80852848e+03 6.01501888e+03
7.94833485e-07 5.00988611e+03 6.98235518e+03
7.95264515e-07 4.49943576e+03 6.11092373e+03
7.95695545e-07 4.32319857e+03 6.16136733e+03
7.96126576e-07 5.60004579e+03 9.96722223e+03
