1.12980000e-01
3.61197000e-07 8.36060285e+01 3.27158846e+02
3.61628030e-07 1.00784980e+01 2.78105544e+02
3.62059061e-07 8.18251268e+00 2.75053777e+02
3.64214212e-07 7.53255527e+00 3.11168974e+02
3.64645242e-07 9.63499633e-01 3.13925825e+02
3.66369364e-07 3.39869065e+01 3.35281108e+02
3.66800394e-07 2.55216377e+01 3.58101507e+02
3.67662455e-07 9.67059963e+01 3.43513630e+02
3.70248636e-07 1.96325717e+01 3.39805616e+02
3.70679667e-07 8.37057348e+00 3.12659337e+02
3.71110697e-07 6.18014446e+01 3.72807525e+02
3.71541727e-07 5.81840581e+01 3.60849800e+02
3.71972758e-07 8.79428517e+00 3.14033517e+02
3.72403788e-07 2.08101577e+01 3.56444620e+02
3.73696879e-07 3.37006676e+01 3.45141027e+02
3.74127909e-07 5.12059121e+01 3.40760212e+02
3.74989970e-07 2.03886219e+01 3.33498399e+02
3.75421000e-07 5.02690911e+01 3.77558678e+02
3.75852030e-07 4.50040596e+01 3.74610427e+02
3.77145121e-07 3.22326999e+01 3.63967214e+02
3.79300273e-07 3.19288570e+01 3.72092499e+02
3.80162333e-07 1.61947648e+01 3.44046925e+02
3.81024394e-07 5.42498531e+01 3.91918653e+02
3.83610576e-07 1.79056549e+01 3.76365399e+02
3.85765727e-07 1.66434102e+01 3.65345023e+02
3.86627788e-07 1.44443531e+00 3.80802182e+02
3.87920879e-07 1.79176756e+01 3.76753816e+02
3.88351909e-07 3.31255750e+01 3.88813411e+02
3.88782939e-07 1.60475480e+01 3.73554476e+02
3.90076030e-07 2.57795443e+01 4.36596330e+02
3.90507061e-07 1.68832789e+01 4.66316059e+02
3.91369121e-07 1.55095301e+01 5.10862435e+02
3.91800152e-07 5.13481619e+01 4.59350947e+02
3.92662212e-07 8.06814191e+00 3.88679974e+02
3.93093242e-07 2.48197260e+01 3.52297131e+02
3.94817364e-07 4.55811287e+01 4.83969264e+02
3.95248394e-07 2.94531502e+01 4.71204994e+02
3.96110455e-07 3.07160729e+01 4.43760286e+02
3.96541485e-07 6.34451562e+01 3.71088371e+02
3.96972515e-07 5.82128376e+01 3.68267572e+02
3.97403545e-07 1.75914021e+01 4.14279057e+02
3.97834576e-07 7.19044049e+01 5.18638150e+02
3.99558697e-07 3.04539470e+01 5.48139957e+02
3.99989727e-07 2.41179501e+01 5.58711902e+02
4.00851788e-07 5.46259097e+01 5.92760141e+02
4.01282818e-07 5.90148973e+01 6.32734083e+02
4.02144879e-07 3.02398019e+01 5.77377271e+02
4.02575909e-07 4.01097104e+01 5.89022226e+02
4.03437970e-07 2.51015002e+01 5.54278838e+02
4.03869000e-07 5.58568102e+01 6.03300635e+02
4.04300030e-07 2.89418581e+01 6.03271272e+02
4.04731061e-07 4.59630866e+01 6.09316943e+02
4.05162091e-07 6.00631863e+01 6.16996793e+02
4.05593121e-07 1.48283851e+00 6.11127116e+02
4.06024152e-07 5.68111111e+01 6.20544937e+02
4.06455182e-07 4.00318008e+01 6.00509415e+02
4.07317242e-07 4.50393402e+01 6.37191491e+02
4.07748273e-07 8.97006329e+00 6.22349993e+02
4.08179303e-07 1.40896215e+02 6.45453774e+02
4.08610333e-07 8.99078256e+01 6.28810369e+02
4.09041364e-07 9.94479010e+01 6.58127791e+02
4.09472394e-07 5.40293119e+01 6.15749452e+02
4.09903424e-07 4.07688039e+01 5.70301280e+02
4.10334455e-07 6.13306286e+01 5.69637654e+02
4.10765485e-07 6.36499618e+01 6.27072502e+02
4.11196515e-07 6.37173116e+00 6.37488639e+02
4.12489606e-07 3.31075345e+01 6.19487670e+02
4.12920636e-07 7.08056424e+01 6.63231613e+02
4.13351667e-07 7.24621407e+01 6.51048702e+02
4.13782697e-07 1.52323471e+02 6.78422672e+02
4.14213727e-07 2.46107653e+02 7.03123626e+02
4.14644758e-07 3.59486046e+02 7.41037255e+02
4.15075788e-07 2.70308950e+02 7.00880366e+02
4.15506818e-07 8.30586472e+01 6.46015959e+02
4.16368879e-07 4.71915002e+01 6.93809069e+02
4.17230939e-07 8.56385641e+01 7.05724263e+02
4.17661970e-07 3.18619923e+01 6.63197236e+02
4.18093000e-07 6.16250142e+01 6.88545887e+02
4.18524030e-07 3.50283216e+01 6.90909453e+02
4.18955061e-07 7.26751902e+01 6.76915769e+02
4.19386091e-07 8.08502091e+01 6.83480235e+02
4.19817121e-07 8.98386549e+01 6.75249278e+02
4.20248152e-07 1.05149346e+02 6.73150570e+02
4.20679182e-07 7.97203626e+01 6.88348167e+02
4.21110212e-07 1.54644722e+02 7.33063995e+02
4.21541242e-07 1.62537260e+02 7.36756906e+02
4.21972273e-07 1.80656467e+02 7.30603989e+02
4.22403303e-07 6.60104384e+01 6.77046698e+02
4.22834333e-07 6.60360321e+01 6.44907102e+02
4.23265364e-07 1.58799291e+02 7.23654785e+02
4.23696394e-07 1.75761075e+02 7.46166371e+02
4.24127424e-07 1.53659350e+02 7.32252824e+02
4.24558455e-07 2.06298757e+02 7.41108900e+02
4.24989485e-07 1.15456279e+02 7.36057902e+02
4.25420515e-07 8.94422078e+01 7.35447886e+02
4.25851545e-07 6.41187591e+00 7.23544794e+02
4.27144636e-07 4.39652362e+01 6.89048248e+02
4.27575667e-07 1.22219074e+02 7.25323906e+02
4.28006697e-07 1.24187382e+02 7.42627853e+02
4.28437727e-07 1.50553183e+02 7.40445950e+02
4.28868758e-07 2.01856118e+02 7.46235727e+02
4.29299788e-07 2.25310231e+02 7.37662208e+02
4.29730818e-07 9.50742999e+01 6.96112747e+02
4.30161848e-07 1.70181623e+02 7.04271163e+02
4.30592879e-07 2.24451072e+02 6.81299833e+02
4.31023909e-07 1.88195681e+02 7.22626520e+02
4.31454939e-07 8.39754811e+01 7.66645508e+02
4.31885970e-07 1.16021878e+02 8.25959707e+02
4.32317000e-07 1.03804133e+02 7.76847238e+02
4.32748030e-07 1.42806947e+02 7.98572123e+02
4.33179061e-07 1.90244667e+02 8.41963273e+02
4.33610091e-07 1.84453230e+02 8.26616450e+02
4.34041121e-07 2.32140556e+02 7.83564541e+02
4.34472152e-07 3.08302185e+02 8.61846232e+02
4.34903182e-07 3.75960394e+02 9.07730852e+02
4.35334212e-07 1.93277640e+02 8.53743633e+02
4.35765242e-07 1.12921451e+02 8.68856448e+02
4.36196273e-07 8.75169259e+01 8.89315427e+02
4.36627303e-07 2.69758770e+02 9.35689875e+02
4.37058333e-07 1.94999388e+02 8.78754314e+02
4.37489364e-07 4.86693477e+01 8.37169459e+02
4.37920394e-07 1.19203112e+02 8.70803826e+02
4.38351424e-07 1.54398174e+02 8.39598601e+02
4.38782455e-07 3.31753540e+01 7.96816272e+02
4.39213485e-07 2.39875031e+02 8.97244634e+02
4.39644515e-07 2.33392537e+02 9.25726403e+02
4.40075545e-07 2.77461510e+02 9.55905575e+02
4.40506576e-07 1.47458740e+02 9.12707282e+02
4.40937606e-07 1.14581127e+02 9.38978616e+02
4.41368636e-07 9.36476888e+01 9.44777628e+02
4.41799667e-07 1.54530978e+02 9.79299133e+02
4.42230697e-07 6.15525884e+01 9.02113254e+02
4.42661727e-07 2.92752869e+02 1.03876267e+03
4.43092758e-07 2.54316189e+02 9.82219864e+02
4.43523788e-07 1.83053510e+02 9.82875082e+02
4.43954818e-07 3.51395400e+02 1.07023009e+03
4.44385848e-07 3.68278574e+02 1.08600072e+03
4.44816879e-07 2.89027188e+02 1.02693927e+03
4.45247909e-07 4.07995284e+02 1.04372598e+03
4.45678939e-07 3.54307607e+02 9.96776511e+02
4.46109970e-07 3.88541085e+02 1.02684073e+03
4.46541000e-07 4.05455083e+02 1.06123060e+03
4.46972030e-07 1.93030395e+02 9.97690230e+02
4.47403061e-07 3.96513508e+02 1.05839531e+03
4.47834091e-07 4.02660192e+02 1.05506664e+03
4.48265121e-07 3.43100573e+02 1.02291966e+03
4.48696152e-07 3.94345928e+02 1.05786986e+03
4.49127182e-07 3.95263420e+02 1.07572805e+03
4.49558212e-07 4.33881640e+02 1.07723666e+03
4.49989242e-07 3.39889806e+02 1.06513123e+03
4.50420273e-07 2.92322057e+02 1.05458042e+03
4.50851303e-07 3.52301504e+02 1.10157915e+03
4.51282333e-07 2.85460338e+02 1.08189587e+03
4.51713364e-07 3.61949957e+02 1.09117135e+03
4.52144394e-07 3.04605020e+02 1.08511223e+03
4.52575424e-07 3.17909482e+02 1.06201096e+03
4.53006455e-07 2.72054941e+02 1.06669417e+03
4.53437485e-07 3.21877559e+02 1.09747381e+03
4.53868515e-07 2.63457056e+02 1.12963232e+03
4.54299545e-07 4.82073065e+02 1.19647023e+03
4.54730576e-07 3.88080414e+02 1.12580888e+03
4.55161606e-07 3.98934929e+02 1.11046559e+03
4.55592636e-07 3.71793946e+02 1.14848787e+03
4.56023667e-07 2.55574179e+02 1.14038093e+03
4.56454697e-07 3.66005030e+02 1.16004525e+03
4.56885727e-07 4.08761398e+02 1.13854019e+03
4.57316758e-07 4.23545057e+02 1.17943062e+03
4.57747788e-07 4.10428730e+02 1.16223449e+03
4.58178818e-07 3.94964768e+02 1.16327008e+03
4.58609848e-07 4.30111045e+02 1.15785446e+03
4.59040879e-07 3.45981833e+02 1.15458916e+03
4.59471909e-07 4.22615406e+02 1.17766480e+03
4.59902939e-07 4.98114411e+02 1.19238186e+03
4.60333970e-07 3.43294688e+02 1.20771008e+03
4.60765000e-07 5.50007635e+02 1.23798504e+03
4.61196030e-07 6.13484591e+02 1.26227819e+03
4.61627061e-07 4.53915694e+02 1.21283434e+03
4.62058091e-07 3.86116615e+02 1.18866327e+03
4.62489121e-07 4.84862364e+02 1.20918330e+03
4.62920152e-07 4.76734368e+02 1.24634912e+03
4.63351182e-07 4.14509374e+02 1.25197424e+03
4.63782212e-07 4.60211902e+02 1.24972831e+03
4.64213242e-07 4.94594355e+02 1.24849650e+03
4.64644273e-07 6.24820723e+02 1.29523074e+03
4.65075303e-07 7.36883082e+02 1.33303566e+03
4.65506333e-07 5.42638472e+02 1.28062851e+03
4.65937364e-07 4.24763044e+02 1.27562877e+03
4.66368394e-07 3.85944422e+02 1.24753897e+03
4.66799424e-07 4.82790565e+02 1.29251947e+03
4.67230455e-07 5.41564276e+02 1.30911227e+03
4.67661485e-07 4.92970699e+02 1.30575071e+03
4.68092515e-07 6.05075276e+02 1.31987792e+03
4.68523545e-07 3.68225189e+02 1.26272659e+03
4.68954576e-07 3.72472938e+02 1.26199789e+03
4.69385606e-07 6.38322381e+02 1.32697886e+03
4.69816636e-07 5.32070639e+02 1.31270095e+03
4.70247667e-07 5.06408136e+02 1.33036871e+03
4.70678697e-07 5.42120805e+02 1.31031858e+03
4.71109727e-07 3.89172911e+02 1.25860030e+03
4.71540758e-07 4.65819530e+02 1.29271114e+03
4.71971788e-07 4.24057368e+02 1.28732964e+03
4.72402818e-07 4.92567007e+02 1.32434932e+03
4.72833848e-07 3.91816095e+02 1.30107540e+03
4.73264879e-07 6.26742914e+02 1.34933849e+03
4.73695909e-07 5.04202014e+02 1.32352803e+03
4.74126939e-07 5.46080274e+02 1.35878413e+03
4.74557970e-07 4.53387394e+02 1.33261249e+03
4.74989000e-07 5.50200260e+02 1.32651218e+03
4.75420030e-07 5.30343585e+02 1.34668272e+03
4.75851061e-07 5.71779892e+02 1.35403693e+03
4.76282091e-07 5.30000277e+02 1.35381886e+03
4.76713121e-07 5.88429813e+02 1.36084948e+03
4.77144152e-07 3.94603506e+02 1.33966650e+03
4.77575182e-07 6.43792790e+02 1.42329404e+03
4.78006212e-07 5.57125871e+02 1.38799665e+03
4.78437242e-07 4.67152993e+02 1.37179171e+03
4.78868273e-07 7.11310534e+02 1.41036186e+03
4.79299303e-07 6.03407160e+02 1.42013947e+03
4.79730333e-07 4.28074494e+02 1.34937645e+03
4.80161364e-07 6.43286826e+02 1.46250254e+03
4.80592394e-07 3.84599244e+02 1.33651064e+03
4.81023424e-07 5.58249967e+02 1.44918014e+03
4.81454455e-07 6.32567752e+02 1.46754598e+03
4.81885485e-07 7.46528499e+02 1.53541229e+03
4.82316515e-07 7.58662058e+02 1.53819056e+03
4.82747545e-07 8.48351093e+02 1.58055534e+03
4.83178576e-07 6.81311363e+02 1.50643583e+03
4.83609606e-07 6.46290776e+02 1.49934459e+03
4.84040636e-07 7.77778402e+02 1.53561582e+03
4.84471667e-07 6.36056002e+02 1.46178673e+03
4.84902697e-07 7.67195707e+02 1.54925977e+03
4.85333727e-07 7.39855058e+02 1.44388383e+03
4.85764758e-07 9.83308457e+02 1.48299140e+03
4.86195788e-07 6.25686367e+02 1.29780369e+03
4.86626818e-07 7.15485210e+02 1.38416213e+03
4.87057848e-07 5.71570674e+02 1.37725442e+03
4.87488879e-07 6.06231127e+02 1.43307222e+03
4.87919909e-07 6.04062215e+02 1.40916769e+03
4.88350939e-07 7.97030798e+02 1.48681927e+03
4.88781970e-07 6.14354576e+02 1.39900400e+03
4.89213000e-07 6.84393191e+02 1.47871443e+03
4.89644030e-07 6.78565328e+02 1.50354114e+03
4.90075061e-07 7.45346864e+02 1.49538193e+03
4.90506091e-07 9.13023809e+02 1.55788809e+03
4.90937121e-07 7.48496649e+02 1.49586462e+03
4.91368152e-07 6.67859162e+02 1.45634190e+03
4.91799182e-07 8.26625364e+02 1.46774524e+03
4.92230212e-07 8.21084317e+02 1.51043126e+03
4.92661242e-07 8.40750338e+02 1.52800555e+03
4.93092273e-07 7.69860690e+02 1.53154746e+03
4.93523303e-07 9.67223789e+02 1.60648384e+03
4.93954333e-07 7.58839533e+02 1.51030553e+03
4.94385364e-07 7.77165842e+02 1.58459028e+03
4.94816394e-07 8.44980619e+02 1.57807068e+03
4.95247424e-07 9.42115636e+02 1.59082942e+03
4.95678455e-07 7.14130641e+02 1.51676576e+03
4.96109485e-07 7.40220724e+02 1.57956504e+03
4.96540515e-07 6.94765217e+02 1.58269569e+03
4.96971545e-07 9.35881463e+02 1.69247390e+03
4.97402576e-07 8.22429369e+02 1.61766571e+03
4.97833606e-07 1.12444880e+03 1.63597947e+03
4.98264636e-07 9.76895779e+02 1.59465444e+03
4.98695667e-07 1.10250457e+03 1.69535726e+03
4.99126697e-07 9.28018477e+02 1.63686186e+03
4.99557727e-07 7.52866895e+02 1.60695333e+03
4.99988758e-07 9.88056889e+02 1.63000228e+03
5.00419788e-07 9.20353550e+02 1.59591040e+03
5.00850818e-07 8.87685188e+02 1.59344496e+03
5.01281848e-07 7.95027850e+02 1.56092883e+03
5.01712879e-07 1.18532967e+03 1.69397042e+03
5.02143909e-07 9.29897584e+02 1.60182991e+03
5.02574939e-07 7.23969915e+02 1.54661543e+03
5.03005970e-07 7.17349943e+02 1.59731242e+03
5.03437000e-07 9.49051641e+02 1.62868655e+03
5.03868030e-07 9.02817478e+02 1.56226870e+03
5.04299061e-07 4.84717694e+02 1.50148827e+03
5.04730091e-07 8.39290409e+02 1.59967763e+03
5.05161121e-07 7.22428240e+02 1.60709971e+03
5.05592152e-07 8.60619792e+02 1.66353657e+03
5.06023182e-07 1.06060299e+03 1.72544468e+03
5.06454212e-07 7.82347038e+02 1.62222574e+03
5.06885242e-07 8.75557318e+02 1.67377400e+03
5.07316273e-07 1.07290172e+03 1.69683171e+03
5.07747303e-07 1.02716224e+03 1.69992530e+03
5.08178333e-07 1.00506814e+03 1.69243811e+03
5.08609364e-07 1.19127555e+03 1.73822571e+03
5.09040394e-07 9.70001988e+02 1.66695691e+03
5.09471424e-07 1.11658259e+03 1.76563738e+03
5.09902455e-07 1.07969045e+03 1.73307571e+03
5.10333485e-07 8.45940141e+02 1.62999326e+03
5.10764515e-07 1.07444644e+03 1.68406036e+03
5.11195545e-07 9.75549659e+02 1.70326954e+03
5.11626576e-07 9.61706434e+02 1.72577334e+03
5.12057606e-07 9.90225520e+02 1.69966320e+03
5.12488636e-07 1.08677346e+03 1.72116509e+03
5.12919667e-07 1.16544153e+03 1.73700332e+03
5.13350697e-07 1.18296852e+03 1.80683529e+03
5.13781727e-07 8.70166313e+02 1.67951796e+03
5.14212758e-07 8.89006541e+02 1.71454092e+03
5.14643788e-07 1.08645301e+03 1.76987623e+03
5.15074818e-07 9.28023823e+02 1.73155115e+03
5.15505848e-07 9.39002561e+02 1.75538496e+03
5.15936879e-07 9.77204099e+02 1.74441219e+03
5.16367909e-07 9.40399078e+02 1.67492869e+03
5.16798939e-07 1.07809791e+03 1.63170430e+03
5.17229970e-07 9.45983841e+02 1.61987538e+03
5.17661000e-07 1.01902244e+03 1.65929489e+03
5.18092030e-07 1.00877376e+03 1.67563000e+03
5.18523061e-07 9.47043416e+02 1.68640684e+03
5.18954091e-07 8.02612556e+02 1.72036353e+03
5.19385121e-07 8.00529286e+02 1.83579315e+03
5.19816152e-07 1.24770764e+03 2.05740535e+03
5.20247182e-07 1.34309939e+03 2.09459734e+03
5.20678212e-07 9.50493285e+02 1.80767895e+03
5.21109242e-07 1.06377364e+03 1.78513055e+03
5.21540273e-07 1.21421868e+03 1.87589883e+03
5.21971303e-07 1.29696621e+03 1.92673057e+03
5.22402333e-07 1.15219670e+03 1.91372209e+03
5.22833364e-07 9.34095107e+02 1.80557506e+03
5.23264394e-07 9.18225371e+02 1.77458266e+03
5.23695424e-07 1.24935826e+03 1.92852979e+03
5.24126455e-07 1.11489788e+03 1.94112656e+03
5.24557485e-07 9.24281348e+02 1.82839156e+03
5.24988515e-07 1.30657297e+03 1.97170480e+03
5.25419545e-07 1.15736705e+03 1.93161600e+03
5.25850576e-07 1.31852399e+03 2.00048590e+03
5.26281606e-07 1.18808011e+03 1.81433527e+03
5.26712636e-07 1.02879659e+03 1.75157222e+03
5.27143667e-07 1.05211298e+03 1.82310677e+03
5.27574697e-07 1.19972522e+03 1.90240644e+03
5.28005727e-07 1.26838808e+03 1.92041220e+03
5.28436758e-07 1.33071981e+03 1.93073767e+03
5.28867788e-07 1.25155347e+03 1.96740503e+03
5.29298818e-07 1.19096195e+03 1.94814514e+03
5.29729848e-07 1.24205494e+03 2.00087491e+03
5.30160879e-07 1.20515835e+03 1.98291827e+03
5.30591909e-07 1.31416486e+03 2.02467252e+03
5.31022939e-07 1.24769128e+03 1.99608082e+03
5.31453970e-07 1.10518972e+03 1.94639921e+03
5.31885000e-07 1.21820740e+03 1.97162443e+03
5.32316030e-07 1.43137263e+03 2.06414201e+03
5.32747061e-07 1.26561527e+03 1.98705043e+03
5.33178091e-07 1.36617596e+03 2.02272457e+03
5.33609121e-07 1.28052961e+03 1.98181436e+03
5.34040152e-07 1.22644064e+03 1.97702135e+03
5.34471182e-07 1.18404262e+03 2.00103999e+03
5.34902212e-07 1.38521188e+03 2.05005349e+03
5.35333242e-07 1.31330915e+03 2.07449772e+03
5.35764273e-07 1.39745883e+03 2.11274104e+03
5.36195303e-07 1.43145616e+03 2.05814038e+03
5.36626333e-07 1.40899456e+03 2.01839199e+03
5.37057364e-07 1.42551616e+03 1.99669424e+03
5.37488394e-07 1.26428422e+03 2.02175065e+03
5.37919424e-07 1.28722925e+03 2.04083352e+03
5.38350455e-07 1.15450778e+03 1.97832474e+03
5.38781485e-07 1.24782467e+03 1.98205171e+03
5.39212515e-07 1.44378188e+03 2.03862136e+03
5.39643545e-07 1.27610532e+03 1.96710366e+03
5.40074576e-07 1.21671622e+03 1.92893300e+03
5.40505606e-07 1.59666500e+03 2.05864720e+03
5.40936636e-07 1.67571316e+03 2.10508748e+03
5.41367667e-07 1.36811528e+03 2.02181634e+03
5.41798697e-07 1.08752326e+03 1.93919383e+03
5.42229727e-07 1.15487690e+03 1.98047106e+03
5.42660758e-07 1.28227855e+03 2.01339524e+03
5.43091788e-07 1.15650339e+03 1.96961166e+03
5.43522818e-07 1.25719762e+03 2.02485711e+03
5.43953848e-07 1.33490892e+03 2.07777431e+03
5.44384879e-07 1.32508946e+03 2.06649116e+03
5.44815909e-07 1.19100728e+03 2.05698138e+03
5.45246939e-07 1.34797409e+03 2.13117959e+03
5.45677970e-07 1.25413789e+03 2.11704921e+03
5.46109000e-07 1.21639321e+03 2.07877762e+03
5.46540030e-07 1.43924978e+03 2.18289522e+03
5.46971061e-07 1.26689236e+03 2.13718818e+03
5.47402091e-07 9.83523918e+02 2.00949263e+03
5.47833121e-07 1.17976265e+03 2.04923695e+03
5.48264152e-07 1.46540043e+03 2.15603882e+03
5.48695182e-07 1.46222767e+03 2.18403639e+03
5.49126212e-07 1.30541655e+03 2.15784243e+03
5.49557242e-07 1.44503255e+03 2.24869267e+03
5.49988273e-07 1.28498346e+03 2.18618087e+03
5.50419303e-07 1.46104268e+03 2.24871152e+03
5.50850333e-07 1.60920165e+03 2.29427350e+03
5.51281364e-07 1.22425390e+03 2.16384121e+03
5.51712394e-07 1.20339387e+03 2.14246833e+03
5.52143424e-07 1.51636818e+03 2.22697684e+03
5.52574455e-07 1.22090715e+03 2.14581850e+03
5.53005485e-07 1.29444819e+03 2.18452312e+03
5.53436515e-07 1.47877404e+03 2.28817498e+03
5.53867545e-07 1.47345281e+03 2.32989744e+03
5.54298576e-07 1.40726549e+03 2.40023178e+03
5.54729606e-07 1.33400422e+03 2.38261269e+03
5.55160636e-07 1.34967062e+03 2.28687349e+03
5.55591667e-07 1.42866786e+03 2.32753413e+03
5.56022697e-07 1.36658536e+03 2.33872455e+03
5.56453727e-07 1.37883605e+03 2.51192941e+03
5.56884758e-07 1.57520644e+03 3.15963693e+03
5.57315788e-07 8.69380190e+02 8.59677246e+03
5.57746818e-07 6.92391409e+02 1.37644582e+04
5.58177848e-07 1.59787666e+03 8.34816382e+03
5.58608879e-07 2.13869878e+02 2.46735626e+03
5.59039909e-07 1.16313734e+03 2.29512465e+03
5.59470939e-07 1.42775740e+03 2.39763830e+03
5.59901970e-07 1.37950779e+03 2.35581468e+03
5.60333000e-07 1.50785101e+03 2.44015531e+03
5.60764030e-07 1.31259138e+03 2.40313063e+03
5.61195061e-07 1.29318318e+03 2.29050951e+03
5.61626091e-07 1.56836948e+03 2.41737929e+03
5.62057121e-07 1.18898351e+03 2.41033023e+03
5.62488152e-07 1.32828872e+03 2.49924192e+03
5.62919182e-07 1.61830040e+03 2.48577473e+03
5.63350212e-07 1.69528695e+03 2.49961563e+03
5.63781242e-07 1.47656069e+03 2.41616740e+03
5.64212273e-07 1.30904427e+03 2.42431852e+03
5.64643303e-07 1.23492354e+03 2.39867449e+03
5.65074333e-07 1.16151272e+03 2.32135394e+03
5.65505364e-07 1.36715170e+03 2.39442563e+03
5.65936394e-07 1.31283167e+03 2.38095401e+03
5.66367424e-07 1.26625451e+03 2.38401815e+03
5.66798455e-07 1.36751626e+03 2.45220212e+03
5.67229485e-07 1.29803822e+03 2.42717967e+03
5.67660515e-07 1.47425030e+03 2.50502559e+03
5.68091545e-07 1.68282772e+03 2.54314388e+03
5.68522576e-07 1.46225777e+03 2.45113876e+03
5.68953606e-07 1.44626085e+03 2.48119175e+03
5.69384636e-07 1.49770071e+03 2.55934002e+03
5.69815667e-07 1.43145441e+03 2.56926584e+03
5.70246697e-07 1.29623932e+03 2.51044763e+03
5.70677727e-07 1.22350252e+03 2.45185085e+03
5.71108758e-07 1.51282957e+03 2.53083140e+03
5.71539788e-07 1.32569268e+03 2.54188720e+03
5.71970818e-07 1.24246873e+03 2.54374281e+03
5.72401848e-07 1.30832750e+03 2.52465282e+03
5.72832879e-07 1.09703755e+03 2.44346214e+03
5.73263909e-07 1.14329543e+03 2.45419981e+03
5.73694939e-07 1.48236334e+03 2.56858891e+03
5.74125970e-07 1.29149664e+03 2.53271141e+03
5.74557000e-07 1.18767513e+03 2.47441168e+03
5.74988030e-07 1.17818399e+03 2.44682599e+03
5.75419061e-07 1.26271251e+03 2.48493056e+03
5.75850091e-07 1.57928075e+03 2.54780844e+03
5.76281121e-07 1.42491289e+03 2.52646735e+03
5.76712152e-07 1.25092464e+03 2.51327384e+03
5.77143182e-07 1.31428917e+03 2.52180022e+03
5.77574212e-07 1.16640904e+03 2.42146577e+03
5.78005242e-07 1.23362722e+03 2.45801229e+03
5.78436273e-07 1.70411968e+03 2.64090270e+03
5.78867303e-07 1.72065758e+03 2.61204213e+03
5.79298333e-07 1.37238855e+03 2.55112968e+03
5.79729364e-07 1.26174995e+03 2.49212379e+03
5.80160394e-07 1.28869287e+03 2.50829305e+03
5.80591424e-07 1.38286941e+03 2.62055051e+03
5.81022455e-07 1.42904486e+03 2.63689332e+03
5.81453485e-07 1.55586705e+03 2.63507120e+03
5.81884515e-07 1.67248012e+03 2.72915577e+03
5.82315545e-07 1.60921174e+03 2.71967776e+03
5.82746576e-07 1.72009720e+03 2.75166172e+03
5.83177606e-07 1.67554285e+03 2.74415593e+03
5.83608636e-07 1.76741864e+03 2.72790766e+03
5.84039667e-07 1.47145454e+03 2.66412376e+03
5.84470697e-07 1.43530083e+03 2.64780682e+03
5.84901727e-07 1.48778468e+03 2.63757858e+03
5.85332758e-07 1.35470666e+03 2.60855094e+03
5.85763788e-07 1.43715281e+03 2.69106107e+03
5.86194818e-07 1.34344485e+03 2.86725946e+03
5.86625848e-07 1.07442763e+03 3.22915860e+03
5.87056879e-07 1.49863048e+03 3.19204762e+03
5.87487909e-07 1.34915556e+03 2.91532553e+03
5.87918939e-07 1.31905535e+03 2.93948967e+03
5.88349970e-07 8.59799013e+02 4.37224662e+03
5.88781000e-07 2.34689325e+02 8.31702755e+03
5.89212030e-07 1.10282260e+03 1.01639872e+04
5.89643061e-07 1.04212601e+03 7.42796120e+03
5.90074091e-07 1.61752267e+03 4.51737279e+03
5.90505121e-07 1.61314798e+03 3.17314695e+03
5.90936152e-07 1.65198775e+03 3.17740626e+03
5.91367182e-07 1.76053172e+03 3.38044063e+03
5.91798212e-07 1.61947163e+03 3.25568853e+03
5.92229242e-07 1.35613793e+03 3.11756899e+03
5.92660273e-07 1.69624787e+03 3.32214789e+03
5.93091303e-07 1.68927358e+03 3.44184264e+03
5.93522333e-07 1.60106535e+03 3.32358107e+03
5.93953364e-07 1.71017217e+03 3.10761366e+03
5.94384394e-07 1.44757778e+03 3.04128310e+03
5.94815424e-07 1.43804125e+03 3.14683555e+03
5.95246455e-07 1.90641156e+03 3.46651680e+03
5.95677485e-07 1.94495969e+03 3.32595563e+03
5.96108515e-07 1.59260847e+03 3.06533668e+03
5.96539545e-07 1.73248037e+03 3.13000168e+03
5.96970576e-07 1.76690660e+03 3.18257953e+03
5.97401606e-07 1.55209200e+03 3.20516159e+03
5.97832636e-07 1.89684908e+03 3.26376106e+03
5.98263667e-07 1.65152608e+03 3.04838630e+03
5.98694697e-07 1.66634130e+03 3.02065090e+03
5.99125727e-07 1.79774635e+03 3.01921910e+03
5.99556758e-07 1.82877855e+03 3.08026279e+03
5.99987788e-07 1.91160260e+03 3.18964725e+03
6.00418818e-07 1.66012961e+03 3.02666202e+03
6.00849848e-07 1.58384596e+03 2.88174903e+03
6.01280879e-07 1.39379099e+03 2.72393390e+03
6.01711909e-07 1.70414910e+03 2.82394339e+03
6.02142939e-07 2.05026664e+03 2.89071210e+03
6.02573970e-07 1.97145682e+03 2.91715661e+03
6.03005000e-07 1.88290159e+03 2.88758046e+03
6.03436030e-07 1.74659249e+03 2.90223211e+03
6.03867061e-07 1.87786416e+03 2.87489058e+03
6.04298091e-07 1.68120143e+03 2.75566188e+03
6.04729121e-07 1.72424678e+03 2.79945729e+03
6.05160152e-07 1.97413672e+03 2.85935774e+03
6.05591182e-07 1.93301986e+03 2.76472851e+03
6.06022212e-07 1.70999345e+03 2.70622625e+03
6.06453242e-07 1.90432013e+03 2.82665935e+03
6.06884273e-07 1.91027674e+03 2.82448301e+03
6.07315303e-07 1.85700720e+03 2.76946069e+03
6.07746333e-07 1.87335176e+03 2.70593428e+03
6.08177364e-07 1.85269721e+03 2.72304462e+03
6.08608394e-07 1.94109476e+03 2.77812722e+03
6.09039424e-07 1.37242002e+03 2.62581440e+03
6.09470455e-07 1.96082145e+03 2.81236623e+03
6.09901485e-07 1.75215876e+03 2.72178082e+03
6.10332515e-07 1.92769827e+03 2.76303539e+03
6.10763545e-07 1.73625018e+03 2.76589928e+03
6.11194576e-07 1.87982458e+03 2.80880797e+03
6.11625606e-07 2.16268762e+03 2.81225523e+03
6.12056636e-07 2.04537070e+03 2.75878227e+03
6.12487667e-07 1.39356115e+03 2.53925416e+03
6.12918697e-07 2.08229679e+03 2.76742748e+03
6.13349727e-07 1.71127714e+03 2.68898083e+03
6.13780758e-07 1.85356347e+03 2.84401711e+03
6.14211788e-07 1.87363459e+03 2.85793578e+03
6.14642818e-07 1.70455433e+03 2.79175320e+03
6.15073848e-07 2.18099674e+03 2.80946057e+03
6.15504879e-07 2.02550098e+03 2.75557969e+03
6.15935909e-07 1.99764548e+03 2.69328468e+03
6.16366939e-07 1.71058902e+03 2.62205702e+03
6.16797970e-07 1.82750549e+03 2.85328660e+03
6.17229000e-07 1.75900586e+03 2.92530365e+03
6.17660030e-07 2.18477838e+03 2.93087187e+03
6.18091061e-07 1.88051166e+03 2.72861463e+03
6.18522091e-07 1.96818570e+03 2.78185824e+03
6.18953121e-07 2.09658129e+03 2.81213629e+03
6.19384152e-07 2.26077544e+03 2.88102483e+03
6.19815182e-07 2.18743849e+03 2.93687707e+03
6.20246212e-07 1.90660732e+03 2.96311710e+03
6.20677242e-07 2.05339956e+03 2.90923766e+03
6.21108273e-07 1.85793982e+03 2.82957337e+03
6.21539303e-07 1.94778524e+03 2.87858205e+03
6.21970333e-07 1.76079474e+03 2.88073979e+03
6.22401364e-07 1.77103683e+03 2.90416299e+03
6.22832394e-07 1.91641153e+03 2.99347073e+03
6.23263424e-07 1.74139821e+03 3.64036181e+03
6.23694455e-07 1.88583482e+03 4.11337399e+03
6.24125485e-07 2.05663825e+03 3.69403955e+03
6.24556515e-07 1.86356618e+03 3.12612888e+03
6.24987545e-07 2.14122245e+03 3.10232712e+03
6.25418576e-07 2.08451946e+03 3.52830383e+03
6.25849606e-07 2.36323184e+03 3.98759656e+03
6.26280636e-07 2.00135801e+03 3.54367976e+03
6.26711667e-07 1.96834222e+03 3.22351359e+03
6.27142697e-07 2.03064320e+03 3.07686162e+03
6.27573727e-07 2.14964957e+03 3.04501692e+03
6.28004758e-07 1.89388510e+03 3.00652789e+03
6.28435788e-07 1.94292686e+03 3.46588101e+03
6.28866818e-07 2.39562511e+03 3.83958866e+03
6.29297848e-07 7.27421466e+01 4.13529482e+03
6.29728879e-07 1.65255877e+03 1.04366866e+04
6.30159909e-07 2.10831579e+03 1.19190731e+04
6.30590939e-07 1.02483563e+03 5.68847491e+03
6.31021970e-07 1.95656409e+03 3.49739110e+03
6.31453000e-07 1.54272574e+03 2.88500530e+03
6.31884030e-07 2.02208343e+03 3.08198784e+03
6.32315061e-07 1.74719095e+03 3.23405588e+03
6.32746091e-07 1.84434402e+03 3.52269090e+03
6.33177121e-07 2.35817947e+03 3.61933277e+03
6.33608152e-07 2.29912465e+03 3.12971114e+03
6.34039182e-07 2.26492421e+03 2.94614869e+03
6.34470212e-07 1.95742705e+03 2.96348242e+03
6.34901242e-07 1.74642987e+03 3.08576663e+03
6.35332273e-07 1.96780115e+03 3.38487022e+03
6.35763303e-07 1.34679883e+03 4.10069094e+03
6.36194333e-07 2.33432273e+03 6.01838039e+03
6.36625364e-07 2.60475608e+03 5.35994642e+03
6.37056394e-07 2.02159865e+03 3.14382204e+03
6.37487424e-07 2.07160951e+03 2.84944966e+03
6.37918455e-07 2.20907452e+03 3.05750173e+03
6.38349485e-07 2.33065092e+03 3.14010404e+03
6.38780515e-07 2.15659748e+03 3.21228326e+03
6.39211545e-07 2.03474415e+03 2.86512811e+03
6.39642576e-07 2.18707926e+03 2.77993547e+03
6.40073606e-07 2.50119522e+03 2.85866827e+03
6.40504636e-07 2.24294834e+03 2.74790350e+03
6.40935667e-07 2.15566281e+03 2.74904446e+03
6.41366697e-07 1.98364034e+03 2.78994949e+03
6.41797727e-07 2.39390832e+03 2.97664542e+03
6.42228758e-07 2.48289374e+03 2.91815409e+03
6.42659788e-07 2.20668099e+03 2.74095257e+03
6.43090818e-07 2.44183398e+03 2.82382850e+03
6.43521848e-07 2.25919799e+03 2.75597182e+03
6.43952879e-07 2.51566756e+03 2.80927020e+03
6.44383909e-07 2.37882808e+03 2.77877246e+03
6.44814939e-07 2.25030909e+03 2.76209287e+03
6.45245970e-07 2.15525974e+03 2.80571251e+03
6.45677000e-07 2.11874420e+03 2.96320407e+03
6.46108030e-07 2.36785188e+03 3.42660654e+03
6.46539061e-07 2.24789290e+03 3.76776562e+03
6.46970091e-07 2.28605300e+03 3.67827719e+03
6.47401121e-07 2.15988402e+03 3.17858528e+03
6.47832152e-07 2.16086930e+03 2.83787847e+03
6.48263182e-07 2.61184859e+03 2.87153841e+03
6.48694212e-07 2.25654144e+03 2.64368737e+03
6.49125242e-07 2.23533564e+03 2.86006853e+03
6.49556273e-07 2.30853136e+03 3.71041809e+03
6.49987303e-07 2.51008118e+03 4.03992707e+03
6.50418333e-07 2.82370235e+03 3.56725865e+03
6.50849364e-07 2.24266719e+03 2.98175698e+03
6.51280394e-07 2.18759473e+03 2.83357996e+03
6.51711424e-07 2.11119311e+03 2.84813928e+03
6.52142455e-07 2.64568151e+03 3.12208662e+03
6.52573485e-07 2.34507801e+03 3.12068980e+03
6.53004515e-07 2.57290014e+03 3.62529657e+03
6.53435545e-07 2.40622507e+03 3.70217222e+03
6.53866576e-07 2.28998436e+03 3.25011673e+03
6.54297606e-07 2.89336014e+03 3.33224239e+03
6.54728636e-07 2.11542341e+03 3.25383934e+03
6.55159667e-07 2.02538988e+03 3.78829649e+03
6.55590697e-07 2.22355659e+03 3.56819523e+03
6.56021727e-07 2.16153555e+03 3.12483556e+03
6.56452758e-07 1.92601007e+03 3.03809007e+03
6.56883788e-07 2.18231660e+03 3.20752855e+03
6.57314818e-07 2.62092523e+03 3.57704716e+03
6.57745848e-07 2.42800777e+03 3.70373302e+03
6.58176879e-07 2.23507389e+03 3.12751862e+03
6.58607909e-07 2.35298885e+03 2.83695335e+03
6.59038939e-07 2.21365582e+03 2.82759670e+03
6.59469970e-07 2.31935196e+03 2.98720276e+03
6.59901000e-07 2.19114090e+03 3.19033202e+03
6.60332030e-07 2.52469084e+03 3.35476859e+03
6.60763061e-07 2.56554818e+03 3.09109780e+03
6.61194091e-07 2.52048507e+03 2.81512991e+03
6.61625121e-07 2.56256376e+03 2.80050786e+03
6.62056152e-07 2.62911709e+03 2.91109547e+03
6.62487182e-07 2.65840752e+03 3.00104555e+03
6.62918212e-07 2.81470163e+03 3.10666904e+03
6.63349242e-07 2.49095639e+03 3.08446967e+03
6.63780273e-07 2.71116631e+03 3.02895499e+03
6.64211303e-07 2.64825932e+03 2.85361308e+03
6.64642333e-07 2.21673629e+03 2.67436941e+03
6.65073364e-07 2.64965101e+03 2.78892139e+03
6.65504394e-07 2.60967686e+03 2.81672327e+03
6.65935424e-07 2.41369540e+03 2.82392048e+03
6.66366455e-07 2.57854519e+03 2.90170253e+03
6.66797485e-07 2.62761783e+03 2.92842668e+03
6.67228515e-07 2.50226035e+03 2.82233721e+03
6.67659545e-07 2.79848772e+03 2.85542551e+03
6.68090576e-07 2.68927391e+03 2.86743369e+03
6.68521606e-07 2.26756399e+03 2.75008983e+03
6.68952636e-07 2.43023911e+03 2.73430138e+03
6.69383667e-07 2.79061154e+03 2.89671518e+03
6.69814697e-07 2.38304357e+03 2.83232398e+03
6.70245727e-07 2.48621228e+03 2.86203697e+03
6.70676758e-07 2.60436073e+03 2.87233752e+03
6.71107788e-07 2.35253089e+03 2.76717420e+03
6.71538818e-07 2.18664604e+03 2.71505318e+03
6.71969848e-07 2.12064989e+03 2.69147730e+03
6.72400879e-07 2.81012341e+03 2.90136505e+03
6.72831909e-07 2.68035559e+03 2.90557688e+03
6.73262939e-07 2.61145645e+03 2.80796530e+03
6.73693970e-07 2.55028995e+03 2.78381542e+03
6.74125000e-07 2.50044152e+03 2.79915429e+03
6.74556030e-07 2.38590149e+03 2.81725884e+03
6.74987061e-07 2.70513635e+03 2.78059704e+03
6.75418091e-07 2.52647636e+03 2.72171269e+03
6.75849121e-07 2.40164773e+03 2.75233843e+03
6.76280152e-07 2.51023903e+03 2.76458613e+03
6.76711182e-07 2.88411514e+03 2.85131963e+03
6.77142212e-07 2.68570463e+03 2.77094070e+03
6.77573242e-07 2.53659291e+03 2.75271889e+03
6.78004273e-07 2.56830045e+03 2.74375475e+03
6.78435303e-07 2.72705922e+03 2.78732861e+03
6.78866333e-07 2.43669709e+03 2.72422749e+03
6.79297364e-07 2.38587962e+03 2.72343655e+03
6.79728394e-07 2.57267467e+03 2.74392410e+03
6.80159424e-07 2.35533546e+03 2.73828920e+03
6.80590455e-07 2.70845192e+03 2.74968170e+03
6.81021485e-07 2.37927674e+03 2.65159830e+03
6.81452515e-07 2.33961359e+03 2.68091222e+03
6.81883545e-07 2.59592877e+03 2.85667257e+03
6.82314576e-07 2.30649340e+03 3.62557188e+03
6.82745606e-07 1.64006456e+03 5.15765505e+03
6.83176636e-07 1.72229168e+03 5.66194856e+03
6.83607667e-07 2.08794846e+03 4.60346873e+03
6.84038697e-07 2.45746461e+03 3.53919036e+03
6.84469727e-07 2.22569746e+03 2.99143904e+03
6.84900758e-07 2.52506348e+03 2.80697930e+03
6.85331788e-07 2.41711422e+03 2.75154932e+03
6.85762818e-07 2.11923195e+03 3.73384648e+03
6.86193848e-07 1.74872527e+03 5.45860269e+03
6.86624879e-07 1.71459028e+03 4.87319199e+03
6.87055909e-07 1.99991842e+03 3.04110301e+03
6.87486939e-07 2.02490896e+03 2.59572605e+03
6.87917970e-07 2.09067511e+03 2.86074488e+03
6.88349000e-07 2.22813580e+03 3.11813982e+03
6.88780030e-07 2.07141455e+03 3.27384422e+03
6.89211061e-07 2.31493349e+03 3.12830678e+03
6.89642091e-07 2.38450544e+03 2.95148480e+03
6.90073121e-07 2.23379641e+03 3.14987135e+03
6.90504152e-07 2.44155275e+03 3.15530475e+03
6.90935182e-07 2.25048580e+03 3.40048539e+03
6.91366212e-07 2.07804544e+03 3.63237287e+03
6.91797242e-07 2.09566319e+03 3.76821937e+03
6.92228273e-07 2.07661256e+03 4.35971892e+03
6.92659303e-07 2.32210311e+03 3.74921540e+03
6.93090333e-07 2.15486467e+03 2.85633030e+03
6.93521364e-07 2.20432529e+03 3.23638217e+03
6.93952394e-07 2.24265337e+03 3.74285533e+03
6.94383424e-07 2.28343353e+03 4.12231859e+03
6.94814455e-07 1.87261309e+03 4.80722939e+03
6.95245485e-07 2.59313739e+03 4.20519079e+03
6.95676515e-07 2.69094573e+03 2.99311051e+03
6.96107545e-07 2.32668908e+03 2.86805389e+03
6.96538576e-07 2.19508589e+03 3.15980661e+03
6.96969606e-07 2.33400233e+03 3.59304091e+03
6.97400636e-07 2.29313015e+03 3.92737497e+03
6.97831667e-07 2.08780196e+03 4.13247004e+03
6.98262697e-07 2.77253290e+03 3.54258888e+03
6.98693727e-07 2.40868153e+03 2.85601025e+03
6.99124758e-07 2.47018218e+03 2.90632539e+03
6.99555788e-07 2.39040222e+03 2.89569089e+03
6.99986818e-07 2.38989690e+03 3.03497497e+03
7.00417848e-07 2.67172089e+03 3.32575783e+03
7.00848879e-07 2.75102525e+03 3.56705135e+03
7.01279909e-07 2.85494128e+03 3.47450334e+03
7.01710939e-07 2.87172852e+03 3.04201124e+03
7.02141970e-07 2.45612748e+03 2.81548296e+03
7.02573000e-07 2.49214258e+03 2.80486845e+03
7.03004030e-07 2.55962867e+03 2.87419155e+03
7.03435061e-07 2.65169662e+03 2.88407453e+03
7.03866091e-07 2.93948015e+03 3.07466411e+03
7.04297121e-07 2.82533729e+03 3.36235648e+03
7.04728152e-07 2.23998300e+03 3.38174425e+03
7.05159182e-07 2.76609409e+03 3.41003277e+03
7.05590212e-07 3.13587025e+03 3.22105968e+03
7.06021242e-07 2.78634525e+03 3.12579996e+03
7.06452273e-07 2.73045235e+03 3.15107153e+03
7.06883303e-07 2.91957957e+03 3.22286474e+03
7.07314333e-07 2.42778390e+03 3.06137864e+03
7.07745364e-07 2.53235422e+03 3.10978685e+03
7.08176394e-07 2.81197909e+03 3.25960863e+03
7.08607424e-07 2.79240545e+03 3.29030878e+03
7.09038455e-07 2.74358004e+03 3.19305130e+03
7.09469485e-07 2.90483376e+03 3.08838894e+03
7.09900515e-07 2.97596444e+03 3.01510629e+03
7.10331545e-07 2.90308610e+03 3.04718425e+03
7.10762576e-07 2.95573758e+03 3.05936946e+03
7.11193606e-07 2.93624158e+03 3.01586962e+03
7.11624636e-07 2.67880486e+03 2.96330714e+03
7.12055667e-07 2.68686643e+03 2.97867379e+03
7.12486697e-07 2.58995097e+03 3.03493143e+03
7.12917727e-07 2.73645869e+03 3.15790291e+03
7.13348758e-07 2.88922717e+03 3.17037842e+03
7.13779788e-07 2.36598000e+03 2.97015134e+03
7.14210818e-07 2.52456238e+03 3.19342320e+03
7.14641848e-07 2.85554707e+03 3.30150552e+03
7.15072879e-07 3.04763301e+03 3.23862491e+03
7.15503909e-07 2.93972834e+03 3.14435149e+03
7.15934939e-07 2.81383957e+03 3.17944469e+03
7.16365970e-07 3.03885772e+03 3.22200157e+03
7.16797000e-07 2.82887098e+03 3.13566355e+03
7.17228030e-07 2.84997553e+03 3.09213919e+03
7.17659061e-07 2.71780101e+03 3.15017009e+03
7.18090091e-07 2.96111660e+03 3.16824241e+03
7.18521121e-07 2.52218235e+03 5.70216692e+03
7.18952152e-07 2.59769903e+03 5.69508156e+03
7.19383182e-07 2.63394549e+03 5.46461762e+03
7.19814212e-07 3.58725245e+03 3.18969233e+03
7.20245242e-07 2.75461310e+03 2.94301523e+03
7.20676273e-07 2.97093939e+03 2.97995146e+03
7.21107303e-07 2.50030599e+03 2.82619516e+03
7.21538333e-07 2.74071726e+03 3.02143284e+03
7.21969364e-07 2.79639666e+03 3.11472837e+03
7.22400394e-07 2.12424323e+03 2.89808593e+03
7.22831424e-07 1.81654544e+03 2.78734734e+03
7.23262455e-07 1.93101213e+03 3.80894367e+03
7.23693485e-07 1.13667373e+03 7.10719445e+03
7.24124515e-07 2.33195554e+03 1.05205525e+04
7.24555545e-07 2.92469395e+03 8.78591292e+03
7.24986576e-07 3.00006586e+03 5.46153469e+03
7.25417606e-07 2.64113945e+03 4.09704386e+03
7.25848636e-07 2.67191775e+03 3.51994760e+03
7.26279667e-07 2.29916976e+03 3.10265149e+03
7.26710697e-07 2.30628974e+03 3.52315168e+03
7.27141727e-07 1.69611450e+03 6.11790347e+03
7.27572758e-07 2.30232376e+03 9.54063964e+03
7.28003788e-07 4.07234112e+03 8.39880429e+03
7.28434818e-07 2.97656951e+03 5.95635768e+03
7.28865848e-07 3.25346211e+03 4.55025022e+03
7.29296879e-07 3.13428024e+03 4.00474282e+03
7.29727909e-07 4.71128816e+03 4.78989603e+03
7.30158939e-07 5.12066516e+03 5.41184376e+03
7.30589970e-07 3.35658407e+03 4.74269188e+03
7.31021000e-07 2.45820210e+03 4.93612099e+03
7.31452030e-07 2.56243756e+03 7.79534573e+03
7.31883061e-07 5.00654313e+03 7.47717417e+03
7.32314091e-07 4.21996926e+03 4.98300423e+03
7.32745121e-07 3.32585874e+03 5.44706104e+03
7.33176152e-07 2.34446268e+03 5.04541405e+03
7.33607182e-07 1.33251613e+03 6.10150110e+03
7.34038212e-07 2.54879405e+03 9.23620971e+03
7.34469242e-07 3.43923257e+03 6.67003655e+03
7.34900273e-07 2.47012584e+03 3.55927078e+03
7.35331303e-07 2.58918624e+03 4.07127727e+03
7.35762333e-07 2.56970858e+03 5.15363697e+03
7.36193364e-07 2.27170403e+03 5.11525902e+03
7.36624394e-07 1.03777808e+03 6.56397614e+03
7.37055424e-07 3.05675061e+03 7.50541424e+03
7.37486455e-07 3.18316240e+03 4.58801658e+03
7.37917485e-07 1.89266268e+03 2.85009166e+03
7.38348515e-07 2.63020607e+03 3.15459729e+03
7.38779545e-07 2.43424533e+03 3.84474487e+03
7.39210576e-07 2.10361029e+03 4.53046047e+03
7.39641606e-07 1.75114590e+03 4.80100302e+03
7.40072636e-07 1.68577929e+03 5.88543430e+03
7.40503667e-07 2.36913598e+03 4.94638438e+03
7.40934697e-07 2.13096827e+03 3.18817323e+03
7.41365727e-07 2.66353561e+03 3.12115905e+03
7.41796758e-07 2.50030837e+03 3.00231536e+03
7.42227788e-07 2.37801725e+03 3.11531674e+03
7.42658818e-07 2.90272353e+03 3.77450726e+03
7.43089848e-07 2.13867556e+03 3.92029089e+03
7.43520879e-07 2.20359658e+03 4.31018392e+03
7.43951909e-07 2.52711744e+03 4.51192627e+03
7.44382939e-07 2.04827348e+03 3.18507100e+03
7.44813970e-07 2.25083477e+03 2.80284765e+03
7.45245000e-07 1.84264189e+03 2.71970730e+03
7.45676030e-07 2.41129229e+03 3.13989603e+03
7.46107061e-07 2.05737837e+03 3.54827388e+03
7.46538091e-07 2.67709196e+03 4.36120751e+03
7.46969121e-07 3.00524962e+03 5.15280218e+03
7.47400152e-07 2.63040878e+03 5.29431841e+03
7.47831182e-07 2.67657333e+03 5.40756082e+03
7.48262212e-07 2.62921776e+03 5.38853750e+03
7.48693242e-07 2.84954396e+03 4.23559966e+03
7.49124273e-07 2.75550416e+03 3.50452868e+03
7.49555303e-07 2.50566304e+03 3.30279869e+03
7.49986333e-07 2.14746922e+03 2.90877327e+03
7.50417364e-07 2.18743437e+03 2.84687789e+03
7.50848394e-07 2.34642711e+03 2.86925655e+03
7.51279424e-07 2.09910640e+03 2.94183285e+03
7.51710455e-07 2.16494569e+03 4.04203771e+03
7.52141485e-07 1.50810570e+03 6.48917537e+03
7.52572515e-07 1.87206378e+03 6.94111713e+03
7.53003545e-07 2.19236821e+03 4.99131526e+03
7.53434576e-07 2.25533975e+03 3.59470570e+03
7.53865606e-07 2.39110469e+03 3.21485482e+03
7.54296636e-07 2.19984457e+03 3.06191322e+03
7.54727667e-07 2.04303222e+03 2.93294319e+03
7.55158697e-07 1.88671259e+03 3.10883835e+03
7.55589727e-07 1.86014597e+03 3.59942241e+03
7.56020758e-07 1.94485231e+03 3.43936767e+03
7.56451788e-07 1.96017273e+03 3.59733528e+03
7.56882818e-07 1.04264923e+03 4.92899706e+03
7.57313848e-07 2.70432496e+03 5.68612343e+03
7.57744879e-07 2.78973776e+03 3.89282532e+03
7.58175909e-07 2.46927927e+03 3.49648188e+03
7.58606939e-07 2.05023755e+03 3.84926204e+03
7.59037970e-07 1.85886689e+03 3.18073317e+03
7.59469000e-07 1.29926585e+03 2.70167344e+03
7.59900030e-07 7.58915325e+02 2.42007415e+03
7.60331061e-07 6.75143984e+02 1.77233929e+03
7.60762091e-07 1.42846456e+02 1.31813024e+03
7.61193121e-07 6.09995841e+02 1.89653870e+03
7.61624152e-07 9.40706519e+02 2.81492952e+03
7.62055182e-07 1.39928909e+03 3.08625286e+03
7.62486212e-07 1.12131753e+03 2.90876690e+03
7.62917242e-07 1.23411793e+03 2.90781506e+03
7.63348273e-07 1.72168554e+03 2.42469882e+03
7.63779303e-07 1.62308270e+03 2.05341398e+03
7.64210333e-07 1.30071951e+03 2.04316156e+03
7.64641364e-07 1.00934098e+03 2.16803125e+03
7.65072394e-07 1.32047091e+03 2.69285594e+03
7.65503424e-07 1.59341667e+03 3.03853750e+03
7.65934455e-07 1.40651847e+03 3.41976005e+03
7.66365485e-07 2.18353776e+03 3.64863199e+03
7.66796515e-07 2.79050884e+03 3.16661930e+03
7.67227545e-07 2.29849456e+03 2.80935416e+03
7.67658576e-07 1.78990024e+03 2.68596245e+03
7.68089606e-07 2.28162882e+03 3.02061333e+03
7.68520636e-07 2.44977234e+03 3.29535839e+03
7.68951667e-07 1.98537231e+03 3.40651830e+03
7.69382697e-07 2.14361809e+03 3.47464811e+03
7.69813727e-07 2.01524921e+03 3.48938865e+03
7.70244758e-07 1.93569623e+03 3.40416721e+03
7.70675788e-07 1.60918172e+03 5.07045494e+03
7.71106818e-07 7.80949119e+02 1.00731886e+04
7.71537848e-07 2.90723080e+03 1.31343250e+04
7.71968879e-07 4.09920172e+03 9.52100189e+03
7.72399909e-07 2.15358458e+03 5.56084004e+03
7.72830939e-07 2.79797091e+03 4.55647681e+03
7.73261970e-07 2.12459016e+03 3.67140852e+03
7.73693000e-07 2.10514636e+03 3.46156121e+03
7.74124030e-07 2.02884873e+03 3.79150772e+03
7.74555061e-07 9.06920686e+02 6.75438172e+03
7.74986091e-07 1.66725054e+03 1.07512928e+04
7.75417121e-07 3.46449765e+03 9.40335218e+03
7.75848152e-07 1.48016468e+03 6.16513270e+03
7.76279182e-07 2.89147489e+03 5.23589407e+03
7.76710212e-07 2.53486113e+03 3.92332172e+03
7.77141242e-07 1.94548567e+03 4.27830130e+03
7.77572273e-07 1.42257825e+03 4.73863278e+03
7.78003303e-07 1.42030613e+03 4.87727992e+03
7.78434333e-07 2.16460373e+03 4.55500068e+03
7.78865364e-07 8.17624046e+02 5.71402779e+03
7.79296394e-07 1.80193422e+03 8.66615153e+03
7.79727424e-07 3.86890178e+03 7.37614807e+03
7.80158455e-07 1.57040473e+03 4.24931371e+03
7.80589485e-07 1.70733768e+03 5.15134814e+03
7.81020515e-07 2.41764365e+03 5.57793479e+03
7.81451545e-07 1.46459236e+03 5.46141448e+03
7.81882576e-07 4.58267166e+02 8.37146062e+03
7.82313606e-07 3.28608697e+03 9.44354855e+03
7.82744636e-07 3.01687680e+03 5.00292079e+03
7.83175667e-07 1.84303101e+03 3.28307603e+03
7.83606697e-07 1.58460301e+03 4.11773657e+03
7.84037727e-07 1.68791866e+03 5.26451906e+03
7.84468758e-07 1.15346097e+03 5.76840950e+03
7.85330818e-07 1.29804157e+03 1.21762443e+04
7.85761848e-07 3.19454358e+03 1.06943096e+04
7.86192879e-07 1.31416927e+03 7.53200242e+03
7.86623909e-07 1.34768103e+03 7.49536278e+03
7.87054939e-07 1.98192560e+03 7.84006090e+03
7.87485970e-07 2.81548153e+03 6.86816490e+03
7.87917000e-07 1.52884376e+03 6.26431551e+03
7.88348030e-07 1.86114971e+03 6.61595531e+03
7.88779061e-07 1.31274009e+03 6.99005673e+03
7.89210091e-07 2.19569596e+03 6.41301622e+03
7.89641121e-07 2.27700646e+03 4.07506162e+03
7.90072152e-07 1.86022238e+03 3.20541645e+03
7.90503182e-07 1.68864689e+03 4.51440404e+03
7.91365242e-07 7.83064733e+02 1.36515366e+04
7.91796273e-07 2.73860558e+03 1.15019424e+04
7.92227303e-07 3.04440848e+03 8.14009508e+03
7.92658333e-07 1.87376539e+03 6.03885867e+03
7.93089364e-07 1.35372798e+03 5.84779608e+03
7.93520394e-07 3.13098823e+03 4.97937442e+03
7.93951424e-07 2.06644180e+03 3.51933085e+03
7.94382455e-07 1.50231779e+03 4.34429633e+03
7.94813485e-07 1.52229443e+03 5.30673319e+03
7.95244515e-07 2.12900275e+03 4.61782629e+03
7.95675545e-07 1.74692227e+03 4.38567873e+03
7.96106576e-07 2.59762537e+02 7.70127741e+03
7.96537606e-07 2.12869059e+03 1.04010455e+04
7.96968636e-07 3.15059550e+03 6.67819583e+03
7.97399667e-07 8.54517332e+03 4.96894837e+03
7.97830697e-07 1.51981903e+03 6.17397596e+03
7.98261727e-07 2.96195697e+03 5.83091381e+03
7.98692758e-07 1.83370656e+03 6.19914130e+03
7.99123788e-07 4.21056370e+02 1.02780625e+04
7.99554818e-07 1.57981475e+04 9.55306342e+03
7.99985848e-07 5.25294436e+03 5.18486376e+03
8.00416879e-07 3.44234913e+03 2.16059978e+03
