7.49200000e-02
3.61217000e-07 2.00482106e+01 4.88059664e+02
3.61648030e-07 1.01332901e+02 5.40856700e+02
3.62079061e-07 1.05285545e+02 5.22103738e+02
3.62510091e-07 1.12802798e+01 5.15989845e+02
3.63372152e-07 1.27931487e+01 5.40857255e+02
3.63803182e-07 1.36167343e+02 6.31223577e+02
3.64234212e-07 1.67014348e+02 6.52171994e+02
3.64665242e-07 9.46126899e+01 5.65401321e+02
3.65096273e-07 9.11579091e+00 5.19349923e+02
3.65527303e-07 9.82543158e+01 5.72058124e+02
3.65958333e-07 1.15451082e+02 6.25308009e+02
3.66389364e-07 8.90196085e+01 5.89390465e+02
3.66820394e-07 5.14020103e+01 5.37031083e+02
3.67251424e-07 9.12564026e+01 5.93597268e+02
3.67682455e-07 1.11875524e+02 5.99749330e+02
3.68113485e-07 7.16790328e+01 5.59903978e+02
3.68544515e-07 2.83490352e+01 5.40103575e+02
3.68975545e-07 1.18684490e+02 5.72891407e+02
3.69406576e-07 2.00470308e+02 6.03208863e+02
3.69837606e-07 1.52153118e+02 5.97770709e+02
3.70268636e-07 3.15386139e+01 5.68265053e+02
3.70699667e-07 7.52006635e+01 5.91771707e+02
3.71130697e-07 5.00573825e+01 5.94712065e+02
3.71561727e-07 2.32953965e+00 5.66481965e+02
3.71992758e-07 9.02463075e+01 5.95568079e+02
3.72423788e-07 9.29999564e+01 6.07502274e+02
3.72854818e-07 7.95475578e+01 6.17340844e+02
3.73285848e-07 9.67834393e+00 6.03997892e+02
3.73716879e-07 2.26780634e+01 6.53313304e+02
3.74147909e-07 5.80243025e+01 6.47722171e+02
3.74578939e-07 2.94151962e+01 5.97123510e+02
3.75009970e-07 1.35831309e+02 6.72829353e+02
3.75441000e-07 1.16585655e+02 6.84166364e+02
3.75872030e-07 7.33038925e+01 6.34468012e+02
3.76303061e-07 1.17981082e+02 6.46943666e+02
3.76734091e-07 1.20303567e+02 6.47404964e+02
3.77165121e-07 1.06519961e+02 6.47707214e+02
3.77596152e-07 1.40213218e+02 7.01024518e+02
3.78027182e-07 6.32103582e-01 6.16471613e+02
3.78458212e-07 1.15307284e+02 6.75615814e+02
3.79320273e-07 6.70523920e+01 6.18038916e+02
3.79751303e-07 1.34047667e+02 6.41813559e+02
3.80182333e-07 1.00099122e+02 6.62521986e+02
3.80613364e-07 9.55189660e+01 6.70180058e+02
3.81044394e-07 1.92671448e+01 6.04524504e+02
3.81475424e-07 4.52470107e+01 6.23698553e+02
3.81906455e-07 9.04901498e+01 6.48105889e+02
3.82337485e-07 8.50638021e+01 6.25088075e+02
3.82768515e-07 6.33404881e+01 6.79584175e+02
3.83199545e-07 1.49987045e+02 7.63371176e+02
3.83630576e-07 5.76711583e+01 7.10755620e+02
3.84061606e-07 8.62757825e+01 7.05789584e+02
3.84492636e-07 2.00388998e+02 7.35369171e+02
3.84923667e-07 3.60387276e+01 6.69679357e+02
3.85354697e-07 5.87521361e+01 6.82574761e+02
3.85785727e-07 8.12469558e+01 6.50985851e+02
3.86216758e-07 1.54267517e+02 6.58810939e+02
3.86647788e-07 1.50269018e+02 6.64899210e+02
3.87078818e-07 1.35177703e+02 6.92506711e+02
3.87509848e-07 9.54003941e+01 6.85973329e+02
3.87940879e-07 1.12890913e+02 6.72932946e+02
3.88371909e-07 9.65709037e+01 6.56406119e+02
3.88802939e-07 2.33845120e+01 5.94856972e+02
3.89233970e-07 7.87569465e+01 6.41878380e+02
3.89665000e-07 1.82292492e+02 7.25295302e+02
3.90096030e-07 1.64935568e+02 7.51277873e+02
3.90527061e-07 1.38508621e+02 7.64281103e+02
3.90958091e-07 1.79284396e+02 8.23030276e+02
3.91389121e-07 1.61307371e+02 8.24036448e+02
3.91820152e-07 5.39720670e+01 7.26018198e+02
3.92251182e-07 1.08678048e+02 7.33285177e+02
3.92682212e-07 1.64282759e+02 7.29085737e+02
3.93113242e-07 7.91612924e+01 6.62652902e+02
3.93544273e-07 1.31276619e+02 6.81326481e+02
3.93975303e-07 1.27023177e+02 7.43008709e+02
3.94406333e-07 1.49551618e+02 7.94868387e+02
3.94837364e-07 2.16165214e+02 8.57963681e+02
3.95268394e-07 6.79891115e+01 7.29695645e+02
3.95699424e-07 7.08643268e+01 7.30268793e+02
3.96130455e-07 2.10363481e+02 7.72190106e+02
3.96561485e-07 8.02293725e+01 6.70130852e+02
3.96992515e-07 9.88214627e+01 6.99385049e+02
3.97423545e-07 1.39466335e+02 7.46767791e+02
3.97854576e-07 1.76854898e+02 8.16469329e+02
3.98285606e-07 1.14216231e+02 8.35752846e+02
3.98716636e-07 5.93223234e+01 8.19412286e+02
3.99147667e-07 1.30902335e+02 8.24645838e+02
3.99578697e-07 4.77302697e+01 7.79770899e+02
4.00009727e-07 2.02043640e+02 8.47614140e+02
4.00440758e-07 5.87829976e+02 1.09370906e+03
4.00871788e-07 5.74039702e+02 1.08904525e+03
4.01302818e-07 3.09526188e+02 9.34048696e+02
4.01733848e-07 2.75315008e+02 9.55004453e+02
4.02164879e-07 3.22126444e+02 9.95481109e+02
4.02595909e-07 1.79987004e+02 9.22176752e+02
4.03026939e-07 2.77218043e+02 9.37240784e+02
4.03457970e-07 2.23360498e+02 8.90838639e+02
4.03889000e-07 2.26575547e+02 9.29194120e+02
4.04320030e-07 2.04867126e+02 9.60494522e+02
4.04751061e-07 1.79925229e+02 9.58045796e+02
4.05182091e-07 2.12960700e+02 9.23434223e+02
4.05613121e-07 2.44539498e+02 9.56316282e+02
4.06044152e-07 1.33134401e+02 9.08595039e+02
4.06475182e-07 2.06465783e+02 1.00605551e+03
4.06906212e-07 1.91839456e+02 9.97785678e+02
4.07337242e-07 2.14805687e+02 9.63711811e+02
4.07768273e-07 2.54117896e+02 9.99299021e+02
4.08199303e-07 1.97419972e+02 9.71413626e+02
4.08630333e-07 2.07656506e+02 9.42912966e+02
4.09061364e-07 3.07261732e+02 1.00510136e+03
4.09492394e-07 3.40394946e+02 9.89921228e+02
4.09923424e-07 2.96161765e+02 9.42938524e+02
4.10354455e-07 2.21991510e+02 9.33224661e+02
4.10785485e-07 2.20561460e+02 9.40903957e+02
4.11216515e-07 2.49524139e+02 9.93987943e+02
4.11647545e-07 2.69248045e+02 9.89046099e+02
4.12078576e-07 3.53570557e+01 8.71755148e+02
4.12509606e-07 6.55055921e+01 9.30035394e+02
4.12940636e-07 2.32625698e+02 1.01859289e+03
4.13371667e-07 2.74915868e+02 1.02208026e+03
4.13802697e-07 2.30707716e+02 9.89174640e+02
4.14233727e-07 2.42208170e+02 9.97232566e+02
4.14664758e-07 2.90886503e+02 1.02603094e+03
4.15095788e-07 3.99008194e+02 1.07786662e+03
4.15526818e-07 2.98362335e+02 1.04369905e+03
4.15957848e-07 3.06720848e+02 1.07143640e+03
4.16388879e-07 4.15247588e+02 1.18498324e+03
4.16819909e-07 2.74696567e+02 1.12839684e+03
4.17250939e-07 2.20310965e+02 1.08067886e+03
4.17681970e-07 2.81791836e+02 1.06818387e+03
4.18113000e-07 2.04956747e+02 1.03449811e+03
4.18544030e-07 2.79431981e+02 1.04541184e+03
4.18975061e-07 2.79938820e+02 1.05132948e+03
4.19406091e-07 2.26375308e+02 1.00626022e+03
4.19837121e-07 1.84815470e+02 9.66128725e+02
4.20268152e-07 2.28483022e+02 1.00536862e+03
4.20699182e-07 3.01021315e+02 1.04317137e+03
4.21130212e-07 3.43816497e+02 1.06864955e+03
4.21561242e-07 1.52931769e+02 1.00090261e+03
4.21992273e-07 1.94828851e+02 9.97446276e+02
4.22423303e-07 2.68627040e+02 1.01160603e+03
4.22854333e-07 2.96070282e+02 1.01879774e+03
4.23285364e-07 2.97738200e+02 1.05137354e+03
4.23716394e-07 2.78210615e+02 1.02325794e+03
4.24147424e-07 2.92445672e+02 1.05633600e+03
4.24578455e-07 2.96997127e+02 1.07827812e+03
4.25009485e-07 2.86888480e+02 1.11783805e+03
4.25440515e-07 3.32608780e+02 1.14492781e+03
4.25871545e-07 2.49580369e+02 1.07708496e+03
4.26302576e-07 1.97087649e+02 1.07281707e+03
4.26733606e-07 1.97510340e+02 1.06017842e+03
4.27164636e-07 4.54339653e+02 1.14866193e+03
4.27595667e-07 3.81030951e+02 1.13849172e+03
4.28026697e-07 2.64006874e+02 1.07756032e+03
4.28457727e-07 2.19346892e+02 1.06353449e+03
4.28888758e-07 4.58076882e+02 1.17416996e+03
4.29319788e-07 2.64643292e+02 1.04621966e+03
4.29750818e-07 1.80805115e+02 1.04677211e+03
4.30181848e-07 4.98902828e+02 1.14636707e+03
4.30612879e-07 3.69928935e+02 1.13043707e+03
4.31043909e-07 4.66751431e+02 1.18774813e+03
4.31474939e-07 4.39449853e+02 1.22160211e+03
4.31905970e-07 3.11196938e+02 1.19589571e+03
4.32337000e-07 3.39881817e+02 1.23652928e+03
4.32768030e-07 2.66199865e+02 1.17791024e+03
4.33199061e-07 3.90446712e+02 1.18222585e+03
4.33630091e-07 2.95205631e+02 1.15689226e+03
4.34061121e-07 5.82704562e+02 1.25486864e+03
4.34492152e-07 2.68977499e+02 1.14851760e+03
4.34923182e-07 4.05240610e+02 1.24834302e+03
4.35354212e-07 4.95255448e+02 1.26934120e+03
4.35785242e-07 2.59259632e+02 1.18496855e+03
4.36216273e-07 3.44534207e+02 1.24144698e+03
4.36647303e-07 4.67716395e+02 1.25567144e+03
4.37078333e-07 5.86401264e+02 1.31160931e+03
4.37509364e-07 4.12600459e+02 1.29065984e+03
4.37940394e-07 3.13799838e+02 1.18485941e+03
4.38371424e-07 3.77969892e+02 1.18721067e+03
4.38802455e-07 4.23201705e+02 1.24140382e+03
4.39233485e-07 4.26045135e+02 1.24888504e+03
4.39664515e-07 2.92755687e+02 1.21710285e+03
4.40095545e-07 4.32427598e+02 1.31523799e+03
4.40526576e-07 2.33068799e+02 1.29241121e+03
4.40957606e-07 4.91352955e+02 1.41596759e+03
4.41388636e-07 4.35625325e+02 1.39961860e+03
4.41819667e-07 3.09584136e+02 1.35658462e+03
4.42250697e-07 4.11505771e+02 1.36122322e+03
4.42681727e-07 4.14537352e+02 1.34685187e+03
4.43112758e-07 5.26385030e+02 1.42762903e+03
4.43543788e-07 4.24164243e+02 1.35606997e+03
4.43974818e-07 4.76863358e+02 1.39501020e+03
4.44405848e-07 4.75830613e+02 1.41280376e+03
4.44836879e-07 5.41087474e+02 1.39761047e+03
4.45267909e-07 4.65103640e+02 1.35243026e+03
4.45698939e-07 4.87764755e+02 1.33670445e+03
4.46129970e-07 3.53924590e+02 1.29013112e+03
4.46561000e-07 4.01714406e+02 1.31945778e+03
4.46992030e-07 4.30801605e+02 1.31329794e+03
4.47423061e-07 4.21948508e+02 1.35868967e+03
4.47854091e-07 5.59997366e+02 1.43640019e+03
4.48285121e-07 3.68307530e+02 1.35139062e+03
4.48716152e-07 3.57176235e+02 1.37433242e+03
4.49147182e-07 5.56235656e+02 1.42686667e+03
4.49578212e-07 5.22025602e+02 1.40107248e+03
4.50009242e-07 4.52206674e+02 1.43977329e+03
4.50440273e-07 3.67580809e+02 1.41080166e+03
4.50871303e-07 3.19902431e+02 1.39303231e+03
4.51302333e-07 3.94245534e+02 1.42531691e+03
4.51733364e-07 4.28513840e+02 1.44213853e+03
4.52164394e-07 3.95683991e+02 1.45152254e+03
4.52595424e-07 5.73358351e+02 1.51579182e+03
4.53026455e-07 4.68817215e+02 1.48985483e+03
4.53457485e-07 5.33073415e+02 1.57045962e+03
4.53888515e-07 4.98504790e+02 1.55829582e+03
4.54319545e-07 3.35144783e+02 1.46964004e+03
4.54750576e-07 3.17626674e+02 1.46015260e+03
4.55181606e-07 3.34292390e+02 1.47233507e+03
4.55612636e-07 4.36287423e+02 1.51913609e+03
4.56043667e-07 3.87875899e+02 1.50104782e+03
4.56474697e-07 3.61810806e+02 1.46047190e+03
4.56905727e-07 3.91651748e+02 1.46964676e+03
4.57336758e-07 5.89542423e+02 1.56536662e+03
4.57767788e-07 5.91292910e+02 1.59799263e+03
4.58198818e-07 4.47616119e+02 1.55025110e+03
4.58629848e-07 5.22670430e+02 1.59140049e+03
4.59060879e-07 5.03979383e+02 1.56360657e+03
4.59491909e-07 4.55085512e+02 1.54071940e+03
4.59922939e-07 6.00047571e+02 1.57711796e+03
4.60353970e-07 6.26515874e+02 1.58666556e+03
4.60785000e-07 5.66414536e+02 1.58623647e+03
4.61216030e-07 5.19234355e+02 1.55982217e+03
4.61647061e-07 4.31593289e+02 1.55739003e+03
4.62078091e-07 2.96278680e+02 1.53541011e+03
4.62509121e-07 4.49364680e+02 1.55088877e+03
4.62940152e-07 4.57574784e+02 1.57390223e+03
4.63371182e-07 4.60150999e+02 1.54171446e+03
4.63802212e-07 3.74329522e+02 1.52116331e+03
4.64233242e-07 4.88907106e+02 1.58131313e+03
4.64664273e-07 5.96160641e+02 1.60571174e+03
4.65095303e-07 4.55084230e+02 1.56730724e+03
4.65526333e-07 5.35155616e+02 1.65444609e+03
4.65957364e-07 5.25105462e+02 1.64035420e+03
4.66388394e-07 5.40797834e+02 1.63504483e+03
4.66819424e-07 4.69534402e+02 1.61387901e+03
4.67250455e-07 3.50996888e+02 1.57875565e+03
4.67681485e-07 5.05501209e+02 1.63075192e+03
4.68112515e-07 5.40581755e+02 1.66296242e+03
4.68543545e-07 4.08313860e+02 1.65247876e+03
4.68974576e-07 4.34057814e+02 1.64579557e+03
4.69405606e-07 4.28410851e+02 1.58925128e+03
4.69836636e-07 5.55064273e+02 1.64780160e+03
4.70267667e-07 6.47572806e+02 1.71197133e+03
4.70698697e-07 4.62147561e+02 1.65399560e+03
4.71129727e-07 4.66808889e+02 1.66939433e+03
4.71560758e-07 6.49720245e+02 1.75832606e+03
4.71991788e-07 5.25578943e+02 1.66974247e+03
4.72422818e-07 5.15019790e+02 1.68589679e+03
4.72853848e-07 5.71278161e+02 1.69743893e+03
4.73284879e-07 6.68914051e+02 1.72315731e+03
4.73715909e-07 6.29587218e+02 1.72576194e+03
4.74146939e-07 9.11123351e+02 1.80788266e+03
4.74577970e-07 7.90034700e+02 1.79085044e+03
4.75009000e-07 5.89729023e+02 1.72577383e+03
4.75440030e-07 6.35220396e+02 1.75635175e+03
4.75871061e-07 5.22934471e+02 1.69574759e+03
4.76302091e-07 6.10207087e+02 1.72954399e+03
4.76733121e-07 4.60451649e+02 1.67683540e+03
4.77164152e-07 7.16450902e+02 1.82006859e+03
4.77595182e-07 6.34694948e+02 1.79835213e+03
4.78026212e-07 6.31324559e+02 1.78589649e+03
4.78457242e-07 4.65611411e+02 1.69385020e+03
4.78888273e-07 5.72435726e+02 1.75241986e+03
4.79319303e-07 7.66654273e+02 1.86658495e+03
4.79750333e-07 6.57904535e+02 1.82683049e+03
4.80181364e-07 6.36007437e+02 1.81875464e+03
4.80612394e-07 7.04686410e+02 1.85492261e+03
4.81043424e-07 4.90807415e+02 1.77679335e+03
4.81474455e-07 4.81010394e+02 1.80908757e+03
4.81905485e-07 6.67139396e+02 1.88523294e+03
4.82336515e-07 4.77669615e+02 1.86240692e+03
4.82767545e-07 7.62801230e+02 1.96285564e+03
4.83198576e-07 5.35116305e+02 1.85530548e+03
4.83629606e-07 5.49548533e+02 1.88169110e+03
4.84060636e-07 6.49737222e+02 1.88496003e+03
4.84491667e-07 5.87572691e+02 1.86306295e+03
4.84922697e-07 5.19668356e+02 1.82245011e+03
4.85353727e-07 5.06277315e+02 1.76847146e+03
4.85784758e-07 5.86294606e+02 1.77912091e+03
4.86215788e-07 7.59184025e+02 1.80399559e+03
4.86646818e-07 5.86338107e+02 1.76663018e+03
4.87077848e-07 6.77736494e+02 1.85508955e+03
4.87508879e-07 4.47929833e+02 1.80080922e+03
4.87939909e-07 5.34041201e+02 1.84624883e+03
4.88370939e-07 7.39804221e+02 1.93139378e+03
4.88801970e-07 6.55682920e+02 1.90585175e+03
4.89233000e-07 6.94215796e+02 1.93052025e+03
4.89664030e-07 6.02910583e+02 1.90586774e+03
4.90095061e-07 3.93577510e+02 1.83758561e+03
4.90526091e-07 6.24002809e+02 1.95429906e+03
4.90957121e-07 6.54535879e+02 1.92857977e+03
4.91388152e-07 6.70136035e+02 1.94406406e+03
4.91819182e-07 7.06579010e+02 1.90716753e+03
4.92250212e-07 6.80689765e+02 1.93422910e+03
4.92681242e-07 7.41820474e+02 1.97739753e+03
4.93112273e-07 6.61788197e+02 1.93943704e+03
4.93543303e-07 7.76184144e+02 1.97459640e+03
4.93974333e-07 6.17855664e+02 1.93029535e+03
4.94405364e-07 8.77831266e+02 2.02008288e+03
4.94836394e-07 7.22971850e+02 2.01294575e+03
4.95267424e-07 5.64113379e+02 1.97830755e+03
4.95698455e-07 7.67689087e+02 2.03664387e+03
4.96129485e-07 6.18972743e+02 2.02393579e+03
4.96560515e-07 5.60996795e+02 1.98593727e+03
4.96991545e-07 6.63608193e+02 2.05898028e+03
4.97422576e-07 6.59002167e+02 2.05601086e+03
4.97853606e-07 7.28567410e+02 2.06512065e+03
4.98284636e-07 7.33365633e+02 2.01875893e+03
4.98715667e-07 7.09807238e+02 2.04054184e+03
4.99146697e-07 6.56678241e+02 2.04188359e+03
4.99577727e-07 7.99037994e+02 2.14350212e+03
5.00008758e-07 6.33557451e+02 2.04245894e+03
5.00439788e-07 5.37250049e+02 1.98553081e+03
5.00870818e-07 6.26501769e+02 2.01982804e+03
5.01301848e-07 8.53678679e+02 2.11000249e+03
5.01732879e-07 8.98435500e+02 2.13156495e+03
5.02163909e-07 6.84522075e+02 2.02195364e+03
5.02594939e-07 9.04058649e+02 2.11295400e+03
5.03025970e-07 8.70910500e+02 2.16749255e+03
5.03457000e-07 7.17315403e+02 2.07757466e+03
5.03888030e-07 5.99170515e+02 2.02335050e+03
5.04319061e-07 6.62182758e+02 2.07136302e+03
5.04750091e-07 6.30683545e+02 1.99567455e+03
5.05181121e-07 8.86462027e+02 2.13262738e+03
5.05612152e-07 6.89372974e+02 2.04426149e+03
5.06043182e-07 6.53510754e+02 2.09739602e+03
5.06474212e-07 4.10983730e+02 1.98634210e+03
5.06905242e-07 5.82008608e+02 2.09003121e+03
5.07336273e-07 7.29955245e+02 2.12618123e+03
5.07767303e-07 7.75906265e+02 2.11505972e+03
5.08198333e-07 7.02390517e+02 2.07663480e+03
5.08629364e-07 8.70573756e+02 2.16893781e+03
5.09060394e-07 8.61097151e+02 2.18788023e+03
5.09491424e-07 8.43061093e+02 2.12374837e+03
5.09922455e-07 7.85136501e+02 2.10838779e+03
5.10353485e-07 5.02181307e+02 2.03938998e+03
5.10784515e-07 6.74221171e+02 2.09895538e+03
5.11215545e-07 6.94678013e+02 2.15887617e+03
5.11646576e-07 8.61593283e+02 2.26765784e+03
5.12077606e-07 6.99605170e+02 2.14854678e+03
5.12508636e-07 1.10601509e+03 2.27406646e+03
5.12939667e-07 1.03881879e+03 2.29612843e+03
5.13370697e-07 6.03247568e+02 2.10032085e+03
5.13801727e-07 7.74188577e+02 2.20826934e+03
5.14232758e-07 7.76970709e+02 2.25748401e+03
5.14663788e-07 7.13722424e+02 2.23935511e+03
5.15094818e-07 7.64539219e+02 2.26997710e+03
5.15525848e-07 6.47303492e+02 2.20569292e+03
5.15956879e-07 7.98187675e+02 2.25043649e+03
5.16387909e-07 7.42458324e+02 2.14782588e+03
5.16818939e-07 7.05773565e+02 2.08613721e+03
5.17249970e-07 7.56113194e+02 2.14240555e+03
5.17681000e-07 7.53839189e+02 2.20315417e+03
5.18112030e-07 8.60441868e+02 2.21839928e+03
5.18543061e-07 9.66097600e+02 2.28041843e+03
5.18974091e-07 8.61963255e+02 2.29416115e+03
5.19405121e-07 8.22694916e+02 2.42359913e+03
5.19836152e-07 7.32059238e+02 2.50790239e+03
5.20267182e-07 8.13852769e+02 2.55783853e+03
5.20698212e-07 1.11315954e+03 2.45257125e+03
5.21129242e-07 7.79616213e+02 2.24363415e+03
5.21560273e-07 9.22977014e+02 2.38814472e+03
5.21991303e-07 8.20132700e+02 2.36957306e+03
5.22422333e-07 1.05835136e+03 2.45361198e+03
5.22853364e-07 1.09724373e+03 2.45074932e+03
5.23284394e-07 9.01832169e+02 2.36487215e+03
5.23715424e-07 7.29909724e+02 2.34260327e+03
5.24146455e-07 5.94834556e+02 2.30946503e+03
5.24577485e-07 7.29886389e+02 2.37090852e+03
5.25008515e-07 7.77192648e+02 2.35091030e+03
5.25439545e-07 8.23324280e+02 2.47397671e+03
5.25870576e-07 1.04509600e+03 2.45226865e+03
5.26301606e-07 8.23054734e+02 2.28686207e+03
5.26732636e-07 8.73319923e+02 2.28704083e+03
5.27163667e-07 7.24868803e+02 2.29048430e+03
5.27594697e-07 6.92386465e+02 2.34216789e+03
5.28025727e-07 8.26017794e+02 2.34234920e+03
5.28456758e-07 6.56774380e+02 2.31626307e+03
5.28887788e-07 9.50553281e+02 2.48411174e+03
5.29318818e-07 9.32218392e+02 2.47384563e+03
5.29749848e-07 4.85297348e+02 2.25379653e+03
5.30180879e-07 7.17693006e+02 2.36863203e+03
5.30611909e-07 8.51170689e+02 2.46710116e+03
5.31042939e-07 1.05484602e+03 2.61207698e+03
5.31473970e-07 8.33926936e+02 2.45471473e+03
5.31905000e-07 9.18541995e+02 2.47669979e+03
5.32336030e-07 9.38281054e+02 2.51840797e+03
5.32767061e-07 1.10638185e+03 2.60953107e+03
5.33198091e-07 1.07525604e+03 2.67125671e+03
5.33629121e-07 8.15358943e+02 2.51744368e+03
5.34060152e-07 8.06553568e+02 2.47479251e+03
5.34491182e-07 8.35194807e+02 2.44829634e+03
5.34922212e-07 6.54907478e+02 2.41922836e+03
5.35353242e-07 7.13960118e+02 2.43089900e+03
5.35784273e-07 8.08887766e+02 2.50029855e+03
5.36215303e-07 5.66739893e+02 2.40633525e+03
5.36646333e-07 9.18909543e+02 2.53701881e+03
5.37077364e-07 8.37248094e+02 2.48875525e+03
5.37508394e-07 1.16265958e+03 2.55484464e+03
5.37939424e-07 1.55300249e+03 2.80631373e+03
5.38370455e-07 1.57922341e+03 2.82226443e+03
5.38801485e-07 1.21489616e+03 2.64483198e+03
5.39232515e-07 7.46675275e+02 2.44684017e+03
5.39663545e-07 7.31288219e+02 2.39436189e+03
5.40094576e-07 3.98561276e+02 2.23937602e+03
5.40525606e-07 7.88574706e+02 2.40396721e+03
5.40956636e-07 8.75152254e+02 2.49865551e+03
5.41387667e-07 6.40427238e+02 2.39409249e+03
5.41818697e-07 8.39437489e+02 2.56101599e+03
5.42249727e-07 6.55938775e+02 2.47765343e+03
5.42680758e-07 8.31821224e+02 2.51885806e+03
5.43111788e-07 9.97444478e+02 2.58002613e+03
5.43542818e-07 1.13926902e+03 2.66675978e+03
5.43973848e-07 8.41347118e+02 2.61992444e+03
5.44404879e-07 1.02149948e+03 2.62190878e+03
5.44835909e-07 8.46174490e+02 2.64514383e+03
5.45266939e-07 8.22206439e+02 2.58787350e+03
5.45697970e-07 9.00258822e+02 2.68138964e+03
5.46129000e-07 1.12919474e+03 2.78463415e+03
5.46560030e-07 9.51405059e+02 2.69643288e+03
5.46991061e-07 6.49416985e+02 2.53076159e+03
5.47422091e-07 7.41791904e+02 2.60070721e+03
5.47853121e-07 9.42266159e+02 2.62989563e+03
5.48284152e-07 1.04508507e+03 2.68446037e+03
5.48715182e-07 1.09150890e+03 2.68875781e+03
5.49146212e-07 1.17324600e+03 2.75570928e+03
5.49577242e-07 1.01657898e+03 2.76868100e+03
5.50008273e-07 9.02248608e+02 2.74337786e+03
5.50439303e-07 1.14453019e+03 2.85604351e+03
5.50870333e-07 7.93604239e+02 2.72534561e+03
5.51301364e-07 9.10897557e+02 2.76380653e+03
5.51732394e-07 1.02559000e+03 2.78918375e+03
5.52163424e-07 1.32788274e+03 2.90010971e+03
5.52594455e-07 1.11198148e+03 2.79163930e+03
5.53025485e-07 1.11584256e+03 2.81827020e+03
5.53456515e-07 8.42153641e+02 2.71108027e+03
5.53887545e-07 1.09244156e+03 2.88438418e+03
5.54318576e-07 9.59042966e+02 2.93721444e+03
5.54749606e-07 8.95642310e+02 2.91112583e+03
5.55180636e-07 9.65810432e+02 2.81937071e+03
5.55611667e-07 7.08236960e+02 2.74361596e+03
5.56042697e-07 8.42916717e+02 2.83368277e+03
5.56473727e-07 1.10758297e+03 3.15805018e+03
5.56904758e-07 5.93085767e+02 4.74235842e+03
5.57335788e-07 3.41848767e+03 1.80242210e+04
5.57766818e-07 2.36547867e+03 2.81236464e+04
5.58197848e-07 8.74230513e+02 1.59456368e+04
5.58628879e-07 8.96167888e+02 4.53031310e+03
5.59059909e-07 1.13849181e+03 2.93421714e+03
5.59490939e-07 9.69337349e+02 2.96715378e+03
5.59921970e-07 8.14711417e+02 2.89933373e+03
5.60353000e-07 8.50793722e+02 2.98107608e+03
5.60784030e-07 7.70892760e+02 2.99812460e+03
5.61215061e-07 8.13561570e+02 2.91971093e+03
5.61646091e-07 8.73133394e+02 2.90033398e+03
5.62077121e-07 8.32432086e+02 2.96221820e+03
5.62508152e-07 9.06853310e+02 3.01928175e+03
5.62939182e-07 1.06208652e+03 3.00193968e+03
5.63370212e-07 1.13889669e+03 2.98400338e+03
5.63801242e-07 9.93620718e+02 2.85881686e+03
5.64232273e-07 8.91518014e+02 2.88924219e+03
5.64663303e-07 6.91851187e+02 2.91808498e+03
5.65094333e-07 7.60128210e+02 2.88743741e+03
5.65525364e-07 6.36256650e+02 2.81011643e+03
5.65956394e-07 9.55947304e+02 2.89994907e+03
5.66387424e-07 1.01012301e+03 3.04027330e+03
5.66818455e-07 1.16047895e+03 3.06021655e+03
5.67249485e-07 1.01722648e+03 3.03301512e+03
5.67680515e-07 8.05036123e+02 2.93033695e+03
5.68111545e-07 9.35573443e+02 2.96942653e+03
5.68542576e-07 9.37085950e+02 3.01266944e+03
5.68973606e-07 8.62246049e+02 3.02116956e+03
5.69404636e-07 7.20337328e+02 3.05749146e+03
5.69835667e-07 9.00909081e+02 3.14305557e+03
5.70266697e-07 1.04269699e+03 3.12019650e+03
5.70697727e-07 8.63551422e+02 3.04229301e+03
5.71128758e-07 6.28540719e+02 2.93931429e+03
5.71559788e-07 6.93505411e+02 2.91317377e+03
5.71990818e-07 9.03258730e+02 3.07526312e+03
5.72421848e-07 8.74812185e+02 3.06710952e+03
5.72852879e-07 6.87237144e+02 2.98820201e+03
5.73283909e-07 8.03119200e+02 3.01173628e+03
5.73714939e-07 1.11296178e+03 3.14069507e+03
5.74145970e-07 1.00162247e+03 3.05771931e+03
5.74577000e-07 8.14682398e+02 3.01576476e+03
5.75008030e-07 8.49444836e+02 3.03847359e+03
5.75439061e-07 8.00325084e+02 3.05183671e+03
5.75870091e-07 8.65920390e+02 3.06424863e+03
5.76301121e-07 8.91042355e+02 3.05347594e+03
5.76732152e-07 1.02451852e+03 3.09752724e+03
5.77163182e-07 1.15582413e+03 3.17351397e+03
5.77594212e-07 7.87241166e+02 3.03938013e+03
5.78025242e-07 9.56084084e+02 3.05344114e+03
5.78456273e-07 1.43284277e+03 3.22323470e+03
5.78887303e-07 1.62616292e+03 3.29441611e+03
5.79318333e-07 1.27748214e+03 3.22968274e+03
5.79749364e-07 8.96405644e+02 3.13332399e+03
5.80180394e-07 6.84853084e+02 3.05478169e+03
5.80611424e-07 8.67152135e+02 3.07419707e+03
5.81042455e-07 1.08538061e+03 3.19628833e+03
5.81473485e-07 1.14985886e+03 3.23580162e+03
5.81904515e-07 1.11568433e+03 3.21793446e+03
5.82335545e-07 1.04332314e+03 3.25529126e+03
5.82766576e-07 9.81478417e+02 3.18886067e+03
5.83197606e-07 8.42023812e+02 3.10536315e+03
5.83628636e-07 1.09708014e+03 3.20474022e+03
5.84059667e-07 7.56053688e+02 3.11622333e+03
5.84490697e-07 8.60025817e+02 3.13770824e+03
5.84921727e-07 9.57197823e+02 4.38074700e+03
5.85352758e-07 1.04597816e+03 4.35991712e+03
5.85783788e-07 9.77755830e+02 4.32631968e+03
5.86214818e-07 9.96149290e+02 4.79457251e+03
5.86645848e-07 7.55893238e+02 3.76357898e+03
5.87076879e-07 8.96761386e+02 3.74267723e+03
5.87507909e-07 1.02098745e+03 3.45609781e+03
5.87938939e-07 8.97572104e+02 3.37705251e+03
5.88369970e-07 1.19008554e+03 4.59897356e+03
5.88801000e-07 1.17670613e+03 7.24704813e+03
5.89232030e-07 1.16160501e+03 8.23881286e+03
5.89663061e-07 7.26964402e+02 6.31345783e+03
5.90094091e-07 5.79610923e+02 4.25650940e+03
5.90525121e-07 9.69768814e+02 3.51606798e+03
5.90956152e-07 8.15826369e+02 3.49503998e+03
5.91387182e-07 6.19748223e+02 3.57201594e+03
5.91818212e-07 7.60846247e+02 3.62855708e+03
5.92249242e-07 8.36244956e+02 3.49434755e+03
5.92680273e-07 7.67649488e+02 3.51741474e+03
5.93111303e-07 9.85559678e+02 3.84116716e+03
5.93542333e-07 1.09843728e+03 3.83296528e+03
5.93973364e-07 9.45705009e+02 3.50208174e+03
5.94404394e-07 9.39458064e+02 3.43005407e+03
5.94835424e-07 1.01336154e+03 3.65662217e+03
5.95266455e-07 1.12370355e+03 3.87255378e+03
5.95697485e-07 1.08110115e+03 3.69629010e+03
5.96128515e-07 1.10322990e+03 3.54923802e+03
5.96559545e-07 9.76291055e+02 3.44721211e+03
5.96990576e-07 1.46158606e+03 3.76704233e+03
5.97421606e-07 1.22228261e+03 3.74258111e+03
5.97852636e-07 7.98296359e+02 3.54141646e+03
5.98283667e-07 1.17329592e+03 3.50317642e+03
5.98714697e-07 7.56980151e+02 3.26280982e+03
5.99145727e-07 1.01115150e+03 3.38209033e+03
5.99576758e-07 9.96753020e+02 3.40027981e+03
6.00007788e-07 8.17683275e+02 3.41370007e+03
6.00438818e-07 8.70773162e+02 3.42207735e+03
6.00869848e-07 7.64745216e+02 3.27027443e+03
6.01300879e-07 1.27887604e+03 3.39448549e+03
6.01731909e-07 1.01587994e+03 3.24492115e+03
6.02162939e-07 1.05701092e+03 3.25267441e+03
6.02593970e-07 1.08220997e+03 3.34463032e+03
6.03025000e-07 1.05166147e+03 3.31821169e+03
6.03456030e-07 9.44988980e+02 3.31104430e+03
6.03887061e-07 9.20858050e+02 3.25699852e+03
6.04318091e-07 1.21766942e+03 3.39984204e+03
6.04749121e-07 8.89334600e+02 3.20320790e+03
6.05180152e-07 9.75171487e+02 3.23593610e+03
6.05611182e-07 1.28482321e+03 3.42746921e+03
6.06042212e-07 1.27554052e+03 3.36731796e+03
6.06473242e-07 8.39180022e+02 3.19404552e+03
6.06904273e-07 1.31913913e+03 3.43343838e+03
6.07335303e-07 1.15804343e+03 3.32246940e+03
6.07766333e-07 1.07737143e+03 3.27881903e+03
6.08197364e-07 1.01654128e+03 3.22675306e+03
6.08628394e-07 9.21768310e+02 3.17046329e+03
6.09059424e-07 8.82247002e+02 3.20577736e+03
6.09490455e-07 9.40928851e+02 3.24495359e+03
6.09921485e-07 1.16545343e+03 3.38091831e+03
6.10352515e-07 1.20562274e+03 3.37556981e+03
6.10783545e-07 1.30231642e+03 3.42059231e+03
6.11214576e-07 1.01690004e+03 3.24960734e+03
6.11645606e-07 1.33904324e+03 3.39225920e+03
6.12076636e-07 1.09564562e+03 3.30365539e+03
6.12507667e-07 9.39402589e+02 3.17194490e+03
6.12938697e-07 1.16611408e+03 3.20516755e+03
6.13369727e-07 9.44250004e+02 3.22780958e+03
6.13800758e-07 9.53567877e+02 3.40911010e+03
6.14231788e-07 5.74706557e+02 3.33267794e+03
6.14662818e-07 8.87926455e+02 3.37013516e+03
6.15093848e-07 9.69473330e+02 3.35386309e+03
6.15524879e-07 1.35635304e+03 3.49264266e+03
6.15955909e-07 7.61454291e+02 3.25291053e+03
6.16386939e-07 1.28812144e+03 3.32090244e+03
6.16817970e-07 1.43852277e+03 3.60883828e+03
6.17249000e-07 1.15339823e+03 3.56385897e+03
6.17680030e-07 1.35633126e+03 3.52500092e+03
6.18111061e-07 1.11478439e+03 3.42037581e+03
6.18542091e-07 1.04309405e+03 3.25177499e+03
6.18973121e-07 9.38874261e+02 3.23260958e+03
6.19404152e-07 1.27977840e+03 3.35322277e+03
6.19835182e-07 1.19654714e+03 3.42297871e+03
6.20266212e-07 9.62408964e+02 3.42469343e+03
6.20697242e-07 1.25744558e+03 3.52860381e+03
6.21128273e-07 1.60235677e+03 3.58219909e+03
6.21559303e-07 1.01162584e+03 3.42057654e+03
6.21990333e-07 1.18268178e+03 3.56950987e+03
6.22421364e-07 1.17660785e+03 3.52659239e+03
6.22852394e-07 1.05690514e+03 3.57659980e+03
6.23283424e-07 8.57085752e+02 4.21712387e+03
6.23714455e-07 1.05514476e+03 4.69599918e+03
6.24145485e-07 1.31394676e+03 4.33159750e+03
6.24576515e-07 9.97096734e+02 3.62652568e+03
6.25007545e-07 9.33172783e+02 3.47774916e+03
6.25438576e-07 6.37720817e+02 3.89764330e+03
6.25869606e-07 1.18147527e+03 4.59884309e+03
6.26300636e-07 1.00977383e+03 4.15808066e+03
6.26731667e-07 1.00075801e+03 3.74413194e+03
6.27162697e-07 1.17364055e+03 3.61863004e+03
6.27593727e-07 1.46188949e+03 3.70284325e+03
6.28024758e-07 1.14866847e+03 3.64051826e+03
6.28455788e-07 1.22514021e+03 4.08981207e+03
6.28886818e-07 1.46238831e+03 4.46101968e+03
6.29317848e-07 5.04437848e+02 5.24759421e+03
6.29748879e-07 1.31272137e+03 1.19710451e+04
6.30179909e-07 8.37366947e+02 1.29319793e+04
6.30610939e-07 1.20316632e+03 7.37186959e+03
6.31041970e-07 1.23409599e+03 4.29334804e+03
6.31473000e-07 1.05493565e+03 3.55734829e+03
6.31904030e-07 1.46061565e+03 3.76019185e+03
6.32335061e-07 1.06399273e+03 3.91103891e+03
6.32766091e-07 1.25311176e+03 4.29536557e+03
6.33197121e-07 9.12208614e+02 4.05836820e+03
6.33628152e-07 1.00227571e+03 3.54615191e+03
6.34059182e-07 1.18326050e+03 3.40970188e+03
6.34490212e-07 9.54757301e+02 3.50454026e+03
6.34921242e-07 1.11771973e+03 3.73758996e+03
6.35352273e-07 1.00452804e+03 4.01748800e+03
6.35783303e-07 7.72239582e+02 4.89470971e+03
6.36214333e-07 6.72813254e+02 6.60432119e+03
6.36645364e-07 7.58108548e+02 5.87848855e+03
6.37076394e-07 1.15088501e+03 3.96905515e+03
6.37507424e-07 1.18595032e+03 3.49533970e+03
6.37938455e-07 1.19915290e+03 3.67006980e+03
6.38369485e-07 1.09913253e+03 3.72429353e+03
6.38800515e-07 1.08882891e+03 3.71677091e+03
6.39231545e-07 9.94955654e+02 3.44695290e+03
6.39662576e-07 1.26954485e+03 3.39799331e+03
6.40093606e-07 1.30171924e+03 3.38734752e+03
6.40524636e-07 9.68315801e+02 3.23443881e+03
6.40955667e-07 1.14194034e+03 3.36053282e+03
6.41386697e-07 1.43322984e+03 3.53613057e+03
6.41817727e-07 1.31131740e+03 3.46359861e+03
6.42248758e-07 1.24240042e+03 3.43538360e+03
6.42679788e-07 1.06792470e+03 3.33730377e+03
6.43110818e-07 1.07502515e+03 3.30684523e+03
6.43541848e-07 1.16874081e+03 3.31208933e+03
6.43972879e-07 1.46378659e+03 3.35067255e+03
6.44403909e-07 1.35344929e+03 3.40691951e+03
6.44834939e-07 1.30290932e+03 3.37387735e+03
6.45265970e-07 1.15134266e+03 3.43748279e+03
6.45697000e-07 1.09307461e+03 3.54819011e+03
6.46128030e-07 1.02691847e+03 3.85202724e+03
6.46559061e-07 9.98864654e+02 4.26561284e+03
6.46990091e-07 9.45436475e+02 4.23046573e+03
6.47421121e-07 1.35677873e+03 3.94373771e+03
6.47852152e-07 1.75252880e+03 3.78608355e+03
6.48283182e-07 1.56246786e+03 3.51783814e+03
6.48714212e-07 1.40765985e+03 3.38682336e+03
6.49145242e-07 1.40611187e+03 3.60807040e+03
6.49576273e-07 1.39413019e+03 4.41009036e+03
6.50007303e-07 1.10688169e+03 4.74354414e+03
6.50438333e-07 1.04062201e+03 4.20149067e+03
6.50869364e-07 1.49869805e+03 3.74975384e+03
6.51300394e-07 1.35546721e+03 3.47267883e+03
6.51731424e-07 1.02448901e+03 3.43415652e+03
6.52162455e-07 1.10195019e+03 3.60888240e+03
6.52593485e-07 1.36045530e+03 3.81472139e+03
6.53024515e-07 1.14179632e+03 4.23579467e+03
6.53455545e-07 9.73039225e+02 4.24541309e+03
6.53886576e-07 1.14631704e+03 3.89647165e+03
6.54317606e-07 1.20194234e+03 3.85128926e+03
6.54748636e-07 1.17313092e+03 4.01776914e+03
6.55179667e-07 8.06623007e+02 4.34008311e+03
6.55610697e-07 9.85706367e+02 4.25161686e+03
6.56041727e-07 1.29014414e+03 3.77694238e+03
6.56472758e-07 1.24569774e+03 3.69882744e+03
6.56903788e-07 1.32585967e+03 3.86675123e+03
6.57334818e-07 1.70220263e+03 4.31385046e+03
6.57765848e-07 1.47522885e+03 4.40021502e+03
6.58196879e-07 1.74843625e+03 4.17285972e+03
6.58627909e-07 1.29714045e+03 3.58980467e+03
6.59058939e-07 1.36477347e+03 3.61547734e+03
6.59489970e-07 1.12462374e+03 3.62762932e+03
6.59921000e-07 1.01687736e+03 3.67776105e+03
6.60352030e-07 1.37342293e+03 3.89497240e+03
6.60783061e-07 1.47134115e+03 3.77086471e+03
6.61214091e-07 1.36034048e+03 3.46365748e+03
6.61645121e-07 1.17337645e+03 3.35702821e+03
6.62076152e-07 1.19846883e+03 3.44663271e+03
6.62507182e-07 8.01381198e+02 3.30925003e+03
6.62938212e-07 1.12807080e+03 3.50736114e+03
6.63369242e-07 1.66773556e+03 3.72959372e+03
6.63800273e-07 1.12399324e+03 3.46842161e+03
6.64231303e-07 1.27516973e+03 3.41717741e+03
6.64662333e-07 1.09808736e+03 3.34324755e+03
6.65093364e-07 1.54834847e+03 3.50143515e+03
6.65524394e-07 1.28406970e+03 3.36807800e+03
6.65955424e-07 1.02809478e+03 3.26864445e+03
6.66386455e-07 8.55597552e+02 3.32835264e+03
6.66817485e-07 1.42034141e+03 3.59628693e+03
6.67248515e-07 9.86962460e+02 3.35087070e+03
6.67679545e-07 1.10049782e+03 3.29406489e+03
6.68110576e-07 1.17275589e+03 3.36043921e+03
6.68541606e-07 1.07523441e+03 3.29451813e+03
6.68972636e-07 9.89059103e+02 3.31531219e+03
6.69403667e-07 1.17273917e+03 3.39520151e+03
6.69834697e-07 1.49871082e+03 3.57854074e+03
6.70265727e-07 1.80484260e+03 3.66482195e+03
6.70696758e-07 1.23534632e+03 3.39813260e+03
6.71127788e-07 1.11116643e+03 3.35291251e+03
6.71558818e-07 1.24121355e+03 3.45576217e+03
6.71989848e-07 1.36224218e+03 3.46581144e+03
6.72420879e-07 1.33794317e+03 3.45927076e+03
6.72851909e-07 8.93276879e+02 3.22127579e+03
6.73282939e-07 1.36128513e+03 3.38581684e+03
6.73713970e-07 1.45810388e+03 3.51349229e+03
6.74145000e-07 1.81522636e+03 3.65055012e+03
6.74576030e-07 1.10484528e+03 3.35464297e+03
6.75007061e-07 1.32761819e+03 3.42655230e+03
6.75438091e-07 1.18247730e+03 3.38762579e+03
6.75869121e-07 1.19497979e+03 3.29172070e+03
6.76300152e-07 1.49471114e+03 3.40506593e+03
6.76731182e-07 1.69486625e+03 3.48408460e+03
6.77162212e-07 1.62986017e+03 3.48025112e+03
6.77593242e-07 1.14483244e+03 3.23888127e+03
6.78024273e-07 1.10762915e+03 3.23381907e+03
6.78455303e-07 1.57012612e+03 3.47364594e+03
6.78886333e-07 1.12304705e+03 3.25782877e+03
6.79317364e-07 1.18176771e+03 3.29538943e+03
6.79748394e-07 1.22975907e+03 3.27134078e+03
6.80179424e-07 1.39141290e+03 3.37395588e+03
6.80610455e-07 9.74491127e+02 3.24309148e+03
6.81041485e-07 1.61866336e+03 3.41233261e+03
6.81472515e-07 1.45916956e+03 3.41712406e+03
6.81903545e-07 1.10479400e+03 3.34590739e+03
6.82334576e-07 1.34620834e+03 4.32627858e+03
6.82765606e-07 1.26283554e+03 5.95832144e+03
6.83196636e-07 1.14619332e+03 6.60666994e+03
6.83627667e-07 1.26612095e+03 5.50861540e+03
6.84058697e-07 1.36566091e+03 4.32197323e+03
6.84489727e-07 9.64927832e+02 3.58818905e+03
6.84920758e-07 1.58683765e+03 3.61184086e+03
6.85351788e-07 1.23812637e+03 3.50647315e+03
6.85782818e-07 1.17258862e+03 4.40253660e+03
6.86213848e-07 1.22631891e+03 6.63110193e+03
6.86644879e-07 1.08462124e+03 5.92825006e+03
6.87075909e-07 1.01878614e+03 3.68821364e+03
6.87506939e-07 9.16284255e+02 3.17372163e+03
6.87937970e-07 1.50074105e+03 3.69086383e+03
6.88369000e-07 7.89877135e+02 3.65113517e+03
6.88800030e-07 4.94806473e+02 3.76225870e+03
6.89231061e-07 7.70041208e+02 3.62329526e+03
6.89662091e-07 1.44273009e+03 3.77872944e+03
6.90093121e-07 1.11158101e+03 3.79615250e+03
6.90524152e-07 9.40522056e+02 3.60236537e+03
6.90955182e-07 1.23135948e+03 4.09950450e+03
6.91386212e-07 1.04566415e+03 4.18327219e+03
6.91817242e-07 1.09915723e+03 4.31994910e+03
6.92248273e-07 7.77177101e+02 4.93453355e+03
6.92679303e-07 7.02111429e+02 4.18081070e+03
6.93110333e-07 1.10965020e+03 3.49266095e+03
6.93541364e-07 1.29239499e+03 3.82413147e+03
6.93972394e-07 9.31170669e+02 4.05134253e+03
6.94403424e-07 6.67619711e+02 4.35845956e+03
6.94834455e-07 1.25860177e+03 5.33241399e+03
6.95265485e-07 9.55069309e+02 4.50823411e+03
6.95696515e-07 6.57587969e+02 3.35220813e+03
6.96127545e-07 9.74190973e+02 3.33512654e+03
6.96558576e-07 9.25876183e+02 3.72664773e+03
6.96989606e-07 9.35726504e+02 4.05283426e+03
6.97420636e-07 9.31085109e+02 4.34402075e+03
6.97851667e-07 9.87738740e+02 4.60626419e+03
6.98282697e-07 1.23120848e+03 4.00673900e+03
6.98713727e-07 1.01739082e+03 3.36989363e+03
6.99144758e-07 1.18004371e+03 3.35271124e+03
6.99575788e-07 9.68803233e+02 3.29542675e+03
7.00006818e-07 1.37971740e+03 3.73922957e+03
7.00437848e-07 1.22392914e+03 3.77623373e+03
7.00868879e-07 1.43728198e+03 4.01151832e+03
7.01299909e-07 1.27328272e+03 3.77694385e+03
7.01730939e-07 1.09716496e+03 3.34038298e+03
7.02161970e-07 1.08568389e+03 3.20059546e+03
7.02593000e-07 1.20215974e+03 3.26711401e+03
7.03024030e-07 1.29064379e+03 3.32125155e+03
7.03455061e-07 1.56622152e+03 3.41777557e+03
7.03886091e-07 1.28232837e+03 3.42535616e+03
7.04317121e-07 1.12272693e+03 3.77709358e+03
7.04748152e-07 1.99587896e+03 4.43602906e+03
7.05179182e-07 4.66054868e+03 5.37321775e+03
7.05610212e-07 4.94440876e+03 5.15159223e+03
7.06041242e-07 2.46474578e+03 4.08848057e+03
7.06472273e-07 1.08200153e+03 3.62627266e+03
7.06903303e-07 1.55468614e+03 3.87298291e+03
7.07334333e-07 1.68575077e+03 3.84675589e+03
7.07765364e-07 1.74369803e+03 3.86342486e+03
7.08196394e-07 1.94571322e+03 3.97217655e+03
7.08627424e-07 1.59685955e+03 3.82508520e+03
7.09058455e-07 9.57021865e+02 3.55922917e+03
7.09489485e-07 8.96167234e+02 3.37313547e+03
7.09920515e-07 9.97900583e+02 3.36309083e+03
7.10351545e-07 9.60257510e+02 3.26679423e+03
7.10782576e-07 1.16982740e+03 3.31827205e+03
7.11213606e-07 1.22143291e+03 3.34305916e+03
7.11644636e-07 9.43099202e+02 3.28953933e+03
7.12075667e-07 9.17304538e+02 3.29863746e+03
7.12506697e-07 9.92679536e+02 3.42551682e+03
7.12937727e-07 9.45475490e+02 3.44194382e+03
7.13368758e-07 9.64745067e+02 3.43449008e+03
7.13799788e-07 1.24947599e+03 3.59923815e+03
7.14230818e-07 1.35996588e+03 3.80408449e+03
7.14661848e-07 1.01431549e+03 3.80195950e+03
7.15092879e-07 1.09639513e+03 3.53568169e+03
7.15523909e-07 1.32310758e+03 3.48602899e+03
7.15954939e-07 1.42311504e+03 3.60823356e+03
7.16385970e-07 1.18698290e+03 3.46077317e+03
7.16817000e-07 1.15756061e+03 3.32610920e+03
7.17248030e-07 1.03567877e+03 3.21171920e+03
7.17679061e-07 9.15731479e+02 3.19520701e+03
7.18110091e-07 1.05443696e+03 3.18843867e+03
7.18541121e-07 8.58519968e+02 2.90218508e+03
7.18972152e-07 8.91242998e+02 2.87495950e+03
7.19403182e-07 9.17108337e+02 2.88430518e+03
7.19834212e-07 6.60485658e+02 2.81613658e+03
7.20265242e-07 6.96853892e+02 2.86431858e+03
7.20696273e-07 7.43110329e+02 2.89426006e+03
7.21127303e-07 5.19861524e+02 2.90907163e+03
7.21558333e-07 1.26749618e+03 3.25771130e+03
7.21989364e-07 1.64086438e+03 3.50215013e+03
7.22420394e-07 1.47071086e+03 3.46135739e+03
7.22851424e-07 8.86474551e+02 3.23594722e+03
7.23282455e-07 6.64195892e+02 3.99369036e+03
7.23713485e-07 3.90739932e+02 6.84313487e+03
7.25006576e-07 8.89009003e+02 5.45266854e+03
7.25437606e-07 8.58274871e+02 4.01412733e+03
7.25868636e-07 9.88077320e+02 3.60499158e+03
7.26299667e-07 7.69664749e+02 3.34056624e+03
7.26730697e-07 7.60134829e+02 3.80392161e+03
7.27161727e-07 6.43295459e+02 6.24261073e+03
7.27592758e-07 5.48347623e+02 8.97737630e+03
7.28023788e-07 4.60145963e+02 7.82285756e+03
7.28454818e-07 5.22234898e+02 6.09393036e+03
7.28885848e-07 8.04032376e+02 4.69216830e+03
7.29316879e-07 3.16759221e+02 3.75384733e+03
7.29747909e-07 1.13101791e+03 4.31425578e+03
7.30178939e-07 1.35985957e+03 4.77773992e+03
7.30609970e-07 1.41652818e+03 4.74996820e+03
7.31041000e-07 9.99666344e+02 5.45609947e+03
7.31903061e-07 7.10574835e+02 7.07861890e+03
7.32334091e-07 8.26745974e+02 4.68302851e+03
7.32765121e-07 3.08433618e+02 5.23944362e+03
7.33196152e-07 8.82244804e+02 5.48845340e+03
7.33627182e-07 3.23349374e+02 6.72924151e+03
7.34058212e-07 5.95323367e+02 9.59017426e+03
7.34489242e-07 1.04465470e+03 7.00926543e+03
7.34920273e-07 1.13491201e+03 4.12003047e+03
7.35351303e-07 1.24333012e+03 4.63788733e+03
7.35782333e-07 1.16752599e+03 5.67926696e+03
7.36213364e-07 5.45321661e+02 5.48943098e+03
7.36644394e-07 4.59618142e+02 6.72773714e+03
7.37075424e-07 1.53803380e+03 7.66465078e+03
7.37506455e-07 1.12243691e+03 4.98636542e+03
7.37937485e-07 8.47068515e+02 3.51938825e+03
7.38368515e-07 1.28370204e+03 3.75225807e+03
7.38799545e-07 1.11227767e+03 4.43269495e+03
7.39230576e-07 1.15547310e+03 5.13210021e+03
7.39661606e-07 1.06072706e+03 5.66327574e+03
7.40092636e-07 1.44773620e+03 6.76799952e+03
7.40523667e-07 1.21312541e+03 5.63157012e+03
7.40954697e-07 1.41989188e+03 3.96276937e+03
7.41385727e-07 1.44827185e+03 3.77694067e+03
7.41816758e-07 1.47996550e+03 3.76724412e+03
7.42247788e-07 1.36436318e+03 3.76131181e+03
7.42678818e-07 1.12550890e+03 4.17894323e+03
7.43109848e-07 1.49105901e+03 4.73276241e+03
7.43540879e-07 1.07466328e+03 8.15032670e+03
7.43971909e-07 1.13176815e+03 8.40677650e+03
7.44402939e-07 1.53936505e+03 6.96121745e+03
7.44833970e-07 1.61754825e+03 3.68644252e+03
7.45265000e-07 1.42553019e+03 3.68409507e+03
7.45696030e-07 1.54799258e+03 3.91671453e+03
7.46127061e-07 9.10028797e+02 4.01364434e+03
7.46558091e-07 7.33482167e+02 4.49010958e+03
7.46989121e-07 1.36284949e+03 5.37754044e+03
7.47420152e-07 1.19192703e+03 5.66984783e+03
7.47851182e-07 1.28638119e+03 5.94050721e+03
7.48282212e-07 1.43473944e+03 5.76607691e+03
7.48713242e-07 1.27233894e+03 4.72385631e+03
7.49144273e-07 1.28585015e+03 4.18318945e+03
7.49575303e-07 1.69033218e+03 4.12453374e+03
7.50006333e-07 1.95733410e+03 4.08317672e+03
7.50437364e-07 1.35215872e+03 3.70057592e+03
7.50868394e-07 1.53410311e+03 3.72167274e+03
7.51299424e-07 1.58517769e+03 4.04017805e+03
7.51730455e-07 1.72216831e+03 5.22758010e+03
7.52161485e-07 1.09961464e+03 7.18581665e+03
7.52592515e-07 1.02791082e+03 7.55020681e+03
7.53023545e-07 8.91708187e+02 5.53190218e+03
7.53454576e-07 1.96524160e+03 4.68483959e+03
7.53885606e-07 1.10856368e+03 3.95635395e+03
7.54316636e-07 1.11854972e+03 3.81187068e+03
7.54747667e-07 1.71074703e+03 3.87049205e+03
7.55178697e-07 1.31289154e+03 3.95157244e+03
7.55609727e-07 1.13013528e+03 4.29236480e+03
7.56040758e-07 1.62876629e+03 4.41121822e+03
7.56471788e-07 1.09033556e+03 4.47850629e+03
7.56902818e-07 1.17743803e+03 6.10207111e+03
7.57333848e-07 2.05806165e+03 6.63996639e+03
7.57764879e-07 1.40015281e+03 4.63268439e+03
7.58195909e-07 6.94164920e+02 3.92323067e+03
7.58626939e-07 1.20049822e+03 4.51094350e+03
7.59057970e-07 1.14796174e+03 3.93699982e+03
7.59489000e-07 1.08638188e+03 3.55914718e+03
7.59920030e-07 9.84850894e+02 3.33855582e+03
7.60351061e-07 5.59222717e+02 2.52694149e+03
7.60782091e-07 7.56888385e+02 2.47292306e+03
7.61213121e-07 5.87299846e+02 2.83261093e+03
7.61644152e-07 8.54603393e+02 3.61080244e+03
7.62075182e-07 1.10102266e+03 3.89221562e+03
7.62506212e-07 7.68015961e+02 3.63436668e+03
7.62937242e-07 6.92665685e+02 3.58053969e+03
7.63368273e-07 4.89705706e+02 3.06971211e+03
7.63799303e-07 1.09018093e+03 3.02586415e+03
7.64230333e-07 6.78956768e+02 2.97467636e+03
7.64661364e-07 1.26785253e+03 3.63493536e+03
7.65092394e-07 1.05297461e+03 3.42526890e+03
7.65523424e-07 1.18527312e+03 3.70415431e+03
7.65954455e-07 1.10304645e+03 4.03083499e+03
7.66385485e-07 1.31810505e+03 4.20272550e+03
7.66816515e-07 1.30158568e+03 3.65188415e+03
7.67247545e-07 1.19955736e+03 3.48620297e+03
7.67678576e-07 1.22223762e+03 3.55552660e+03
7.68109606e-07 1.19164621e+03 3.80803120e+03
7.68540636e-07 1.70396559e+03 4.19506133e+03
7.68971667e-07 9.82920853e+02 3.96797607e+03
7.69402697e-07 9.42534710e+02 4.04232227e+03
7.69833727e-07 1.48642880e+03 4.41301186e+03
7.70264758e-07 1.37424668e+03 4.35152890e+03
7.70695788e-07 1.12756501e+03 6.37099498e+03
7.71126818e-07 8.79864126e+02 1.19128587e+04
7.71557848e-07 7.72062989e+02 1.43249053e+04
7.71988879e-07 6.79338317e+02 1.00884537e+04
7.72419909e-07 8.83491984e+02 6.53830616e+03
7.72850939e-07 1.33277576e+03 5.34134177e+03
7.73281970e-07 1.29812935e+03 4.49249708e+03
7.73713000e-07 1.51343430e+03 4.31031525e+03
7.74144030e-07 1.79574834e+02 4.33935892e+03
7.74575061e-07 1.33534831e+03 8.78223399e+03
7.75006091e-07 1.63399861e+03 1.33818597e+04
7.75437121e-07 3.34558290e+02 1.02884546e+04
7.75868152e-07 1.09482942e+03 7.44968680e+03
7.76299182e-07 1.32340168e+03 6.09420063e+03
7.76730212e-07 4.58046339e+02 4.89918305e+03
7.77161242e-07 8.26466366e+02 6.30814615e+03
7.77592273e-07 8.63940819e+02 6.84830294e+03
7.78023303e-07 7.28870458e+02 6.13980483e+03
7.78454333e-07 1.22633678e+03 5.62190251e+03
7.78885364e-07 6.06402714e+02 7.27607767e+03
7.79316394e-07 1.55822461e+03 1.09903132e+04
7.79747424e-07 4.73269959e+02 8.12234883e+03
7.80178455e-07 8.23126282e+02 5.08661301e+03
7.80609485e-07 7.91913299e+02 6.22640433e+03
7.81040515e-07 8.50233760e+02 6.51126584e+03
7.81471545e-07 1.11390671e+03 6.92832105e+03
7.81902576e-07 1.14135510e+03 1.11032488e+04
7.82333606e-07 6.29034979e+02 1.06771360e+04
7.82764636e-07 3.32666834e+00 5.62235797e+03
7.83195667e-07 9.46547667e+02 4.16910108e+03
7.83626697e-07 1.25786184e+03 5.22798887e+03
7.84057727e-07 1.58226861e+03 6.67595372e+03
7.84488758e-07 1.08684376e+03 6.87814650e+03
7.84919788e-07 9.05902510e+02 1.01335368e+04
7.85350818e-07 1.59008351e+03 1.36872527e+04
7.85781848e-07 5.57277438e+02 1.05928735e+04
7.86212879e-07 1.77932243e+03 8.44500180e+03
7.86643909e-07 1.42713765e+03 8.20053891e+03
7.87074939e-07 1.58815941e+03 8.59470287e+03
7.87505970e-07 6.92493708e+02 7.38786339e+03
7.87937000e-07 9.41339601e+02 7.29996460e+03
7.88368030e-07 5.87555571e+02 7.45471003e+03
7.88799061e-07 1.00316005e+03 8.56421177e+03
7.89230091e-07 7.93876854e+02 7.32733173e+03
7.89661121e-07 1.03501333e+03 4.97484688e+03
7.90092152e-07 1.34267639e+03 4.42299197e+03
7.90523182e-07 1.24713194e+03 5.73634886e+03
7.90954212e-07 8.86993879e+02 1.09788219e+04
7.91385242e-07 1.44463770e+03 1.52162699e+04
7.91816273e-07 5.09121430e+02 1.19169453e+04
7.92678333e-07 1.10697383e+03 7.11777039e+03
7.93109364e-07 1.05104729e+03 6.98866582e+03
7.93540394e-07 9.10526909e+02 5.54349779e+03
7.93971424e-07 1.31391683e+03 4.50600016e+03
7.94402455e-07 1.09448015e+03 5.14007056e+03
7.94833485e-07 1.64626990e+03 6.37922540e+03
7.95264515e-07 1.59663495e+03 5.58382650e+03
7.95695545e-07 1.64498830e+03 5.78031502e+03
7.96126576e-07 1.75597190e+03 9.43747292e+03
7.96557606e-07 1.41858724e+03 1.08108818e+04
