9.72400000e-02
3.58871000e-07 4.48697606e+01 2.57460305e+02
3.59302030e-07 3.87597413e+01 2.69470579e+02
3.59733061e-07 4.18072326e+01 2.54244846e+02
3.61026152e-07 6.54338959e+01 4.00392300e+02
3.61457182e-07 3.22285781e+01 3.81983355e+02
3.61888212e-07 4.55054448e+01 3.49874476e+02
3.62319242e-07 5.33465425e+01 2.44631659e+02
3.62750273e-07 4.98968465e+01 3.15417752e+02
3.63181303e-07 9.51116841e+01 4.62094417e+02
3.63612333e-07 8.84950886e+01 4.33446065e+02
3.64043364e-07 1.04600207e+02 4.53603059e+02
3.64474394e-07 1.01838054e+01 2.82162506e+02
3.64905424e-07 6.44112867e+01 2.96892982e+02
3.65336455e-07 8.56654644e+01 3.49571504e+02
3.65767485e-07 1.71286578e+01 2.77744903e+02
3.66198515e-07 7.86631182e+01 2.86205420e+02
3.66629545e-07 7.70870980e+01 3.54397169e+02
3.67060576e-07 3.48384933e+01 3.16332295e+02
3.67491606e-07 1.17169243e+02 4.59399115e+02
3.67922636e-07 2.34796857e+01 2.92338209e+02
3.68353667e-07 8.09755380e+01 2.87772071e+02
3.68784697e-07 6.41252895e+01 2.84305705e+02
3.69215727e-07 5.81802053e+01 2.58557138e+02
3.69646758e-07 8.97232504e+01 3.62652672e+02
3.70077788e-07 7.43913265e+01 3.74957917e+02
3.70508818e-07 5.78900390e+01 3.43779343e+02
3.70939848e-07 1.42770967e+02 3.91781151e+02
3.71370879e-07 7.65859305e+01 3.16711227e+02
3.71801909e-07 1.19497249e+02 3.82311570e+02
3.72232939e-07 1.24804367e+02 3.62465121e+02
3.72663970e-07 1.32075063e+02 4.14590497e+02
3.73095000e-07 1.26174582e+02 4.11511342e+02
3.73526030e-07 1.21808306e+02 5.22549688e+02
3.73957061e-07 1.00771236e+02 5.02486496e+02
3.74388091e-07 2.98289933e+01 3.31095455e+02
3.74819121e-07 9.82133234e+01 4.00179630e+02
3.75250152e-07 1.07649793e+02 4.50973495e+02
3.75681182e-07 2.98516405e+01 3.49356759e+02
3.76112212e-07 8.07442026e+01 3.33250619e+02
3.76543242e-07 1.54764249e+02 3.91409465e+02
3.76974273e-07 6.17543058e+01 2.96706939e+02
3.77405303e-07 1.27353837e+02 3.81899658e+02
3.77836333e-07 1.44874918e+02 3.83932417e+02
3.78267364e-07 9.29416937e+01 3.56312930e+02
3.78698394e-07 1.12398518e+02 3.51290753e+02
3.79129424e-07 9.96060057e+01 3.44809502e+02
3.79560455e-07 7.65547054e+01 3.47994195e+02
3.79991485e-07 1.03382211e+02 3.66555782e+02
3.80422515e-07 1.53414032e+02 3.94307033e+02
3.80853545e-07 1.10406551e+02 3.49213856e+02
3.81284576e-07 1.15283130e+02 3.82190821e+02
3.81715606e-07 9.98127699e+01 3.71853794e+02
3.82146636e-07 1.06200388e+02 3.80696856e+02
3.82577667e-07 1.20185419e+02 3.64102548e+02
3.83008697e-07 7.97521493e+01 4.21318502e+02
3.83439727e-07 5.93057237e+01 4.45590153e+02
3.83870758e-07 6.20399737e+01 4.40577768e+02
3.84301788e-07 8.29775402e+01 4.04083095e+02
3.84732818e-07 6.99970868e+01 3.57596677e+02
3.85163848e-07 1.43067554e+02 4.06326619e+02
3.85594879e-07 1.22222461e+02 3.69706373e+02
3.86025909e-07 1.09699766e+02 3.62475582e+02
3.86456939e-07 1.12583630e+02 3.69733682e+02
3.86887970e-07 6.29677911e+01 3.39561572e+02
3.87319000e-07 1.55102400e+02 4.04478967e+02
3.87750030e-07 1.81138864e+02 4.14502488e+02
3.88181061e-07 1.43585790e+02 4.01038084e+02
3.88612091e-07 1.32475179e+02 3.98975370e+02
3.89043121e-07 1.82681338e+02 4.11263426e+02
3.89474152e-07 1.54057698e+02 4.18870539e+02
3.89905182e-07 1.93413865e+02 4.69775830e+02
3.90336212e-07 1.42121289e+02 4.72302543e+02
3.90767242e-07 1.80694560e+02 5.05779253e+02
3.91198273e-07 1.76816158e+02 5.53065137e+02
3.91629303e-07 1.34935914e+02 5.10286569e+02
3.92060333e-07 9.19941634e+01 4.19401000e+02
3.92491364e-07 1.57656136e+02 3.78673881e+02
3.92922394e-07 1.34788076e+02 3.65911035e+02
3.93353424e-07 3.31344617e+01 2.98898184e+02
3.93784455e-07 1.09735501e+02 3.67302879e+02
3.94215485e-07 2.21024069e+02 4.75268106e+02
3.94646515e-07 1.64720878e+02 4.62365289e+02
3.95077545e-07 1.56901608e+02 4.56633745e+02
3.95508576e-07 7.06643150e+01 3.89141326e+02
3.95939606e-07 1.09048997e+02 3.86518566e+02
3.96370636e-07 1.35057206e+02 3.86220775e+02
3.96801667e-07 1.04205839e+02 3.70279934e+02
3.97232697e-07 1.14304728e+02 3.96111290e+02
3.97663727e-07 1.82141073e+02 4.46100832e+02
3.98094758e-07 1.42327252e+02 4.41168686e+02
3.98525788e-07 1.66980105e+02 6.91085188e+02
3.98956818e-07 2.03384059e+02 7.34532854e+02
3.99387848e-07 2.02524204e+02 7.31880065e+02
3.99818879e-07 1.97762048e+02 7.72442493e+02
4.00249909e-07 2.29859338e+02 5.05209997e+02
4.00680939e-07 1.58651363e+02 4.96466162e+02
4.01111970e-07 1.00555060e+02 4.89820412e+02
4.01543000e-07 1.53983287e+02 5.10157060e+02
4.01974030e-07 2.05767711e+02 5.30612118e+02
4.02405061e-07 1.18154757e+02 4.65394376e+02
4.02836091e-07 8.43416821e+01 4.63690804e+02
4.03267121e-07 2.08139745e+02 5.23492233e+02
4.03698152e-07 1.28482662e+02 4.93246039e+02
4.04129182e-07 1.12506778e+02 5.16319494e+02
4.04560212e-07 2.10023316e+02 5.68729550e+02
4.04991242e-07 1.56028105e+02 5.59836909e+02
4.05422273e-07 1.76194406e+02 5.41102164e+02
4.05853303e-07 2.05151143e+02 5.55772182e+02
4.06284333e-07 1.50591235e+02 5.83408073e+02
4.06715364e-07 1.73414710e+02 5.80695058e+02
4.07146394e-07 2.50641501e+02 6.05365673e+02
4.07577424e-07 2.39260187e+02 6.00493279e+02
4.08008455e-07 2.87092447e+02 6.31189712e+02
4.08439485e-07 4.11181434e+02 6.75980830e+02
4.08870515e-07 7.82339461e+02 8.56214158e+02
4.09301545e-07 6.63458496e+02 8.06931148e+02
4.09732576e-07 3.48815496e+02 6.23389548e+02
4.10163606e-07 2.64264740e+02 5.74337503e+02
4.10594636e-07 2.17696782e+02 5.61145972e+02
4.11025667e-07 2.41023176e+02 5.66942531e+02
4.11456697e-07 2.17918370e+02 5.81438046e+02
4.11887727e-07 2.62227747e+02 5.97866907e+02
4.12318758e-07 3.26541720e+02 6.55763445e+02
4.12749788e-07 3.65142058e+02 6.78047856e+02
4.13180818e-07 3.25088921e+02 1.78165419e+03
4.13611848e-07 8.19381045e+01 1.58250924e+03
4.14042879e-07 4.58157179e+01 1.60681635e+03
4.14473909e-07 3.52258113e+02 6.63813591e+02
4.14904939e-07 3.48729155e+02 6.82868296e+02
4.15335970e-07 3.65870020e+02 6.98577326e+02
4.15767000e-07 2.52498182e+02 6.50013801e+02
4.16198030e-07 2.51101880e+02 6.87601592e+02
4.16629061e-07 2.97013699e+02 7.27103415e+02
4.17060091e-07 3.40647342e+02 7.53900915e+02
4.17491121e-07 3.27843857e+02 7.41032955e+02
4.17922152e-07 3.35227374e+02 7.33078041e+02
4.18353182e-07 2.81684574e+02 7.15485117e+02
4.18784212e-07 2.61034378e+02 6.93972954e+02
4.19215242e-07 2.85288250e+02 6.89601158e+02
4.19646273e-07 2.13480028e+02 6.46242088e+02
4.20077303e-07 2.94400992e+02 6.80794278e+02
4.20508333e-07 2.21286060e+02 6.40576908e+02
4.20939364e-07 1.93900506e+02 6.55122539e+02
4.21370394e-07 3.19273287e+02 7.10317606e+02
4.21801424e-07 3.00501176e+02 6.89885598e+02
4.22232455e-07 2.94594441e+02 6.90580557e+02
4.22663485e-07 3.19707052e+02 7.10860379e+02
4.23094515e-07 3.68693940e+02 7.22243801e+02
4.23525545e-07 3.14846138e+02 7.03867887e+02
4.23956576e-07 2.87633469e+02 7.13127540e+02
4.24387606e-07 4.02632950e+02 7.76071141e+02
4.24818636e-07 4.24897986e+02 7.77125989e+02
4.25249667e-07 4.52086345e+02 7.84926487e+02
4.25680697e-07 3.66923651e+02 7.51033798e+02
4.26111727e-07 3.16299336e+02 7.63234531e+02
4.26542758e-07 3.62347434e+02 7.98851454e+02
4.26973788e-07 3.91381309e+02 8.25131233e+02
4.27404818e-07 3.24665415e+02 7.95699114e+02
4.27835848e-07 2.74272119e+02 7.77352074e+02
4.28266879e-07 3.66649400e+02 7.75441523e+02
4.28697909e-07 3.74202108e+02 7.69295282e+02
4.29128939e-07 3.66864070e+02 7.60669432e+02
4.29559970e-07 4.72895453e+02 8.18840121e+02
4.29991000e-07 3.14246147e+02 7.24791803e+02
4.30422030e-07 4.28552519e+02 7.93130330e+02
4.30853061e-07 3.64076059e+02 7.87390012e+02
4.31284091e-07 4.24108704e+02 8.61535310e+02
4.31715121e-07 2.28137752e+02 7.72090937e+02
4.32146152e-07 3.51927584e+02 8.18178839e+02
4.32577182e-07 4.80896201e+02 8.84836672e+02
4.33008212e-07 3.69348401e+02 8.30153130e+02
4.33439242e-07 5.41084601e+02 9.00387842e+02
4.33870273e-07 4.77654976e+02 8.49892855e+02
4.34301303e-07 3.70587678e+02 8.35060851e+02
4.34732333e-07 2.82415460e+02 8.12810080e+02
4.35163364e-07 2.57076110e+02 7.75857042e+02
4.35594394e-07 3.27849111e+02 8.33864948e+02
4.36025424e-07 2.65321642e+02 8.10410178e+02
4.36456455e-07 4.77821784e+02 9.20690655e+02
4.36887485e-07 3.40453071e+02 8.71814290e+02
4.37318515e-07 3.80573621e+02 8.92471040e+02
4.37749545e-07 5.81059680e+02 9.30967334e+02
4.38180576e-07 7.28409094e+02 9.74476389e+02
4.38611606e-07 5.95214614e+02 9.66049136e+02
4.39042636e-07 4.47497317e+02 9.13288488e+02
4.39473667e-07 5.24413240e+02 9.50514362e+02
4.39904697e-07 4.25150608e+02 9.51157116e+02
4.40335727e-07 5.15773285e+02 1.00652056e+03
4.40766758e-07 3.99636338e+02 1.00434314e+03
4.41197788e-07 5.84733273e+02 1.12458276e+03
4.41628818e-07 6.77798506e+02 1.13907845e+03
4.42059848e-07 5.61822472e+02 1.08324578e+03
4.42490879e-07 5.19725114e+02 1.04126662e+03
4.42921909e-07 5.85492403e+02 1.05311327e+03
4.43352939e-07 4.10468534e+02 9.79193394e+02
4.43783970e-07 5.48262712e+02 1.02853666e+03
4.44215000e-07 6.07179074e+02 1.06789270e+03
4.44646030e-07 4.17024438e+02 9.69492829e+02
4.45077061e-07 4.82565770e+02 9.82437727e+02
4.45508091e-07 5.09457328e+02 9.80767852e+02
4.45939121e-07 5.12297771e+02 9.65905407e+02
4.46370152e-07 5.07222314e+02 9.87704652e+02
4.46801182e-07 4.12258609e+02 9.52478921e+02
4.47232212e-07 4.62647820e+02 9.75681914e+02
4.47663242e-07 4.71079322e+02 1.02743719e+03
4.48094273e-07 5.25261607e+02 1.03200853e+03
4.48525303e-07 6.50441055e+02 1.07797164e+03
4.48956333e-07 5.51522380e+02 1.05378439e+03
4.49387364e-07 5.36770317e+02 1.04954060e+03
4.49818394e-07 4.60925758e+02 1.00813231e+03
4.50249424e-07 3.73489359e+02 9.62247956e+02
4.50680455e-07 4.82215122e+02 1.06566766e+03
4.51111485e-07 3.75842949e+02 1.04582469e+03
4.51542515e-07 5.46929536e+02 1.09950545e+03
4.51973545e-07 5.45794594e+02 1.09719315e+03
4.52404576e-07 5.68464121e+02 1.13189915e+03
4.52835606e-07 5.18304262e+02 1.16021321e+03
4.53266636e-07 6.07745613e+02 1.19538986e+03
4.53697667e-07 6.39632680e+02 1.20223600e+03
4.54128697e-07 6.46621478e+02 1.18432549e+03
4.54559727e-07 5.54006125e+02 1.17265988e+03
4.54990758e-07 5.67810185e+02 1.17649069e+03
4.55421788e-07 4.54634329e+02 1.11463246e+03
4.55852818e-07 5.07807438e+02 1.15580647e+03
4.56283848e-07 5.38416669e+02 1.14658100e+03
4.56714879e-07 5.72813442e+02 1.15945449e+03
4.57145909e-07 6.44768282e+02 1.21419818e+03
4.57576939e-07 7.16212185e+02 1.22456239e+03
4.58007970e-07 8.16858990e+02 1.28249498e+03
4.58439000e-07 6.72038781e+02 1.24746710e+03
4.58870030e-07 6.27036238e+02 1.22494428e+03
4.59301061e-07 5.64716162e+02 1.20754264e+03
4.59732091e-07 6.98768152e+02 1.21632474e+03
4.60163121e-07 7.22762047e+02 1.23525317e+03
4.60594152e-07 6.70702176e+02 1.21110750e+03
4.61025182e-07 6.25320564e+02 1.22411991e+03
4.61456212e-07 6.16767862e+02 1.22899210e+03
4.61887242e-07 7.59810445e+02 1.28435386e+03
4.62318273e-07 6.91565788e+02 1.26183977e+03
4.62749303e-07 5.62727450e+02 1.22271398e+03
4.63180333e-07 6.46781889e+02 1.21186162e+03
4.63611364e-07 7.27200507e+02 1.24374427e+03
4.64042394e-07 6.05292056e+02 1.27066811e+03
4.64473424e-07 6.20843907e+02 1.26374922e+03
4.64904455e-07 6.81673105e+02 1.27158476e+03
4.65335485e-07 6.79494063e+02 1.31575670e+03
4.65766515e-07 7.21759656e+02 1.38831734e+03
4.66197545e-07 6.79234236e+02 1.35512305e+03
4.66628576e-07 6.40694611e+02 1.30554400e+03
4.67059606e-07 8.30456136e+02 1.43918711e+03
4.67490636e-07 6.55334630e+02 1.34845854e+03
4.67921667e-07 6.48753885e+02 1.33780843e+03
4.68352697e-07 7.93066334e+02 1.38139322e+03
4.68783727e-07 7.47822204e+02 1.36561702e+03
4.69214758e-07 6.68509408e+02 1.35062478e+03
4.69645788e-07 8.24264552e+02 1.38846834e+03
4.70076818e-07 6.52081186e+02 1.35959694e+03
4.70507848e-07 6.75900631e+02 1.34979588e+03
4.70938879e-07 6.58762985e+02 1.34911551e+03
4.71369909e-07 7.87792731e+02 1.44144299e+03
4.71800939e-07 6.97384138e+02 1.38167866e+03
4.72231970e-07 5.40686171e+02 1.33841814e+03
4.72663000e-07 7.73384517e+02 1.40079997e+03
4.73094030e-07 8.73659777e+02 1.46878147e+03
4.73525061e-07 6.41048375e+02 1.36490029e+03
4.73956091e-07 5.35724846e+02 1.32961424e+03
4.74387121e-07 6.52973819e+02 1.36529343e+03
4.74818152e-07 6.63700253e+02 1.36886897e+03
4.75249182e-07 6.28588840e+02 1.36315309e+03
4.75680212e-07 6.46913943e+02 1.36220000e+03
4.76111242e-07 8.43536537e+02 1.43924269e+03
4.76542273e-07 7.11592309e+02 1.39536842e+03
4.76973303e-07 8.08949159e+02 1.44041263e+03
4.77404333e-07 7.36836675e+02 1.44206878e+03
4.77835364e-07 7.43466307e+02 1.46803349e+03
4.78266394e-07 7.53466815e+02 1.44387062e+03
4.78697424e-07 7.89173503e+02 1.46864585e+03
4.79128455e-07 8.58994636e+02 1.52986566e+03
4.79559485e-07 6.91324632e+02 1.42506045e+03
4.79990515e-07 6.60196096e+02 1.41945660e+03
4.80421545e-07 6.44007523e+02 1.41742780e+03
4.80852576e-07 8.19946245e+02 1.49214943e+03
4.81283606e-07 7.28965726e+02 1.48181257e+03
4.81714636e-07 6.63582948e+02 1.54558534e+03
4.82145667e-07 9.51187530e+02 1.67860628e+03
4.82576697e-07 9.55283667e+02 1.64882234e+03
4.83007727e-07 6.25146372e+02 1.56498833e+03
4.83438758e-07 7.91136588e+02 1.62139736e+03
4.83869788e-07 8.36179448e+02 1.63754712e+03
4.84300818e-07 7.21386488e+02 1.53857616e+03
4.84731848e-07 9.83141908e+02 1.63806797e+03
4.85162879e-07 7.58292415e+02 1.55208300e+03
4.85593909e-07 8.98502774e+02 1.55110907e+03
4.86024939e-07 8.89070739e+02 1.54094503e+03
4.86455970e-07 1.07305576e+03 1.63862477e+03
4.86887000e-07 9.70735653e+02 1.57485358e+03
4.87318030e-07 8.09658906e+02 1.49467910e+03
4.87749061e-07 8.53815665e+02 1.58086444e+03
4.88180091e-07 7.70076312e+02 1.53550327e+03
4.88611121e-07 7.95731844e+02 1.59466324e+03
4.89042152e-07 8.54014713e+02 1.61090201e+03
4.89473182e-07 8.96235499e+02 1.57611206e+03
4.89904212e-07 9.50034058e+02 1.67815338e+03
4.90335242e-07 8.82055122e+02 1.64538405e+03
4.90766273e-07 7.49121799e+02 1.60198587e+03
4.91197303e-07 8.36377304e+02 1.62524296e+03
4.91628333e-07 9.03441391e+02 1.59157550e+03
4.92059364e-07 7.75207366e+02 1.58100121e+03
4.92490394e-07 7.59471731e+02 1.60138702e+03
4.92921424e-07 8.50465731e+02 1.61889211e+03
4.93352455e-07 8.77499077e+02 1.62673693e+03
4.93783485e-07 8.29052784e+02 1.58752627e+03
4.94214515e-07 9.07903638e+02 1.67274378e+03
4.94645545e-07 1.00753819e+03 1.69922004e+03
4.95076576e-07 1.12656143e+03 1.82076878e+03
4.95507606e-07 8.24385073e+02 1.68049202e+03
4.95938636e-07 7.01526939e+02 1.62731943e+03
4.96369667e-07 8.45139667e+02 1.69726612e+03
4.96800697e-07 9.29573982e+02 1.73650186e+03
4.97231727e-07 9.99545982e+02 1.75677666e+03
4.97662758e-07 1.00438056e+03 1.75934392e+03
4.98093788e-07 8.21220977e+02 1.68543539e+03
4.98524818e-07 7.30169903e+02 1.67387231e+03
4.98955848e-07 9.87937306e+02 1.75425522e+03
4.99386879e-07 8.73377485e+02 1.72342515e+03
4.99817909e-07 9.06247914e+02 1.79786009e+03
5.00248939e-07 1.01114875e+03 1.78179954e+03
5.00679970e-07 9.90070085e+02 1.77530230e+03
5.01111000e-07 8.58914436e+02 1.73026519e+03
5.01542030e-07 9.98176581e+02 1.81308391e+03
5.01973061e-07 1.02003592e+03 1.80453078e+03
5.02404091e-07 1.00310579e+03 1.81283792e+03
5.02835121e-07 8.02460282e+02 1.70143520e+03
5.03266152e-07 8.98933676e+02 1.79831965e+03
5.03697182e-07 9.94973142e+02 1.84507090e+03
5.04128212e-07 1.03955586e+03 1.75844982e+03
5.04559242e-07 9.02798187e+02 1.73532673e+03
5.04990273e-07 1.00247205e+03 1.80539221e+03
5.05421303e-07 1.07878532e+03 1.87427851e+03
5.05852333e-07 9.27887234e+02 1.80105979e+03
5.06283364e-07 1.07004312e+03 1.84734657e+03
5.06714394e-07 1.01130792e+03 1.83553917e+03
5.07145424e-07 1.04333165e+03 1.86983679e+03
5.07576455e-07 1.11696742e+03 1.87569263e+03
5.08007485e-07 1.10264404e+03 1.82062424e+03
5.08438515e-07 1.00236860e+03 1.84410269e+03
5.08869545e-07 1.21247936e+03 1.94654779e+03
5.09300576e-07 1.15807039e+03 1.88916507e+03
5.09731606e-07 1.14215725e+03 1.89125928e+03
5.10162636e-07 1.02170158e+03 1.85983473e+03
5.10593667e-07 1.08676226e+03 1.87558071e+03
5.11024697e-07 9.62056812e+02 1.85286491e+03
5.11455727e-07 1.23864436e+03 2.00427531e+03
5.11886758e-07 1.16048942e+03 1.94017481e+03
5.12317788e-07 8.91268755e+02 1.81929256e+03
5.12748818e-07 8.80742260e+02 1.85032221e+03
5.13179848e-07 1.17709602e+03 1.97235537e+03
5.13610879e-07 1.36703966e+03 2.13314345e+03
5.14041909e-07 8.96737738e+02 1.93527430e+03
5.14472939e-07 1.04269861e+03 1.95169941e+03
5.14903970e-07 1.35721360e+03 2.08825140e+03
5.15335000e-07 1.27603351e+03 2.05555558e+03
5.15766030e-07 1.18558301e+03 2.03705920e+03
5.16197061e-07 1.18145678e+03 1.98713218e+03
5.16628091e-07 1.19127905e+03 1.96833538e+03
5.17059121e-07 1.26477128e+03 1.97767274e+03
5.17490152e-07 1.02720950e+03 1.88794926e+03
5.17921182e-07 1.14926637e+03 1.93625277e+03
5.18352212e-07 1.15791425e+03 1.92380327e+03
5.18783242e-07 1.24844849e+03 2.04403841e+03
5.19214273e-07 1.19243102e+03 2.13281093e+03
5.19645303e-07 1.21103342e+03 2.44434502e+03
5.20076333e-07 1.22635099e+03 2.52128236e+03
5.20507364e-07 1.32028412e+03 2.25489600e+03
5.20938394e-07 1.15504603e+03 2.00871318e+03
5.21369424e-07 1.22228203e+03 2.05506351e+03
5.21800455e-07 1.00417346e+03 2.01705552e+03
5.22231485e-07 1.05049480e+03 2.04001152e+03
5.22662515e-07 1.20573859e+03 2.11303332e+03
5.23093545e-07 1.18324855e+03 2.03465509e+03
5.23524576e-07 1.08555606e+03 2.00839211e+03
5.23955606e-07 1.14302965e+03 2.07000794e+03
5.24386636e-07 1.40364754e+03 2.19468576e+03
5.24817667e-07 1.22801661e+03 2.08175355e+03
5.25248697e-07 1.03626650e+03 2.03756803e+03
5.25679727e-07 1.44430215e+03 2.21962210e+03
5.26110758e-07 1.46454344e+03 2.14808547e+03
5.26541788e-07 1.14300835e+03 1.98418241e+03
5.26972818e-07 1.04992493e+03 1.95096842e+03
5.27403848e-07 1.28834514e+03 2.04752495e+03
5.27834879e-07 1.34297386e+03 2.14527525e+03
5.28265909e-07 1.41590164e+03 2.15552092e+03
5.28696939e-07 1.08221459e+03 2.01858486e+03
5.29127970e-07 1.34873132e+03 2.16120361e+03
5.29559000e-07 1.12050962e+03 2.05716299e+03
5.29990030e-07 1.10559740e+03 2.08099969e+03
5.30421061e-07 1.11668465e+03 2.09917063e+03
5.30852091e-07 1.16928197e+03 2.11389980e+03
5.31283121e-07 8.40804387e+02 1.95891636e+03
5.31714152e-07 1.13187535e+03 2.09823166e+03
5.32145182e-07 9.41835026e+02 2.03073669e+03
5.32576212e-07 1.13347181e+03 2.10121969e+03
5.33007242e-07 1.36098741e+03 2.25518014e+03
5.33438273e-07 1.78855201e+03 2.38813728e+03
5.33869303e-07 1.39726056e+03 2.20038795e+03
5.34300333e-07 1.03256331e+03 2.04957312e+03
5.34731364e-07 9.08863410e+02 1.95606410e+03
5.35162394e-07 1.32221604e+03 2.15770651e+03
5.35593424e-07 1.35327195e+03 2.17060368e+03
5.36024455e-07 1.23569407e+03 2.13145273e+03
5.36455485e-07 1.43067012e+03 2.18926595e+03
5.36886515e-07 1.36006235e+03 2.19955704e+03
5.37317545e-07 1.26947073e+03 2.17992591e+03
5.37748576e-07 1.13148425e+03 2.16536684e+03
5.38179606e-07 1.21235343e+03 2.14540916e+03
5.38610636e-07 1.19342461e+03 2.10416767e+03
5.39041667e-07 1.26915093e+03 2.12317646e+03
5.39472697e-07 1.14782706e+03 2.08257023e+03
5.39903727e-07 1.28569088e+03 2.12292238e+03
5.40334758e-07 1.30405349e+03 2.14865468e+03
5.40765788e-07 1.29556503e+03 2.16816186e+03
5.41196818e-07 1.39235425e+03 2.20844781e+03
5.41627848e-07 1.45621204e+03 2.21305714e+03
5.42058879e-07 1.20283697e+03 2.14225053e+03
5.42489909e-07 1.25292481e+03 2.17936517e+03
5.42920939e-07 1.40378505e+03 2.22142235e+03
5.43351970e-07 1.46331492e+03 2.28281591e+03
5.43783000e-07 1.43383148e+03 2.32177899e+03
5.44214030e-07 1.41896750e+03 2.28229277e+03
5.44645061e-07 1.71828163e+03 2.39291999e+03
5.45076091e-07 1.28932045e+03 2.20202507e+03
5.45507121e-07 1.14028861e+03 2.19568724e+03
5.45938152e-07 1.34522567e+03 2.29970659e+03
5.46369182e-07 1.25328046e+03 2.29512101e+03
5.46800212e-07 1.15925196e+03 2.22422173e+03
5.47231242e-07 1.17277606e+03 2.23444511e+03
5.47662273e-07 1.37153901e+03 2.23308089e+03
5.48093303e-07 1.42958519e+03 2.25905734e+03
5.48524333e-07 1.43898101e+03 2.29727994e+03
5.48955364e-07 2.21298119e+03 2.62498234e+03
5.49386394e-07 2.68956486e+03 2.87470220e+03
5.49817424e-07 1.85045910e+03 2.49239454e+03
5.50248455e-07 1.51436638e+03 2.37927629e+03
5.50679485e-07 1.27303692e+03 2.30019362e+03
5.51110515e-07 1.34359043e+03 2.32811062e+03
5.51541545e-07 1.57859690e+03 2.43670615e+03
5.51972576e-07 1.36062214e+03 2.37371031e+03
5.52403606e-07 1.61418593e+03 2.43991967e+03
5.52834636e-07 1.52724290e+03 2.33575452e+03
5.53265667e-07 1.51573154e+03 2.34380458e+03
5.53696697e-07 1.44908528e+03 2.41081718e+03
5.54127727e-07 1.43045180e+03 2.45538955e+03
5.54558758e-07 1.44024331e+03 2.46042770e+03
5.54989788e-07 1.53687348e+03 2.48421227e+03
5.55420818e-07 1.35901248e+03 2.35530944e+03
5.55851848e-07 1.60110196e+03 2.53413493e+03
5.56282879e-07 1.26536506e+03 2.41927686e+03
5.56713909e-07 9.19387919e+02 2.84342582e+03
5.57575970e-07 2.10963983e+03 6.33363928e+04
5.58007000e-07 1.40833948e+03 5.70528588e+04
5.58438030e-07 7.60716438e+02 6.42723951e+03
5.58869061e-07 1.57629031e+03 2.49800551e+03
5.59300091e-07 1.65142858e+03 2.55261572e+03
5.59731121e-07 1.40322043e+03 2.43794493e+03
5.60162152e-07 1.18675996e+03 2.40099050e+03
5.60593182e-07 1.46965461e+03 2.56102550e+03
5.61024212e-07 1.25505471e+03 2.43770684e+03
5.61455242e-07 1.50222454e+03 2.44981823e+03
5.61886273e-07 1.44942100e+03 2.47999311e+03
5.62317303e-07 1.51488896e+03 2.48077973e+03
5.62748333e-07 1.51941253e+03 2.45042235e+03
5.63179364e-07 1.60922837e+03 2.47255479e+03
5.63610394e-07 1.21072016e+03 2.35138081e+03
5.64041424e-07 1.41969299e+03 2.43803905e+03
5.64472455e-07 1.54627142e+03 2.46857841e+03
5.64903485e-07 1.37944607e+03 2.37209164e+03
5.65334515e-07 1.06001699e+03 2.20308970e+03
5.65765545e-07 1.56861433e+03 2.37409180e+03
5.66196576e-07 1.53006558e+03 2.45977569e+03
5.66627606e-07 1.29472530e+03 2.37673174e+03
5.67058636e-07 1.38592696e+03 2.39995659e+03
5.67489667e-07 1.40308237e+03 2.41152703e+03
5.67920697e-07 1.30363381e+03 2.33469456e+03
5.68351727e-07 1.38682736e+03 2.37787266e+03
5.68782758e-07 1.43149734e+03 2.36495702e+03
5.69213788e-07 1.39466425e+03 2.41412103e+03
5.69644818e-07 1.46971983e+03 2.47369937e+03
5.70075848e-07 1.43281350e+03 2.45381284e+03
5.70506879e-07 1.82295911e+03 2.60927111e+03
5.70937909e-07 1.43834487e+03 2.38974986e+03
5.71368939e-07 1.39538594e+03 2.41693858e+03
5.71799970e-07 1.45383846e+03 2.44931918e+03
5.72231000e-07 1.35185376e+03 2.42721315e+03
5.72662030e-07 1.18627043e+03 2.27879336e+03
5.73093061e-07 1.35390503e+03 2.37246517e+03
5.73524091e-07 1.25168362e+03 2.33048816e+03
5.73955121e-07 1.78655377e+03 2.58364530e+03
5.74386152e-07 1.63851084e+03 2.52521500e+03
5.74817182e-07 1.61074254e+03 2.49620185e+03
5.75248212e-07 1.31246928e+03 2.36767705e+03
5.75679242e-07 1.23865463e+03 2.31590161e+03
5.76110273e-07 1.24204039e+03 2.36297419e+03
5.76541303e-07 1.38675482e+03 2.47254039e+03
5.76972333e-07 1.62787529e+03 2.45734857e+03
5.77403364e-07 1.53397893e+03 2.44563323e+03
5.77834394e-07 1.32791389e+03 2.40941301e+03
5.78265424e-07 1.38922081e+03 2.41795756e+03
5.78696455e-07 1.84058133e+03 2.58400425e+03
5.79127485e-07 1.85915164e+03 2.59744933e+03
5.79558515e-07 1.56182743e+03 2.47501681e+03
5.79989545e-07 1.65194577e+03 2.52755635e+03
5.80420576e-07 1.59822387e+03 2.50947101e+03
5.80851606e-07 1.75401876e+03 2.53451371e+03
5.81282636e-07 1.54222185e+03 2.49249896e+03
5.81713667e-07 1.60285477e+03 7.28190860e+03
5.82144697e-07 1.88212121e+03 7.64450407e+03
5.82575727e-07 1.87741139e+03 7.49534185e+03
5.83006758e-07 1.52670417e+03 7.11758947e+03
5.83437788e-07 1.82254349e+03 2.67398429e+03
5.83868818e-07 1.58419545e+03 2.53663738e+03
5.84299848e-07 1.76349798e+03 2.64023574e+03
5.84730879e-07 1.52474302e+03 2.50379225e+03
5.85161909e-07 1.64702404e+03 2.52612293e+03
5.85592939e-07 1.60096670e+03 2.52987248e+03
5.86023970e-07 1.40091529e+03 2.62965845e+03
5.86455000e-07 1.59357503e+03 2.89411273e+03
5.86886030e-07 1.59922383e+03 2.87499726e+03
5.87317061e-07 1.51582054e+03 2.70489598e+03
5.87748091e-07 1.69112158e+03 2.69836268e+03
5.88179121e-07 1.83592120e+03 2.80653745e+03
5.88610152e-07 1.28097792e+03 3.31322141e+03
5.89041182e-07 1.65413473e+03 3.95785856e+03
5.89472212e-07 1.77145670e+03 3.68174958e+03
5.89903242e-07 1.59924384e+03 3.02368094e+03
5.90334273e-07 1.61155865e+03 2.70761681e+03
5.90765303e-07 1.86190217e+03 2.78170396e+03
5.91196333e-07 1.73137711e+03 2.87011398e+03
5.91627364e-07 1.85237633e+03 2.98636658e+03
5.92058394e-07 1.56557528e+03 2.73590860e+03
5.92489424e-07 1.50611339e+03 2.67338964e+03
5.92920455e-07 1.51288774e+03 2.74064960e+03
5.93351485e-07 1.55629575e+03 2.85905987e+03
5.93782515e-07 1.61248604e+03 2.70349040e+03
5.94213545e-07 1.67888829e+03 2.64934827e+03
5.94644576e-07 2.06877576e+03 2.87728785e+03
5.95075606e-07 1.46122706e+03 2.80598007e+03
5.95506636e-07 1.56195549e+03 2.87596817e+03
5.95937667e-07 1.81355341e+03 2.78328148e+03
5.96368697e-07 1.69307330e+03 2.68907221e+03
5.96799727e-07 1.95710683e+03 2.84959337e+03
5.97230758e-07 1.87082919e+03 2.82289371e+03
5.97661788e-07 1.57462716e+03 2.76647474e+03
5.98092818e-07 1.69446621e+03 2.68611433e+03
5.98523848e-07 1.61463228e+03 2.58168343e+03
5.98954879e-07 1.86352989e+03 2.72359635e+03
5.99385909e-07 1.86955586e+03 2.78001890e+03
5.99816939e-07 1.73053442e+03 2.74752752e+03
6.00247970e-07 1.62277128e+03 2.71052713e+03
6.00679000e-07 1.57957282e+03 2.65284077e+03
6.01110030e-07 1.51821118e+03 2.62940599e+03
6.01541061e-07 1.69621162e+03 2.66669046e+03
6.01972091e-07 1.66076609e+03 2.63001714e+03
6.02403121e-07 1.84958314e+03 2.72919579e+03
6.02834152e-07 1.90538129e+03 2.75814241e+03
6.03265182e-07 1.80631748e+03 2.81432651e+03
6.03696212e-07 1.56875651e+03 2.70049088e+03
6.04127242e-07 1.70789191e+03 2.74604838e+03
6.04558273e-07 1.71132386e+03 2.65446343e+03
6.04989303e-07 1.22229118e+03 2.46942978e+03
6.05420333e-07 1.45819018e+03 2.59379324e+03
6.05851364e-07 1.82104898e+03 2.74954064e+03
6.06282394e-07 1.75699467e+03 2.72299144e+03
6.06713424e-07 1.86001016e+03 2.79662029e+03
6.07144455e-07 1.60676514e+03 2.72730469e+03
6.07575485e-07 1.69369782e+03 2.69732262e+03
6.08006515e-07 1.63141408e+03 2.64593344e+03
6.08437545e-07 1.71677191e+03 2.74803079e+03
6.08868576e-07 2.16188416e+03 2.86574993e+03
6.09299606e-07 1.89664040e+03 2.77887820e+03
6.09730636e-07 1.85734450e+03 2.78190607e+03
6.10161667e-07 1.86121173e+03 2.78473609e+03
6.10592697e-07 1.44291820e+03 2.66266172e+03
6.11023727e-07 1.52387177e+03 2.59870932e+03
6.11454758e-07 2.01005891e+03 2.79052794e+03
6.11885788e-07 1.94489116e+03 2.81988868e+03
6.12316818e-07 1.77657048e+03 2.75723625e+03
6.12747848e-07 1.82861462e+03 2.76703642e+03
6.13178879e-07 1.86210420e+03 2.81276770e+03
6.13609909e-07 1.84087759e+03 2.84651103e+03
6.14040939e-07 1.54938302e+03 2.81174079e+03
6.14471970e-07 1.28588270e+03 2.68856486e+03
6.14903000e-07 1.83168776e+03 4.30924493e+03
6.15334030e-07 1.84076266e+03 4.29645094e+03
6.15765061e-07 1.66198355e+03 4.29334058e+03
6.16196091e-07 1.69576873e+03 4.22438093e+03
6.16627121e-07 1.63111413e+03 4.19836195e+03
6.17058152e-07 1.68969250e+03 2.86414718e+03
6.17489182e-07 2.01829915e+03 2.97828635e+03
6.17920212e-07 2.19265513e+03 2.95690989e+03
6.18351242e-07 1.79488253e+03 2.76711817e+03
6.18782273e-07 1.81043873e+03 2.77530864e+03
6.19213303e-07 1.92386976e+03 2.82832441e+03
6.19644333e-07 1.85139107e+03 2.84638293e+03
6.20075364e-07 1.71459171e+03 2.80499425e+03
6.20506394e-07 1.76787134e+03 2.82693346e+03
6.20937424e-07 2.10116910e+03 2.93808703e+03
6.21368455e-07 1.83216593e+03 2.84540946e+03
6.21799485e-07 1.61168201e+03 2.80397556e+03
6.22230515e-07 1.67185843e+03 2.88034444e+03
6.22661545e-07 1.85887801e+03 2.91763484e+03
6.23092576e-07 1.67144579e+03 3.10224438e+03
6.23523606e-07 1.34040193e+03 3.49604766e+03
6.23954636e-07 1.99657968e+03 3.60133662e+03
6.24385667e-07 2.28622307e+03 3.26319189e+03
6.24816697e-07 1.84864617e+03 2.89536481e+03
6.25247727e-07 1.88006597e+03 3.06835239e+03
6.25678758e-07 1.89586245e+03 3.51872696e+03
6.26109788e-07 1.89947600e+03 3.45425260e+03
6.26540818e-07 2.06409335e+03 3.23727231e+03
6.26971848e-07 2.15447729e+03 3.04267935e+03
6.27402879e-07 2.09176642e+03 2.98311959e+03
6.27833909e-07 2.14034677e+03 3.00482169e+03
6.28264939e-07 2.00447904e+03 3.11176548e+03
6.28695970e-07 1.66571752e+03 3.28295590e+03
6.29127000e-07 1.86301625e+03 4.00303145e+03
6.29558030e-07 1.02290001e+03 1.13041940e+04
6.29989061e-07 1.24653810e+03 2.04152062e+04
6.30420091e-07 3.68522665e+03 1.39751045e+04
6.30851121e-07 2.49405973e+03 4.61562446e+03
6.31282152e-07 1.78131947e+03 2.88898952e+03
6.31713182e-07 2.00967680e+03 2.99699567e+03
6.32144212e-07 1.96397877e+03 3.13366338e+03
6.32575242e-07 1.85412882e+03 3.27488725e+03
6.33006273e-07 1.86930214e+03 3.38225470e+03
6.33437303e-07 1.86142785e+03 3.04228966e+03
6.33868333e-07 1.89991839e+03 2.85248921e+03
6.34299364e-07 2.01768107e+03 2.96265138e+03
6.34730394e-07 1.99148093e+03 2.97374187e+03
6.35161424e-07 1.82703545e+03 3.07387512e+03
6.35592455e-07 2.04418118e+03 3.88838300e+03
6.36023485e-07 1.57558268e+03 7.23848567e+03
6.36454515e-07 2.44894937e+03 9.08336375e+03
6.36885545e-07 2.59160003e+03 5.37740521e+03
6.37316576e-07 2.28061883e+03 3.14857604e+03
6.37747606e-07 2.26326023e+03 3.12498242e+03
6.38178636e-07 2.18308263e+03 3.14881320e+03
6.38609667e-07 2.19309241e+03 3.22896145e+03
6.39040697e-07 2.20304287e+03 3.03456118e+03
6.39471727e-07 1.89166306e+03 2.84373335e+03
6.39902758e-07 1.83622771e+03 2.92115815e+03
6.40333788e-07 1.82841800e+03 2.84642133e+03
6.40764818e-07 1.90406727e+03 2.85155359e+03
6.41195848e-07 2.05309811e+03 2.96323042e+03
6.41626879e-07 2.36618647e+03 3.12399054e+03
6.42057909e-07 2.13065323e+03 3.05765780e+03
6.42488939e-07 2.41680512e+03 3.14089961e+03
6.42919970e-07 2.06222628e+03 2.97644104e+03
6.43351000e-07 2.03510410e+03 2.90282363e+03
6.43782030e-07 2.42489111e+03 3.05075091e+03
6.44213061e-07 2.23592441e+03 2.97020088e+03
6.44644091e-07 2.61430115e+03 3.21455104e+03
6.45075121e-07 2.55913177e+03 3.26856769e+03
6.45506152e-07 1.91171339e+03 3.01415727e+03
6.45937182e-07 2.01219317e+03 3.14172417e+03
6.46368212e-07 1.77134779e+03 3.37697241e+03
6.46799242e-07 1.92226770e+03 3.56531863e+03
6.47230273e-07 2.07177615e+03 3.43587007e+03
6.47661303e-07 1.91475197e+03 3.08675416e+03
6.48092333e-07 1.92529393e+03 2.97711240e+03
6.48523364e-07 1.86947927e+03 2.89009554e+03
6.48954394e-07 2.08142196e+03 3.01205971e+03
6.49385424e-07 2.34787367e+03 3.44458737e+03
6.49816455e-07 1.69996874e+03 3.71600706e+03
6.50247485e-07 2.35583640e+03 3.84403048e+03
6.50678515e-07 2.22465890e+03 3.38308586e+03
6.51109545e-07 2.37207472e+03 3.20428859e+03
6.51540576e-07 2.34830521e+03 3.15976404e+03
6.51971606e-07 2.10113320e+03 3.21016522e+03
6.52402636e-07 2.18172828e+03 3.28155333e+03
6.52833667e-07 1.94584276e+03 3.34857690e+03
6.53264697e-07 2.56889576e+03 3.76426536e+03
6.53695727e-07 2.11675081e+03 3.49577085e+03
6.54126758e-07 1.97047641e+03 3.36958387e+03
6.54557788e-07 2.28303274e+03 3.49524101e+03
6.54988818e-07 1.93524150e+03 3.52110713e+03
6.55419848e-07 2.22777777e+03 3.89882080e+03
6.55850879e-07 1.88948821e+03 3.93008038e+03
6.56281909e-07 2.12065610e+03 4.26391831e+03
6.56712939e-07 2.16995622e+03 3.78634288e+03
6.57143970e-07 2.22632745e+03 3.50303412e+03
6.57575000e-07 2.12935409e+03 3.68424340e+03
6.58006030e-07 2.05243294e+03 3.53803706e+03
6.58437061e-07 1.94629621e+03 3.18709778e+03
6.58868091e-07 1.93930543e+03 3.06132764e+03
6.59299121e-07 2.06508655e+03 3.19277198e+03
6.59730152e-07 2.17551782e+03 3.33742203e+03
6.60161182e-07 1.50183465e+03 3.20997703e+03
6.60592212e-07 2.11217419e+03 3.39134421e+03
6.61023242e-07 2.48353678e+03 3.31391686e+03
6.61454273e-07 2.32718900e+03 3.11852906e+03
6.61885303e-07 2.30634391e+03 3.14353114e+03
6.62316333e-07 2.24919190e+03 3.20336319e+03
6.62747364e-07 1.99089396e+03 3.07334540e+03
6.63178394e-07 2.21561301e+03 3.27635787e+03
6.63609424e-07 2.08099341e+03 3.19245666e+03
6.64040455e-07 2.13345718e+03 3.14140952e+03
6.64471485e-07 1.91489481e+03 3.02703695e+03
6.64902515e-07 2.42777961e+03 3.27837491e+03
6.65333545e-07 2.52581474e+03 3.25152257e+03
6.65764576e-07 2.48245835e+03 3.25538247e+03
6.66195606e-07 2.21400272e+03 3.20032598e+03
6.66626636e-07 2.45128324e+03 3.35855863e+03
6.67057667e-07 2.42899666e+03 3.22609126e+03
6.67488697e-07 2.31039519e+03 3.19973327e+03
6.67919727e-07 2.02950679e+03 3.03797147e+03
6.68350758e-07 2.37152656e+03 3.23517886e+03
6.68781788e-07 1.80983504e+03 2.92015833e+03
6.69212818e-07 1.92945940e+03 3.00950083e+03
6.69643848e-07 2.33453481e+03 3.22583733e+03
6.70074879e-07 2.17256693e+03 3.16999066e+03
6.70505909e-07 1.97477981e+03 3.04255702e+03
6.70936939e-07 2.39777989e+03 3.21025551e+03
6.71367970e-07 2.24297172e+03 3.22027848e+03
6.71799000e-07 2.15967156e+03 3.16588958e+03
6.72230030e-07 2.19208960e+03 3.11082467e+03
6.72661061e-07 2.25989650e+03 3.17943384e+03
6.73092091e-07 2.06023282e+03 3.13815197e+03
6.73523121e-07 1.94879437e+03 3.01758684e+03
6.73954152e-07 1.86681948e+03 3.05309922e+03
6.74385182e-07 2.24194124e+03 3.13283200e+03
6.74816212e-07 2.15164321e+03 3.14631664e+03
6.75247242e-07 2.09686149e+03 3.14074883e+03
6.75678273e-07 1.70468307e+03 2.94244342e+03
6.76109303e-07 1.99092351e+03 2.97731768e+03
6.76540333e-07 2.31291171e+03 3.18356573e+03
6.76971364e-07 2.27300722e+03 3.10091772e+03
6.77402394e-07 2.28352110e+03 3.08875409e+03
6.77833424e-07 2.00231730e+03 3.01008116e+03
6.78264455e-07 2.50459198e+03 3.22432098e+03
6.78695485e-07 2.12734221e+03 3.10498888e+03
6.79126515e-07 2.26373983e+03 3.21998981e+03
6.79557545e-07 2.03772022e+03 3.08987979e+03
6.79988576e-07 2.08966766e+03 3.01805555e+03
6.80419606e-07 2.19686219e+03 3.10900880e+03
6.80850636e-07 1.98520433e+03 2.97447472e+03
6.81281667e-07 1.88467840e+03 3.02805083e+03
6.81712697e-07 1.74981230e+03 2.91062084e+03
6.82143727e-07 1.89615027e+03 3.24800330e+03
6.82574758e-07 2.01858738e+03 4.26587050e+03
6.83005788e-07 2.26528703e+03 5.13037309e+03
6.83436818e-07 1.90122234e+03 4.68127828e+03
6.83867848e-07 2.69874809e+03 4.17213988e+03
6.84298879e-07 2.25976425e+03 3.56243411e+03
6.84729909e-07 2.22816799e+03 3.21926577e+03
6.85160939e-07 2.27528928e+03 3.18050959e+03
6.85591970e-07 2.00758150e+03 3.37257057e+03
6.86023000e-07 1.86239818e+03 4.50429408e+03
6.86454030e-07 2.05360999e+03 5.04796423e+03
6.86885061e-07 1.52833935e+03 3.55651268e+03
6.87316091e-07 1.54761637e+03 2.65589671e+03
6.87747121e-07 1.47425515e+03 2.78710923e+03
6.88178152e-07 1.77143120e+03 3.22715917e+03
6.88609182e-07 2.19898348e+03 3.38445760e+03
6.89040212e-07 1.93436639e+03 3.28052396e+03
6.89471242e-07 1.58432771e+03 3.00243190e+03
6.89902273e-07 1.98408940e+03 3.30079267e+03
6.90333303e-07 2.08218947e+03 3.27839989e+03
6.90764333e-07 2.03068635e+03 3.29344690e+03
6.91195364e-07 2.30984585e+03 3.67849048e+03
6.91626394e-07 2.20878452e+03 3.59291012e+03
6.92057424e-07 2.08921431e+03 3.95236456e+03
6.92488455e-07 2.26309378e+03 4.08510261e+03
6.92919485e-07 1.94027710e+03 3.25187964e+03
6.93350515e-07 1.93660603e+03 3.09052795e+03
6.93781545e-07 2.07836471e+03 3.56340042e+03
6.94212576e-07 2.33027492e+03 3.80131293e+03
6.94643606e-07 2.19210526e+03 4.20882079e+03
6.95074636e-07 2.18526338e+03 4.26182327e+03
6.95505667e-07 1.90129541e+03 3.36478079e+03
6.95936697e-07 2.17728994e+03 3.23075581e+03
6.96367727e-07 2.25669728e+03 3.34477029e+03
6.96798758e-07 1.77049188e+03 3.41984117e+03
6.97229788e-07 1.92411216e+03 3.60835914e+03
6.97660818e-07 1.63633995e+03 3.70400148e+03
6.98091848e-07 2.29842827e+03 3.83537315e+03
6.98522879e-07 2.28164488e+03 3.34087469e+03
6.98953909e-07 1.97799438e+03 3.09636662e+03
6.99384939e-07 1.95428585e+03 3.06049367e+03
6.99815970e-07 1.61626298e+03 2.98134866e+03
7.00247000e-07 1.85955103e+03 3.20815055e+03
7.00678030e-07 1.75608372e+03 3.27744635e+03
7.01109061e-07 2.06563364e+03 3.35378940e+03
7.01540091e-07 1.60783504e+03 3.01680433e+03
7.01971121e-07 1.75617810e+03 2.88140678e+03
7.02402152e-07 2.15150877e+03 3.03018590e+03
7.02833182e-07 1.82615764e+03 2.99152090e+03
7.03264212e-07 1.99441869e+03 3.02641222e+03
7.03695242e-07 1.79431829e+03 2.95638282e+03
7.04126273e-07 1.83228592e+03 3.28185956e+03
7.04557303e-07 1.99775558e+03 3.69669775e+03
7.04988333e-07 1.70033623e+03 3.65463374e+03
7.05419364e-07 1.92614692e+03 3.31639991e+03
7.05850394e-07 1.87689349e+03 3.10375908e+03
7.06281424e-07 1.96608942e+03 3.17768132e+03
7.06712455e-07 1.94662099e+03 3.34510455e+03
7.07143485e-07 2.11167487e+03 3.40464928e+03
7.07574515e-07 1.87614304e+03 3.20079555e+03
7.08005545e-07 2.09350628e+03 3.26078120e+03
7.08436576e-07 2.16420670e+03 3.32525719e+03
7.08867606e-07 1.92649951e+03 3.31554094e+03
7.09298636e-07 2.11378365e+03 3.22827419e+03
7.09729667e-07 1.87118009e+03 2.89471999e+03
7.10160697e-07 2.18644089e+03 3.10537544e+03
7.10591727e-07 2.65945452e+03 3.26632220e+03
7.11022758e-07 1.99441750e+03 3.02213751e+03
7.11453788e-07 2.01959267e+03 3.02127573e+03
7.11884818e-07 1.94345107e+03 3.02729518e+03
7.12315848e-07 1.85447493e+03 3.04273528e+03
7.12746879e-07 2.05163222e+03 3.21518662e+03
7.13177909e-07 2.22298592e+03 3.26319582e+03
7.13608939e-07 2.52638922e+03 3.32229047e+03
7.14039970e-07 2.22336480e+03 3.30647740e+03
7.14471000e-07 2.03448711e+03 3.36271588e+03
7.14902030e-07 1.73934355e+03 3.16790215e+03
7.15333061e-07 2.31228110e+03 3.15493831e+03
7.15764091e-07 2.06779238e+03 3.02545014e+03
7.16195121e-07 1.76883159e+03 2.96284064e+03
7.16626152e-07 1.90836760e+03 3.00527082e+03
7.17057182e-07 1.98313453e+03 2.96950491e+03
7.17488212e-07 1.73081091e+03 2.90610058e+03
7.17919242e-07 1.64699330e+03 2.77748827e+03
7.18350273e-07 1.73216351e+03 2.71463915e+03
7.18781303e-07 2.22712330e+03 2.80695873e+03
7.19212333e-07 2.75628646e+03 2.96066019e+03
7.19643364e-07 4.75684537e+03 6.00811693e+03
7.20074394e-07 5.48608649e+03 6.52170565e+03
7.20505424e-07 2.95477916e+03 4.83455069e+03
7.20936455e-07 1.69033991e+03 2.61998751e+03
7.21367485e-07 1.61715914e+03 2.67047102e+03
7.21798515e-07 2.17192018e+03 2.95698323e+03
7.22229545e-07 2.92320251e+03 3.37572270e+03
7.22660576e-07 2.86779986e+03 3.34488499e+03
7.23091606e-07 1.89394606e+03 3.06630350e+03
7.23522636e-07 1.51470613e+03 4.31698387e+03
7.23953667e-07 1.52411561e+03 6.73765080e+03
7.24384697e-07 1.82528206e+03 7.27598636e+03
7.24815727e-07 1.75046465e+03 5.35170995e+03
7.25246758e-07 1.86184417e+03 3.85012615e+03
7.25677788e-07 1.98148354e+03 3.40348439e+03
7.26108818e-07 1.80453852e+03 3.00780211e+03
7.26539848e-07 1.61414382e+03 2.98954722e+03
7.26970879e-07 1.95789176e+03 4.19458491e+03
7.27401909e-07 1.19338263e+03 6.22582781e+03
7.27832939e-07 1.00977392e+03 6.49692717e+03
7.28263970e-07 2.22981478e+03 5.54449447e+03
7.28695000e-07 2.04783070e+03 4.36125224e+03
7.29126030e-07 1.80774296e+03 3.47773501e+03
7.29557061e-07 1.59199330e+03 3.31875226e+03
7.29988091e-07 1.62410550e+03 3.68276803e+03
7.30419121e-07 1.76472758e+03 3.89118361e+03
7.30850152e-07 2.02472393e+03 3.91556761e+03
7.31281182e-07 1.68875919e+03 5.38900081e+03
7.31712212e-07 1.91353044e+03 6.21346277e+03
7.32143242e-07 2.44713350e+03 4.71755975e+03
7.32574273e-07 2.04186962e+03 4.13840314e+03
7.33005303e-07 1.54735489e+03 4.41960293e+03
7.33436333e-07 2.06646250e+03 4.75121513e+03
7.33867364e-07 1.91272962e+03 6.52879141e+03
7.34298394e-07 2.42207338e+03 6.60884198e+03
7.34729424e-07 2.61686849e+03 4.37447831e+03
7.35160455e-07 2.06310572e+03 3.54629823e+03
7.35591485e-07 1.54002919e+03 4.10441903e+03
7.36022515e-07 2.07028399e+03 4.51957420e+03
7.36453545e-07 2.63789347e+03 5.16512274e+03
7.36884576e-07 2.54270835e+03 6.18814787e+03
7.37315606e-07 2.68137843e+03 5.17423735e+03
7.37746636e-07 2.48081228e+03 3.58094031e+03
7.38177667e-07 2.44538217e+03 3.41425289e+03
7.38608697e-07 2.65708521e+03 3.78755042e+03
7.39039727e-07 2.39130281e+03 4.13042828e+03
7.39470758e-07 1.73890298e+03 4.22856406e+03
7.39901788e-07 1.76485725e+03 4.73993129e+03
7.40332818e-07 2.23317228e+03 4.87316862e+03
7.40763848e-07 2.21482645e+03 3.77748716e+03
7.41194879e-07 1.74218041e+03 3.11408776e+03
7.41625909e-07 1.84653654e+03 3.03030788e+03
7.42056939e-07 1.98890319e+03 3.11910358e+03
7.42487970e-07 2.08345457e+03 3.33198433e+03
7.42919000e-07 1.98644987e+03 3.66665666e+03
7.43350030e-07 1.91662853e+03 3.89605234e+03
7.43781061e-07 1.78057829e+03 4.08868752e+03
7.44212091e-07 2.12599596e+03 3.68974637e+03
7.44643121e-07 2.08789708e+03 3.22657116e+03
7.45074152e-07 2.27113884e+03 3.23958158e+03
7.45505182e-07 1.73350740e+03 2.99948773e+03
7.45936212e-07 1.65422814e+03 3.15934412e+03
7.46367242e-07 2.05520040e+03 3.56411772e+03
7.46798273e-07 1.54708249e+03 3.71552248e+03
7.47229303e-07 2.10069549e+03 4.24072648e+03
7.47660333e-07 1.69472011e+03 4.30269785e+03
7.48091364e-07 1.44260504e+03 4.31819516e+03
7.48522394e-07 2.54673264e+03 4.23986673e+03
7.48953424e-07 2.01398172e+03 3.43880106e+03
7.49384455e-07 1.68957109e+03 3.19178016e+03
7.49815485e-07 1.64760501e+03 3.05711129e+03
7.50246515e-07 1.93162840e+03 3.14863387e+03
7.50677545e-07 2.40943406e+03 3.27804119e+03
7.51108576e-07 2.03458663e+03 3.19952301e+03
7.51539606e-07 1.85265290e+03 3.44503499e+03
7.51970636e-07 1.33226437e+03 4.40960686e+03
7.52401667e-07 1.56318578e+03 5.47218585e+03
7.52832697e-07 1.93887473e+03 4.84722524e+03
7.53263727e-07 1.67208177e+03 3.63251654e+03
7.53694758e-07 2.32655854e+03 3.49123976e+03
7.54125788e-07 1.87319466e+03 3.19857330e+03
7.54556818e-07 1.95256399e+03 3.19110093e+03
7.54987848e-07 1.93850591e+03 3.18929982e+03
7.55418879e-07 1.66427602e+03 3.30371463e+03
7.55849909e-07 1.42793811e+03 3.36384667e+03
7.56280939e-07 1.76400475e+03 3.37235608e+03
7.56711970e-07 1.99142360e+03 4.19488043e+03
7.57143000e-07 1.82732671e+03 4.91814279e+03
7.57574030e-07 2.04467410e+03 4.15430577e+03
7.58005061e-07 2.07463456e+03 3.42904566e+03
7.58436091e-07 1.91567057e+03 3.47368464e+03
7.58867121e-07 1.63091684e+03 3.27508627e+03
7.59298152e-07 1.72064388e+03 2.97274652e+03
7.59729182e-07 1.17284129e+03 2.48793819e+03
7.60160212e-07 5.46043350e+02 1.87984035e+03
7.60591242e-07 6.74561942e+02 1.73630112e+03
7.61022273e-07 9.59977275e+02 2.05498759e+03
7.61453303e-07 1.35325980e+03 2.68860930e+03
7.61884333e-07 1.19597890e+03 2.89177053e+03
7.62315364e-07 1.06749692e+03 2.79172746e+03
7.62746394e-07 1.17790775e+03 2.78910596e+03
7.63177424e-07 6.89049178e+02 2.44820985e+03
7.63608455e-07 1.10107754e+03 2.37897959e+03
7.64039485e-07 1.06616767e+03 2.31366268e+03
7.64470515e-07 1.19305115e+03 2.49379662e+03
7.64901545e-07 1.43040519e+03 2.68448072e+03
7.65332576e-07 1.50860932e+03 2.90427639e+03
7.65763606e-07 1.73876269e+03 3.14741963e+03
7.66194636e-07 1.51163998e+03 3.15875767e+03
7.66625667e-07 1.75434088e+03 3.06172841e+03
7.67056697e-07 1.77811492e+03 2.97709571e+03
7.67487727e-07 1.62436096e+03 2.94060018e+03
7.67918758e-07 2.00490116e+03 3.22524603e+03
7.68349788e-07 1.77681250e+03 3.39499121e+03
7.68780818e-07 1.61904001e+03 3.52286953e+03
7.69211848e-07 1.82587393e+03 3.51220483e+03
7.69642879e-07 1.50484216e+03 3.41435510e+03
7.70073909e-07 1.87954328e+03 3.49258715e+03
7.70504939e-07 2.12753802e+03 4.15090793e+03
7.70935970e-07 1.56872299e+03 7.00637963e+03
7.71367000e-07 8.25169850e+02 1.00644809e+04
7.71798030e-07 2.30134771e+03 9.28509919e+03
7.72229061e-07 2.43510227e+03 6.38135292e+03
7.72660091e-07 1.77617959e+03 4.63234092e+03
7.73091121e-07 2.20850160e+03 4.09785408e+03
7.73522152e-07 2.22978134e+03 3.85992699e+03
7.73953182e-07 1.97057805e+03 3.71428588e+03
7.74384212e-07 2.71503621e+03 5.56334949e+03
7.74815242e-07 1.20438447e+03 8.59082644e+03
7.75246273e-07 1.85407649e+03 8.93179019e+03
7.75677303e-07 3.33937369e+03 6.91596733e+03
7.76108333e-07 2.18093169e+03 5.34932568e+03
7.76539364e-07 2.16027701e+03 4.37615935e+03
7.76970394e-07 2.02841483e+03 4.54621427e+03
7.77401424e-07 1.81071354e+03 5.10551711e+03
7.77832455e-07 1.95071263e+03 5.12063583e+03
7.78263485e-07 1.86350259e+03 4.71639572e+03
7.78694515e-07 2.59985534e+03 5.38908506e+03
7.79125545e-07 1.06065066e+03 6.88265493e+03
7.79556576e-07 1.23386595e+03 7.03621842e+03
7.79987606e-07 2.65166746e+03 4.98111391e+03
7.80418636e-07 1.42400722e+03 4.29820446e+03
7.80849667e-07 1.28832889e+03 5.02537131e+03
7.81280697e-07 2.31627586e+03 5.31050259e+03
7.81711727e-07 2.25848587e+03 7.28703950e+03
7.82142758e-07 4.75319779e+02 7.98675284e+03
7.82573788e-07 2.15417588e+03 5.95624742e+03
7.83004818e-07 2.56617271e+03 4.08926303e+03
7.83435848e-07 1.72057269e+03 3.74224685e+03
7.83866879e-07 1.16268549e+03 4.40962808e+03
7.84297909e-07 1.69192313e+03 5.01632215e+03
7.84728939e-07 1.19783517e+03 6.00478501e+03
7.85159970e-07 4.70815463e+02 8.29426229e+03
7.85591000e-07 2.20379492e+03 8.71074063e+03
7.86022030e-07 2.44626448e+03 6.53621053e+03
7.86453061e-07 2.39398224e+03 5.81148064e+03
7.86884091e-07 1.88346828e+03 6.12338446e+03
7.87315121e-07 1.61997454e+03 5.71010052e+03
7.87746152e-07 1.82422412e+03 5.48699922e+03
7.88177182e-07 1.66346380e+03 5.59548547e+03
7.88608212e-07 1.95302576e+03 6.42244320e+03
7.89039242e-07 1.81960348e+03 6.26117888e+03
7.89470273e-07 2.12559361e+03 4.84081692e+03
7.89901303e-07 2.00994927e+03 3.73560266e+03
7.90332333e-07 2.04380136e+03 3.92363416e+03
7.90763364e-07 1.89766961e+03 6.14870798e+03
7.91194394e-07 5.29481202e+02 9.04273486e+03
7.91625424e-07 1.41914796e+03 9.27231961e+03
7.92056455e-07 2.36821101e+03 7.29333586e+03
7.92487485e-07 2.16508980e+03 5.65762461e+03
7.92918515e-07 1.85405706e+03 7.98234464e+03
