1.99780000e-01
3.61628030e-07 1.92022888e+02 3.09608491e+02
3.62059061e-07 9.23255313e+01 4.99801489e+02
3.62490091e-07 6.23917997e+00 4.67759235e+02
3.62921121e-07 2.48183081e+01 4.46785794e+02
3.63783182e-07 6.18182690e+01 4.70924071e+02
3.64214212e-07 4.97674918e+01 4.82332233e+02
3.64645242e-07 2.10971514e+01 4.72267224e+02
3.65076273e-07 4.19675478e+01 4.28277918e+02
3.65938333e-07 1.05191124e+02 5.25715826e+02
3.66800394e-07 2.41559002e+01 4.24998997e+02
3.67231424e-07 7.63095597e+01 4.39261114e+02
3.67662455e-07 7.83640267e+01 4.59478885e+02
3.68093485e-07 1.50423434e+01 4.16008484e+02
3.68524515e-07 6.16297482e+01 4.09469615e+02
3.68955545e-07 3.21283307e+01 4.05257882e+02
3.69817606e-07 7.67067218e+01 5.07063242e+02
3.70248636e-07 8.37781141e+01 5.06318277e+02
3.70679667e-07 1.17688610e+02 5.33092586e+02
3.71110697e-07 1.55609421e+01 5.13803252e+02
3.71541727e-07 5.22329534e+01 4.64127335e+02
3.71972758e-07 8.02817171e+01 5.10474471e+02
3.72403788e-07 7.22290133e+01 4.94377647e+02
3.72834818e-07 2.31827881e+01 5.01203769e+02
3.73265848e-07 1.03073388e+02 6.02886558e+02
3.73696879e-07 4.79002976e+01 5.75595850e+02
3.74127909e-07 6.97007082e+01 5.29161848e+02
3.74558939e-07 2.85517879e+01 5.60388312e+02
3.74989970e-07 3.90550939e+01 5.31318112e+02
3.76283061e-07 7.12688843e+01 5.25207093e+02
3.76714091e-07 5.96956149e+01 5.27542607e+02
3.77576152e-07 6.72119807e+01 5.14308547e+02
3.78007182e-07 1.18922511e+02 5.42832370e+02
3.79300273e-07 4.91783530e+01 5.38768395e+02
3.80162333e-07 1.36039772e+01 5.09248533e+02
3.80593364e-07 9.65442023e+01 5.29892010e+02
3.81024394e-07 5.33543878e+01 5.33476247e+02
3.81455424e-07 7.90633777e+01 5.74372739e+02
3.81886455e-07 9.27261206e+01 5.77274025e+02
3.82317485e-07 3.88761844e+01 5.46469104e+02
3.82748515e-07 1.16210863e+02 6.33862006e+02
3.83179545e-07 1.46407645e+01 6.39554671e+02
3.83610576e-07 1.45766502e+02 7.00561471e+02
3.84041606e-07 2.00725602e+02 7.29682720e+02
3.84472636e-07 1.13532863e+02 6.51129071e+02
3.84903667e-07 4.53422615e+01 5.90793153e+02
3.85334697e-07 1.06720475e+02 5.82866962e+02
3.85765727e-07 3.38613980e+01 5.41385178e+02
3.86196758e-07 1.15684912e+02 5.51599829e+02
3.86627788e-07 1.99936108e+02 5.91206898e+02
3.87058818e-07 1.39986055e+02 5.49489559e+02
3.87489848e-07 8.07151992e+01 5.53411665e+02
3.87920879e-07 6.76244414e+01 5.22524887e+02
3.88351909e-07 1.76542939e+02 5.53004205e+02
3.88782939e-07 8.91324476e+01 5.17317024e+02
3.89213970e-07 6.86577855e+01 5.55755872e+02
3.89645000e-07 1.36366826e+02 6.07476884e+02
3.90076030e-07 6.53501415e+01 5.75077879e+02
3.90507061e-07 2.22839795e+02 7.00716827e+02
3.90938091e-07 9.99929505e+01 9.81087941e+02
3.91369121e-07 1.05145408e+02 1.02335693e+03
3.91800152e-07 1.19471513e+02 9.91408094e+02
3.92231182e-07 1.51553188e+02 9.05687284e+02
3.92662212e-07 1.43906901e+02 5.89395343e+02
3.93093242e-07 1.39776835e+02 5.98316602e+02
3.93524273e-07 9.35205674e+01 6.18796337e+02
3.93955303e-07 1.22917401e+02 6.54164013e+02
3.94386333e-07 1.94465024e+02 7.45851289e+02
3.94817364e-07 1.79661211e+02 7.46275526e+02
3.95248394e-07 1.51861925e+02 6.60385532e+02
3.95679424e-07 2.49151028e+02 6.79554974e+02
3.96110455e-07 2.61421506e+02 6.69285753e+02
3.96541485e-07 1.53051029e+02 5.76514041e+02
3.96972515e-07 1.29630218e+02 5.86667780e+02
3.97403545e-07 5.51148034e+01 6.36213017e+02
3.97834576e-07 9.56082971e+01 6.80367918e+02
3.98265606e-07 1.96474285e+02 6.92600817e+02
3.98696636e-07 1.43033122e+02 6.71986173e+02
3.99127667e-07 1.93971680e+02 7.03571011e+02
3.99558697e-07 1.66216901e+02 7.02297736e+02
3.99989727e-07 4.89738486e+01 6.64116278e+02
4.00420758e-07 1.11111805e+02 7.18644748e+02
4.00851788e-07 1.95789778e+02 8.09082808e+02
4.01282818e-07 7.32243681e-01 7.61860632e+02
4.01713848e-07 1.80236258e+02 7.64011017e+02
4.02144879e-07 1.34628424e+02 7.25149579e+02
4.02575909e-07 1.10068947e+02 7.20563803e+02
4.03006939e-07 9.43648113e+01 7.15707618e+02
4.03437970e-07 1.50970115e+02 7.53697960e+02
4.03869000e-07 1.11744690e+02 7.97317845e+02
4.04300030e-07 7.98667291e+01 8.04289420e+02
4.04731061e-07 7.28468181e+01 7.96571484e+02
4.05162091e-07 1.37481012e+02 7.98940430e+02
4.05593121e-07 8.88286280e+01 8.18223810e+02
4.06024152e-07 1.59878575e+02 8.50498341e+02
4.06455182e-07 1.91612629e+02 9.24868632e+02
4.06886212e-07 6.37218909e+01 8.55305125e+02
4.07317242e-07 1.38980082e+02 8.69576693e+02
4.07748273e-07 3.43121933e+02 9.59464428e+02
4.08179303e-07 1.88695887e+02 9.09097685e+02
4.08610333e-07 7.58473194e+01 8.27440160e+02
4.09041364e-07 1.53893527e+02 8.12389666e+02
4.09472394e-07 1.20197830e+02 8.26126342e+02
4.09903424e-07 1.37927225e+02 7.96303115e+02
4.10334455e-07 2.07347141e+02 8.34414923e+02
4.10765485e-07 1.34728215e+02 7.95253385e+02
4.11196515e-07 1.28236797e+02 7.94831546e+02
4.11627545e-07 2.13172693e+02 8.20152562e+02
4.12058576e-07 1.66187235e+02 8.41355639e+02
4.12489606e-07 1.83709120e+01 8.20808056e+02
4.12920636e-07 2.04494698e+02 8.82359266e+02
4.13351667e-07 1.08250285e+02 8.54917973e+02
4.13782697e-07 1.08369342e+02 8.56804365e+02
4.14213727e-07 1.71281814e+02 8.49674396e+02
4.14644758e-07 1.91275579e+02 8.27989858e+02
4.15075788e-07 2.83257796e+02 9.04306647e+02
4.15506818e-07 1.91986587e+02 9.44278095e+02
4.15937848e-07 1.11950342e+02 9.55048501e+02
4.16368879e-07 1.36688618e+02 1.00155268e+03
4.16799909e-07 6.34431209e+01 1.02651263e+03
4.17230939e-07 2.34848558e+02 1.01766369e+03
4.17661970e-07 2.00034493e+02 9.82618206e+02
4.18093000e-07 1.62452617e+02 9.82020137e+02
4.18524030e-07 1.39796029e+02 9.28949963e+02
4.18955061e-07 2.35606127e+02 9.49918765e+02
4.19386091e-07 1.88664643e+02 9.14648713e+02
4.19817121e-07 1.07220043e+02 8.51824237e+02
4.20248152e-07 1.59092808e+02 8.69963537e+02
4.20679182e-07 2.23268491e+02 9.40389901e+02
4.21110212e-07 1.85601799e+02 8.97778123e+02
4.21541242e-07 3.64199585e+01 8.43328299e+02
4.21972273e-07 1.38070696e+02 8.81993627e+02
4.22403303e-07 1.70540453e+02 8.74993694e+02
4.22834333e-07 2.32079635e+02 8.82380853e+02
4.23265364e-07 2.69520291e+02 8.77094893e+02
4.23696394e-07 3.52872136e+02 1.35745737e+03
4.24127424e-07 3.31925011e+02 1.39881989e+03
4.24558455e-07 2.64488702e+02 1.40813105e+03
4.24989485e-07 4.92075834e+02 1.11344996e+03
4.25420515e-07 3.03658037e+02 1.04473477e+03
4.25851545e-07 2.39004147e+02 9.90266643e+02
4.26282576e-07 2.14653311e+02 9.96111558e+02
4.26713606e-07 3.23791972e+02 1.01855620e+03
4.27144636e-07 2.71536588e+02 1.02735448e+03
4.27575667e-07 2.82396453e+02 1.04102038e+03
4.28006697e-07 1.80012985e+02 1.02199350e+03
4.28437727e-07 1.22147423e+02 9.71968334e+02
4.28868758e-07 2.32448899e+02 1.02678919e+03
4.29299788e-07 1.74611639e+02 1.01042713e+03
4.29730818e-07 1.23871504e+02 9.69803923e+02
4.30161848e-07 2.24882392e+02 9.92949582e+02
4.30592879e-07 2.35101282e+02 1.06643519e+03
4.31023909e-07 1.05850707e+02 1.04589959e+03
4.31454939e-07 3.23928352e+02 1.18340832e+03
4.31885970e-07 2.42141268e+02 1.14965251e+03
4.32317000e-07 4.00831807e+01 1.09288696e+03
4.32748030e-07 1.58833171e+02 1.09025228e+03
4.33179061e-07 1.27530389e+02 1.07034386e+03
4.33610091e-07 1.23156009e+02 1.09549503e+03
4.34041121e-07 2.19663779e+02 1.13129151e+03
4.34472152e-07 1.28766020e+02 1.08496016e+03
4.34903182e-07 9.31316101e+01 1.12859798e+03
4.35334212e-07 2.39178173e+02 1.14443518e+03
4.35765242e-07 1.71951365e+02 1.14084909e+03
4.36196273e-07 2.36688800e+02 1.17655832e+03
4.36627303e-07 2.73201217e+02 1.17217465e+03
4.37058333e-07 1.83008501e+02 1.14651360e+03
4.37489364e-07 1.31994595e+02 1.15629472e+03
4.37920394e-07 2.47437586e+02 1.17651362e+03
4.38351424e-07 2.52012620e+02 1.18493931e+03
4.38782455e-07 3.35073789e+02 1.24222144e+03
4.39213485e-07 3.58954797e+02 1.24293376e+03
4.39644515e-07 2.26037940e+02 1.21564556e+03
4.40075545e-07 2.21044528e+02 1.26244360e+03
4.40506576e-07 3.39981631e+02 1.39150065e+03
4.40937606e-07 3.10630567e+02 1.44979477e+03
4.41368636e-07 3.23942714e+02 1.48335750e+03
4.41799667e-07 2.20385811e+02 1.41985666e+03
4.42230697e-07 1.65984934e+02 1.38958503e+03
4.42661727e-07 3.05390643e+02 1.41787446e+03
4.43092758e-07 2.37986287e+02 1.34330197e+03
4.43523788e-07 1.88767320e+02 1.33047314e+03
4.43954818e-07 9.80600326e+01 1.38315589e+03
4.44385848e-07 1.14283872e+02 1.32764605e+03
4.44816879e-07 2.04015720e+02 1.30558514e+03
4.45247909e-07 3.18294595e+02 1.35803205e+03
4.45678939e-07 3.16019599e+02 1.30015924e+03
4.46109970e-07 2.87252392e+02 1.29694573e+03
4.46541000e-07 1.59287133e+02 1.29053493e+03
4.46972030e-07 2.17793216e+02 1.38169308e+03
4.47403061e-07 1.99606850e+02 1.41543012e+03
4.47834091e-07 1.51610212e+02 1.34509504e+03
4.48696152e-07 6.78147555e+01 1.31857615e+03
4.49127182e-07 1.19217889e+02 1.31517869e+03
4.49558212e-07 3.55489033e+01 1.30998727e+03
4.49989242e-07 1.30167409e+02 1.37014813e+03
4.50420273e-07 1.66950616e+02 1.41525128e+03
4.50851303e-07 2.35724540e+02 1.42631179e+03
4.51282333e-07 2.12459095e+02 1.41181055e+03
4.51713364e-07 2.04089382e+02 1.44157411e+03
4.52144394e-07 7.07408939e+01 1.43185375e+03
4.52575424e-07 1.47565083e+02 1.46750460e+03
4.53006455e-07 2.62100103e+02 1.56735001e+03
4.53437485e-07 3.15710010e+02 1.61212728e+03
4.53868515e-07 2.06547878e+02 1.61221071e+03
4.54299545e-07 6.20713522e+01 1.58972650e+03
4.54730576e-07 9.09215148e+01 1.56666472e+03
4.55161606e-07 1.85669677e+02 1.59107337e+03
4.55592636e-07 2.90027781e+02 1.65125371e+03
4.56454697e-07 8.58910605e+01 1.55925952e+03
4.56885727e-07 3.46101027e+02 1.60454963e+03
4.57316758e-07 3.35728389e+02 1.63511172e+03
4.57747788e-07 2.23557698e+02 1.61765744e+03
4.58178818e-07 2.31799609e+02 1.72621008e+03
4.58609848e-07 1.01202977e+02 1.61311674e+03
4.59040879e-07 2.56820870e+02 1.61272630e+03
4.59471909e-07 1.67603156e+02 1.60330283e+03
4.60333970e-07 1.56463818e+02 1.59365853e+03
4.60765000e-07 2.27221536e+02 1.67117117e+03
4.62058091e-07 7.36678326e+01 1.63950457e+03
4.62489121e-07 4.60802245e+01 1.57868763e+03
4.62920152e-07 3.36670821e+01 1.61490747e+03
4.63351182e-07 5.49014730e+01 1.59756998e+03
4.63782212e-07 2.25891564e+02 1.65970639e+03
4.64213242e-07 2.29494784e+02 1.69097282e+03
4.64644273e-07 2.39373332e+02 1.69259987e+03
4.65075303e-07 2.57401936e+02 1.70180436e+03
4.65506333e-07 1.48094051e+02 1.74771513e+03
4.65937364e-07 2.38929599e+02 1.86663766e+03
4.66368394e-07 1.83301193e+02 1.75739774e+03
4.66799424e-07 5.79982158e+01 1.81758291e+03
4.67661485e-07 1.72807083e+02 1.83008438e+03
4.68092515e-07 2.05186696e+02 1.88011737e+03
4.68523545e-07 5.28285978e+02 1.97248741e+03
4.68954576e-07 3.61119246e+02 1.89614940e+03
4.69385606e-07 1.60302106e+02 1.83099225e+03
4.69816636e-07 3.35939179e+02 1.87624415e+03
4.70247667e-07 2.53713603e+02 1.83256947e+03
4.70678697e-07 3.51906190e+02 1.90115378e+03
4.71109727e-07 5.92840061e+01 1.82653330e+03
4.71540758e-07 2.05510888e+00 1.77963401e+03
4.71971788e-07 1.17181343e+02 1.87330304e+03
4.72833848e-07 1.53343962e+02 1.83824700e+03
4.73264879e-07 1.34949707e+02 1.85031067e+03
4.73695909e-07 3.43437283e+02 1.91583377e+03
4.74126939e-07 4.45049772e+02 1.92076370e+03
4.74557970e-07 7.30126558e+01 1.81406755e+03
4.74989000e-07 1.43058390e+02 1.81521851e+03
4.75420030e-07 1.21935119e+01 1.75263407e+03
4.76713121e-07 9.33861621e+01 1.82108536e+03
4.77144152e-07 1.85346620e+02 1.87094934e+03
4.77575182e-07 3.98156427e+02 1.96538486e+03
4.78006212e-07 3.63136132e+02 1.92807724e+03
4.78437242e-07 5.04357954e+02 2.02333343e+03
4.78868273e-07 3.95352118e+02 2.03785797e+03
4.79299303e-07 4.28342783e+02 2.05092584e+03
4.79730333e-07 5.65350792e+02 2.14611813e+03
4.80161364e-07 5.99104049e+02 2.15186600e+03
4.80592394e-07 5.58630660e+02 2.17114712e+03
4.81023424e-07 6.63252626e+02 2.21316642e+03
4.81454455e-07 5.56483792e+02 2.34976612e+03
4.81885485e-07 5.06918833e+02 2.54183891e+03
4.82316515e-07 5.24575888e+02 2.36966479e+03
4.82747545e-07 7.76430595e+02 2.44687424e+03
4.83178576e-07 6.33269285e+02 2.41717236e+03
4.83609606e-07 7.65315271e+02 2.43182967e+03
4.84040636e-07 4.52334148e+02 2.33349972e+03
4.84471667e-07 4.12710824e+02 2.29141710e+03
4.84902697e-07 4.04038676e+02 2.26813702e+03
4.85333727e-07 5.92012790e+02 2.27332988e+03
4.85764758e-07 5.41225079e+02 2.22928127e+03
4.86195788e-07 6.08497535e+02 2.22519495e+03
4.86626818e-07 4.92903331e+02 2.25133230e+03
4.87057848e-07 4.04237776e+02 2.12227230e+03
4.87488879e-07 5.96670277e+02 2.28749877e+03
4.87919909e-07 5.81827214e+02 2.41683855e+03
4.88350939e-07 3.76810965e+02 2.31836506e+03
4.88781970e-07 4.28781339e+02 2.31512715e+03
4.89213000e-07 3.80365427e+02 2.28501912e+03
4.89644030e-07 5.72805965e+02 2.32136008e+03
4.90075061e-07 5.18681046e+02 2.27285980e+03
4.90506091e-07 5.47098816e+02 2.28529041e+03
4.90937121e-07 5.45766696e+02 2.28310409e+03
4.91368152e-07 2.76904643e+02 2.25873705e+03
4.91799182e-07 5.67872024e+02 3.35701012e+03
4.92230212e-07 4.83749047e+02 3.40780678e+03
4.92661242e-07 4.70328651e+02 3.58061288e+03
4.93092273e-07 4.71532302e+02 3.62103867e+03
4.93523303e-07 3.92058253e+02 3.60596441e+03
4.93954333e-07 4.16853190e+02 3.50314607e+03
4.94385364e-07 6.04621875e+02 2.37537839e+03
4.94816394e-07 6.07000346e+02 2.43260390e+03
4.95247424e-07 5.14389190e+02 2.38190879e+03
4.95678455e-07 5.02065686e+02 2.36360894e+03
4.96109485e-07 4.99857983e+02 2.33138558e+03
4.96540515e-07 6.33172429e+02 2.40510061e+03
4.96971545e-07 6.65778839e+02 2.50152770e+03
4.97402576e-07 6.41693454e+02 2.48681503e+03
4.97833606e-07 5.54855796e+02 2.39456260e+03
4.98264636e-07 6.97238768e+02 2.40603788e+03
4.98695667e-07 7.99509328e+02 2.48352874e+03
4.99126697e-07 5.22203951e+02 2.43882590e+03
4.99557727e-07 5.63818721e+02 2.46136758e+03
4.99988758e-07 1.05357645e+03 2.58842119e+03
5.00419788e-07 7.82682689e+02 2.54636707e+03
5.00850818e-07 6.07516406e+02 2.43380681e+03
5.01281848e-07 6.57979882e+02 2.38806100e+03
5.01712879e-07 5.91295818e+02 2.37946571e+03
5.02143909e-07 4.46492394e+02 2.36095174e+03
5.02574939e-07 7.32761670e+02 2.55868260e+03
5.03005970e-07 6.42902278e+02 2.53844233e+03
5.03437000e-07 3.84083179e+02 2.39893231e+03
5.03868030e-07 8.17040026e+02 2.43434776e+03
5.04299061e-07 8.63638874e+02 2.48202037e+03
5.04730091e-07 8.17496290e+02 2.49172706e+03
5.05161121e-07 8.23309487e+02 2.53325327e+03
5.05592152e-07 7.88419255e+02 2.62471512e+03
5.06023182e-07 5.92871006e+02 2.49863204e+03
5.06454212e-07 8.11281164e+02 2.53113392e+03
5.06885242e-07 7.63622029e+02 2.52017280e+03
5.07316273e-07 7.69334149e+02 2.55929924e+03
5.07747303e-07 1.00626418e+03 2.59561942e+03
5.08178333e-07 7.93603405e+02 2.56200777e+03
5.08609364e-07 8.14537464e+02 2.55245819e+03
5.09040394e-07 7.48925841e+02 2.53414920e+03
5.09471424e-07 9.40346172e+02 2.66928540e+03
5.09902455e-07 1.08004156e+03 2.67377086e+03
5.10333485e-07 8.38965566e+02 2.53518480e+03
5.10764515e-07 1.00632818e+03 2.67611679e+03
5.11195545e-07 9.81521316e+02 2.68067262e+03
5.11626576e-07 1.09227863e+03 2.77826587e+03
5.12057606e-07 1.02000482e+03 2.67021116e+03
5.12488636e-07 7.21958591e+02 2.48336878e+03
5.12919667e-07 7.89979398e+02 2.61767324e+03
5.13350697e-07 9.03792349e+02 2.79129833e+03
5.13781727e-07 9.14770875e+02 2.79484000e+03
5.14212758e-07 6.79510617e+02 2.74266109e+03
5.14643788e-07 6.72439933e+02 2.78148990e+03
5.15074818e-07 8.70271222e+02 2.71769940e+03
5.15505848e-07 1.01713866e+03 2.81601874e+03
5.15936879e-07 5.92597038e+02 2.69153395e+03
5.16367909e-07 4.00215503e+02 2.61937142e+03
5.16798939e-07 6.22888576e+02 2.55084092e+03
5.17229970e-07 9.79305430e+02 2.64423847e+03
5.17661000e-07 9.33059792e+02 2.70420497e+03
5.18092030e-07 1.18433322e+03 2.78580754e+03
5.18523061e-07 1.11930303e+03 2.74471071e+03
5.18954091e-07 8.34715155e+02 2.70668161e+03
5.19385121e-07 9.33920008e+02 3.02903593e+03
5.19816152e-07 8.58219658e+02 3.16141914e+03
5.20247182e-07 1.01465573e+03 3.02346376e+03
5.20678212e-07 9.79427205e+02 2.90617288e+03
5.21109242e-07 8.52542677e+02 2.86568452e+03
5.21540273e-07 8.33245667e+02 2.94401636e+03
5.21971303e-07 8.37470312e+02 2.96344156e+03
5.22402333e-07 1.12596135e+03 3.08845495e+03
5.22833364e-07 8.53069723e+02 2.95288006e+03
5.23264394e-07 1.29962903e+03 3.08533964e+03
5.23695424e-07 1.33327300e+03 3.19766011e+03
5.24126455e-07 7.73748766e+02 3.07776486e+03
5.24557485e-07 6.36387507e+02 2.94237223e+03
5.24988515e-07 8.96705263e+02 2.95407117e+03
5.25419545e-07 7.99359023e+02 3.06760793e+03
5.25850576e-07 7.04981663e+02 2.92551289e+03
5.26281606e-07 7.75982831e+02 4.48764343e+03
5.26712636e-07 1.09499956e+03 4.63653421e+03
5.27143667e-07 1.04089588e+03 4.64365236e+03
5.27574697e-07 1.24959415e+03 3.06437094e+03
5.28005727e-07 8.29718521e+02 3.06073380e+03
5.28436758e-07 6.47434668e+02 2.94279589e+03
5.28867788e-07 5.76010240e+02 2.98346315e+03
5.29298818e-07 8.37648457e+02 3.09588198e+03
5.29729848e-07 9.47275522e+02 3.05599934e+03
5.30160879e-07 8.77923188e+02 3.12748837e+03
5.30591909e-07 1.04753497e+03 3.35179830e+03
5.31022939e-07 1.06962936e+03 3.33139757e+03
5.31453970e-07 1.04926463e+03 3.32365489e+03
5.31885000e-07 1.12468732e+03 3.28958586e+03
5.32316030e-07 8.58939611e+02 3.21850455e+03
5.32747061e-07 1.22363927e+03 3.32877832e+03
5.33178091e-07 1.58675048e+03 3.51977845e+03
5.33609121e-07 1.18434840e+03 3.38717016e+03
5.34040152e-07 1.06066973e+03 3.33877451e+03
5.34471182e-07 9.57540967e+02 3.29156517e+03
5.34902212e-07 1.18474396e+03 3.40080775e+03
5.35333242e-07 6.81508547e+02 3.17772364e+03
5.35764273e-07 5.39329453e+02 3.18854583e+03
5.36195303e-07 6.64875328e+02 3.22638187e+03
5.36626333e-07 1.48261450e+03 3.41755678e+03
5.37057364e-07 1.25373543e+03 3.46703489e+03
5.37488394e-07 1.37748512e+03 3.46014565e+03
5.37919424e-07 8.64281730e+02 3.32499197e+03
5.38350455e-07 1.18320444e+03 3.40542813e+03
5.38781485e-07 1.00236565e+03 3.27690839e+03
5.39212515e-07 1.27709300e+03 3.41005391e+03
5.39643545e-07 1.14019188e+03 3.31047710e+03
5.40074576e-07 9.79813675e+02 3.25331725e+03
5.40505606e-07 1.21790432e+03 3.24543394e+03
5.40936636e-07 1.58065668e+03 3.46714790e+03
5.41367667e-07 1.67618060e+03 3.56602138e+03
5.41798697e-07 1.64029750e+03 3.63698366e+03
5.42229727e-07 1.18766984e+03 3.47228385e+03
5.42660758e-07 1.51601736e+03 3.49067709e+03
5.43091788e-07 1.03443778e+03 3.29268519e+03
5.43522818e-07 1.14381903e+03 3.33483193e+03
5.43953848e-07 7.17315356e+02 3.24316668e+03
5.44384879e-07 1.13733924e+03 3.39094558e+03
5.44815909e-07 1.50588127e+03 3.55199111e+03
5.45246939e-07 1.56548406e+03 3.61156444e+03
5.45677970e-07 1.04635379e+03 3.47207751e+03
5.46109000e-07 1.30426164e+03 3.59789582e+03
5.46540030e-07 1.26702369e+03 3.70463936e+03
5.46971061e-07 1.22084610e+03 3.65058867e+03
5.47402091e-07 1.07339158e+03 3.45708385e+03
5.47833121e-07 1.70513384e+03 3.73989443e+03
5.48264152e-07 1.71095047e+03 3.68947246e+03
5.48695182e-07 1.15988141e+03 3.51736205e+03
5.49126212e-07 1.24325476e+03 3.60494201e+03
5.49557242e-07 1.38917191e+03 3.73701012e+03
5.49988273e-07 1.24697518e+03 3.64461631e+03
5.50419303e-07 1.14564525e+03 3.59505176e+03
5.50850333e-07 1.56871588e+03 3.69778904e+03
5.51281364e-07 1.67474813e+03 3.87726239e+03
5.51712394e-07 7.48335582e+02 3.68578182e+03
5.52143424e-07 1.36582797e+03 3.76011301e+03
5.52574455e-07 1.35404843e+03 3.71316424e+03
5.53005485e-07 1.79503900e+03 3.98274660e+03
5.53436515e-07 1.62374162e+03 3.88187815e+03
5.53867545e-07 1.76058994e+03 3.93565323e+03
5.54298576e-07 1.26061224e+03 3.93936678e+03
5.54729606e-07 1.83953142e+03 4.18493423e+03
5.55160636e-07 1.53997765e+03 3.99769042e+03
5.55591667e-07 1.24656162e+03 3.82046789e+03
5.56022697e-07 1.73062992e+03 4.07836082e+03
5.56453727e-07 2.23890856e+03 4.20869892e+03
5.57746818e-07 1.13109117e+04 1.15849682e+05
5.58177848e-07 1.32115955e+04 5.28660525e+04
5.58608879e-07 5.29015952e+03 7.02172245e+03
5.59039909e-07 2.74683518e+03 4.27556914e+03
5.59470939e-07 2.21645798e+03 4.29464859e+03
5.59901970e-07 1.20956896e+03 3.83102526e+03
5.60333000e-07 1.59517142e+03 4.14694600e+03
5.60764030e-07 1.31772228e+03 3.94916376e+03
5.61195061e-07 1.73372260e+03 3.98403966e+03
5.61626091e-07 1.56584683e+03 3.94942388e+03
5.62057121e-07 1.63580158e+03 4.03020545e+03
5.62488152e-07 1.44274274e+03 4.01058667e+03
5.62919182e-07 9.97152345e+02 3.96548467e+03
5.63350212e-07 1.53316569e+03 4.03752350e+03
5.63781242e-07 1.05419044e+03 3.68143481e+03
5.64212273e-07 1.93311787e+03 4.09667988e+03
5.64643303e-07 1.01484505e+03 3.71113398e+03
5.65074333e-07 1.70703117e+03 4.00416003e+03
5.65505364e-07 1.46117905e+03 3.86429593e+03
5.65936394e-07 1.72892858e+03 3.93395935e+03
5.66367424e-07 1.70957682e+03 4.05075097e+03
5.66798455e-07 1.84441573e+03 4.23169352e+03
5.67229485e-07 1.40953364e+03 4.01923527e+03
5.67660515e-07 1.54462654e+03 4.07810007e+03
5.68091545e-07 1.79500840e+03 4.08265830e+03
5.68522576e-07 2.08764568e+03 4.29365105e+03
5.68953606e-07 1.83494483e+03 4.29981994e+03
5.69384636e-07 1.62421507e+03 4.12075442e+03
5.69815667e-07 1.64340090e+03 4.11333615e+03
5.70246697e-07 1.91957790e+03 4.31467290e+03
5.70677727e-07 1.78152650e+03 4.17474517e+03
5.71108758e-07 1.71165899e+03 4.12522251e+03
5.71539788e-07 2.04440290e+03 4.29844375e+03
5.71970818e-07 1.79168326e+03 4.20377560e+03
5.72401848e-07 1.69056894e+03 4.17690015e+03
5.72832879e-07 1.72654357e+03 4.17836537e+03
5.73263909e-07 1.62645586e+03 4.19757219e+03
5.73694939e-07 1.96648329e+03 4.22618071e+03
5.74125970e-07 1.51811233e+03 4.11789596e+03
5.74557000e-07 1.95215087e+03 4.19385083e+03
5.74988030e-07 1.59181857e+03 4.11279179e+03
5.75419061e-07 1.47152994e+03 4.06590345e+03
5.75850091e-07 2.03994133e+03 4.37578055e+03
5.76281121e-07 1.67244547e+03 4.09417824e+03
5.76712152e-07 1.84920567e+03 4.11646932e+03
5.77143182e-07 1.85150971e+03 4.22815688e+03
5.77574212e-07 2.24151753e+03 4.30362758e+03
5.78005242e-07 2.12639552e+03 4.26066613e+03
5.78436273e-07 1.84703932e+03 4.14488583e+03
5.78867303e-07 1.90257858e+03 4.16948591e+03
5.79298333e-07 1.44974646e+03 4.04847475e+03
5.79729364e-07 1.65810699e+03 4.21271478e+03
5.80160394e-07 2.06133724e+03 4.26877737e+03
5.80591424e-07 1.97245729e+03 4.30926169e+03
5.81022455e-07 1.97840120e+03 4.28437630e+03
5.81453485e-07 1.92431775e+03 4.24714819e+03
5.81884515e-07 1.79303016e+03 4.20792937e+03
5.82315545e-07 1.94381148e+03 4.30340349e+03
5.82746576e-07 1.60519643e+03 6.44573292e+03
5.83177606e-07 1.58877741e+03 6.52999566e+03
5.83608636e-07 1.89742014e+03 6.56225807e+03
5.84039667e-07 2.14193624e+03 6.81722213e+03
5.84470697e-07 1.97428972e+03 4.21540179e+03
5.84901727e-07 1.45790365e+03 4.06213552e+03
5.85332758e-07 1.86730462e+03 4.14815174e+03
5.85763788e-07 1.75628965e+03 4.12833840e+03
5.86194818e-07 1.68595493e+03 4.42713629e+03
5.86625848e-07 1.96016581e+03 4.91203089e+03
5.87056879e-07 1.66232020e+03 4.64847315e+03
5.87487909e-07 2.39927122e+03 4.69803470e+03
5.87918939e-07 2.64619496e+03 4.78577642e+03
5.88349970e-07 8.98397763e+02 5.84128989e+03
5.88781000e-07 3.82114049e+02 1.02713765e+04
5.89212030e-07 2.66460347e+03 1.23382652e+04
5.89643061e-07 2.39159282e+03 9.08068888e+03
5.90074091e-07 2.43232550e+03 6.02431272e+03
5.90505121e-07 2.55236457e+03 4.73791095e+03
5.90936152e-07 1.83128702e+03 4.53878992e+03
5.91367182e-07 2.28940864e+03 4.90675811e+03
5.91798212e-07 2.11160163e+03 4.74072728e+03
5.92229242e-07 2.39283466e+03 4.70791625e+03
5.92660273e-07 2.39783593e+03 4.90372016e+03
5.93091303e-07 2.29671062e+03 5.09749935e+03
5.93522333e-07 2.52636570e+03 4.97094889e+03
5.93953364e-07 2.30728843e+03 4.55252661e+03
5.94384394e-07 1.83155622e+03 4.49886642e+03
5.94815424e-07 1.88983559e+03 4.74367858e+03
5.95246455e-07 2.73126804e+03 5.13025595e+03
5.95677485e-07 2.51186143e+03 4.96213842e+03
5.96108515e-07 2.32558780e+03 4.56570135e+03
5.96539545e-07 2.35646480e+03 4.63052019e+03
5.96970576e-07 2.16588879e+03 4.60045914e+03
5.97401606e-07 2.30510373e+03 4.75456832e+03
5.97832636e-07 2.41176528e+03 4.80427990e+03
5.98263667e-07 2.04728438e+03 4.45105182e+03
5.98694697e-07 2.38408998e+03 4.52302309e+03
5.99125727e-07 2.06403764e+03 4.49905331e+03
5.99556758e-07 2.37750982e+03 4.62415181e+03
5.99987788e-07 2.91385312e+03 4.81042026e+03
6.00418818e-07 2.68358683e+03 4.77019548e+03
6.00849848e-07 2.24603224e+03 4.49695990e+03
6.01280879e-07 2.48355080e+03 4.50792016e+03
6.01711909e-07 2.43605758e+03 4.36784743e+03
6.02142939e-07 1.80328360e+03 4.16169808e+03
6.02573970e-07 2.11897374e+03 4.29383789e+03
6.03005000e-07 1.93939113e+03 4.36101381e+03
6.03436030e-07 2.26823694e+03 4.43649380e+03
6.03867061e-07 1.96029983e+03 4.22283478e+03
6.04298091e-07 2.04026070e+03 4.27048367e+03
6.04729121e-07 2.36262321e+03 4.39202417e+03
6.05160152e-07 2.29931964e+03 4.27028775e+03
6.05591182e-07 2.70186059e+03 4.51381880e+03
6.06022212e-07 2.60875759e+03 4.45696330e+03
6.06453242e-07 2.42296586e+03 4.32107523e+03
6.06884273e-07 2.36162103e+03 4.44535204e+03
6.07315303e-07 2.27067190e+03 4.38186895e+03
6.07746333e-07 2.76360138e+03 4.51045475e+03
6.08177364e-07 2.91020422e+03 4.50768880e+03
6.08608394e-07 2.46505103e+03 4.33801453e+03
6.09039424e-07 2.70648346e+03 4.39076021e+03
6.09470455e-07 2.45993512e+03 4.30226371e+03
6.09901485e-07 2.36039935e+03 4.37142472e+03
6.10332515e-07 2.55809280e+03 4.42230756e+03
6.10763545e-07 2.53607551e+03 4.39888012e+03
6.11194576e-07 2.63437735e+03 4.40666926e+03
6.11625606e-07 2.51837212e+03 4.27625934e+03
6.12056636e-07 2.62068743e+03 4.24674340e+03
6.12487667e-07 2.65611617e+03 4.27305810e+03
6.12918697e-07 2.68381808e+03 4.39372535e+03
6.13349727e-07 2.46023580e+03 4.33164636e+03
6.13780758e-07 2.99786237e+03 4.68887196e+03
6.14211788e-07 2.50879426e+03 4.42352105e+03
6.14642818e-07 2.69595631e+03 4.42719226e+03
6.15073848e-07 2.56291297e+03 4.39970653e+03
6.15504879e-07 2.89109169e+03 4.51135967e+03
6.15935909e-07 2.85089881e+03 4.30748780e+03
6.16366939e-07 2.96793043e+03 4.31872392e+03
6.16797970e-07 2.92422353e+03 4.45645188e+03
6.17229000e-07 2.90761109e+03 4.59338773e+03
6.17660030e-07 2.83236462e+03 4.38793845e+03
6.18091061e-07 2.29234430e+03 4.16802065e+03
6.18522091e-07 2.89081783e+03 4.40330095e+03
6.18953121e-07 3.17982282e+03 4.53885082e+03
6.19384152e-07 2.72093619e+03 4.33445578e+03
6.19815182e-07 2.42250260e+03 4.28067883e+03
6.20246212e-07 1.90775943e+03 4.16667991e+03
6.20677242e-07 2.01983859e+03 4.05113869e+03
6.21108273e-07 2.26986338e+03 4.08588371e+03
6.21539303e-07 2.68078997e+03 4.32011578e+03
6.21970333e-07 2.47409799e+03 4.40247413e+03
6.22401364e-07 2.47762545e+03 4.28269034e+03
6.22832394e-07 2.72339574e+03 4.55879307e+03
6.23263424e-07 2.99543829e+03 5.35173188e+03
6.23694455e-07 2.46518967e+03 8.00138236e+03
6.24125485e-07 3.12847567e+03 7.57204911e+03
6.24556515e-07 2.81317167e+03 6.78293528e+03
6.24987545e-07 2.51794098e+03 6.38578872e+03
6.25418576e-07 2.91005728e+03 5.06320238e+03
6.25849606e-07 3.15001799e+03 5.55005901e+03
6.26280636e-07 3.05550734e+03 5.13381201e+03
6.26711667e-07 2.78135447e+03 4.68507508e+03
6.27142697e-07 2.69811847e+03 4.50611961e+03
6.27573727e-07 2.74887212e+03 4.44536341e+03
6.28004758e-07 2.71106359e+03 4.50824644e+03
6.28435788e-07 2.78251675e+03 5.03792018e+03
6.28866818e-07 3.26153215e+03 5.32498050e+03
6.29297848e-07 1.40562660e+03 6.10179976e+03
6.29728879e-07 1.99499112e+03 1.28196260e+04
6.30159909e-07 4.08367748e+03 1.50836721e+04
6.30590939e-07 4.53275420e+03 8.50857007e+03
6.31021970e-07 3.88639512e+03 5.38003342e+03
6.31453000e-07 2.82165660e+03 4.48557913e+03
6.31884030e-07 2.65691257e+03 4.56556176e+03
6.32315061e-07 2.54354749e+03 4.75619506e+03
6.32746091e-07 2.83550638e+03 5.21762120e+03
6.33177121e-07 3.25864684e+03 5.19074402e+03
6.33608152e-07 3.09158366e+03 4.59052918e+03
6.34039182e-07 3.26221168e+03 4.49763447e+03
6.34470212e-07 3.29206693e+03 4.75642067e+03
6.34901242e-07 3.15262820e+03 4.83295468e+03
6.35332273e-07 3.04952951e+03 5.11249244e+03
6.35763303e-07 2.59527229e+03 5.92689618e+03
6.36194333e-07 3.01027798e+03 8.01085353e+03
6.36625364e-07 4.23983046e+03 7.35433287e+03
6.37056394e-07 4.09105444e+03 5.20408155e+03
6.37487424e-07 3.80588092e+03 4.79605690e+03
6.37918455e-07 3.00725932e+03 4.60249072e+03
6.38349485e-07 3.01281397e+03 4.67205325e+03
6.38780515e-07 3.31515760e+03 4.66677780e+03
6.39211545e-07 3.54108847e+03 4.56357116e+03
6.39642576e-07 3.22289196e+03 4.31412563e+03
6.40073606e-07 3.20108764e+03 4.33062345e+03
6.40504636e-07 3.26538631e+03 4.37544062e+03
6.40935667e-07 2.90482312e+03 4.26713629e+03
6.41366697e-07 3.53752065e+03 4.46902048e+03
6.41797727e-07 3.53192705e+03 4.61842107e+03
6.42228758e-07 3.43937104e+03 4.52990867e+03
6.42659788e-07 3.60786037e+03 4.47533935e+03
6.43090818e-07 3.57014682e+03 4.49348010e+03
6.43521848e-07 3.27386156e+03 4.29752714e+03
6.43952879e-07 3.24610274e+03 4.30566599e+03
6.44383909e-07 3.17704415e+03 4.32067602e+03
6.44814939e-07 3.19063564e+03 4.46379066e+03
6.45245970e-07 3.12455659e+03 4.47966745e+03
6.45677000e-07 3.36598591e+03 4.56525675e+03
6.46108030e-07 2.92012506e+03 4.67183013e+03
6.46539061e-07 3.42354719e+03 5.24866332e+03
6.46970091e-07 3.49261816e+03 5.21754877e+03
6.47401121e-07 3.33086375e+03 4.69909348e+03
6.47832152e-07 3.23884250e+03 4.41548327e+03
6.48263182e-07 3.37901551e+03 4.32106143e+03
6.48694212e-07 3.53587900e+03 4.35190689e+03
6.49125242e-07 3.29935476e+03 4.46625207e+03
6.49556273e-07 3.32998211e+03 5.13658803e+03
6.49987303e-07 3.54567265e+03 5.47840506e+03
6.50418333e-07 3.47026395e+03 4.95791492e+03
6.50849364e-07 3.78990126e+03 4.63892562e+03
6.51280394e-07 3.83388313e+03 4.50123158e+03
6.51711424e-07 3.55795927e+03 4.49380432e+03
6.52142455e-07 3.39811419e+03 4.54764625e+03
6.52573485e-07 3.88845547e+03 4.79136609e+03
6.53004515e-07 3.87469879e+03 5.16001932e+03
6.53435545e-07 3.32348289e+03 5.06327626e+03
6.53866576e-07 3.60413060e+03 4.83100148e+03
6.54297606e-07 3.76069592e+03 4.86613917e+03
6.54728636e-07 3.79585864e+03 5.04914027e+03
6.55159667e-07 3.96477268e+03 5.39836003e+03
6.55590697e-07 3.71025228e+03 5.12387941e+03
6.56021727e-07 3.92289129e+03 4.78642041e+03
6.56452758e-07 4.17738903e+03 4.92425190e+03
6.56883788e-07 3.55217298e+03 4.77537596e+03
6.57314818e-07 3.36385572e+03 4.78375070e+03
6.57745848e-07 3.21985870e+03 4.98386757e+03
6.58176879e-07 3.60471176e+03 4.72802072e+03
6.58607909e-07 3.68810011e+03 4.41861057e+03
6.59038939e-07 3.87326268e+03 4.54245319e+03
6.59469970e-07 4.11751640e+03 4.78809794e+03
6.59901000e-07 3.91095526e+03 4.86887350e+03
6.60332030e-07 3.65972844e+03 4.88360203e+03
6.60763061e-07 3.66590680e+03 4.59333467e+03
6.61194091e-07 3.93190185e+03 4.47191744e+03
6.61625121e-07 4.03280594e+03 4.52759891e+03
6.62056152e-07 3.93311261e+03 4.47515079e+03
6.62487182e-07 3.68093214e+03 4.48887900e+03
6.62918212e-07 3.69580632e+03 4.51201230e+03
6.63349242e-07 3.65593031e+03 4.61296995e+03
6.63780273e-07 3.88962200e+03 4.61272186e+03
6.64211303e-07 3.67651409e+03 4.39995445e+03
6.64642333e-07 3.68435086e+03 4.34083166e+03
6.65073364e-07 3.78007983e+03 4.40889701e+03
6.65504394e-07 3.83207262e+03 4.37981593e+03
6.65935424e-07 3.84657841e+03 4.46882359e+03
6.66366455e-07 4.01149606e+03 4.58392531e+03
6.66797485e-07 4.03871336e+03 4.52481309e+03
6.67228515e-07 4.00701539e+03 4.48560290e+03
6.67659545e-07 4.32017552e+03 4.46452497e+03
6.68090576e-07 3.93240431e+03 4.44310848e+03
6.68521606e-07 3.57133243e+03 4.27766095e+03
6.68952636e-07 3.76218346e+03 4.34466556e+03
6.69383667e-07 3.96091033e+03 4.48610383e+03
6.69814697e-07 3.86810274e+03 4.44286383e+03
6.70245727e-07 3.46711032e+03 4.31605958e+03
6.70676758e-07 3.69816410e+03 4.40072744e+03
6.71107788e-07 3.75311238e+03 4.33077354e+03
6.71538818e-07 3.62291489e+03 4.30537217e+03
6.71969848e-07 3.72570864e+03 4.29744599e+03
6.72400879e-07 4.34027492e+03 4.41020073e+03
6.72831909e-07 4.27647505e+03 4.54293620e+03
6.73262939e-07 4.33426356e+03 4.56625616e+03
6.73693970e-07 4.15677602e+03 4.47371502e+03
6.74125000e-07 3.89146223e+03 4.41267640e+03
6.74556030e-07 4.09856155e+03 4.41081599e+03
6.74987061e-07 4.28724213e+03 4.43498598e+03
6.75418091e-07 3.98159073e+03 4.32255236e+03
6.75849121e-07 3.94319388e+03 4.31593350e+03
6.76280152e-07 3.92586728e+03 4.27513259e+03
6.76711182e-07 3.93466607e+03 4.26406850e+03
6.77142212e-07 4.05245076e+03 4.33797773e+03
6.77573242e-07 4.15223431e+03 4.33262274e+03
6.78004273e-07 3.94720640e+03 4.29382225e+03
6.78435303e-07 4.03652705e+03 4.27444929e+03
6.78866333e-07 3.91247089e+03 4.27965361e+03
6.79297364e-07 3.92025295e+03 4.22641552e+03
6.79728394e-07 3.87884244e+03 4.15719332e+03
6.80159424e-07 3.68342096e+03 4.09753842e+03
6.80590455e-07 4.14145624e+03 4.32320834e+03
6.81021485e-07 4.14398232e+03 4.37212435e+03
6.81452515e-07 4.29810258e+03 4.38919245e+03
6.81883545e-07 4.10365392e+03 4.37335396e+03
6.82314576e-07 3.64406443e+03 4.89675810e+03
6.82745606e-07 3.92362915e+03 6.49361552e+03
6.83176636e-07 4.64430185e+03 7.22422745e+03
6.83607667e-07 4.72574171e+03 6.21874138e+03
6.84038697e-07 4.26363505e+03 5.05248742e+03
6.84469727e-07 4.11462757e+03 4.54759293e+03
6.84900758e-07 4.46840148e+03 4.47949644e+03
6.85331788e-07 4.05865022e+03 4.37594152e+03
6.85762818e-07 3.99584713e+03 5.19654753e+03
6.86193848e-07 3.81149337e+03 6.72558329e+03
6.86624879e-07 4.14816739e+03 6.12465167e+03
6.87055909e-07 4.14132526e+03 4.40957227e+03
6.87486939e-07 3.45028573e+03 3.93986090e+03
6.87917970e-07 3.77025618e+03 4.42225549e+03
6.88349000e-07 4.21775678e+03 4.71006387e+03
6.88780030e-07 3.88980451e+03 4.57648204e+03
6.89211061e-07 3.80963915e+03 4.41785794e+03
6.89642091e-07 3.91851666e+03 4.47249819e+03
6.90073121e-07 3.82870349e+03 4.47099439e+03
6.90504152e-07 3.59128517e+03 4.32362637e+03
6.90935182e-07 3.87468114e+03 4.74244752e+03
6.91366212e-07 4.32499050e+03 5.12583404e+03
6.91797242e-07 4.19629068e+03 5.22963294e+03
6.92228273e-07 4.10464322e+03 5.70133172e+03
6.92659303e-07 4.90399803e+03 5.31344533e+03
6.93090333e-07 4.45058125e+03 4.48986234e+03
6.93521364e-07 3.78673839e+03 4.54659681e+03
6.93952394e-07 3.97354145e+03 4.91428137e+03
6.94383424e-07 3.92160223e+03 5.18198926e+03
6.94814455e-07 3.69436728e+03 5.62011722e+03
6.95245485e-07 4.51216408e+03 5.38087956e+03
6.95676515e-07 4.15450415e+03 4.56053397e+03
6.96107545e-07 4.06116584e+03 4.46188785e+03
6.96538576e-07 4.09732557e+03 4.72082289e+03
6.96969606e-07 4.20516497e+03 5.01374326e+03
6.97400636e-07 4.14801560e+03 5.29779809e+03
6.97831667e-07 4.03852946e+03 5.44278302e+03
6.98262697e-07 4.66307075e+03 4.93266163e+03
6.98693727e-07 4.04305622e+03 4.33820334e+03
6.99124758e-07 3.93868200e+03 4.26975347e+03
6.99555788e-07 4.17819717e+03 4.43938661e+03
6.99986818e-07 4.05716897e+03 4.53863998e+03
7.00417848e-07 4.03605432e+03 4.62696306e+03
7.00848879e-07 4.09637007e+03 4.79089951e+03
7.01279909e-07 4.05821948e+03 4.66521206e+03
7.01710939e-07 4.01214031e+03 4.26958825e+03
7.02141970e-07 3.83820713e+03 4.08717146e+03
7.02573000e-07 3.80838331e+03 4.01644201e+03
7.03004030e-07 3.99357666e+03 4.08592820e+03
7.03435061e-07 4.04966553e+03 4.17537714e+03
7.03866091e-07 3.91079347e+03 4.26942528e+03
7.04297121e-07 4.03532949e+03 4.70128413e+03
7.04728152e-07 3.90813254e+03 5.01169814e+03
7.05159182e-07 4.38638031e+03 4.95945699e+03
7.05590212e-07 4.75002410e+03 4.70479738e+03
7.06021242e-07 4.38607685e+03 4.52811410e+03
7.06452273e-07 3.63661399e+03 4.44033265e+03
7.06883303e-07 3.41303099e+03 4.35288082e+03
7.07314333e-07 3.71298119e+03 4.39690734e+03
7.07745364e-07 3.86443555e+03 4.50519295e+03
7.08176394e-07 3.89548032e+03 4.53338451e+03
7.08607424e-07 3.93055938e+03 4.63414047e+03
7.09038455e-07 4.22564187e+03 4.69328247e+03
7.09469485e-07 4.76943201e+03 4.66671194e+03
7.09900515e-07 4.64619518e+03 4.53275474e+03
7.10331545e-07 4.02353695e+03 4.29440839e+03
7.10762576e-07 4.12201221e+03 4.28917179e+03
7.11193606e-07 4.66665972e+03 4.51777178e+03
7.11624636e-07 4.45089931e+03 4.44185540e+03
7.12055667e-07 4.49042853e+03 4.45884840e+03
7.12486697e-07 4.77741823e+03 4.57397189e+03
7.12917727e-07 4.50593938e+03 4.60750648e+03
7.13348758e-07 4.67841732e+03 4.60883487e+03
7.13779788e-07 4.33453701e+03 4.54239341e+03
7.14210818e-07 4.38520255e+03 4.85656030e+03
7.14641848e-07 4.27598935e+03 4.78651841e+03
7.15072879e-07 4.05775893e+03 4.47564537e+03
7.15503909e-07 4.19810929e+03 4.43387159e+03
7.15934939e-07 4.36100490e+03 4.56182125e+03
7.16365970e-07 3.84192883e+03 4.34912913e+03
7.16797000e-07 3.86627906e+03 4.23410395e+03
7.17228030e-07 3.71252979e+03 4.06650480e+03
7.17659061e-07 3.74015717e+03 4.09333022e+03
7.18090091e-07 3.70860917e+03 3.91785127e+03
7.18521121e-07 3.23966966e+03 3.54927882e+03
7.18952152e-07 3.43429103e+03 3.58700175e+03
7.19383182e-07 3.64860894e+03 3.71159361e+03
7.19814212e-07 3.40133662e+03 3.57286813e+03
7.20245242e-07 2.82084379e+03 4.87721103e+03
7.20676273e-07 3.10752135e+03 5.12108312e+03
7.21107303e-07 3.37671204e+03 5.31191224e+03
7.21538333e-07 3.68979280e+03 3.92085232e+03
7.21969364e-07 3.94466287e+03 4.14029719e+03
7.22400394e-07 3.62980004e+03 3.94737512e+03
7.22831424e-07 3.26746413e+03 3.84797293e+03
7.23262455e-07 3.21895468e+03 4.63983484e+03
7.23693485e-07 2.85888533e+03 7.14230972e+03
7.24124515e-07 3.78837702e+03 9.54504727e+03
7.24555545e-07 3.96219578e+03 8.60920561e+03
7.24986576e-07 3.82238263e+03 6.03577039e+03
7.25417606e-07 3.46723852e+03 4.78740716e+03
7.25848636e-07 3.38903505e+03 4.25775590e+03
7.26279667e-07 3.02035743e+03 3.99721651e+03
7.26710697e-07 3.16500102e+03 4.51180459e+03
7.27141727e-07 2.81883832e+03 6.56222134e+03
7.27572758e-07 2.66908920e+03 8.46204171e+03
7.28003788e-07 3.51760862e+03 7.79904016e+03
7.28434818e-07 3.88548992e+03 6.50868459e+03
7.28865848e-07 3.76924071e+03 5.15887869e+03
7.29296879e-07 3.25687436e+03 4.45204332e+03
7.29727909e-07 3.21074219e+03 4.70658738e+03
7.30158939e-07 3.12256635e+03 4.91675233e+03
7.30589970e-07 3.39068045e+03 4.99103083e+03
7.31021000e-07 3.42461724e+03 5.80856285e+03
7.31452030e-07 3.07282104e+03 7.71009291e+03
7.31883061e-07 3.92963517e+03 7.18437962e+03
7.32314091e-07 4.28760975e+03 5.57888144e+03
7.32745121e-07 3.66412490e+03 5.87570256e+03
7.33176152e-07 4.00038266e+03 5.96952903e+03
7.33607182e-07 3.73250535e+03 7.20037458e+03
7.34038212e-07 3.81162586e+03 9.07472668e+03
7.34469242e-07 4.60131020e+03 7.19698708e+03
7.34900273e-07 3.80722920e+03 4.83512966e+03
7.35331303e-07 3.34580864e+03 5.18318478e+03
7.35762333e-07 3.73647614e+03 5.99429856e+03
7.36193364e-07 3.99087050e+03 6.16479744e+03
7.36624394e-07 3.27321274e+03 7.10149026e+03
7.37055424e-07 3.47929873e+03 7.38246332e+03
7.37486455e-07 4.50714404e+03 5.57724985e+03
7.37917485e-07 3.80925095e+03 4.37291652e+03
7.38348515e-07 3.73379495e+03 4.43820317e+03
7.38779545e-07 3.86104838e+03 5.04752864e+03
7.39210576e-07 3.83082994e+03 5.60490411e+03
7.39641606e-07 4.14610403e+03 6.10322692e+03
7.40072636e-07 3.66662580e+03 6.68274085e+03
7.40503667e-07 4.54879416e+03 6.01381714e+03
7.40934697e-07 4.08082965e+03 4.51707704e+03
7.41365727e-07 3.67414549e+03 4.23879292e+03
7.41796758e-07 3.98060073e+03 4.31935436e+03
7.42227788e-07 3.70964529e+03 4.40011888e+03
7.42658818e-07 3.63528753e+03 4.62912094e+03
7.43089848e-07 3.76937229e+03 5.14327149e+03
7.43520879e-07 3.95471895e+03 5.57289961e+03
7.43951909e-07 4.21556572e+03 5.64617959e+03
7.44382939e-07 4.52743925e+03 4.88684210e+03
7.44813970e-07 3.93791291e+03 4.26280247e+03
7.45245000e-07 4.35709880e+03 4.44328303e+03
7.45676030e-07 4.33468372e+03 4.47093985e+03
7.46107061e-07 3.61473475e+03 4.46280508e+03
7.46538091e-07 3.58927710e+03 4.96045653e+03
7.46969121e-07 3.66907809e+03 5.46089811e+03
7.47400152e-07 3.81803818e+03 5.75258593e+03
7.47831182e-07 3.40881166e+03 5.83237212e+03
7.48262212e-07 3.63694061e+03 5.87410051e+03
7.48693242e-07 4.41547201e+03 5.29508447e+03
7.49124273e-07 3.91213437e+03 4.64484517e+03
7.49555303e-07 4.05943341e+03 4.58426024e+03
7.49986333e-07 4.28094025e+03 4.53427174e+03
7.50417364e-07 3.66404218e+03 4.26192012e+03
7.50848394e-07 3.83516080e+03 4.27106428e+03
7.51279424e-07 3.86352461e+03 4.41539974e+03
7.51710455e-07 3.83118056e+03 5.37497888e+03
7.52141485e-07 3.39448848e+03 6.86282562e+03
7.52572515e-07 4.04051041e+03 7.02805788e+03
7.53003545e-07 4.56123508e+03 5.86205062e+03
7.53434576e-07 4.28719398e+03 4.89274635e+03
7.53865606e-07 3.95232903e+03 4.44055075e+03
7.54296636e-07 4.24616354e+03 4.52545707e+03
7.54727667e-07 4.32531338e+03 4.50472518e+03
7.55158697e-07 4.20089018e+03 4.57482036e+03
7.55589727e-07 4.21169834e+03 4.87600652e+03
7.56020758e-07 4.17839400e+03 4.73410903e+03
7.56451788e-07 3.95022423e+03 4.96877797e+03
7.56882818e-07 3.34260998e+03 5.85545476e+03
7.57313848e-07 3.70134115e+03 5.92282063e+03
7.57744879e-07 4.56526939e+03 5.17991929e+03
7.58175909e-07 4.32833858e+03 4.66622033e+03
7.58606939e-07 3.91312300e+03 4.70328432e+03
7.59037970e-07 3.60525388e+03 4.29482392e+03
7.59469000e-07 2.63939932e+03 3.49470155e+03
7.59900030e-07 1.71644634e+03 2.93100472e+03
7.60331061e-07 1.18563659e+03 2.34925911e+03
7.60762091e-07 1.34630812e+03 2.42220021e+03
7.61193121e-07 1.61738138e+03 2.89345143e+03
7.61624152e-07 1.87282429e+03 3.56355578e+03
7.62055182e-07 2.60099452e+03 3.97316699e+03
7.62486212e-07 2.12496672e+03 3.73244772e+03
7.62917242e-07 1.76019993e+03 3.53460071e+03
7.63348273e-07 2.41772537e+03 3.45914100e+03
7.63779303e-07 2.48533118e+03 3.40161174e+03
7.64210333e-07 2.25712722e+03 3.25496090e+03
7.64641364e-07 2.71911825e+03 3.37670168e+03
7.65072394e-07 2.89543015e+03 3.70985779e+03
7.65503424e-07 3.30797627e+03 4.06235426e+03
7.65934455e-07 3.09053284e+03 4.21674698e+03
7.66365485e-07 3.52990667e+03 4.34899552e+03
7.66796515e-07 3.93187209e+03 4.22860472e+03
7.67227545e-07 4.04055743e+03 4.07086148e+03
7.67658576e-07 3.89491582e+03 4.00668638e+03
7.68089606e-07 3.60739393e+03 4.24262444e+03
7.68520636e-07 4.23450000e+03 4.66678341e+03
7.68951667e-07 3.95186994e+03 4.71431781e+03
7.69382697e-07 4.19996387e+03 4.80437927e+03
7.69813727e-07 3.84640698e+03 4.67472562e+03
7.70244758e-07 3.57446578e+03 4.62857047e+03
7.70675788e-07 4.08625199e+03 6.86684844e+03
7.71106818e-07 2.80483343e+03 1.11280996e+04
7.71537848e-07 3.79429876e+03 1.29868408e+04
7.71968879e-07 5.15864331e+03 1.02962133e+04
7.72399909e-07 4.40563750e+03 7.15042189e+03
7.72830939e-07 4.08527064e+03 5.78914731e+03
7.73261970e-07 4.47117241e+03 5.17060060e+03
7.73693000e-07 3.74159728e+03 4.68519163e+03
7.74124030e-07 3.21002438e+03 5.00990413e+03
7.74555061e-07 3.65021145e+03 8.56291421e+03
7.74986091e-07 3.91451009e+03 1.15370090e+04
7.75417121e-07 5.59786631e+03 1.00847017e+04
7.75848152e-07 4.62431015e+03 7.57687277e+03
7.76279182e-07 4.30670885e+03 6.22658586e+03
7.76710212e-07 4.59715882e+03 5.58655310e+03
7.77141242e-07 3.50943793e+03 5.94106762e+03
7.77572273e-07 3.98811938e+03 6.53893176e+03
7.78003303e-07 4.45932292e+03 6.36748732e+03
7.78434333e-07 4.00486963e+03 5.94769316e+03
7.78865364e-07 3.62139124e+03 7.53273302e+03
7.79296394e-07 3.56355364e+03 9.49634155e+03
7.79727424e-07 5.03109615e+03 7.98037009e+03
7.80158455e-07 4.80985188e+03 5.92327712e+03
7.80589485e-07 4.08101584e+03 6.53654813e+03
7.81020515e-07 4.12019419e+03 6.63836361e+03
7.81451545e-07 3.69180070e+03 7.31018959e+03
7.81882576e-07 3.83517570e+03 1.02940901e+04
7.82313606e-07 4.02045839e+03 9.85202147e+03
7.82744636e-07 4.27758585e+03 6.17963002e+03
7.83175667e-07 4.25337110e+03 4.89840674e+03
7.83606697e-07 4.10868907e+03 5.57642632e+03
7.84037727e-07 3.76496932e+03 6.35753569e+03
7.84468758e-07 4.09141925e+03 6.93608782e+03
7.84899788e-07 3.28808888e+03 9.44604015e+03
7.85330818e-07 3.62630442e+03 1.15609754e+04
7.85761848e-07 4.59315499e+03 9.79745721e+03
7.86192879e-07 4.35649964e+03 7.65109832e+03
7.86623909e-07 3.84339880e+03 7.47224109e+03
7.87054939e-07 4.68928912e+03 7.85868665e+03
7.87485970e-07 5.77957094e+03 7.80289424e+03
7.87917000e-07 5.29003841e+03 7.76099670e+03
7.88348030e-07 4.03802664e+03 7.88521476e+03
7.88779061e-07 3.71890860e+03 8.45778400e+03
7.89210091e-07 4.47626179e+03 7.59823172e+03
7.89641121e-07 4.81941885e+03 5.78618217e+03
7.90072152e-07 4.67690933e+03 4.98730664e+03
7.90503182e-07 4.72314108e+03 6.20781501e+03
7.90934212e-07 3.58797329e+03 9.40121136e+03
7.91365242e-07 3.02045492e+03 1.18285627e+04
7.91796273e-07 3.52092797e+03 1.02109314e+04
7.92227303e-07 3.99598740e+03 7.86559573e+03
7.92658333e-07 4.32887283e+03 7.10225895e+03
7.93089364e-07 3.83678944e+03 6.83271263e+03
7.93520394e-07 4.06408224e+03 5.85781099e+03
7.93951424e-07 3.75749260e+03 4.89974552e+03
7.94382455e-07 3.56308056e+03 5.40168511e+03
7.94813485e-07 3.63754473e+03 5.89093680e+03
7.95244515e-07 3.73435212e+03 5.37316017e+03
7.95675545e-07 3.44185391e+03 5.50437715e+03
7.96106576e-07 2.90158843e+03 7.77593149e+03
7.96537606e-07 3.09958534e+03 8.72881086e+03
7.96968636e-07 3.79567854e+03 6.86988135e+03
7.97399667e-07 3.41733034e+03 6.08565460e+03
7.97830697e-07 3.35907180e+03 6.90092110e+03
7.98261727e-07 4.39931655e+03 6.64565979e+03
7.98692758e-07 3.62620892e+03 7.02305598e+03
7.99123788e-07 3.27516476e+03 9.42954988e+03
7.99554818e-07 3.91824230e+03 8.82455198e+03
7.99985848e-07 5.18419712e+03 6.10610168e+03
8.00416879e-07 5.05138640e+03 5.28361001e+03
