1.03600000e-01
3.61628030e-07 3.30660353e+02 3.69378971e+02
3.62059061e-07 6.12866314e+00 3.26849577e+02
3.62490091e-07 4.27726192e+00 3.08764313e+02
3.62921121e-07 2.25940190e+01 3.50608683e+02
3.63352152e-07 4.89377828e+01 4.00246635e+02
3.63783182e-07 6.32710988e+01 4.14234738e+02
3.64645242e-07 5.98360411e+01 3.58839977e+02
3.65076273e-07 7.37244802e+01 3.61375262e+02
3.65507303e-07 4.76824687e+01 3.71141813e+02
3.65938333e-07 3.11698398e+01 3.65222047e+02
3.66369364e-07 5.32163417e+01 3.56748761e+02
3.66800394e-07 9.99675496e+01 3.65806148e+02
3.67231424e-07 1.47341590e+02 3.58581722e+02
3.67662455e-07 7.09279222e+01 3.30976012e+02
3.68093485e-07 4.00535193e+01 3.30363281e+02
3.68524515e-07 4.11112786e+01 3.08184177e+02
3.68955545e-07 3.76371569e+01 3.35356025e+02
3.69386576e-07 8.12587134e+01 3.68966183e+02
3.69817606e-07 7.52727557e+01 3.75775377e+02
3.70248636e-07 3.81980003e+01 3.81977014e+02
3.70679667e-07 7.01520724e+01 3.88766235e+02
3.71110697e-07 2.91270704e+01 3.80982210e+02
3.71541727e-07 5.02117438e+01 3.78423936e+02
3.71972758e-07 4.55077287e+01 3.68864108e+02
3.72403788e-07 6.33400531e+01 3.64850425e+02
3.72834818e-07 1.24102287e+02 4.19824876e+02
3.73265848e-07 1.25635128e+02 4.57365584e+02
3.73696879e-07 1.32200804e+02 5.00352876e+02
3.74127909e-07 1.88806904e+02 5.08294741e+02
3.74558939e-07 6.59287227e+01 4.81377950e+02
3.74989970e-07 6.66616213e+01 4.29612685e+02
3.75852030e-07 2.92454294e+01 4.01133242e+02
3.76283061e-07 1.70819335e+01 3.80673279e+02
3.76714091e-07 6.80575785e+01 4.08276917e+02
3.77145121e-07 1.40063426e+02 4.33944993e+02
3.77576152e-07 1.82803759e+02 4.40447359e+02
3.78007182e-07 8.89298973e+01 4.02705442e+02
3.78438212e-07 1.82448909e+01 3.93603427e+02
3.78869242e-07 1.41591097e+02 4.65945071e+02
3.79300273e-07 7.41798592e+01 4.51740157e+02
3.79731303e-07 1.02951244e+02 4.50596669e+02
3.80162333e-07 3.48919094e+01 4.04512989e+02
3.80593364e-07 1.71654488e+02 4.38892473e+02
3.81024394e-07 1.17578738e+02 4.41472242e+02
3.81455424e-07 1.94295035e+02 4.83154071e+02
3.81886455e-07 8.72840658e+01 4.58887060e+02
3.82317485e-07 1.05535013e+02 4.93099516e+02
3.82748515e-07 8.01638426e+01 4.95549860e+02
3.83179545e-07 1.14120289e+02 5.63933479e+02
3.83610576e-07 1.79842747e+02 5.78415628e+02
3.84041606e-07 3.19062340e+01 4.82185984e+02
3.84472636e-07 1.16204007e+02 5.26146550e+02
3.84903667e-07 1.72717099e+02 5.20112182e+02
3.85334697e-07 1.03133536e+02 4.68625554e+02
3.85765727e-07 1.70963859e+02 4.82572565e+02
3.86196758e-07 1.60639597e+02 4.55734152e+02
3.86627788e-07 2.10189683e+02 4.47893176e+02
3.87058818e-07 1.75216888e+02 4.53516455e+02
3.87489848e-07 9.15419578e+01 4.48243800e+02
3.87920879e-07 1.25747510e+02 4.37685426e+02
3.88351909e-07 8.12506330e+01 4.07669205e+02
3.88782939e-07 1.53949500e+02 4.36787483e+02
3.89213970e-07 2.03680294e+02 4.80118675e+02
3.89645000e-07 1.54772770e+02 4.91039694e+02
3.90076030e-07 1.57402159e+02 4.99908086e+02
3.90507061e-07 1.44608744e+02 5.23952575e+02
3.90938091e-07 2.08208150e+02 5.69480502e+02
3.91369121e-07 2.48128506e+02 6.02835671e+02
3.91800152e-07 1.36376701e+02 5.27262072e+02
3.92231182e-07 1.27716432e+02 4.72997574e+02
3.92662212e-07 1.90596775e+02 4.83265968e+02
3.93093242e-07 1.74236214e+02 4.82214876e+02
3.93524273e-07 1.27214715e+02 4.88715809e+02
3.93955303e-07 2.08890113e+02 5.45857024e+02
3.94386333e-07 1.17829477e+02 5.61070270e+02
3.94817364e-07 1.58080524e+02 5.83603337e+02
3.95248394e-07 2.06131945e+02 5.68125635e+02
3.95679424e-07 2.54589174e+02 5.39371168e+02
3.96110455e-07 2.32966288e+02 5.28118697e+02
3.96541485e-07 2.64939397e+02 5.03721816e+02
3.96972515e-07 2.98485262e+02 5.28743623e+02
3.97403545e-07 2.14219181e+02 5.61377846e+02
3.97834576e-07 2.79829544e+02 6.16329715e+02
3.98265606e-07 3.05994673e+02 5.98206818e+02
3.98696636e-07 2.46601747e+02 8.01212728e+02
3.99127667e-07 2.93408131e+02 8.33778002e+02
3.99558697e-07 1.22936267e+02 7.70008598e+02
3.99989727e-07 3.64895930e+02 6.17621636e+02
4.00420758e-07 1.56176841e+02 5.74861819e+02
4.00851788e-07 2.58564193e+02 6.60757556e+02
4.01282818e-07 3.53626673e+02 7.22775607e+02
4.01713848e-07 2.31315540e+02 6.12606243e+02
4.02144879e-07 3.09018260e+02 6.43106948e+02
4.02575909e-07 2.17774371e+02 6.11769343e+02
4.03006939e-07 2.14501399e+02 6.09412460e+02
4.03437970e-07 2.96694820e+02 6.77582452e+02
4.03869000e-07 1.61413075e+02 6.57352822e+02
4.04300030e-07 2.83181351e+02 7.11179806e+02
4.04731061e-07 3.50018439e+02 7.78804788e+02
4.05162091e-07 2.11781361e+02 6.74860710e+02
4.05593121e-07 1.79098045e+02 6.72090929e+02
4.06024152e-07 2.24385854e+02 7.18555157e+02
4.06455182e-07 2.56235767e+02 7.89233539e+02
4.06886212e-07 3.21121129e+02 8.13001463e+02
4.07317242e-07 3.53876813e+02 7.77822868e+02
4.07748273e-07 3.26051242e+02 7.77290834e+02
4.08179303e-07 1.45254199e+02 7.03694642e+02
4.08610333e-07 2.25327360e+02 7.14944688e+02
4.09041364e-07 3.81053865e+02 7.52636701e+02
4.09472394e-07 2.81646447e+02 7.02624918e+02
4.09903424e-07 2.37469067e+02 6.68631077e+02
4.10334455e-07 2.60558725e+02 6.67594747e+02
4.10765485e-07 2.98746609e+02 6.95690113e+02
4.11196515e-07 4.65064885e+02 7.84373449e+02
4.11627545e-07 5.07687979e+02 7.93150743e+02
4.12058576e-07 3.00353866e+02 7.20666055e+02
4.12489606e-07 1.35051093e+02 6.85861169e+02
4.12920636e-07 2.18607339e+02 7.06117254e+02
4.13351667e-07 2.08315437e+02 7.14209215e+02
4.13782697e-07 1.69539592e+02 7.14132103e+02
4.14213727e-07 2.37938959e+02 7.18721169e+02
4.14644758e-07 3.26533158e+02 7.26351806e+02
4.15075788e-07 4.07826570e+02 7.81318064e+02
4.15506818e-07 3.12425132e+02 8.04547021e+02
4.15937848e-07 2.86011208e+02 8.24813423e+02
4.16368879e-07 3.28988863e+02 8.72343121e+02
4.16799909e-07 2.94779584e+02 9.16342887e+02
4.17230939e-07 4.44695456e+02 9.11746479e+02
4.17661970e-07 3.64963083e+02 8.59940499e+02
4.18093000e-07 3.89759960e+02 8.52524868e+02
4.18524030e-07 3.56592207e+02 8.18930647e+02
4.18955061e-07 3.79981951e+02 8.05594096e+02
4.19386091e-07 2.76415345e+02 7.60910544e+02
4.19817121e-07 3.60949692e+02 7.80469126e+02
4.20248152e-07 4.35848247e+02 7.97088722e+02
4.20679182e-07 4.61922524e+02 8.47288233e+02
4.21110212e-07 5.04837722e+02 8.30717372e+02
4.21541242e-07 4.04642670e+02 8.31611167e+02
4.21972273e-07 3.86330540e+02 8.37461632e+02
4.22403303e-07 4.65789010e+02 8.25706054e+02
4.22834333e-07 4.67301816e+02 8.22934790e+02
4.23265364e-07 4.20549943e+02 7.85501028e+02
4.23696394e-07 2.72508562e+02 7.62908176e+02
4.24127424e-07 3.85295638e+02 8.25329071e+02
4.24558455e-07 4.31411728e+02 8.79596739e+02
4.24989485e-07 5.49178686e+02 9.44946715e+02
4.25420515e-07 5.08695332e+02 9.61483304e+02
4.25851545e-07 4.07315936e+02 8.84610299e+02
4.26282576e-07 4.66156945e+02 9.01141017e+02
4.26713606e-07 4.89741119e+02 9.02685991e+02
4.27144636e-07 4.86402578e+02 9.24083772e+02
4.27575667e-07 4.42308458e+02 9.15276676e+02
4.28006697e-07 3.82654782e+02 1.36842529e+03
4.28437727e-07 3.39258080e+02 1.36502269e+03
4.28868758e-07 3.86840881e+02 1.36331715e+03
4.29299788e-07 3.94365973e+02 1.43490877e+03
4.29730818e-07 2.48837403e+02 1.28617885e+03
4.30161848e-07 5.39981472e+02 9.32959505e+02
4.30592879e-07 4.43404002e+02 9.46590655e+02
4.31023909e-07 5.63641210e+02 1.03418373e+03
4.31454939e-07 6.11995898e+02 1.08831405e+03
4.31885970e-07 6.73206242e+02 1.08995141e+03
4.32317000e-07 5.87867552e+02 1.06086349e+03
4.32748030e-07 5.07259963e+02 1.02295153e+03
4.33179061e-07 5.70010943e+02 1.01324101e+03
4.33610091e-07 4.05983148e+02 9.68872359e+02
4.34041121e-07 4.35724546e+02 9.58120023e+02
4.34472152e-07 3.84543956e+02 9.51522204e+02
4.34903182e-07 4.44516903e+02 1.02173943e+03
4.35334212e-07 7.53715083e+02 1.13310990e+03
4.35765242e-07 6.57113032e+02 1.08879045e+03
4.36196273e-07 4.68375208e+02 1.01489450e+03
4.36627303e-07 5.24573150e+02 1.01641534e+03
4.37058333e-07 5.84869927e+02 1.04174972e+03
4.37489364e-07 4.50709584e+02 1.02872498e+03
4.37920394e-07 2.70314077e+02 9.71855683e+02
4.38351424e-07 4.11636399e+02 1.01407526e+03
4.38782455e-07 4.40830371e+02 1.04211821e+03
4.39213485e-07 4.76920919e+02 1.02559126e+03
4.39644515e-07 6.65020710e+02 1.12396386e+03
4.40075545e-07 7.47960264e+02 1.22583868e+03
4.40506576e-07 7.69690311e+02 1.30987327e+03
4.40937606e-07 6.78571000e+02 1.30733854e+03
4.41368636e-07 7.91184879e+02 1.33554311e+03
4.41799667e-07 8.62225882e+02 1.34692097e+03
4.42230697e-07 7.00377862e+02 1.33535900e+03
4.42661727e-07 6.23050249e+02 1.26673594e+03
4.43092758e-07 6.89099985e+02 1.26343598e+03
4.43523788e-07 8.25517808e+02 1.29392767e+03
4.43954818e-07 6.38019920e+02 1.28135470e+03
4.44385848e-07 6.44362264e+02 1.25568193e+03
4.44816879e-07 7.41406154e+02 1.27216975e+03
4.45247909e-07 7.00474494e+02 1.22612235e+03
4.45678939e-07 7.09134448e+02 1.17614235e+03
4.46109970e-07 8.08446063e+02 1.21810514e+03
4.46541000e-07 7.31012944e+02 1.21501797e+03
4.46972030e-07 7.58322312e+02 1.23471485e+03
4.47403061e-07 6.53921747e+02 1.22025091e+03
4.47834091e-07 6.64079757e+02 1.23678955e+03
4.48265121e-07 6.03384987e+02 1.20441877e+03
4.48696152e-07 7.69462413e+02 1.29519486e+03
4.49127182e-07 7.64035301e+02 1.26585374e+03
4.49558212e-07 8.73235555e+02 1.33801322e+03
4.49989242e-07 7.34345803e+02 1.27478113e+03
4.50420273e-07 6.58965229e+02 1.26570759e+03
4.50851303e-07 6.64250949e+02 1.25594446e+03
4.51282333e-07 7.81535548e+02 1.28882634e+03
4.51713364e-07 7.06113749e+02 1.28295190e+03
4.52144394e-07 6.16109165e+02 1.29765386e+03
4.52575424e-07 6.23495249e+02 1.32756806e+03
4.53006455e-07 7.27888636e+02 1.41962565e+03
4.53437485e-07 7.85391553e+02 1.42524937e+03
4.53868515e-07 5.41082090e+02 1.35231096e+03
4.54299545e-07 6.31933580e+02 1.42584025e+03
4.54730576e-07 7.28711558e+02 1.45001941e+03
4.55161606e-07 9.23762876e+02 1.50039038e+03
4.55592636e-07 8.38163420e+02 1.44328704e+03
4.56023667e-07 9.03805697e+02 1.49151529e+03
4.56454697e-07 8.28973583e+02 1.41342502e+03
4.56885727e-07 9.22667170e+02 1.38300952e+03
4.57316758e-07 9.53620523e+02 1.46083188e+03
4.57747788e-07 9.06595189e+02 1.48989363e+03
4.58178818e-07 9.31341621e+02 1.53872002e+03
4.58609848e-07 9.03180258e+02 1.52117714e+03
4.59040879e-07 9.30200100e+02 1.47309762e+03
4.59471909e-07 1.16367770e+03 1.53160200e+03
4.59902939e-07 7.33393616e+02 1.41976986e+03
4.60333970e-07 1.03505465e+03 1.53308513e+03
4.60765000e-07 8.76415963e+02 1.46826967e+03
4.61196030e-07 8.95577501e+02 1.46927285e+03
4.61627061e-07 8.50011901e+02 1.47937146e+03
4.62058091e-07 8.77503337e+02 1.52113502e+03
4.62489121e-07 9.57567846e+02 1.50877526e+03
4.62920152e-07 9.94698366e+02 1.57037722e+03
4.63351182e-07 1.02544361e+03 1.56979714e+03
4.63782212e-07 7.69641429e+02 1.41256278e+03
4.64213242e-07 7.62142315e+02 1.46784374e+03
4.64644273e-07 9.89414957e+02 1.51720442e+03
4.65075303e-07 1.09172469e+03 1.54409153e+03
4.65506333e-07 9.84066217e+02 1.60743367e+03
4.65937364e-07 1.14648677e+03 1.69892961e+03
4.66368394e-07 8.44393372e+02 1.55868100e+03
4.66799424e-07 7.79285305e+02 1.54979893e+03
4.67230455e-07 8.75275341e+02 1.60801766e+03
4.67661485e-07 9.32630168e+02 1.62972631e+03
4.68092515e-07 1.13542105e+03 1.73526396e+03
4.68523545e-07 1.18165061e+03 1.72939156e+03
4.68954576e-07 9.82874529e+02 1.64302691e+03
4.69385606e-07 7.79947507e+02 1.57873914e+03
4.69816636e-07 8.01946222e+02 1.54833600e+03
4.70247667e-07 1.07654572e+03 1.67573877e+03
4.70678697e-07 1.15390236e+03 1.68231200e+03
4.71109727e-07 1.01135711e+03 1.67571661e+03
4.71540758e-07 1.00755244e+03 1.65080580e+03
4.71971788e-07 1.02667073e+03 1.70995217e+03
4.72402818e-07 8.91061097e+02 1.59731143e+03
4.72833848e-07 9.09551862e+02 1.60845451e+03
4.73264879e-07 9.25769889e+02 1.58935277e+03
4.73695909e-07 1.03039245e+03 1.65912515e+03
4.74126939e-07 9.66602372e+02 1.58263091e+03
4.74557970e-07 9.45903356e+02 1.60833029e+03
4.74989000e-07 9.57367403e+02 1.59860396e+03
4.75420030e-07 7.82795566e+02 1.55556370e+03
4.75851061e-07 7.73147286e+02 1.57600301e+03
4.76282091e-07 9.02707857e+02 1.60782143e+03
4.76713121e-07 1.05959957e+03 1.66461147e+03
4.77144152e-07 1.05577000e+03 1.72017677e+03
4.77575182e-07 1.06479696e+03 1.69761263e+03
4.78006212e-07 1.06843138e+03 1.69384728e+03
4.78437242e-07 9.78110624e+02 1.69513550e+03
4.78868273e-07 1.13434441e+03 1.73931738e+03
4.79299303e-07 1.10616865e+03 1.75102323e+03
4.79730333e-07 9.93574269e+02 1.73006237e+03
4.80161364e-07 9.90091015e+02 1.72882839e+03
4.80592394e-07 1.17932192e+03 1.82332389e+03
4.81023424e-07 1.29059625e+03 1.83608439e+03
4.81454455e-07 1.27221556e+03 1.91653723e+03
4.81885485e-07 1.10932177e+03 1.95811802e+03
4.82316515e-07 1.20171827e+03 1.98064516e+03
4.82747545e-07 1.27231618e+03 2.00792790e+03
4.83178576e-07 9.61850236e+02 2.78233219e+03
4.83609606e-07 1.06560136e+03 2.76915594e+03
4.84040636e-07 1.35547113e+03 2.87191495e+03
4.84471667e-07 1.23247414e+03 2.77581427e+03
4.84902697e-07 1.27675686e+03 1.93982479e+03
4.85333727e-07 1.15362305e+03 1.85817052e+03
4.85764758e-07 1.29843904e+03 1.85654272e+03
4.86195788e-07 1.23174156e+03 1.80148522e+03
4.86626818e-07 1.15677098e+03 1.86110498e+03
4.87057848e-07 1.44179518e+03 1.91112704e+03
4.87488879e-07 1.54589130e+03 2.01284976e+03
4.87919909e-07 1.24683846e+03 1.97782802e+03
4.88350939e-07 9.73579665e+02 1.90684666e+03
4.88781970e-07 1.03203296e+03 1.91148306e+03
4.89213000e-07 1.19919374e+03 1.95208511e+03
4.89644030e-07 1.22329038e+03 1.89762730e+03
4.90075061e-07 1.13256651e+03 1.84038968e+03
4.90506091e-07 1.08386245e+03 1.87187848e+03
4.90937121e-07 1.10364393e+03 1.83696263e+03
4.91368152e-07 1.08920128e+03 1.84105358e+03
4.91799182e-07 1.31214239e+03 1.84540161e+03
4.92230212e-07 1.51635667e+03 1.95652381e+03
4.92661242e-07 1.21275220e+03 1.89197117e+03
4.93092273e-07 1.25621524e+03 1.88100060e+03
4.93523303e-07 1.30657740e+03 1.91587593e+03
4.93954333e-07 1.44649334e+03 1.96837071e+03
4.94385364e-07 1.46208957e+03 1.99315925e+03
4.94816394e-07 1.34752015e+03 1.95827288e+03
4.95247424e-07 1.31596540e+03 1.96636369e+03
4.95678455e-07 1.40782614e+03 1.97801573e+03
4.96109485e-07 1.32420975e+03 1.97625660e+03
4.96540515e-07 1.53320098e+03 2.11524595e+03
4.96971545e-07 1.49083115e+03 2.07871794e+03
4.97402576e-07 1.42544416e+03 2.04345833e+03
4.97833606e-07 1.36706896e+03 2.00056717e+03
4.98264636e-07 1.62119767e+03 2.07794167e+03
4.98695667e-07 1.60920939e+03 2.09579737e+03
4.99126697e-07 1.61290048e+03 2.11720555e+03
4.99557727e-07 1.60877366e+03 2.17860355e+03
4.99988758e-07 1.49823724e+03 2.06562468e+03
5.00419788e-07 1.49850979e+03 2.13079638e+03
5.00850818e-07 1.47739218e+03 2.12359442e+03
5.01281848e-07 1.49551126e+03 2.04110706e+03
5.01712879e-07 1.59591305e+03 2.03403732e+03
5.02143909e-07 1.58442122e+03 2.08619582e+03
5.02574939e-07 1.42211152e+03 2.08427470e+03
5.03005970e-07 1.40164867e+03 2.04993528e+03
5.03437000e-07 1.39624684e+03 2.04579682e+03
5.03868030e-07 1.67764465e+03 2.08417317e+03
5.04299061e-07 1.56327703e+03 2.05545019e+03
5.04730091e-07 1.58295496e+03 2.04151938e+03
5.05161121e-07 1.51122025e+03 2.09528050e+03
5.05592152e-07 1.33887553e+03 2.06197668e+03
5.06023182e-07 1.51937665e+03 2.09296857e+03
5.06454212e-07 1.57828924e+03 2.10146133e+03
5.06885242e-07 1.37736707e+03 2.04358828e+03
5.07316273e-07 1.56681236e+03 2.09285025e+03
5.07747303e-07 1.74597587e+03 2.13939010e+03
5.08178333e-07 1.46148985e+03 2.10290941e+03
5.08609364e-07 1.25930851e+03 1.98840417e+03
5.09040394e-07 1.53682794e+03 2.12985856e+03
5.09471424e-07 1.76038366e+03 2.19106347e+03
5.09902455e-07 1.58022278e+03 2.15007695e+03
5.10333485e-07 1.65049263e+03 2.18129452e+03
5.10764515e-07 1.53707934e+03 2.12945157e+03
5.11195545e-07 1.64496625e+03 2.15352744e+03
5.11626576e-07 1.76595227e+03 2.21695621e+03
5.12057606e-07 1.85377814e+03 2.22002787e+03
5.12488636e-07 1.79421178e+03 2.17570705e+03
5.12919667e-07 1.61298900e+03 2.21178824e+03
5.13350697e-07 1.82730634e+03 2.39863582e+03
5.13781727e-07 1.65621153e+03 2.30932026e+03
5.14212758e-07 1.59408634e+03 2.34117451e+03
5.14643788e-07 1.78675467e+03 2.42092717e+03
5.15074818e-07 1.70619572e+03 2.30663232e+03
5.15505848e-07 1.49985139e+03 2.31134222e+03
5.15936879e-07 1.89933642e+03 2.45604775e+03
5.16367909e-07 1.68020477e+03 2.33478358e+03
5.16798939e-07 1.64130388e+03 2.21521454e+03
5.17229970e-07 1.64792768e+03 2.22403935e+03
5.17661000e-07 1.80353451e+03 2.30843545e+03
5.18092030e-07 1.71244305e+03 2.28349209e+03
5.18523061e-07 1.92584320e+03 2.32370476e+03
5.18954091e-07 1.88119952e+03 2.35430149e+03
5.19385121e-07 1.55728458e+03 2.41552443e+03
5.19816152e-07 1.77623357e+03 2.60769609e+03
5.20247182e-07 1.60194377e+03 2.47073198e+03
5.20678212e-07 1.66324294e+03 2.34592865e+03
5.21109242e-07 1.81576307e+03 2.39938278e+03
5.21540273e-07 1.79344879e+03 2.40056207e+03
5.21971303e-07 2.00540437e+03 2.50927500e+03
5.22402333e-07 1.85398765e+03 2.45026378e+03
5.22833364e-07 1.97323577e+03 2.50457736e+03
5.23264394e-07 1.87258507e+03 2.37822151e+03
5.23695424e-07 1.83575466e+03 2.44662239e+03
5.24126455e-07 2.03977127e+03 2.54479189e+03
5.24557485e-07 2.02511481e+03 2.47841806e+03
5.24988515e-07 2.22753315e+03 2.54836047e+03
5.25419545e-07 1.63547345e+03 2.39237449e+03
5.25850576e-07 1.99901012e+03 2.47143625e+03
5.26281606e-07 1.87727037e+03 2.39230116e+03
5.26712636e-07 1.77593887e+03 2.37570681e+03
5.27143667e-07 2.06954871e+03 2.45171912e+03
5.27574697e-07 2.10776575e+03 2.46199429e+03
5.28005727e-07 1.80671033e+03 2.43438044e+03
5.28436758e-07 1.64918851e+03 2.31015296e+03
5.28867788e-07 2.13445991e+03 2.55811449e+03
5.29298818e-07 2.09013519e+03 2.58006851e+03
5.29729848e-07 2.20885687e+03 2.57553770e+03
5.30160879e-07 2.09156077e+03 2.58810990e+03
5.30591909e-07 1.63039746e+03 2.46152943e+03
5.31022939e-07 1.96465292e+03 2.62739884e+03
5.31453970e-07 2.03477868e+03 2.64623597e+03
5.31885000e-07 2.16155638e+03 2.65659024e+03
5.32316030e-07 1.72461791e+03 2.51691210e+03
5.32747061e-07 1.73804409e+03 2.59818667e+03
5.33178091e-07 1.58195799e+03 2.52215433e+03
5.33609121e-07 1.90838663e+03 2.63189313e+03
5.34040152e-07 1.72372892e+03 2.55768659e+03
5.34471182e-07 1.81275013e+03 2.56532346e+03
5.34902212e-07 1.86098277e+03 2.57840144e+03
5.35333242e-07 1.95799476e+03 2.63152963e+03
5.35764273e-07 1.56807317e+03 2.52420357e+03
5.36195303e-07 2.00371720e+03 2.64503596e+03
5.36626333e-07 2.53969463e+03 2.74155771e+03
5.37057364e-07 2.10360361e+03 2.75611170e+03
5.37488394e-07 1.68101328e+03 2.53982396e+03
5.37919424e-07 1.74622104e+03 2.56440559e+03
5.38350455e-07 1.46749982e+03 2.42795020e+03
5.38781485e-07 1.73832060e+03 2.52798666e+03
5.39212515e-07 1.88168227e+03 2.55693899e+03
5.39643545e-07 1.95354864e+03 2.57032302e+03
5.40074576e-07 2.05062976e+03 2.64126788e+03
5.40505606e-07 1.67833811e+03 2.47579465e+03
5.40936636e-07 1.92977645e+03 2.60090922e+03
5.41367667e-07 1.97329094e+03 2.59575844e+03
5.41798697e-07 1.91660277e+03 2.57611995e+03
5.42229727e-07 1.95487173e+03 2.56047006e+03
5.42660758e-07 2.24586002e+03 2.69386062e+03
5.43091788e-07 2.37615758e+03 2.74362979e+03
5.43522818e-07 2.37555367e+03 2.75117048e+03
5.43953848e-07 2.15219995e+03 2.74705262e+03
5.44384879e-07 2.03241866e+03 2.65749012e+03
5.44815909e-07 1.97518574e+03 2.69016595e+03
5.45246939e-07 1.81204541e+03 2.64361746e+03
5.45677970e-07 1.63694145e+03 2.62747773e+03
5.46109000e-07 1.92885888e+03 2.72813949e+03
5.46540030e-07 1.84382605e+03 2.76735112e+03
5.46971061e-07 1.98326131e+03 2.71879448e+03
5.47402091e-07 2.37830689e+03 2.85367588e+03
5.47833121e-07 2.20169457e+03 2.85886196e+03
5.48264152e-07 2.38641578e+03 2.91019131e+03
5.48695182e-07 2.17935367e+03 2.83166053e+03
5.49126212e-07 1.95620853e+03 2.77318548e+03
5.49557242e-07 1.95324841e+03 2.82717427e+03
5.49988273e-07 2.36502378e+03 3.00282604e+03
5.50419303e-07 2.06139360e+03 2.90606048e+03
5.50850333e-07 1.98075189e+03 2.77675568e+03
5.51281364e-07 1.92190084e+03 2.88703899e+03
5.51712394e-07 2.33037790e+03 2.95472613e+03
5.52143424e-07 2.08675982e+03 2.89764628e+03
5.52574455e-07 2.35028744e+03 2.98732271e+03
5.53005485e-07 1.89328688e+03 2.83434856e+03
5.53436515e-07 2.19950161e+03 2.96772915e+03
5.53867545e-07 2.11779807e+03 2.93313932e+03
5.54298576e-07 1.77124153e+03 3.02881213e+03
5.54729606e-07 2.04638053e+03 3.08637837e+03
5.55160636e-07 1.83249570e+03 2.87399670e+03
5.55591667e-07 2.04706452e+03 2.98606881e+03
5.56022697e-07 2.00485563e+03 3.03289522e+03
5.56453727e-07 3.77001505e+03 3.56578079e+03
5.56884758e-07 2.47382122e+03 7.94736617e+03
5.57746818e-07 8.80910480e+03 6.98519209e+04
5.58177848e-07 1.30943412e+04 3.37179070e+04
5.58608879e-07 5.80925181e+03 5.73328443e+03
5.59039909e-07 2.69593882e+03 3.15316014e+03
5.59470939e-07 2.25516429e+03 3.13264974e+03
5.59901970e-07 2.01983381e+03 3.12712964e+03
5.60333000e-07 1.84870889e+03 3.10717657e+03
5.60764030e-07 2.03251514e+03 3.12696662e+03
5.61195061e-07 2.41444726e+03 3.09977055e+03
5.61626091e-07 2.23497529e+03 3.10313309e+03
5.62057121e-07 2.17536563e+03 3.11646641e+03
5.62488152e-07 2.34943372e+03 3.16189607e+03
5.62919182e-07 1.97836473e+03 3.01057024e+03
5.63350212e-07 2.02443726e+03 2.93628223e+03
5.63781242e-07 2.18078598e+03 3.02544580e+03
5.64212273e-07 2.39549382e+03 3.09536963e+03
5.64643303e-07 2.21180550e+03 3.08754309e+03
5.65074333e-07 2.34863296e+03 3.09858555e+03
5.65505364e-07 2.36200439e+03 3.09303553e+03
5.65936394e-07 2.44827380e+03 3.09198228e+03
5.66367424e-07 2.21867227e+03 3.11017494e+03
5.66798455e-07 1.95462663e+03 3.12669293e+03
5.67229485e-07 2.07100248e+03 3.10551232e+03
5.67660515e-07 2.01676568e+03 3.08847883e+03
5.68091545e-07 2.29672186e+03 3.14106330e+03
5.68522576e-07 2.21888046e+03 3.16263197e+03
5.68953606e-07 1.65318529e+03 3.02723613e+03
5.69384636e-07 1.90573586e+03 3.05113430e+03
5.69815667e-07 2.30115078e+03 3.24719917e+03
5.70246697e-07 2.07087350e+03 3.17411598e+03
5.70677727e-07 2.17612780e+03 3.16569965e+03
5.71108758e-07 2.10172925e+03 3.18499149e+03
5.71539788e-07 2.53861195e+03 3.27585260e+03
5.71970818e-07 2.53619086e+03 3.34539993e+03
5.72401848e-07 2.08227209e+03 3.16069319e+03
5.72832879e-07 2.53913436e+03 3.34135303e+03
5.73263909e-07 2.32170335e+03 3.27598652e+03
5.73694939e-07 2.43864287e+03 3.22314293e+03
5.74125970e-07 2.88734078e+03 3.47094036e+03
5.74557000e-07 2.14452311e+03 3.15482945e+03
5.74988030e-07 2.16937407e+03 3.16377504e+03
5.75419061e-07 1.81922591e+03 3.01494459e+03
5.75850091e-07 2.43306183e+03 3.30873526e+03
5.76281121e-07 2.28483496e+03 3.17573599e+03
5.76712152e-07 2.58023391e+03 3.24182885e+03
5.77143182e-07 2.30221211e+03 3.21710449e+03
5.77574212e-07 2.16130058e+03 3.16610319e+03
5.78005242e-07 2.15345146e+03 3.19249486e+03
5.78436273e-07 2.22733748e+03 3.19250015e+03
5.78867303e-07 2.44955728e+03 3.22724259e+03
5.79298333e-07 2.27252821e+03 3.20159559e+03
5.79729364e-07 2.14621804e+03 3.24299564e+03
5.80160394e-07 2.50548148e+03 3.27067110e+03
5.80591424e-07 2.27787892e+03 3.24784175e+03
5.81022455e-07 2.43142910e+03 3.27223488e+03
5.81453485e-07 2.18423558e+03 3.21396497e+03
5.81884515e-07 2.45569828e+03 3.32230977e+03
5.82315545e-07 2.61673925e+03 3.36977730e+03
5.82746576e-07 2.42861049e+03 3.33133611e+03
5.83177606e-07 2.45017711e+03 3.32583727e+03
5.83608636e-07 2.71702851e+03 3.33393048e+03
5.84039667e-07 2.49315152e+03 3.38478831e+03
5.84470697e-07 2.25263759e+03 3.19735240e+03
5.84901727e-07 2.27792490e+03 3.24589281e+03
5.85332758e-07 2.18090972e+03 3.20079585e+03
5.85763788e-07 2.60692698e+03 3.36122311e+03
5.86194818e-07 2.33526198e+03 3.54599099e+03
5.86625848e-07 2.39096127e+03 3.86707803e+03
5.87056879e-07 3.16772567e+03 3.96216365e+03
5.87487909e-07 2.34832429e+03 3.48897092e+03
5.87918939e-07 2.27167454e+03 3.44137767e+03
5.88349970e-07 2.12434003e+03 4.91040913e+03
5.88781000e-07 2.18983385e+03 8.98140796e+03
5.89212030e-07 3.07083330e+03 1.05729554e+04
5.89643061e-07 2.88632583e+03 7.77511528e+03
5.90074091e-07 3.07065266e+03 5.05597664e+03
5.90505121e-07 3.18955665e+03 3.84955442e+03
5.90936152e-07 2.55713625e+03 3.70312890e+03
5.91367182e-07 2.44644569e+03 3.79826634e+03
5.91798212e-07 2.28077325e+03 3.60144250e+03
5.92229242e-07 2.53259635e+03 3.61467473e+03
5.92660273e-07 2.47733600e+03 3.75775406e+03
5.93091303e-07 2.21066742e+03 3.84613165e+03
5.93522333e-07 2.76532267e+03 3.92578241e+03
5.93953364e-07 2.72345570e+03 3.59360927e+03
5.94384394e-07 2.47011741e+03 3.60206319e+03
5.94815424e-07 2.26966801e+03 3.76638836e+03
5.95246455e-07 2.72168435e+03 3.94534036e+03
5.95677485e-07 2.46554821e+03 3.76370335e+03
5.96108515e-07 2.30008621e+03 3.46863219e+03
5.96539545e-07 2.69818075e+03 3.61688517e+03
5.96970576e-07 2.60283178e+03 3.62635534e+03
5.97401606e-07 2.58037660e+03 3.70325082e+03
5.97832636e-07 2.42743115e+03 3.70723176e+03
5.98263667e-07 2.43098041e+03 3.48264686e+03
5.98694697e-07 2.99613608e+03 3.66422289e+03
5.99125727e-07 2.75641804e+03 3.62445157e+03
5.99556758e-07 2.74159160e+03 3.66228119e+03
5.99987788e-07 2.25201843e+03 3.46841581e+03
6.00418818e-07 2.57733287e+03 3.62470113e+03
6.00849848e-07 2.60015970e+03 3.50361980e+03
6.01280879e-07 2.62183519e+03 3.42756697e+03
6.01711909e-07 2.38196667e+03 3.30687326e+03
6.02142939e-07 2.38356620e+03 3.31590142e+03
6.02573970e-07 2.67667240e+03 3.49110432e+03
6.03005000e-07 2.99905315e+03 3.62707250e+03
6.03436030e-07 2.67867082e+03 3.47194081e+03
6.03867061e-07 2.51142422e+03 3.37597945e+03
6.04298091e-07 2.47360169e+03 3.33788914e+03
6.04729121e-07 2.79463850e+03 3.46479229e+03
6.05160152e-07 3.19893940e+03 3.53810979e+03
6.05591182e-07 2.30399038e+03 4.97095122e+03
6.06022212e-07 2.60925672e+03 5.18502812e+03
6.06453242e-07 3.01047953e+03 5.38293474e+03
6.06884273e-07 3.31836146e+03 3.66765172e+03
6.07315303e-07 2.29982756e+03 3.34231227e+03
6.07746333e-07 2.57733012e+03 3.33684182e+03
6.08177364e-07 2.63677340e+03 3.32243023e+03
6.08608394e-07 2.59580196e+03 3.33969796e+03
6.09039424e-07 2.39555477e+03 3.24073007e+03
6.09470455e-07 2.29972280e+03 3.20756536e+03
6.09901485e-07 2.99135078e+03 3.51084677e+03
6.10332515e-07 2.63723247e+03 3.33542995e+03
6.10763545e-07 2.28417809e+03 3.24720914e+03
6.11194576e-07 2.48030164e+03 3.32286459e+03
6.11625606e-07 2.33983063e+03 3.21012333e+03
6.12056636e-07 2.68679027e+03 3.31559926e+03
6.12487667e-07 2.63664359e+03 3.27425664e+03
6.12918697e-07 2.56397890e+03 3.29426622e+03
6.13349727e-07 2.93272150e+03 3.46710493e+03
6.13780758e-07 2.69175976e+03 3.47053220e+03
6.14211788e-07 2.59766210e+03 3.42087955e+03
6.14642818e-07 2.59746718e+03 3.35506443e+03
6.15073848e-07 2.51691888e+03 3.31873937e+03
6.15504879e-07 2.74658468e+03 3.39062736e+03
6.15935909e-07 2.71846553e+03 3.31022795e+03
6.16366939e-07 3.16367683e+03 3.45202818e+03
6.16797970e-07 2.86713493e+03 3.48682747e+03
6.17229000e-07 2.76837744e+03 3.52370785e+03
6.17660030e-07 2.72494304e+03 3.39486324e+03
6.18091061e-07 2.71305611e+03 3.42158501e+03
6.18522091e-07 2.85864788e+03 3.40456413e+03
6.18953121e-07 2.91204903e+03 3.42507629e+03
6.19384152e-07 2.95972960e+03 3.40876397e+03
6.19815182e-07 2.84620647e+03 3.47363708e+03
6.20246212e-07 2.45524490e+03 3.41961954e+03
6.20677242e-07 2.71461010e+03 3.38201146e+03
6.21108273e-07 2.76299998e+03 3.40435879e+03
6.21539303e-07 3.13928880e+03 3.51813709e+03
6.21970333e-07 2.87048285e+03 3.61851612e+03
6.22401364e-07 2.80326671e+03 3.47278409e+03
6.22832394e-07 2.92318013e+03 3.62754626e+03
6.23263424e-07 2.60567045e+03 4.11696174e+03
6.23694455e-07 2.82312964e+03 4.56064160e+03
6.24125485e-07 2.86465275e+03 4.10232128e+03
6.24556515e-07 2.80486326e+03 3.68125824e+03
6.24987545e-07 3.01231399e+03 3.62597359e+03
6.25418576e-07 3.04231516e+03 4.06437576e+03
6.25849606e-07 2.72912601e+03 4.31700888e+03
6.26280636e-07 3.31731568e+03 4.14285241e+03
6.26711667e-07 3.31413331e+03 3.88265774e+03
6.27142697e-07 2.89984764e+03 3.67115078e+03
6.27573727e-07 2.65228714e+03 3.49078973e+03
6.28004758e-07 2.61964145e+03 3.52311120e+03
6.28435788e-07 3.00415854e+03 4.06501719e+03
6.28866818e-07 3.19048198e+03 4.17880501e+03
6.29297848e-07 3.14385849e+03 5.43534118e+03
6.29728879e-07 3.06342823e+03 1.11476075e+04
6.30159909e-07 3.42229486e+03 1.27278305e+04
6.30590939e-07 4.50930948e+03 7.09970628e+03
6.31021970e-07 2.82144747e+03 3.90432747e+03
6.31453000e-07 2.54092965e+03 3.46362572e+03
6.31884030e-07 2.61366280e+03 3.60702827e+03
6.32315061e-07 2.74402990e+03 3.89566232e+03
6.32746091e-07 2.71713516e+03 4.10720913e+03
6.33177121e-07 2.85590568e+03 4.05196584e+03
6.33608152e-07 2.94421223e+03 3.61396835e+03
6.34039182e-07 2.80141536e+03 3.43482499e+03
6.34470212e-07 3.00006980e+03 3.72439681e+03
6.34901242e-07 2.77037331e+03 3.74153458e+03
6.35332273e-07 2.77945542e+03 3.97781887e+03
6.35763303e-07 3.08452176e+03 4.95127006e+03
6.36194333e-07 2.73606880e+03 6.62584068e+03
6.36625364e-07 3.49023843e+03 5.90049594e+03
6.37056394e-07 3.52358816e+03 4.03701457e+03
6.37487424e-07 3.05768848e+03 3.56910273e+03
6.37918455e-07 3.16638023e+03 3.74628705e+03
6.38349485e-07 2.92525919e+03 3.74353310e+03
6.38780515e-07 3.05082989e+03 3.67136416e+03
6.39211545e-07 3.39614252e+03 3.64715249e+03
6.39642576e-07 3.01866006e+03 3.39097885e+03
6.40073606e-07 2.87975395e+03 3.38663823e+03
6.40504636e-07 2.90217567e+03 3.39205708e+03
6.40935667e-07 2.94378136e+03 3.44548323e+03
6.41366697e-07 3.29174557e+03 3.51091698e+03
6.41797727e-07 3.03789913e+03 3.53103958e+03
6.42228758e-07 3.05909604e+03 3.56190252e+03
6.42659788e-07 3.24686511e+03 3.53555897e+03
6.43090818e-07 3.19412984e+03 3.49984076e+03
6.43521848e-07 3.20849070e+03 3.43670029e+03
6.43952879e-07 2.83557085e+03 3.33845114e+03
6.44383909e-07 2.54025878e+03 3.25167027e+03
6.44814939e-07 2.71084919e+03 3.44017721e+03
6.45245970e-07 3.11737953e+03 3.58847101e+03
6.45677000e-07 3.21357299e+03 3.62965137e+03
6.46108030e-07 2.88738161e+03 3.80590917e+03
6.46539061e-07 2.82451080e+03 4.12626395e+03
6.46970091e-07 2.86222521e+03 4.07692895e+03
6.47401121e-07 3.09216716e+03 3.74421842e+03
6.47832152e-07 3.16358528e+03 3.54504855e+03
6.48263182e-07 3.09017606e+03 3.43656944e+03
6.48694212e-07 3.13620235e+03 3.40450440e+03
6.49125242e-07 3.31905710e+03 3.61916356e+03
6.49556273e-07 2.79432521e+03 4.01465709e+03
6.49987303e-07 2.69623689e+03 4.23178866e+03
6.50418333e-07 3.07999720e+03 3.92992667e+03
6.50849364e-07 3.18953146e+03 3.56693234e+03
6.51280394e-07 3.15063406e+03 3.43789764e+03
6.51711424e-07 2.91374733e+03 3.43530111e+03
6.52142455e-07 3.13937807e+03 3.58425397e+03
6.52573485e-07 3.24546936e+03 3.68471279e+03
6.53004515e-07 2.99156397e+03 3.96369442e+03
6.53435545e-07 3.01823926e+03 4.06041000e+03
6.53866576e-07 3.31388980e+03 3.85005199e+03
6.54297606e-07 3.25870228e+03 3.81371916e+03
6.54728636e-07 3.41520028e+03 3.99315767e+03
6.55159667e-07 3.29047954e+03 4.23937794e+03
6.55590697e-07 3.51157926e+03 4.17180064e+03
6.56021727e-07 3.54704186e+03 3.87429886e+03
6.56452758e-07 3.57354007e+03 3.88510441e+03
6.56883788e-07 3.33261701e+03 3.87332814e+03
6.57314818e-07 2.97659247e+03 3.85110710e+03
6.57745848e-07 2.88113759e+03 4.04419690e+03
6.58176879e-07 3.72000616e+03 3.99550327e+03
6.58607909e-07 3.71640639e+03 3.63015852e+03
6.59038939e-07 3.39397746e+03 3.56850988e+03
6.59469970e-07 3.20367847e+03 3.65723351e+03
6.59901000e-07 3.24569727e+03 3.78217277e+03
6.60332030e-07 3.11480132e+03 3.83265033e+03
6.60763061e-07 3.30342002e+03 3.67793257e+03
6.61194091e-07 3.27904010e+03 3.45280624e+03
6.61625121e-07 3.11688934e+03 3.42971466e+03
6.62056152e-07 3.28865146e+03 3.48287454e+03
6.62487182e-07 3.13935254e+03 3.52804796e+03
6.62918212e-07 3.38605758e+03 3.65049254e+03
6.63349242e-07 3.14744006e+03 3.67939901e+03
6.63780273e-07 3.31151134e+03 3.62683153e+03
6.64211303e-07 2.80100704e+03 3.32973709e+03
6.64642333e-07 2.65332403e+03 3.25062966e+03
6.65073364e-07 3.17181362e+03 3.45761392e+03
6.65504394e-07 3.37732739e+03 3.49940270e+03
6.65935424e-07 3.39466975e+03 3.59912658e+03
6.66366455e-07 3.17845235e+03 3.54964604e+03
6.66797485e-07 3.58669615e+03 3.60091297e+03
6.67228515e-07 3.44077897e+03 3.54394042e+03
6.67659545e-07 3.54691724e+03 3.47109602e+03
6.68090576e-07 3.43208598e+03 3.54759405e+03
6.68521606e-07 3.10687160e+03 3.38210608e+03
6.68952636e-07 2.75103338e+03 3.28668900e+03
6.69383667e-07 3.01634119e+03 3.43658263e+03
6.69814697e-07 3.44583162e+03 3.57318077e+03
6.70245727e-07 3.30921035e+03 3.57202898e+03
6.70676758e-07 3.41402556e+03 3.61388586e+03
6.71107788e-07 3.26140402e+03 3.50079350e+03
6.71538818e-07 3.16799246e+03 3.45906207e+03
6.71969848e-07 3.22692153e+03 3.44245403e+03
6.72400879e-07 3.18242644e+03 3.34299944e+03
6.72831909e-07 3.19556381e+03 3.47186107e+03
6.73262939e-07 3.23499007e+03 3.47153952e+03
6.73693970e-07 3.26876576e+03 3.45869577e+03
6.74125000e-07 3.04040065e+03 3.45460650e+03
6.74556030e-07 3.04959308e+03 3.42079990e+03
6.74987061e-07 3.06131471e+03 3.35832375e+03
6.75418091e-07 3.30608774e+03 3.39518913e+03
6.75849121e-07 3.53164461e+03 3.52270470e+03
6.76280152e-07 3.21931327e+03 3.41735219e+03
6.76711182e-07 3.15067710e+03 3.38264751e+03
6.77142212e-07 3.08712907e+03 3.33239478e+03
6.77573242e-07 2.98897510e+03 3.26374206e+03
6.78004273e-07 2.98424948e+03 3.33855605e+03
6.78435303e-07 3.30087194e+03 3.40475512e+03
6.78866333e-07 2.73274789e+03 3.21721199e+03
6.79297364e-07 2.53500640e+03 3.15093377e+03
6.79728394e-07 2.83340753e+03 3.19322243e+03
6.80159424e-07 2.95474390e+03 3.26817665e+03
6.80590455e-07 2.45206091e+03 3.10970424e+03
6.81021485e-07 2.54501250e+03 3.19924131e+03
6.81452515e-07 2.94330225e+03 3.28485220e+03
6.81883545e-07 3.20387295e+03 3.44905004e+03
6.82314576e-07 3.00851098e+03 4.05451574e+03
6.82745606e-07 2.57510684e+03 5.24895438e+03
6.83176636e-07 3.30980443e+03 5.88895448e+03
6.83607667e-07 3.20722568e+03 4.92417801e+03
6.84038697e-07 3.22891296e+03 4.05256197e+03
6.84469727e-07 3.39408380e+03 3.73275129e+03
6.84900758e-07 3.24653937e+03 3.46363621e+03
6.85331788e-07 3.54760436e+03 3.63706323e+03
6.85762818e-07 2.90616962e+03 4.17693176e+03
6.86193848e-07 2.18534638e+03 5.40707437e+03
6.86624879e-07 2.82278913e+03 5.00166725e+03
6.87055909e-07 2.78447444e+03 3.40042715e+03
6.87486939e-07 2.43033870e+03 3.12046182e+03
6.87917970e-07 2.43279983e+03 3.42699416e+03
6.88349000e-07 2.83051026e+03 3.63267212e+03
6.88780030e-07 2.68093860e+03 3.62321323e+03
6.89211061e-07 2.73964304e+03 3.49872536e+03
6.89642091e-07 2.83276879e+03 3.53659622e+03
6.90073121e-07 2.97105041e+03 3.62296909e+03
6.90504152e-07 2.74065415e+03 3.48082554e+03
6.90935182e-07 2.42448862e+03 3.65803025e+03
6.91366212e-07 3.23621123e+03 4.18388789e+03
6.91797242e-07 2.68282367e+03 4.12786188e+03
6.92228273e-07 2.56347861e+03 4.49739640e+03
6.92659303e-07 3.29587127e+03 4.10239029e+03
6.93090333e-07 2.94887187e+03 3.43536120e+03
6.93521364e-07 2.84426145e+03 3.69179141e+03
6.93952394e-07 3.10302827e+03 4.04496203e+03
6.94383424e-07 3.19333793e+03 4.34727947e+03
6.94814455e-07 2.97786615e+03 4.75340034e+03
6.95245485e-07 3.21419009e+03 4.31604287e+03
6.95676515e-07 3.15318591e+03 3.68129888e+03
6.96107545e-07 3.19036792e+03 3.66259348e+03
6.96538576e-07 3.12939934e+03 3.83037471e+03
6.96969606e-07 3.39252801e+03 4.15588563e+03
6.97400636e-07 3.11359651e+03 4.35695891e+03
6.97831667e-07 3.36225483e+03 4.64145334e+03
6.98262697e-07 3.44509432e+03 3.94254335e+03
6.98693727e-07 2.93708040e+03 3.46511899e+03
6.99124758e-07 3.04096263e+03 3.48507460e+03
6.99555788e-07 2.89752910e+03 3.49650899e+03
6.99986818e-07 2.85631169e+03 3.61127001e+03
7.00417848e-07 3.16552966e+03 3.79140801e+03
7.00848879e-07 2.85226456e+03 3.81083415e+03
7.01279909e-07 3.26235186e+03 3.91818410e+03
7.01710939e-07 2.78944902e+03 3.39740812e+03
7.02141970e-07 2.82842214e+03 3.27867737e+03
7.02573000e-07 3.07113924e+03 3.29165917e+03
7.03004030e-07 3.06187187e+03 3.31974264e+03
7.03435061e-07 2.80382595e+03 3.25310377e+03
7.03866091e-07 3.65336890e+03 3.71735582e+03
7.04297121e-07 2.75110470e+03 3.72317884e+03
7.04728152e-07 3.21920199e+03 4.23886911e+03
7.05159182e-07 2.93940630e+03 3.88716975e+03
7.05590212e-07 3.14059996e+03 3.63237584e+03
7.06021242e-07 3.40590744e+03 3.73939881e+03
7.06452273e-07 2.96249924e+03 3.73306910e+03
7.06883303e-07 3.24659063e+03 3.85821379e+03
7.07314333e-07 3.41045687e+03 3.85905181e+03
7.07745364e-07 2.72210332e+03 3.62292453e+03
7.08176394e-07 2.82761951e+03 3.68798041e+03
7.08607424e-07 2.75902191e+03 3.73083511e+03
7.09038455e-07 3.38124931e+03 3.93265334e+03
7.09469485e-07 3.20361511e+03 3.60001108e+03
7.09900515e-07 3.56077656e+03 3.66622295e+03
7.10331545e-07 3.14805428e+03 3.52078074e+03
7.10762576e-07 3.05987539e+03 3.50976919e+03
7.11193606e-07 2.70107052e+03 3.36864410e+03
7.11624636e-07 3.04449474e+03 3.48590009e+03
7.12055667e-07 2.91883974e+03 3.43776339e+03
7.12486697e-07 2.81158244e+03 3.41039682e+03
7.12917727e-07 2.98651325e+03 3.61426101e+03
7.13348758e-07 2.87887762e+03 3.52162563e+03
7.13779788e-07 3.22952237e+03 3.69951556e+03
7.14210818e-07 2.65668979e+03 3.78685550e+03
7.14641848e-07 3.13181181e+03 3.93261015e+03
7.15072879e-07 2.37145337e+03 3.47480466e+03
7.15503909e-07 2.99559014e+03 3.58963564e+03
7.15934939e-07 2.86230034e+03 3.54419938e+03
7.16365970e-07 2.80896809e+03 3.52368496e+03
7.16797000e-07 2.69122159e+03 3.42356920e+03
7.17228030e-07 2.11754229e+03 3.14433460e+03
7.17659061e-07 2.36906897e+03 3.22029577e+03
7.18090091e-07 2.73216323e+03 3.24821815e+03
7.18521121e-07 2.52039779e+03 2.98330453e+03
7.18952152e-07 2.79682273e+03 3.04598066e+03
7.19383182e-07 2.68128908e+03 3.05351154e+03
7.19814212e-07 2.08319912e+03 2.77068065e+03
7.20245242e-07 2.09014512e+03 2.76569751e+03
7.20676273e-07 2.90393993e+03 3.16528816e+03
7.21107303e-07 2.78751101e+03 3.13256995e+03
7.21538333e-07 2.62624510e+03 3.21058330e+03
7.21969364e-07 2.81627587e+03 3.35581820e+03
7.22400394e-07 3.20573116e+03 3.45307773e+03
7.22831424e-07 3.56384313e+03 3.60079032e+03
7.23262455e-07 2.60326258e+03 4.01991201e+03
7.23693485e-07 2.82183691e+03 6.56776312e+03
7.24124515e-07 6.19557090e+03 9.64117072e+03
7.24555545e-07 7.58881435e+03 9.24755301e+03
7.24986576e-07 4.74388884e+03 5.92812884e+03
7.25417606e-07 2.54272118e+03 4.04771963e+03
7.25848636e-07 2.72722093e+03 3.65625311e+03
7.26279667e-07 3.00526980e+03 3.67107677e+03
7.26710697e-07 4.20908586e+03 4.54492848e+03
7.27141727e-07 3.31814859e+03 6.21932988e+03
7.27572758e-07 3.31589089e+03 8.02230777e+03
7.28003788e-07 2.27238612e+03 6.80675038e+03
7.28434818e-07 3.46189211e+03 5.88232042e+03
7.28865848e-07 3.06370686e+03 4.52324454e+03
7.29296879e-07 2.28957219e+03 3.75341935e+03
7.29727909e-07 2.45998709e+03 4.05479361e+03
7.30158939e-07 2.39723198e+03 4.31551635e+03
7.30589970e-07 2.68273354e+03 4.35526534e+03
7.31021000e-07 2.45580559e+03 4.97610143e+03
7.31452030e-07 2.63859074e+03 7.05611355e+03
7.31883061e-07 2.62351855e+03 6.17331314e+03
7.32314091e-07 2.65630970e+03 4.46983494e+03
7.32745121e-07 2.61735722e+03 5.06493155e+03
7.33176152e-07 2.40861084e+03 4.89527167e+03
7.33607182e-07 3.08501061e+03 6.45133803e+03
7.34038212e-07 3.18654704e+03 8.12770511e+03
7.34469242e-07 3.22516253e+03 6.11660928e+03
7.34900273e-07 2.88912118e+03 4.08446357e+03
7.35331303e-07 2.48284080e+03 4.46930496e+03
7.35762333e-07 3.07082306e+03 5.29396108e+03
7.36193364e-07 2.51955237e+03 5.17670599e+03
7.36624394e-07 2.53538422e+03 6.30441832e+03
7.37055424e-07 2.97304782e+03 6.67122125e+03
7.37486455e-07 3.12630397e+03 4.62798506e+03
7.37917485e-07 3.42815575e+03 3.82292272e+03
7.38348515e-07 2.66680368e+03 3.64664828e+03
7.38779545e-07 2.57930547e+03 4.23758457e+03
7.39210576e-07 2.52166149e+03 4.72359474e+03
7.39641606e-07 2.64947655e+03 5.08493845e+03
7.40072636e-07 2.99208877e+03 5.91372115e+03
7.40503667e-07 3.06007809e+03 5.01952615e+03
7.40934697e-07 3.52461873e+03 3.97739948e+03
7.41365727e-07 3.66718016e+03 3.89726384e+03
7.41796758e-07 3.02869134e+03 3.62067126e+03
7.42227788e-07 2.64837981e+03 3.63337003e+03
7.42658818e-07 3.30017369e+03 4.14464289e+03
7.43089848e-07 3.70893801e+03 4.67969071e+03
7.43520879e-07 3.04174171e+03 4.88841637e+03
7.43951909e-07 2.97641235e+03 4.78537584e+03
7.44382939e-07 2.79024598e+03 3.85740979e+03
7.44813970e-07 2.88918051e+03 3.52881487e+03
7.45245000e-07 2.86772997e+03 3.48761531e+03
7.45676030e-07 2.72851416e+03 3.49472042e+03
7.46107061e-07 2.71398538e+03 3.79201403e+03
7.46538091e-07 2.45689155e+03 4.15788218e+03
7.46969121e-07 3.02099001e+03 4.81303479e+03
7.47400152e-07 2.83100787e+03 4.97288698e+03
7.47831182e-07 3.25215765e+03 5.35318706e+03
7.48262212e-07 2.44805823e+03 4.95597338e+03
7.48693242e-07 2.80130228e+03 4.30630371e+03
7.49124273e-07 3.50156701e+03 4.15556181e+03
7.49555303e-07 2.92413941e+03 3.78491336e+03
7.49986333e-07 2.69095951e+03 3.57864651e+03
7.50417364e-07 3.33198251e+03 3.81204698e+03
7.50848394e-07 2.89911668e+03 3.66548828e+03
7.51279424e-07 3.26964090e+03 3.86863549e+03
7.51710455e-07 2.83048133e+03 4.56784743e+03
7.52141485e-07 2.45829086e+03 5.97295130e+03
7.52572515e-07 2.90346033e+03 6.15338621e+03
7.53003545e-07 2.77985869e+03 4.83446517e+03
7.53434576e-07 2.67566965e+03 3.97068759e+03
7.53865606e-07 3.25794341e+03 3.83222323e+03
7.54296636e-07 2.90396574e+03 3.73284341e+03
7.54727667e-07 2.76588306e+03 3.62305908e+03
7.55158697e-07 3.07951443e+03 3.81991088e+03
7.55589727e-07 2.54303646e+03 3.92168780e+03
7.56020758e-07 2.86422363e+03 3.91840363e+03
7.56451788e-07 2.68662041e+03 4.19825199e+03
7.56882818e-07 2.55780899e+03 5.22553551e+03
7.57313848e-07 2.73633950e+03 5.25883432e+03
7.57744879e-07 2.86080961e+03 4.20816813e+03
7.58175909e-07 2.85692979e+03 3.83127322e+03
7.58606939e-07 2.62175820e+03 3.97250613e+03
7.59037970e-07 2.75574389e+03 3.70390731e+03
7.59469000e-07 1.67657004e+03 2.92597582e+03
7.59900030e-07 1.26525587e+03 2.60366843e+03
7.60331061e-07 8.56981543e+02 2.13113499e+03
7.60762091e-07 5.50487249e+02 1.96935977e+03
7.61193121e-07 6.29171972e+02 2.37235769e+03
7.61624152e-07 1.72321534e+03 3.30604202e+03
7.62055182e-07 2.10671267e+03 3.56065090e+03
7.62486212e-07 1.61841908e+03 3.39362629e+03
7.62917242e-07 1.41069395e+03 3.22439375e+03
7.63348273e-07 1.57218328e+03 2.97589914e+03
7.63779303e-07 1.59653191e+03 2.88896583e+03
7.64210333e-07 1.44054663e+03 2.78048208e+03
7.64641364e-07 2.20691779e+03 3.02917327e+03
7.65072394e-07 2.49955265e+03 3.33984001e+03
7.65503424e-07 2.15972161e+03 3.47745143e+03
7.65934455e-07 1.79571579e+03 3.58070273e+03
7.66365485e-07 2.17504622e+03 3.63246563e+03
7.66796515e-07 2.03331214e+03 3.31203927e+03
7.67227545e-07 2.89670439e+03 3.43909317e+03
7.67658576e-07 2.59083189e+03 3.34209068e+03
7.68089606e-07 2.81382159e+03 3.73144888e+03
7.68520636e-07 2.78048472e+03 3.87222522e+03
7.68951667e-07 2.15049052e+03 3.77898337e+03
7.69382697e-07 2.88764183e+03 4.03658908e+03
7.69813727e-07 3.17155354e+03 4.21222221e+03
7.70244758e-07 2.62311363e+03 4.12257408e+03
7.70675788e-07 2.05285463e+03 5.77990722e+03
7.71106818e-07 1.89812472e+03 1.03724536e+04
7.71537848e-07 3.65403980e+03 1.23117659e+04
7.71968879e-07 4.02506255e+03 9.31046319e+03
7.72399909e-07 3.28589369e+03 6.39836605e+03
7.72830939e-07 2.86182613e+03 5.04696550e+03
7.73261970e-07 2.87909812e+03 4.33887347e+03
7.73693000e-07 2.98705171e+03 4.22661992e+03
7.74124030e-07 2.82616982e+03 4.67708464e+03
7.74555061e-07 2.09782835e+03 7.59225556e+03
7.74986091e-07 2.81117071e+03 1.07747356e+04
7.75417121e-07 4.48381663e+03 9.34163290e+03
7.75848152e-07 3.82289255e+03 6.99433028e+03
7.76279182e-07 2.97893459e+03 5.42591427e+03
7.76710212e-07 3.10854775e+03 4.75726482e+03
7.77141242e-07 2.68586600e+03 5.43270804e+03
7.77572273e-07 2.37759419e+03 5.68212853e+03
7.78003303e-07 3.46867701e+03 5.78533924e+03
7.78434333e-07 2.57213317e+03 5.17324182e+03
7.78865364e-07 2.01040356e+03 6.68026813e+03
7.79296394e-07 2.33553187e+03 8.71212675e+03
7.79727424e-07 3.70596249e+03 7.06155646e+03
7.80158455e-07 2.53414305e+03 4.78872439e+03
7.80589485e-07 2.14978249e+03 5.56782214e+03
7.81020515e-07 2.79960585e+03 5.90681066e+03
7.81451545e-07 1.82642970e+03 6.22434633e+03
7.81882576e-07 2.10697765e+03 9.23522266e+03
7.82313606e-07 3.34265710e+03 9.32308060e+03
7.82744636e-07 3.11885642e+03 5.57829104e+03
7.83175667e-07 2.25944260e+03 3.98101170e+03
7.83606697e-07 1.77632903e+03 4.47167406e+03
7.84037727e-07 1.77758103e+03 5.38149028e+03
7.84468758e-07 3.02056251e+03 6.29500646e+03
7.84899788e-07 1.83390213e+03 8.57783056e+03
7.85330818e-07 2.17121711e+03 1.04007750e+04
7.85761848e-07 3.42612507e+03 8.82511416e+03
7.86192879e-07 2.95933624e+03 6.77237993e+03
7.86623909e-07 2.09225873e+03 6.43779728e+03
7.87054939e-07 2.25964099e+03 6.55034027e+03
7.87485970e-07 2.51349275e+03 6.26885454e+03
7.87917000e-07 2.85351870e+03 6.57422005e+03
7.88348030e-07 2.55604913e+03 7.01173579e+03
7.88779061e-07 1.92674666e+03 7.33060157e+03
7.89210091e-07 2.95960527e+03 6.76319529e+03
7.89641121e-07 2.14727911e+03 4.50581666e+03
7.90072152e-07 2.97553661e+03 4.13304358e+03
7.90503182e-07 2.25957564e+03 5.01763087e+03
7.90934212e-07 1.37917650e+03 8.15273917e+03
7.91365242e-07 1.54015495e+03 1.09654881e+04
7.91796273e-07 3.18381913e+03 9.70663278e+03
7.92227303e-07 3.36282919e+03 7.30827735e+03
7.92658333e-07 3.07936313e+03 6.30905239e+03
7.93089364e-07 2.48841710e+03 6.05942781e+03
7.93520394e-07 2.63029734e+03 5.04128595e+03
7.93951424e-07 2.26054900e+03 4.06869029e+03
7.94382455e-07 2.23465022e+03 4.62275878e+03
7.94813485e-07 1.89439741e+03 4.92316783e+03
7.95244515e-07 3.21483565e+03 4.85448451e+03
7.95675545e-07 1.52792767e+03 4.53755494e+03
7.96106576e-07 1.47154921e+03 6.95997562e+03
7.96537606e-07 2.25896249e+03 8.03083211e+03
7.96968636e-07 3.04495308e+03 6.35475476e+03
7.97399667e-07 1.85696170e+03 5.20733702e+03
7.97830697e-07 2.23085633e+03 5.97933339e+03
7.98261727e-07 3.00296406e+03 5.74482690e+03
7.98692758e-07 2.58305255e+03 6.26973944e+03
7.99123788e-07 2.00764379e+03 8.62538789e+03
7.99554818e-07 3.30305971e+03 8.29276737e+03
7.99985848e-07 4.24573553e+03 7.73637082e+03
8.00416879e-07 2.96486197e+03 5.91904355e+03
8.00847909e-07 5.98134647e+03 6.12214510e+03
