1.55310000e-01
3.61197000e-07 5.70930352e+01 4.25990708e+02
3.61628030e-07 8.76189065e+01 3.69051249e+02
3.62059061e-07 3.65475161e+01 4.13446097e+02
3.62490091e-07 2.88650836e+01 3.46527176e+02
3.62921121e-07 1.77497678e+02 5.89335743e+02
3.63352152e-07 7.47032878e+01 6.30780231e+02
3.63783182e-07 1.09531423e+02 5.28440720e+02
3.64214212e-07 1.50630700e+02 9.79406455e+02
3.64645242e-07 1.01743398e+02 6.50906812e+02
3.65076273e-07 1.34107702e+01 3.87639064e+02
3.65507303e-07 9.34070450e+01 3.73728882e+02
3.65938333e-07 6.47435023e+01 3.66444190e+02
3.66369364e-07 1.14508804e+01 4.19481331e+02
3.67231424e-07 6.14133571e+01 3.21827474e+02
3.67662455e-07 5.97779895e+01 4.05073506e+02
3.68093485e-07 7.41831909e-01 3.18586912e+02
3.68524515e-07 7.57468584e+01 3.77327087e+02
3.68955545e-07 6.51828286e+01 3.39942064e+02
3.69386576e-07 4.27230581e+01 3.04570767e+02
3.69817606e-07 1.23707078e+02 4.60688208e+02
3.70248636e-07 2.28121120e+02 6.75308181e+02
3.70679667e-07 6.57730278e+00 4.12523654e+02
3.71110697e-07 2.24467559e+01 4.89571269e+02
3.71541727e-07 7.17445709e+01 3.95720979e+02
3.71972758e-07 6.38430011e+01 3.69759389e+02
3.72403788e-07 4.63498023e+01 4.22552890e+02
3.72834818e-07 8.93706685e+01 5.17496446e+02
3.73265848e-07 8.68592557e+01 5.38468189e+02
3.73696879e-07 1.10671332e+02 6.13412827e+02
3.74127909e-07 6.65156230e+01 6.12422287e+02
3.74558939e-07 1.47056710e+02 5.92447596e+02
3.74989970e-07 1.35922379e+02 5.11453554e+02
3.75421000e-07 5.98875058e+01 5.23808797e+02
3.75852030e-07 5.14182897e+01 4.70431379e+02
3.76714091e-07 7.36139276e+01 4.04908413e+02
3.77145121e-07 1.36726828e+02 4.66684693e+02
3.77576152e-07 8.78147269e+01 4.75652211e+02
3.78007182e-07 4.82867265e+01 4.15554938e+02
3.78438212e-07 5.19254500e+01 4.15748549e+02
3.78869242e-07 1.71636331e+02 4.89455599e+02
3.79300273e-07 1.16014617e+02 5.19396561e+02
3.79731303e-07 1.36368797e+02 4.50089693e+02
3.80162333e-07 1.33640720e+02 4.55329458e+02
3.80593364e-07 5.12012285e+01 4.12005782e+02
3.81024394e-07 1.09824555e+02 4.72937419e+02
3.81455424e-07 1.34659196e+02 5.26400195e+02
3.81886455e-07 8.40755170e+01 5.19229966e+02
3.82317485e-07 1.66436050e+02 5.15391441e+02
3.82748515e-07 1.19048213e+02 5.88956681e+02
3.83179545e-07 1.17251774e+02 6.63686643e+02
3.83610576e-07 1.94058414e+02 6.94423489e+02
3.84041606e-07 1.90046364e+02 6.66444544e+02
3.84472636e-07 1.79506323e+02 6.29166218e+02
3.84903667e-07 2.42557880e+02 6.30015093e+02
3.85334697e-07 1.89305090e+02 5.64529059e+02
3.85765727e-07 1.69077290e+02 5.31690255e+02
3.86196758e-07 9.84717330e+01 4.96370570e+02
3.86627788e-07 1.58917433e+02 5.37583249e+02
3.87058818e-07 1.56803938e+02 4.61319753e+02
3.87489848e-07 3.88146033e+01 4.02629874e+02
3.87920879e-07 1.76758589e+02 4.90521539e+02
3.88351909e-07 2.73468732e+01 3.92316201e+02
3.88782939e-07 1.03632654e+02 4.28507165e+02
3.89213970e-07 1.51314439e+02 4.53974389e+02
3.89645000e-07 5.13811518e+01 4.42109276e+02
3.90076030e-07 8.00607060e+01 5.25749814e+02
3.90507061e-07 2.62043147e+01 5.58697507e+02
3.90938091e-07 1.58725540e+02 6.88000463e+02
3.91369121e-07 1.99338493e+02 6.64201086e+02
3.91800152e-07 1.79394802e+02 6.13407271e+02
3.92231182e-07 1.28097097e+02 5.31762013e+02
3.92662212e-07 1.30260717e+02 5.06997162e+02
3.93093242e-07 9.75759072e+01 4.79400657e+02
3.93524273e-07 9.13145623e+01 5.28361499e+02
3.93955303e-07 1.08124156e+02 5.83957857e+02
3.94386333e-07 1.84819349e+02 6.85679865e+02
3.94817364e-07 1.22719224e+02 6.55337358e+02
3.95248394e-07 1.75221888e+02 6.19439063e+02
3.95679424e-07 1.99142229e+02 6.66452700e+02
3.96110455e-07 2.31956812e+02 7.57279134e+02
3.96541485e-07 1.96316619e+02 6.27370379e+02
3.96972515e-07 2.25171552e+02 6.16666958e+02
3.97403545e-07 1.22486253e+02 5.88982267e+02
3.97834576e-07 1.85226378e+02 6.24391013e+02
3.98265606e-07 1.21203778e+02 6.04482322e+02
3.98696636e-07 1.88930031e+02 5.98560812e+02
3.99127667e-07 1.72396233e+02 6.09204416e+02
3.99558697e-07 1.91222872e+02 6.29606386e+02
3.99989727e-07 1.51166277e+02 6.16241865e+02
4.00420758e-07 1.80000421e+02 6.67906786e+02
4.00851788e-07 2.26598347e+02 7.62466774e+02
4.01282818e-07 2.11167130e+02 7.98630995e+02
4.01713848e-07 1.21098535e+02 7.37705332e+02
4.02144879e-07 2.44576845e+02 7.08214282e+02
4.02575909e-07 2.64434724e+02 7.16913479e+02
4.03006939e-07 2.44495432e+02 7.00386003e+02
4.03437970e-07 1.58815321e+02 6.97754333e+02
4.03869000e-07 1.94141570e+02 7.41118972e+02
4.04300030e-07 2.01951470e+02 8.19199705e+02
4.04731061e-07 2.00520241e+02 8.28933844e+02
4.05162091e-07 2.40841567e+02 7.85705677e+02
4.05593121e-07 2.73339413e+02 7.71200081e+02
4.06024152e-07 1.42332344e+02 8.07397228e+02
4.06455182e-07 2.23265691e+02 9.22136041e+02
4.06886212e-07 3.67594289e+02 9.58534007e+02
4.07317242e-07 1.85749438e+02 8.85236662e+02
4.07748273e-07 1.79698567e+02 8.54254296e+02
4.08179303e-07 2.57898101e+02 8.50199936e+02
4.08610333e-07 1.51450351e+02 7.94073580e+02
4.09041364e-07 1.52078180e+02 7.57891671e+02
4.09472394e-07 2.27768971e+02 7.72317368e+02
4.09903424e-07 1.21106983e+02 7.16563261e+02
4.10334455e-07 1.37254786e+02 7.18594945e+02
4.10765485e-07 1.15123146e+02 6.88602612e+02
4.11196515e-07 2.09439291e+02 7.31024993e+02
4.11627545e-07 1.65657565e+02 7.20348912e+02
4.12058576e-07 1.88797457e+02 7.69612256e+02
4.12489606e-07 1.79442328e+02 8.01408721e+02
4.12920636e-07 1.00204014e+02 7.61852399e+02
4.13351667e-07 1.72536353e+02 8.13680348e+02
4.13782697e-07 1.18035714e+02 7.63993155e+02
4.14213727e-07 2.80189755e+02 8.11929695e+02
4.14644758e-07 1.80820670e+02 7.48746431e+02
4.15075788e-07 1.03300133e+02 7.73299203e+02
4.15506818e-07 2.84275070e+02 1.06397463e+03
4.15937848e-07 4.00333157e+02 1.09503769e+03
4.16368879e-07 3.11857967e+02 1.03221737e+03
4.16799909e-07 2.05802156e+02 1.00664302e+03
4.17230939e-07 3.04029743e+02 1.05558857e+03
4.17661970e-07 1.83699998e+02 9.65751657e+02
4.18093000e-07 3.18929476e+02 9.73564646e+02
4.18524030e-07 1.81358057e+02 8.51609393e+02
4.18955061e-07 2.25631254e+02 8.64580396e+02
4.19386091e-07 2.71559166e+02 8.99574147e+02
4.19817121e-07 1.82990155e+02 7.97078106e+02
4.20248152e-07 3.22228224e+02 8.48712092e+02
4.20679182e-07 2.08061758e+02 8.38398459e+02
4.21110212e-07 3.02880228e+02 8.77469447e+02
4.21541242e-07 3.24726191e+02 8.70699215e+02
4.21972273e-07 3.17223446e+02 8.40111602e+02
4.22403303e-07 2.97425208e+02 8.58554982e+02
4.22834333e-07 3.92794903e+02 8.53089589e+02
4.23265364e-07 3.40966464e+02 8.67779742e+02
4.23696394e-07 3.15107828e+02 8.47966415e+02
4.24127424e-07 2.37892724e+02 8.76345357e+02
4.24558455e-07 2.70963315e+02 9.11125891e+02
4.24989485e-07 2.82030725e+02 9.41098353e+02
4.25420515e-07 2.44917737e+02 9.59867414e+02
4.25851545e-07 3.65022743e+02 1.00070691e+03
4.26282576e-07 2.84176789e+02 9.57760421e+02
4.26713606e-07 2.49102787e+02 9.37731849e+02
4.27144636e-07 4.52570702e+02 1.01621299e+03
4.27575667e-07 3.62320177e+02 9.81542668e+02
4.28006697e-07 3.56826337e+02 9.60558766e+02
4.28437727e-07 3.58012884e+02 9.70108359e+02
4.28868758e-07 2.32933048e+02 9.38072037e+02
4.29299788e-07 2.77343067e+02 9.52559914e+02
4.29730818e-07 3.36452619e+02 9.61779526e+02
4.30161848e-07 5.02530955e+02 1.01733715e+03
4.30592879e-07 6.10889863e+02 1.09263733e+03
4.31023909e-07 4.70905941e+02 1.14030323e+03
4.31454939e-07 2.64626006e+02 1.13180267e+03
4.31885970e-07 3.21847596e+02 1.07833180e+03
4.32317000e-07 3.28591509e+02 1.02596965e+03
4.32748030e-07 2.57930035e+02 1.00819289e+03
4.33179061e-07 3.89103075e+02 1.04217921e+03
4.33610091e-07 3.42232437e+02 9.80903282e+02
4.34041121e-07 2.87100566e+02 9.69194436e+02
4.34472152e-07 3.92189414e+02 1.03937386e+03
4.34903182e-07 4.00201391e+02 1.10140505e+03
4.35334212e-07 3.53319610e+02 1.06549443e+03
4.35765242e-07 2.84566078e+02 1.03642469e+03
4.36196273e-07 3.31418117e+02 1.05396853e+03
4.36627303e-07 3.25211561e+02 1.03043734e+03
4.37058333e-07 1.77108072e+02 9.73154183e+02
4.37489364e-07 4.30066716e+02 1.11388002e+03
4.37920394e-07 3.80061461e+02 1.12729889e+03
4.38351424e-07 3.32643847e+02 1.08030225e+03
4.38782455e-07 4.23471203e+02 1.10648281e+03
4.39213485e-07 4.37360590e+02 1.10263554e+03
4.39644515e-07 4.64695031e+02 1.18023157e+03
4.40075545e-07 4.90695986e+02 1.26332088e+03
4.40506576e-07 5.73370389e+02 1.38778570e+03
4.40937606e-07 5.36926812e+02 1.46526910e+03
4.41368636e-07 3.10571036e+02 1.32911486e+03
4.41799667e-07 4.75944496e+02 1.41727476e+03
4.42230697e-07 2.60708081e+02 1.33360890e+03
4.42661727e-07 2.04339169e+02 1.24523969e+03
4.43092758e-07 1.79114828e+02 1.20801711e+03
4.43523788e-07 3.97596284e+02 1.28098804e+03
4.43954818e-07 4.26322396e+02 1.30703426e+03
4.44385848e-07 4.30999291e+02 1.25182803e+03
4.44816879e-07 4.10974041e+02 1.25595106e+03
4.45247909e-07 3.60464308e+02 1.21597472e+03
4.45678939e-07 5.07428874e+02 1.20644842e+03
4.46109970e-07 3.66755317e+02 1.19571504e+03
4.46541000e-07 4.43844978e+02 1.19976802e+03
4.46972030e-07 5.04914552e+02 1.22078957e+03
4.47403061e-07 7.16247268e+02 1.31361081e+03
4.47834091e-07 4.29181745e+02 1.18806709e+03
4.48265121e-07 4.61628640e+02 1.25265485e+03
4.48696152e-07 5.38290579e+02 1.27512430e+03
4.49127182e-07 4.22115205e+02 1.24153429e+03
4.49558212e-07 4.80369100e+02 1.31509905e+03
4.49989242e-07 5.26165079e+02 1.28016328e+03
4.50420273e-07 4.83057704e+02 1.27328148e+03
4.50851303e-07 3.79383958e+02 1.25661968e+03
4.51282333e-07 6.14381280e+02 1.34216022e+03
4.51713364e-07 5.50860895e+02 1.36504345e+03
4.52144394e-07 6.43460116e+02 1.43014452e+03
4.52575424e-07 5.10920473e+02 1.39272721e+03
4.53006455e-07 6.81145758e+02 1.53113753e+03
4.53437485e-07 4.65085987e+02 1.50495143e+03
4.53868515e-07 4.75848515e+02 1.49669195e+03
4.54299545e-07 5.13705737e+02 1.51328225e+03
4.54730576e-07 4.49037615e+02 1.48906504e+03
4.55161606e-07 4.01283434e+02 1.42957550e+03
4.55592636e-07 6.29722885e+02 1.55734519e+03
4.56023667e-07 4.06607886e+02 1.40320102e+03
4.56454697e-07 5.77203699e+02 1.41443526e+03
4.56885727e-07 5.66022849e+02 1.40376008e+03
4.57316758e-07 6.50077267e+02 1.48692538e+03
4.57747788e-07 4.59075984e+02 1.52184260e+03
4.58178818e-07 2.54065976e+02 1.46329055e+03
4.58609848e-07 2.96325925e+02 1.43820392e+03
4.59040879e-07 2.63546440e+02 1.42585786e+03
4.59471909e-07 5.98585738e+02 1.48998044e+03
4.59902939e-07 6.07473265e+02 1.46575059e+03
4.60333970e-07 4.05138321e+02 1.40087034e+03
4.60765000e-07 6.83694510e+02 1.52347423e+03
4.61196030e-07 9.02423331e+02 1.54094156e+03
4.61627061e-07 5.22461424e+02 1.45624123e+03
4.62058091e-07 7.08873150e+02 1.53043135e+03
4.62489121e-07 7.22934691e+02 1.53150630e+03
4.62920152e-07 7.90080356e+02 1.52628873e+03
4.63351182e-07 9.86123167e+02 1.58916721e+03
4.63782212e-07 8.34276552e+02 1.53321015e+03
4.64213242e-07 9.27088099e+02 1.55330728e+03
4.64644273e-07 8.70533798e+02 1.53880252e+03
4.65075303e-07 7.88100785e+02 1.51450620e+03
4.65506333e-07 6.58554565e+02 1.57803616e+03
4.65937364e-07 8.23055113e+02 1.70503515e+03
4.66368394e-07 7.45051928e+02 1.62986161e+03
4.66799424e-07 8.41569850e+02 1.69654898e+03
4.67230455e-07 9.19520024e+02 2.60858069e+03
4.67661485e-07 8.25408900e+02 2.63228979e+03
4.68092515e-07 6.17147322e+02 2.54372958e+03
4.68523545e-07 9.79947048e+02 2.69513708e+03
4.68954576e-07 8.61790442e+02 2.53273087e+03
4.69385606e-07 7.73908654e+02 1.64237231e+03
4.69816636e-07 6.18846091e+02 1.61955797e+03
4.70247667e-07 9.92455217e+02 1.70641774e+03
4.70678697e-07 8.05221304e+02 1.67241868e+03
4.71109727e-07 8.35713625e+02 1.71981378e+03
4.71540758e-07 7.65933073e+02 1.69366662e+03
4.71971788e-07 7.46403226e+02 1.67299612e+03
4.72402818e-07 8.42160225e+02 1.69599229e+03
4.72833848e-07 7.45001319e+02 1.65555267e+03
4.73264879e-07 8.43047980e+02 1.64594303e+03
4.73695909e-07 6.91212288e+02 1.63538666e+03
4.74126939e-07 8.39169921e+02 1.63308044e+03
4.74557970e-07 8.80720997e+02 1.68137562e+03
4.74989000e-07 7.88223277e+02 1.64198446e+03
4.75420030e-07 8.98488349e+02 1.71503752e+03
4.75851061e-07 8.81234884e+02 1.71280207e+03
4.76282091e-07 9.63277524e+02 1.71055548e+03
4.76713121e-07 8.38265170e+02 1.64953602e+03
4.77144152e-07 7.43744225e+02 1.68460966e+03
4.77575182e-07 8.68390591e+02 1.72635846e+03
4.78006212e-07 1.05416715e+03 1.81030721e+03
4.78437242e-07 8.95543979e+02 1.75999823e+03
4.78868273e-07 7.56017174e+02 1.74296422e+03
4.79299303e-07 9.91503494e+02 1.84754588e+03
4.79730333e-07 8.78730878e+02 1.81976696e+03
4.80161364e-07 9.23701224e+02 1.82818860e+03
4.80592394e-07 1.27307908e+03 1.90927530e+03
4.81023424e-07 1.02477940e+03 1.90709659e+03
4.81454455e-07 9.85596191e+02 1.98906312e+03
4.81885485e-07 1.02817007e+03 2.11146206e+03
4.82316515e-07 8.43167751e+02 2.04595653e+03
4.82747545e-07 9.69384519e+02 2.05207406e+03
4.83178576e-07 9.40119960e+02 2.10516336e+03
4.83609606e-07 1.01879621e+03 2.15225138e+03
4.84040636e-07 8.99571508e+02 2.12955905e+03
4.84471667e-07 9.47323302e+02 2.08904894e+03
4.84902697e-07 9.39660292e+02 2.02007929e+03
4.85333727e-07 1.07514643e+03 1.96263673e+03
4.85764758e-07 8.86258330e+02 1.87165818e+03
4.86195788e-07 9.72295082e+02 1.85897754e+03
4.86626818e-07 9.41258717e+02 1.88964372e+03
4.87057848e-07 7.58665022e+02 1.84740253e+03
4.87488879e-07 1.07074928e+03 1.93707018e+03
4.87919909e-07 9.26704887e+02 2.00895586e+03
4.88350939e-07 1.00858398e+03 2.05574470e+03
4.88781970e-07 9.94421817e+02 2.04425122e+03
4.89213000e-07 9.80670577e+02 2.02531630e+03
4.89644030e-07 1.16152121e+03 2.06011230e+03
4.90075061e-07 1.19006913e+03 2.04866385e+03
4.90506091e-07 1.15004061e+03 2.01515504e+03
4.90937121e-07 1.17190489e+03 2.02291012e+03
4.91368152e-07 1.03718945e+03 1.96077074e+03
4.91799182e-07 1.11038675e+03 1.95821442e+03
4.92230212e-07 1.26690623e+03 1.99986297e+03
4.92661242e-07 1.21906859e+03 2.03663076e+03
4.93092273e-07 1.09885998e+03 2.03214528e+03
4.93523303e-07 1.23431480e+03 2.04519378e+03
4.93954333e-07 1.22991284e+03 2.07501174e+03
4.94385364e-07 1.28548902e+03 2.03609320e+03
4.94816394e-07 1.20092229e+03 2.07183182e+03
4.95247424e-07 1.24917433e+03 2.10861900e+03
4.95678455e-07 1.13136013e+03 2.02059446e+03
4.96109485e-07 1.12463146e+03 2.08084917e+03
4.96540515e-07 1.05883725e+03 2.10756601e+03
4.96971545e-07 1.07192091e+03 2.09095479e+03
4.97402576e-07 9.80511139e+02 2.09953163e+03
4.97833606e-07 1.13444399e+03 2.11814590e+03
4.98264636e-07 1.30525319e+03 2.16066573e+03
4.98695667e-07 1.22544297e+03 2.14437879e+03
4.99126697e-07 1.36931239e+03 3.36563864e+03
4.99557727e-07 1.43090119e+03 3.45230247e+03
4.99988758e-07 1.44717588e+03 3.44769855e+03
5.00419788e-07 1.43986792e+03 3.48440489e+03
5.00850818e-07 1.74732106e+03 2.39038115e+03
5.01281848e-07 1.23610740e+03 2.18663160e+03
5.01712879e-07 1.29248685e+03 2.20777588e+03
5.02143909e-07 1.20973788e+03 2.16340642e+03
5.02574939e-07 1.20095029e+03 2.17950500e+03
5.03005970e-07 1.43880870e+03 2.23235090e+03
5.03437000e-07 1.53522447e+03 2.24655982e+03
5.03868030e-07 1.49223380e+03 2.23665560e+03
5.04299061e-07 1.28519949e+03 2.16283974e+03
5.04730091e-07 1.34778214e+03 2.18314860e+03
5.05161121e-07 1.41065129e+03 2.19245363e+03
5.05592152e-07 1.37718576e+03 2.20899500e+03
5.06023182e-07 1.34465457e+03 2.26498768e+03
5.06454212e-07 1.47043829e+03 2.24569356e+03
5.06885242e-07 1.44299880e+03 2.24075567e+03
5.07316273e-07 1.24556862e+03 2.15261953e+03
5.07747303e-07 1.30232666e+03 2.18306765e+03
5.08178333e-07 1.52729557e+03 2.24357994e+03
5.08609364e-07 1.47482940e+03 2.23668376e+03
5.09040394e-07 1.53761648e+03 2.34896455e+03
5.09471424e-07 1.47309788e+03 2.30037849e+03
5.09902455e-07 1.61272483e+03 2.28413799e+03
5.10333485e-07 1.64402083e+03 2.32314259e+03
5.10764515e-07 1.59491853e+03 2.36652567e+03
5.11195545e-07 1.80649852e+03 2.40664350e+03
5.11626576e-07 1.68858405e+03 2.37507518e+03
5.12057606e-07 1.56635814e+03 2.38818077e+03
5.12488636e-07 1.50088416e+03 2.35483660e+03
5.12919667e-07 1.68584122e+03 2.41013314e+03
5.13350697e-07 1.98873390e+03 2.67484285e+03
5.13781727e-07 1.87443766e+03 2.68368989e+03
5.14212758e-07 1.68881385e+03 2.63082896e+03
5.14643788e-07 1.69771379e+03 2.63605174e+03
5.15074818e-07 1.79475403e+03 2.60400954e+03
5.15505848e-07 1.72487621e+03 2.60248448e+03
5.15936879e-07 1.66671578e+03 2.55991889e+03
5.16367909e-07 1.73362280e+03 2.57085382e+03
5.16798939e-07 1.79141110e+03 2.48881595e+03
5.17229970e-07 1.67535936e+03 2.43144926e+03
5.17661000e-07 1.78348274e+03 2.43985377e+03
5.18092030e-07 1.87749226e+03 2.50934959e+03
5.18523061e-07 1.77899464e+03 2.46455263e+03
5.18954091e-07 1.78382958e+03 2.55354307e+03
5.19385121e-07 2.08924310e+03 2.85924276e+03
5.19816152e-07 2.05460235e+03 3.05145439e+03
5.20247182e-07 2.20924571e+03 2.98786761e+03
5.20678212e-07 2.11151027e+03 2.77158467e+03
5.21109242e-07 1.98198074e+03 2.62652046e+03
5.21540273e-07 2.02085848e+03 2.72202676e+03
5.21971303e-07 1.86086631e+03 2.75302775e+03
5.22402333e-07 2.17104306e+03 2.82689872e+03
5.22833364e-07 2.28945511e+03 2.77835003e+03
5.23264394e-07 1.95487062e+03 2.62233004e+03
5.23695424e-07 1.70171043e+03 2.63355364e+03
5.24126455e-07 1.79864693e+03 2.68235519e+03
5.24557485e-07 1.96715375e+03 2.74175251e+03
5.24988515e-07 1.95731968e+03 2.72875148e+03
5.25419545e-07 1.76358055e+03 2.61384909e+03
5.25850576e-07 1.67358081e+03 2.55941573e+03
5.26281606e-07 1.89584057e+03 2.61385704e+03
5.26712636e-07 2.01340223e+03 2.58739358e+03
5.27143667e-07 1.72156680e+03 2.53340247e+03
5.27574697e-07 1.89934926e+03 2.64310518e+03
5.28005727e-07 1.94029723e+03 2.66705828e+03
5.28436758e-07 1.86234762e+03 2.65406164e+03
5.28867788e-07 1.80629619e+03 2.64573193e+03
5.29298818e-07 1.82776080e+03 2.66478627e+03
5.29729848e-07 1.89393760e+03 2.72574471e+03
5.30160879e-07 1.94832856e+03 2.71925671e+03
5.30591909e-07 2.04721960e+03 2.83016002e+03
5.31022939e-07 1.94818570e+03 2.79002549e+03
5.31453970e-07 2.07817061e+03 2.86367774e+03
5.31885000e-07 1.92556888e+03 2.88001878e+03
5.32316030e-07 1.86094631e+03 2.92471073e+03
5.32747061e-07 1.98634567e+03 2.88963513e+03
5.33178091e-07 2.12680631e+03 2.95936815e+03
5.33609121e-07 2.09543148e+03 3.01641897e+03
5.34040152e-07 1.98468166e+03 2.89576146e+03
5.34471182e-07 2.21341406e+03 2.96112876e+03
5.34902212e-07 2.18738306e+03 2.95200239e+03
5.35333242e-07 1.92779602e+03 2.87993599e+03
5.35764273e-07 2.00308997e+03 2.90939804e+03
5.36195303e-07 1.81808313e+03 2.82076568e+03
5.36626333e-07 1.69808066e+03 2.74149004e+03
5.37057364e-07 1.94076988e+03 2.91175843e+03
5.37488394e-07 1.88508374e+03 2.93529845e+03
5.37919424e-07 2.04799960e+03 2.96246321e+03
5.38350455e-07 2.28146849e+03 3.04415548e+03
5.38781485e-07 2.39266479e+03 2.96141752e+03
5.39212515e-07 2.03409747e+03 2.90638426e+03
5.39643545e-07 2.01767839e+03 2.90472188e+03
5.40074576e-07 1.92631629e+03 2.84136506e+03
5.40505606e-07 2.08747579e+03 2.80976849e+03
5.40936636e-07 2.23504975e+03 2.91030467e+03
5.41367667e-07 1.78908728e+03 2.82488975e+03
5.41798697e-07 1.93563977e+03 2.93770025e+03
5.42229727e-07 2.19901139e+03 2.99935659e+03
5.42660758e-07 2.19450249e+03 2.97912442e+03
5.43091788e-07 1.96416103e+03 2.88234095e+03
5.43522818e-07 2.06400579e+03 3.00740986e+03
5.43953848e-07 2.12006981e+03 3.08654021e+03
5.44384879e-07 1.94682427e+03 2.98509517e+03
5.44815909e-07 2.21206249e+03 3.04584975e+03
5.45246939e-07 2.36438487e+03 3.08158450e+03
5.45677970e-07 2.30587114e+03 3.22276521e+03
5.46109000e-07 2.19576413e+03 3.21225629e+03
5.46540030e-07 2.18730195e+03 3.12889435e+03
5.46971061e-07 1.98821777e+03 3.05935370e+03
5.47402091e-07 2.24064555e+03 3.17624883e+03
5.47833121e-07 2.49048285e+03 3.26620105e+03
5.48264152e-07 2.31377126e+03 3.16207298e+03
5.48695182e-07 2.38311404e+03 3.24340553e+03
5.49126212e-07 2.40997511e+03 3.25645342e+03
5.49557242e-07 2.13027330e+03 3.21396181e+03
5.49988273e-07 2.16631646e+03 3.26377778e+03
5.50419303e-07 2.47342701e+03 3.40260728e+03
5.50850333e-07 2.59383839e+03 3.40119372e+03
5.51281364e-07 2.68716077e+03 3.41196677e+03
5.51712394e-07 2.43611015e+03 3.33823884e+03
5.52143424e-07 2.20744954e+03 3.26895539e+03
5.52574455e-07 2.20203593e+03 3.27215065e+03
5.53005485e-07 2.67041534e+03 3.38412941e+03
5.53436515e-07 2.30034780e+03 3.34894557e+03
5.53867545e-07 2.53713723e+03 3.45521033e+03
5.54298576e-07 2.78795192e+03 3.53325759e+03
5.54729606e-07 2.37620879e+03 3.53913634e+03
5.55160636e-07 2.27719589e+03 3.46631275e+03
5.55591667e-07 2.38695788e+03 3.52951278e+03
5.56022697e-07 2.09805829e+03 5.02402959e+03
5.56453727e-07 1.87828532e+03 4.72848080e+03
5.56884758e-07 1.08723971e+04 1.63639172e+04
5.57315788e-07 4.32442035e+03 7.40948325e+04
5.57746818e-07 3.04158443e+03 1.33009989e+05
5.58177848e-07 1.88069190e+04 5.85497611e+04
5.58608879e-07 2.28772145e+02 5.22327851e+03
5.59039909e-07 3.02068137e+03 3.44832873e+03
5.59470939e-07 2.31137762e+03 3.55774757e+03
5.59901970e-07 2.20508480e+03 3.55208804e+03
5.60333000e-07 2.36863768e+03 3.68869428e+03
5.60764030e-07 2.59013942e+03 3.71916801e+03
5.61195061e-07 2.19090349e+03 3.45197981e+03
5.61626091e-07 2.37048011e+03 3.50900323e+03
5.62057121e-07 2.19669869e+03 3.56358591e+03
5.62488152e-07 2.34774963e+03 3.49824636e+03
5.62919182e-07 2.38385053e+03 3.51956391e+03
5.63350212e-07 2.50830677e+03 3.47432087e+03
5.63781242e-07 2.39974888e+03 3.43300157e+03
5.64212273e-07 2.55118932e+03 3.61397630e+03
5.64643303e-07 2.57970843e+03 3.56670731e+03
5.65074333e-07 2.41456092e+03 3.47953622e+03
5.65505364e-07 2.61957178e+03 3.52370621e+03
5.65936394e-07 2.97402938e+03 3.64113296e+03
5.66367424e-07 2.74759229e+03 3.56420556e+03
5.66798455e-07 2.52141721e+03 3.65626390e+03
5.67229485e-07 2.57170173e+03 3.56911520e+03
5.67660515e-07 2.32899467e+03 3.57424616e+03
5.68091545e-07 2.68367997e+03 3.69549205e+03
5.68522576e-07 2.33772052e+03 3.57180658e+03
5.68953606e-07 2.35422032e+03 3.55541192e+03
5.69384636e-07 2.87716202e+03 3.84646993e+03
5.69815667e-07 2.56267784e+03 3.67527134e+03
5.70246697e-07 2.62715865e+03 3.75788428e+03
5.70677727e-07 2.44946108e+03 3.70311322e+03
5.71108758e-07 2.79223355e+03 3.67300836e+03
5.71539788e-07 3.13465448e+03 3.86785759e+03
5.71970818e-07 2.93222818e+03 3.81879091e+03
5.72401848e-07 2.87801902e+03 3.77439753e+03
5.72832879e-07 2.89178488e+03 3.81422133e+03
5.73263909e-07 2.71102559e+03 3.71783183e+03
5.73694939e-07 2.25293571e+03 3.51847100e+03
5.74125970e-07 2.47990602e+03 3.56239379e+03
5.74557000e-07 3.03093564e+03 3.78393999e+03
5.74988030e-07 2.99275946e+03 3.72622612e+03
5.75419061e-07 2.16730248e+03 3.47031654e+03
5.75850091e-07 2.88229859e+03 3.71121988e+03
5.76281121e-07 3.00881476e+03 3.71117281e+03
5.76712152e-07 3.00202507e+03 3.70509989e+03
5.77143182e-07 2.64257535e+03 3.58113357e+03
5.77574212e-07 2.54298926e+03 3.63848006e+03
5.78005242e-07 3.14013866e+03 3.81207654e+03
5.78436273e-07 2.72616808e+03 3.60773824e+03
5.78867303e-07 2.40899154e+03 3.52946954e+03
5.79298333e-07 2.38290660e+03 3.60058051e+03
5.79729364e-07 2.26947715e+03 3.48057802e+03
5.80160394e-07 2.50056472e+03 3.61249546e+03
5.80591424e-07 2.51080197e+03 3.55033997e+03
5.81022455e-07 2.65108015e+03 3.57309653e+03
5.81453485e-07 2.73716675e+03 3.64896285e+03
5.81884515e-07 2.99781258e+03 3.78778951e+03
5.82315545e-07 3.05863377e+03 3.78841741e+03
5.82746576e-07 2.75173461e+03 3.70876812e+03
5.83177606e-07 2.88993308e+03 3.66697093e+03
5.83608636e-07 2.91687128e+03 3.67594799e+03
5.84039667e-07 3.22675124e+03 3.79749805e+03
5.84470697e-07 2.77042171e+03 3.63053392e+03
5.84901727e-07 2.77968211e+03 3.59387311e+03
5.85332758e-07 3.11613972e+03 3.81431701e+03
5.85763788e-07 2.53273213e+03 3.66029920e+03
5.86194818e-07 2.82837136e+03 3.97342098e+03
5.86625848e-07 3.27765653e+03 4.49077984e+03
5.87056879e-07 2.87610765e+03 4.18716976e+03
5.87487909e-07 3.02914843e+03 3.92184394e+03
5.87918939e-07 3.13933521e+03 3.91531727e+03
5.88349970e-07 2.47234615e+03 5.16750360e+03
5.88781000e-07 4.18600836e+03 9.22446566e+03
5.89212030e-07 3.51111663e+03 9.88394934e+03
5.89643061e-07 3.01564829e+03 7.47751634e+03
5.90074091e-07 2.37934791e+03 4.89737150e+03
5.90505121e-07 3.19168209e+03 4.09323710e+03
5.90936152e-07 3.05314139e+03 4.15016058e+03
5.91367182e-07 3.15088492e+03 4.33127314e+03
5.91798212e-07 2.67448277e+03 4.06245290e+03
5.92229242e-07 3.19237358e+03 4.11180152e+03
5.92660273e-07 2.84922538e+03 4.07671265e+03
5.93091303e-07 2.68652808e+03 4.25718358e+03
5.93522333e-07 2.59469123e+03 4.11618972e+03
5.93953364e-07 2.60830659e+03 3.83076185e+03
5.94384394e-07 2.20937672e+03 3.68510627e+03
5.94815424e-07 2.83727581e+03 4.14652077e+03
5.95246455e-07 2.84116011e+03 4.26283344e+03
5.95677485e-07 3.07830800e+03 4.20600703e+03
5.96108515e-07 3.05479315e+03 3.97964574e+03
5.96539545e-07 2.92028972e+03 3.93197737e+03
5.96970576e-07 2.47444072e+03 3.85479076e+03
5.97401606e-07 2.70765379e+03 4.07426852e+03
5.97832636e-07 2.68242043e+03 4.09434256e+03
5.98263667e-07 2.79715985e+03 3.86958060e+03
5.98694697e-07 2.94247980e+03 3.90442824e+03
5.99125727e-07 2.93547322e+03 3.84945945e+03
5.99556758e-07 2.73651519e+03 3.78547909e+03
5.99987788e-07 2.58029047e+03 3.90718274e+03
6.00418818e-07 3.10914265e+03 4.08342644e+03
6.00849848e-07 3.21896834e+03 3.97741079e+03
6.01280879e-07 3.24283262e+03 3.87425063e+03
6.01711909e-07 2.99992661e+03 3.78022190e+03
6.02142939e-07 2.83245922e+03 3.78711244e+03
6.02573970e-07 2.75291489e+03 3.81815907e+03
6.03005000e-07 3.11487887e+03 3.89264234e+03
6.03436030e-07 2.98618776e+03 3.92741669e+03
6.03867061e-07 3.05231697e+03 3.96731669e+03
6.04298091e-07 3.08370417e+03 3.84321780e+03
6.04729121e-07 3.03928321e+03 3.79269187e+03
6.05160152e-07 3.42441633e+03 3.90649341e+03
6.05591182e-07 3.31642674e+03 3.91333764e+03
6.06022212e-07 3.04529701e+03 3.81658519e+03
6.06453242e-07 3.14061176e+03 3.88662557e+03
6.06884273e-07 2.99558290e+03 3.91177488e+03
6.07315303e-07 3.67219851e+03 4.07096496e+03
6.07746333e-07 3.47031166e+03 3.95890941e+03
6.08177364e-07 2.98689376e+03 3.75434034e+03
6.08608394e-07 2.78208865e+03 3.68594659e+03
6.09039424e-07 2.78757834e+03 3.70012112e+03
6.09470455e-07 3.25149758e+03 3.86465779e+03
6.09901485e-07 3.22387696e+03 3.92752630e+03
6.10332515e-07 3.22358575e+03 3.95208116e+03
6.10763545e-07 3.24486630e+03 3.99972848e+03
6.11194576e-07 3.54844731e+03 3.94752944e+03
6.11625606e-07 3.52134137e+03 3.97892721e+03
6.12056636e-07 3.27544639e+03 3.85877144e+03
6.12487667e-07 3.59436152e+03 4.07305686e+03
6.12918697e-07 3.57682417e+03 4.02374816e+03
6.13349727e-07 3.49203095e+03 4.05011292e+03
6.13780758e-07 3.49380362e+03 4.23656946e+03
6.14211788e-07 3.69174572e+03 4.25114542e+03
6.14642818e-07 3.77196157e+03 4.26988758e+03
6.15073848e-07 3.43825075e+03 4.02809119e+03
6.15504879e-07 3.14027374e+03 3.99323739e+03
6.15935909e-07 3.28378842e+03 3.98720936e+03
6.16366939e-07 3.45898605e+03 3.97995234e+03
6.16797970e-07 3.37808805e+03 4.17802428e+03
6.17229000e-07 3.53445329e+03 4.25830987e+03
6.17660030e-07 3.56102763e+03 4.12693985e+03
6.18091061e-07 3.42349434e+03 4.08328427e+03
6.18522091e-07 3.70923512e+03 4.16857469e+03
6.18953121e-07 3.68008310e+03 4.12668076e+03
6.19384152e-07 3.58719033e+03 4.03550683e+03
6.19815182e-07 3.56410310e+03 4.22090302e+03
6.20246212e-07 3.45656188e+03 4.18991509e+03
6.20677242e-07 3.52395123e+03 4.10389329e+03
6.21108273e-07 3.84300927e+03 4.23678681e+03
6.21539303e-07 3.84739241e+03 4.27040039e+03
6.21970333e-07 3.85015176e+03 4.40175162e+03
6.22401364e-07 3.63966588e+03 4.22695826e+03
6.22832394e-07 3.89630443e+03 4.40999720e+03
6.23263424e-07 3.96287573e+03 5.32019580e+03
6.23694455e-07 3.44093465e+03 5.54619039e+03
6.24125485e-07 3.38164354e+03 4.85708908e+03
6.24556515e-07 3.11986340e+03 4.29554085e+03
6.24987545e-07 3.60785887e+03 4.32613019e+03
6.25418576e-07 3.61251629e+03 4.81676624e+03
6.25849606e-07 3.23497252e+03 5.14616332e+03
6.26280636e-07 3.77674754e+03 4.84203500e+03
6.26711667e-07 3.31483171e+03 4.42075810e+03
6.27142697e-07 3.40764237e+03 4.23403919e+03
6.27573727e-07 3.47515421e+03 4.13106884e+03
6.28004758e-07 3.93444722e+03 4.34596418e+03
6.28435788e-07 4.10536928e+03 4.87360561e+03
6.28866818e-07 3.70049830e+03 4.99535048e+03
6.29297848e-07 6.43297996e+03 7.89431260e+03
6.29728879e-07 3.66547629e+03 1.74676999e+04
6.30159909e-07 3.49652922e+03 1.95521645e+04
6.30590939e-07 4.46333299e+03 9.24553917e+03
6.31021970e-07 3.26999469e+03 4.54279124e+03
6.31453000e-07 3.65635555e+03 4.21598461e+03
6.31884030e-07 3.28730577e+03 4.28463501e+03
6.32315061e-07 3.37622354e+03 4.58311076e+03
6.32746091e-07 3.51050075e+03 5.05903198e+03
6.33177121e-07 3.71397830e+03 4.91920750e+03
6.33608152e-07 3.77678226e+03 4.35741905e+03
6.34039182e-07 3.51182292e+03 4.16588409e+03
6.34470212e-07 3.87286137e+03 4.41736818e+03
6.34901242e-07 3.71739552e+03 4.52735858e+03
6.35332273e-07 4.01757588e+03 4.83214938e+03
6.35763303e-07 4.38501511e+03 6.73809729e+03
6.36194333e-07 3.98745574e+03 9.65356411e+03
6.36625364e-07 4.39120060e+03 8.33257771e+03
6.37056394e-07 3.26662952e+03 4.65041496e+03
6.37487424e-07 3.86002411e+03 4.31886092e+03
6.37918455e-07 4.17804892e+03 4.55159425e+03
6.38349485e-07 3.81920793e+03 4.59503247e+03
6.38780515e-07 3.93776519e+03 4.59413874e+03
6.39211545e-07 3.66433133e+03 4.22104959e+03
6.39642576e-07 3.59082753e+03 4.06726700e+03
6.40073606e-07 3.68626110e+03 4.07569858e+03
6.40504636e-07 3.61937639e+03 4.11788285e+03
6.40935667e-07 3.90434699e+03 4.21925242e+03
6.41366697e-07 3.50144813e+03 4.20256862e+03
6.41797727e-07 4.14839032e+03 4.48306091e+03
6.42228758e-07 4.04667006e+03 4.36658329e+03
6.42659788e-07 3.94250253e+03 4.17993883e+03
6.43090818e-07 3.98710389e+03 4.15944654e+03
6.43521848e-07 3.80559702e+03 4.14897898e+03
6.43952879e-07 3.95214626e+03 4.21900322e+03
6.44383909e-07 3.91555837e+03 4.21399144e+03
6.44814939e-07 3.68288735e+03 4.23342312e+03
6.45245970e-07 3.61330357e+03 4.27044974e+03
6.45677000e-07 3.81318497e+03 4.44237330e+03
6.46108030e-07 4.25093439e+03 4.82679965e+03
6.46539061e-07 4.25316372e+03 5.31429631e+03
6.46970091e-07 4.43668507e+03 5.32050862e+03
6.47401121e-07 3.97391009e+03 4.63571433e+03
6.47832152e-07 3.60751803e+03 4.20999596e+03
6.48263182e-07 4.00111740e+03 4.18477160e+03
6.48694212e-07 3.85465602e+03 4.11901731e+03
6.49125242e-07 4.07164034e+03 4.39589836e+03
6.49556273e-07 4.21904295e+03 5.26805838e+03
6.49987303e-07 4.50813405e+03 5.71663609e+03
6.50418333e-07 4.17510577e+03 4.89211424e+03
6.50849364e-07 3.96396777e+03 4.41303145e+03
6.51280394e-07 4.27304249e+03 4.36444852e+03
6.51711424e-07 3.90545109e+03 4.28531942e+03
6.52142455e-07 4.37568042e+03 4.60352307e+03
6.52573485e-07 4.27628703e+03 4.61656544e+03
6.53004515e-07 4.42273719e+03 5.08898270e+03
6.53435545e-07 4.51943482e+03 5.16018329e+03
6.53866576e-07 4.40155461e+03 4.88198079e+03
6.54297606e-07 4.04723569e+03 4.83449637e+03
6.54728636e-07 3.96670683e+03 4.81060037e+03
6.55159667e-07 3.96084423e+03 5.32954563e+03
6.55590697e-07 4.25791612e+03 5.21723734e+03
6.56021727e-07 4.33864852e+03 4.75471570e+03
6.56452758e-07 4.66244504e+03 4.83317019e+03
6.56883788e-07 4.47846283e+03 4.86064634e+03
6.57314818e-07 4.01125170e+03 5.01771481e+03
6.57745848e-07 4.33187816e+03 5.23604868e+03
6.58176879e-07 4.44690109e+03 4.67789003e+03
6.58607909e-07 4.32493451e+03 4.36782117e+03
6.59038939e-07 4.17248692e+03 4.42226246e+03
6.59469970e-07 4.16152806e+03 4.50732504e+03
6.59901000e-07 4.67522511e+03 4.78853112e+03
6.60332030e-07 4.43757109e+03 4.84661612e+03
6.60763061e-07 4.01973084e+03 4.48306704e+03
6.61194091e-07 4.77273810e+03 4.47257740e+03
6.61625121e-07 4.27862094e+03 4.30264355e+03
6.62056152e-07 4.07255059e+03 4.25279599e+03
6.62487182e-07 4.17695885e+03 4.34719631e+03
6.62918212e-07 4.36992837e+03 4.49118058e+03
6.63349242e-07 4.37103146e+03 4.64750324e+03
6.63780273e-07 4.30570625e+03 4.51920013e+03
6.64211303e-07 4.50745939e+03 4.45080753e+03
6.64642333e-07 4.62514495e+03 4.36734678e+03
6.65073364e-07 4.81193727e+03 4.53087544e+03
6.65504394e-07 4.48924962e+03 4.39481702e+03
6.65935424e-07 4.62550964e+03 4.45680347e+03
6.66366455e-07 4.55022991e+03 4.44487646e+03
6.66797485e-07 4.35194254e+03 4.38646943e+03
6.67228515e-07 4.44559323e+03 4.34054171e+03
6.67659545e-07 4.14281645e+03 4.27332811e+03
6.68090576e-07 4.46354825e+03 4.27610277e+03
6.68521606e-07 4.22203586e+03 4.19438788e+03
6.68952636e-07 4.29306339e+03 4.24326344e+03
6.69383667e-07 4.14120990e+03 4.18217765e+03
6.69814697e-07 4.25194176e+03 4.34470392e+03
6.70245727e-07 4.30092898e+03 4.45966454e+03
6.70676758e-07 4.65906282e+03 4.41794068e+03
6.71107788e-07 4.77985575e+03 4.42878685e+03
6.71538818e-07 4.31816014e+03 4.35722454e+03
6.71969848e-07 4.43860339e+03 4.31087323e+03
6.72400879e-07 4.53518763e+03 4.38368477e+03
6.72831909e-07 4.63230061e+03 4.45434408e+03
6.73262939e-07 4.44359991e+03 4.43309045e+03
6.73693970e-07 4.66786746e+03 4.42986611e+03
6.74125000e-07 4.55638181e+03 4.44535393e+03
6.74556030e-07 4.37599150e+03 4.44290628e+03
6.74987061e-07 4.53933486e+03 4.40136091e+03
6.75418091e-07 4.54218595e+03 4.34400446e+03
6.75849121e-07 4.35611386e+03 4.40522159e+03
6.76280152e-07 4.15604419e+03 4.17037607e+03
6.76711182e-07 4.17328400e+03 4.11202575e+03
6.77142212e-07 4.03630240e+03 4.18021542e+03
6.77573242e-07 4.25314701e+03 4.21695107e+03
6.78004273e-07 4.51932201e+03 4.30645829e+03
6.78435303e-07 4.35848085e+03 4.31975990e+03
6.78866333e-07 3.80782535e+03 4.14538675e+03
6.79297364e-07 4.17243101e+03 4.14092448e+03
6.79728394e-07 4.60766807e+03 4.31046377e+03
6.80159424e-07 3.69504638e+03 4.05952256e+03
6.80590455e-07 3.23852632e+03 3.83310940e+03
6.81021485e-07 3.35703186e+03 6.13585214e+03
6.81452515e-07 4.13824322e+03 6.32294904e+03
6.81883545e-07 4.50622169e+03 6.72000674e+03
6.82314576e-07 4.42744418e+03 8.29841914e+03
6.82745606e-07 4.55305137e+03 7.07808394e+03
6.83176636e-07 4.64482980e+03 7.52289279e+03
6.83607667e-07 4.56812646e+03 6.31159583e+03
6.84038697e-07 4.89849739e+03 5.24042685e+03
6.84469727e-07 4.89126738e+03 4.87635609e+03
6.84900758e-07 4.76475683e+03 4.55199185e+03
6.85331788e-07 4.70721131e+03 4.55125916e+03
6.85762818e-07 4.99402508e+03 5.65583017e+03
6.86193848e-07 4.48487862e+03 7.66503593e+03
6.86624879e-07 4.25456101e+03 6.55315785e+03
6.87055909e-07 3.54418903e+03 4.19410005e+03
6.87486939e-07 3.67147121e+03 3.99072899e+03
6.87917970e-07 3.93775922e+03 4.47342063e+03
6.88349000e-07 4.12817292e+03 4.70315537e+03
6.88780030e-07 3.86602329e+03 4.71526270e+03
6.89211061e-07 3.74272415e+03 4.47023421e+03
6.89642091e-07 3.72782859e+03 4.37060503e+03
6.90073121e-07 3.92968934e+03 6.95533131e+03
6.90504152e-07 4.14426331e+03 6.89618088e+03
6.90935182e-07 4.18101386e+03 7.54692596e+03
6.91366212e-07 4.54902076e+03 8.25257825e+03
6.91797242e-07 4.38226852e+03 8.20262896e+03
6.92228273e-07 4.48455119e+03 9.39135440e+03
6.92659303e-07 4.66857380e+03 8.28311428e+03
6.93090333e-07 4.10217703e+03 6.70918884e+03
6.93521364e-07 4.39081180e+03 7.33965470e+03
6.93952394e-07 4.65870209e+03 5.36969425e+03
6.94383424e-07 4.55248402e+03 5.59533198e+03
6.94814455e-07 4.39587795e+03 6.34354403e+03
6.95245485e-07 4.40101009e+03 5.54427923e+03
6.95676515e-07 4.04754788e+03 4.58451761e+03
6.96107545e-07 4.42211860e+03 4.75816480e+03
6.96538576e-07 4.90124942e+03 5.10958494e+03
6.96969606e-07 4.96481723e+03 5.48675842e+03
6.97400636e-07 5.06709802e+03 5.82686738e+03
6.97831667e-07 4.33540105e+03 5.95348426e+03
6.98262697e-07 4.72360494e+03 5.27031869e+03
6.98693727e-07 4.95680500e+03 4.79278657e+03
6.99124758e-07 4.78064322e+03 4.61297023e+03
6.99555788e-07 4.76611124e+03 4.70965133e+03
6.99986818e-07 4.84345093e+03 4.89931154e+03
7.00417848e-07 5.05249469e+03 5.04501744e+03
7.00848879e-07 4.08785355e+03 4.90659508e+03
7.01279909e-07 4.40486426e+03 4.83794562e+03
7.01710939e-07 4.83142434e+03 4.58990356e+03
7.02141970e-07 4.92305345e+03 4.45788386e+03
7.02573000e-07 4.23174059e+03 4.26677887e+03
7.03004030e-07 3.92397391e+03 4.12927077e+03
7.03435061e-07 4.12177708e+03 4.26660798e+03
7.03866091e-07 4.73439755e+03 4.66351903e+03
7.04297121e-07 4.90287835e+03 5.09353502e+03
7.04728152e-07 4.68199801e+03 5.55511125e+03
7.05159182e-07 4.37956883e+03 5.32699488e+03
7.05590212e-07 4.67447083e+03 4.83577568e+03
7.06021242e-07 4.56106425e+03 4.81560369e+03
7.06452273e-07 4.58333283e+03 4.92301938e+03
7.06883303e-07 4.52921228e+03 4.83475077e+03
7.07314333e-07 4.78884723e+03 5.00396369e+03
7.07745364e-07 4.42779861e+03 4.94603582e+03
7.08176394e-07 4.71723669e+03 5.10840817e+03
7.08607424e-07 4.57165482e+03 5.02281702e+03
7.09038455e-07 4.36758498e+03 4.88243784e+03
7.09469485e-07 4.37932993e+03 4.60359849e+03
7.09900515e-07 4.99842853e+03 4.70283056e+03
7.10331545e-07 4.74656816e+03 4.57451032e+03
7.10762576e-07 4.69299813e+03 4.59427399e+03
7.11193606e-07 4.27752984e+03 4.45732618e+03
7.11624636e-07 4.05709814e+03 4.35533242e+03
7.12055667e-07 4.01881807e+03 4.38903986e+03
7.12486697e-07 4.56922777e+03 4.61260394e+03
7.12917727e-07 4.55648639e+03 4.70574862e+03
7.13348758e-07 4.51868738e+03 4.69432251e+03
7.13779788e-07 4.60993610e+03 4.86926100e+03
7.14210818e-07 4.60284428e+03 5.21147277e+03
7.14641848e-07 4.84357358e+03 5.29995057e+03
7.15072879e-07 4.23553874e+03 4.64142529e+03
7.15503909e-07 3.95759541e+03 4.42889555e+03
7.15934939e-07 4.33357608e+03 4.62538062e+03
7.16365970e-07 3.80942256e+03 4.53221425e+03
7.16797000e-07 4.23023364e+03 4.38706055e+03
7.17228030e-07 3.46753460e+03 4.12656763e+03
7.17659061e-07 3.53815135e+03 4.12420588e+03
7.18090091e-07 3.79424690e+03 4.10032403e+03
7.18521121e-07 3.44890123e+03 3.82496505e+03
7.18952152e-07 3.36831082e+03 3.75737521e+03
7.19383182e-07 3.42123740e+03 3.69042727e+03
7.19814212e-07 3.24825552e+03 3.74496150e+03
7.20245242e-07 3.62311127e+03 3.76830481e+03
7.20676273e-07 3.54730992e+03 3.91366681e+03
7.21107303e-07 3.53982854e+03 3.88419877e+03
7.21538333e-07 4.11890244e+03 4.18429104e+03
7.21969364e-07 3.44163368e+03 4.15993726e+03
7.22400394e-07 4.08232174e+03 4.42425453e+03
7.22831424e-07 4.05955836e+03 4.34289649e+03
7.23262455e-07 3.48673413e+03 5.10167728e+03
7.23693485e-07 3.83109850e+03 8.59502210e+03
7.24124515e-07 3.70272213e+03 1.16715110e+04
7.24555545e-07 3.69017284e+03 9.80662460e+03
7.24986576e-07 2.71994502e+03 6.15468875e+03
7.25417606e-07 3.77199801e+03 5.19382113e+03
7.25848636e-07 3.72607346e+03 4.49993832e+03
7.26279667e-07 3.45839448e+03 6.13126102e+03
7.26710697e-07 3.08657877e+03 6.64650233e+03
7.27141727e-07 3.32552423e+03 1.04870602e+04
7.27572758e-07 3.69963561e+03 1.40696442e+04
7.28003788e-07 2.68680623e+03 8.39099225e+03
7.28434818e-07 3.96738221e+03 7.14546041e+03
7.28865848e-07 3.10393315e+03 5.17488836e+03
7.29296879e-07 3.25944732e+03 4.65226785e+03
7.29727909e-07 3.49868503e+03 4.96519392e+03
7.30158939e-07 3.46542819e+03 5.42098147e+03
7.30589970e-07 3.86143341e+03 5.35680942e+03
7.31021000e-07 3.44920342e+03 6.15562445e+03
7.31452030e-07 4.60692516e+03 9.33291102e+03
7.31883061e-07 3.60484988e+03 7.56988520e+03
7.32314091e-07 4.07165951e+03 5.59533427e+03
7.32745121e-07 5.08095370e+03 6.63635894e+03
7.33176152e-07 3.07368970e+03 5.93948393e+03
7.33607182e-07 4.87966163e+03 8.43316443e+03
7.34038212e-07 5.25515325e+03 1.10399871e+04
7.34469242e-07 3.43270626e+03 7.25499564e+03
7.34900273e-07 4.05602079e+03 4.92349234e+03
7.35331303e-07 4.16136873e+03 5.66516300e+03
7.35762333e-07 4.08398616e+03 6.57676062e+03
7.36193364e-07 3.10547138e+03 6.30982623e+03
7.36624394e-07 4.24501218e+03 8.18610525e+03
7.37055424e-07 4.57992850e+03 8.29380804e+03
7.37486455e-07 4.23269404e+03 5.49830656e+03
7.37917485e-07 3.90494448e+03 4.44831649e+03
7.38348515e-07 4.46782659e+03 4.59742874e+03
7.38779545e-07 4.95843217e+03 5.67452578e+03
7.39210576e-07 4.07885840e+03 5.90882927e+03
7.39641606e-07 4.45319326e+03 6.51046952e+03
7.40072636e-07 5.15104413e+03 7.80084385e+03
7.40503667e-07 4.01291043e+03 6.06896854e+03
7.40934697e-07 4.30716222e+03 4.60457084e+03
7.41365727e-07 4.49370229e+03 4.43180735e+03
7.41796758e-07 4.34862428e+03 4.32001963e+03
7.42227788e-07 4.36304967e+03 4.35101746e+03
7.42658818e-07 4.80351646e+03 5.18121991e+03
7.43089848e-07 4.29040102e+03 5.39371904e+03
7.43520879e-07 4.66368963e+03 5.95419270e+03
7.43951909e-07 4.58976396e+03 5.90195758e+03
7.44382939e-07 4.47560652e+03 4.69642229e+03
7.44813970e-07 4.34080119e+03 4.09376589e+03
7.45245000e-07 4.26831373e+03 4.13035858e+03
7.45676030e-07 3.57428502e+03 4.05575669e+03
7.46107061e-07 4.70792554e+03 4.82300210e+03
7.46538091e-07 4.17637076e+03 5.26439739e+03
7.46969121e-07 3.87169239e+03 5.80142267e+03
7.47400152e-07 3.69735443e+03 6.06376908e+03
7.47831182e-07 4.19400832e+03 6.41864236e+03
7.48262212e-07 4.43146526e+03 6.27804957e+03
7.48693242e-07 4.30026602e+03 5.13508630e+03
7.49124273e-07 4.11835741e+03 4.59190162e+03
7.49555303e-07 4.02842212e+03 4.39680764e+03
7.49986333e-07 4.20836732e+03 4.29973047e+03
7.50417364e-07 4.07288525e+03 4.26332072e+03
7.50848394e-07 4.18307994e+03 4.27422197e+03
7.51279424e-07 4.41345707e+03 4.49906353e+03
7.51710455e-07 4.46187034e+03 5.82299625e+03
7.52141485e-07 4.46364314e+03 7.91860072e+03
7.52572515e-07 3.59724699e+03 7.60750388e+03
7.53003545e-07 4.40424166e+03 5.96596979e+03
7.53434576e-07 4.54452341e+03 4.88984001e+03
7.53865606e-07 3.82154481e+03 4.34583128e+03
7.54296636e-07 4.48164780e+03 4.50356936e+03
7.54727667e-07 4.16809071e+03 4.27270215e+03
7.55158697e-07 4.14142032e+03 4.53082736e+03
7.55589727e-07 4.26288528e+03 4.96863980e+03
7.56020758e-07 4.08205829e+03 4.82256639e+03
7.56451788e-07 4.61318405e+03 5.18113662e+03
7.56882818e-07 4.59178727e+03 6.63231513e+03
7.57313848e-07 4.63593589e+03 6.73678822e+03
7.57744879e-07 5.54385870e+03 5.51396006e+03
7.58175909e-07 6.14899340e+03 5.52536839e+03
7.58606939e-07 4.51878348e+03 5.06987234e+03
7.59037970e-07 3.21502521e+03 4.06812903e+03
7.59469000e-07 2.61762818e+03 3.51988696e+03
7.59900030e-07 1.68577162e+03 3.04005836e+03
7.60331061e-07 1.25258807e+03 2.43672411e+03
7.60762091e-07 1.26532225e+03 2.38220962e+03
7.61193121e-07 1.80349083e+03 3.00981804e+03
7.61624152e-07 3.17691088e+03 4.22132549e+03
7.62055182e-07 2.58518288e+03 4.22014302e+03
7.62486212e-07 2.22872216e+03 3.96192644e+03
7.62917242e-07 2.11122668e+03 3.90265966e+03
7.63348273e-07 1.95514114e+03 3.51313374e+03
7.63779303e-07 2.23144868e+03 3.39340648e+03
7.64210333e-07 2.66288519e+03 3.44940257e+03
7.64641364e-07 2.54817010e+03 3.52298022e+03
7.65072394e-07 2.72532260e+03 3.93573283e+03
7.65503424e-07 2.94929962e+03 4.12081849e+03
7.65934455e-07 3.39794875e+03 4.47230864e+03
7.66365485e-07 3.38573690e+03 4.52517002e+03
7.66796515e-07 3.88447459e+03 4.17895320e+03
7.67227545e-07 3.94646510e+03 4.10772771e+03
7.67658576e-07 4.69562342e+03 4.48020388e+03
7.68089606e-07 4.23550948e+03 4.56871472e+03
7.68520636e-07 4.23184831e+03 4.93351889e+03
7.68951667e-07 4.27107716e+03 5.21946900e+03
7.69382697e-07 4.70784361e+03 5.38289958e+03
7.69813727e-07 3.69549631e+03 5.12365765e+03
7.70244758e-07 3.77023530e+03 4.92669391e+03
7.70675788e-07 4.65133895e+03 7.67834389e+03
7.71106818e-07 5.56492323e+03 1.39573314e+04
7.71537848e-07 4.35669219e+03 1.53295599e+04
7.71968879e-07 3.66783440e+03 1.09311266e+04
7.72399909e-07 4.11961660e+03 7.61348243e+03
7.72830939e-07 4.54623102e+03 6.24490718e+03
7.73261970e-07 4.23744170e+03 5.43564188e+03
7.73693000e-07 3.98323707e+03 5.13237273e+03
7.74124030e-07 4.03934434e+03 5.85390739e+03
7.74555061e-07 4.92512849e+03 1.02240272e+04
7.74986091e-07 4.45072786e+03 1.35183637e+04
7.75417121e-07 4.54249298e+03 1.09930835e+04
7.75848152e-07 5.65060179e+03 8.50002678e+03
7.76279182e-07 4.37519939e+03 6.51152941e+03
7.76710212e-07 4.28887015e+03 5.67361440e+03
7.77141242e-07 3.84688581e+03 6.45369276e+03
7.77572273e-07 4.71146756e+03 1.13995806e+04
7.78003303e-07 4.10131111e+03 1.04879397e+04
7.78434333e-07 3.50213714e+03 9.52780888e+03
7.78865364e-07 5.36155358e+03 1.40083390e+04
7.79296394e-07 4.91286269e+03 1.75773506e+04
7.79727424e-07 3.21454243e+03 8.05320103e+03
7.80158455e-07 4.33799520e+03 5.93209317e+03
7.80589485e-07 5.23617033e+03 7.43193183e+03
7.81020515e-07 4.39228997e+03 7.39145284e+03
7.81451545e-07 3.59735872e+03 7.70217682e+03
7.81882576e-07 4.63960749e+03 1.20169550e+04
7.82313606e-07 3.39041004e+03 1.07106810e+04
7.82744636e-07 3.80210637e+03 6.16382976e+03
7.83175667e-07 4.04195378e+03 4.81325867e+03
7.83606697e-07 4.30152584e+03 6.04170125e+03
7.84037727e-07 4.43131220e+03 7.07745103e+03
7.84468758e-07 3.53892965e+03 7.37074669e+03
7.84899788e-07 5.92356554e+03 1.16026230e+04
7.85330818e-07 4.06655580e+03 1.36394214e+04
7.85761848e-07 3.46739957e+03 1.06543314e+04
7.86192879e-07 4.08515222e+03 8.28716006e+03
7.86623909e-07 3.86152294e+03 8.17566014e+03
7.87054939e-07 3.62960682e+03 8.37532868e+03
7.87485970e-07 3.79693795e+03 7.77099428e+03
7.87917000e-07 3.86275316e+03 7.79096630e+03
7.88348030e-07 3.35017358e+03 8.19005934e+03
7.88779061e-07 4.62136840e+03 9.25315317e+03
7.89210091e-07 4.15286303e+03 7.93760666e+03
7.89641121e-07 3.89497476e+03 5.34199158e+03
7.90072152e-07 3.11866788e+03 4.53623513e+03
7.90503182e-07 3.35403661e+03 6.12776047e+03
7.90934212e-07 5.02853274e+03 1.16595107e+04
7.91365242e-07 3.03216478e+03 1.39772455e+04
7.91796273e-07 3.87836598e+03 1.18091414e+04
7.92227303e-07 3.73501142e+03 8.51566717e+03
7.92658333e-07 3.68083992e+03 7.44276588e+03
7.93089364e-07 3.74977342e+03 7.08149745e+03
7.93520394e-07 3.35100348e+03 5.59943968e+03
7.93951424e-07 3.84286909e+03 4.77891840e+03
7.94382455e-07 3.98459725e+03 5.53383359e+03
7.94813485e-07 4.04490530e+03 6.27273718e+03
7.95244515e-07 3.54615651e+03 5.25476270e+03
7.95675545e-07 3.82953691e+03 5.38595822e+03
7.96106576e-07 4.65163739e+03 9.77824010e+03
7.96537606e-07 3.53208380e+03 1.02298167e+04
7.96968636e-07 3.69230109e+03 6.65626145e+03
7.97399667e-07 5.22286902e+03 6.75964552e+03
7.97830697e-07 3.85245448e+03 7.53936509e+03
7.98261727e-07 3.68183758e+03 6.22776821e+03
7.98692758e-07 4.08122409e+03 7.60262339e+03
7.99123788e-07 4.18369151e+03 1.17430402e+04
7.99554818e-07 3.42440338e+03 1.44634987e+04
