9.87800000e-02
3.61197000e-07 2.97651877e+01 6.23076585e+01
3.61628029e-07 3.33966688e+01 7.03379830e+01
3.62059059e-07 1.49344835e+02 8.01573767e+01
3.62921117e-07 7.25954033e+01 8.41569003e+01
3.63352147e-07 1.07476785e+02 9.07750625e+01
3.63783176e-07 1.27848509e+02 8.28781451e+01
3.64214205e-07 8.75151815e+01 9.46389309e+01
3.64645235e-07 4.13093868e+01 9.41220500e+01
3.65076264e-07 1.81592641e+01 6.86430609e+01
3.65507293e-07 5.33339258e+00 8.98446814e+01
3.65938323e-07 5.22615018e+01 8.51274253e+01
3.66369352e-07 1.40885659e+02 9.61228572e+01
3.66800381e-07 8.14350647e+01 8.47466965e+01
3.67231411e-07 4.00865857e+01 7.94532215e+01
3.67662440e-07 7.92235302e+01 8.22668357e+01
3.68093469e-07 7.22510605e+01 7.29754454e+01
3.68524499e-07 1.59676442e+02 7.42523600e+01
3.68955528e-07 1.07744663e+02 6.67137824e+01
3.69386557e-07 6.34268898e+01 8.50193482e+01
3.69817587e-07 1.33618205e+02 1.06937402e+02
3.70248616e-07 1.66861666e+02 1.19406555e+02
3.70679645e-07 9.91068615e+01 1.15761261e+02
3.71110674e-07 1.10230159e+02 1.19231070e+02
3.71541704e-07 1.65817235e+02 1.06974487e+02
3.71972733e-07 1.15111753e+02 1.01292896e+02
3.72834792e-07 1.10214303e+02 1.27355445e+02
3.73265821e-07 9.67498260e+01 1.33690930e+02
3.73696850e-07 6.14697903e+01 1.27976483e+02
3.74127880e-07 1.89245620e+02 1.47797555e+02
3.74558909e-07 7.44119664e+01 1.33873592e+02
3.74989938e-07 4.10956517e+01 1.31519013e+02
3.75420968e-07 1.44775759e+02 1.46529034e+02
3.75851997e-07 1.34626225e+02 1.20043724e+02
3.76283026e-07 2.25721465e+02 1.09161702e+02
3.76714056e-07 1.41396258e+02 1.00597784e+02
3.77145085e-07 6.45272073e+01 1.17038082e+02
3.77576114e-07 8.35061666e+01 1.28204746e+02
3.78007144e-07 1.09940725e+02 1.18948405e+02
3.78438173e-07 1.39431504e+02 1.19793220e+02
3.78869202e-07 8.01671553e+01 1.42257888e+02
3.79300232e-07 1.71884759e+02 1.31128373e+02
3.79731261e-07 1.97506439e+02 1.09383232e+02
3.80162290e-07 1.49909152e+02 1.05777244e+02
3.80593320e-07 1.26733584e+02 1.21873859e+02
3.81024349e-07 1.43686586e+02 1.37573962e+02
3.81455378e-07 3.51927990e+02 1.27443460e+02
3.81886408e-07 2.03991184e+02 1.45265234e+02
3.82317437e-07 2.80321064e+02 1.44719996e+02
3.82748466e-07 1.61777497e+02 1.61184438e+02
3.83179496e-07 1.64857915e+02 1.70299704e+02
3.83610525e-07 2.11940321e+02 1.76427856e+02
3.84041554e-07 8.62989464e+01 1.53273242e+02
3.84472584e-07 1.63331147e+02 1.59351319e+02
3.84903613e-07 1.54796508e+02 1.57542885e+02
3.85334642e-07 2.14602309e+02 1.32681106e+02
3.85765672e-07 1.80166717e+02 1.26214649e+02
3.86196701e-07 9.61964473e+01 1.28937098e+02
3.86627730e-07 1.78623840e+02 1.34855886e+02
3.87058760e-07 1.72219791e+02 1.35586020e+02
3.87489789e-07 1.69615563e+02 1.34528419e+02
3.87920818e-07 1.63070860e+02 1.18170530e+02
3.88351848e-07 1.80134674e+02 1.02542212e+02
3.88782877e-07 2.07871171e+02 1.29253122e+02
3.89213906e-07 3.34107496e+02 1.20033858e+02
3.89644935e-07 2.39687283e+02 1.18630669e+02
3.90075965e-07 2.73477647e+02 1.47386027e+02
3.90506994e-07 2.29768781e+02 1.88169299e+02
3.90938023e-07 1.81124336e+02 1.85584555e+02
3.91369053e-07 3.81805139e+02 1.96422610e+02
3.91800082e-07 3.87404346e+02 1.47890950e+02
3.92231111e-07 1.52036238e+02 1.56055066e+02
3.92662141e-07 1.88577168e+02 1.34037777e+02
3.93093170e-07 2.84914056e+02 1.39063522e+02
3.93524199e-07 2.87582147e+02 1.26682038e+02
3.93955229e-07 2.76577234e+02 1.82168652e+02
3.94386258e-07 3.27060815e+02 1.88345241e+02
3.94817287e-07 1.98118060e+02 1.93849592e+02
3.95248317e-07 3.42719306e+02 1.74942186e+02
3.95679346e-07 3.64345063e+02 1.77300669e+02
3.96110375e-07 2.02061128e+02 1.49040222e+02
3.96541405e-07 2.23541927e+02 1.28334082e+02
3.96972434e-07 2.06281133e+02 1.48467772e+02
3.97403463e-07 2.15706891e+02 1.59742937e+02
3.97834493e-07 1.57888261e+02 2.02586619e+02
3.98265522e-07 1.91333569e+02 2.12690194e+02
3.98696551e-07 3.16766768e+02 1.87268367e+02
3.99127581e-07 2.98264294e+02 2.04317371e+02
3.99558610e-07 2.19184617e+02 1.92452878e+02
3.99989639e-07 3.26428585e+02 1.96708051e+02
4.00420669e-07 3.89101875e+02 2.11510972e+02
4.00851698e-07 3.81404598e+02 2.43416770e+02
4.01282727e-07 3.40830543e+02 2.47732071e+02
4.01713757e-07 1.98874785e+02 2.65268842e+02
4.02144786e-07 2.66075769e+02 2.22950712e+02
4.02575815e-07 3.33525027e+02 2.20505499e+02
4.03006845e-07 2.44186382e+02 2.32245436e+02
4.03437874e-07 2.99032385e+02 2.43739662e+02
4.03868903e-07 3.02772422e+02 2.50101393e+02
4.04299933e-07 1.73288915e+02 2.75758354e+02
4.04730962e-07 2.51067549e+02 2.74976796e+02
4.05161991e-07 3.55145588e+02 2.56522011e+02
4.05593021e-07 2.80123502e+02 2.52598806e+02
4.06024050e-07 2.02781742e+02 2.91538431e+02
4.06455079e-07 3.24156546e+02 2.96054165e+02
4.06886109e-07 2.51596673e+02 2.80102923e+02
4.07317138e-07 3.48581506e+02 2.84572077e+02
4.07748167e-07 2.14590635e+02 3.01389488e+02
4.08179196e-07 3.42028570e+02 2.93686126e+02
4.08610226e-07 2.58902859e+02 2.81207387e+02
4.09041255e-07 4.31420629e+02 2.67468252e+02
4.09472284e-07 6.58283780e+02 2.62760884e+02
4.09903314e-07 8.36306400e+02 2.48801480e+02
4.10334343e-07 5.34523488e+02 2.48935173e+02
4.10765372e-07 3.41609879e+02 2.47245119e+02
4.11196402e-07 2.17380440e+02 2.41745795e+02
4.11627431e-07 3.59660837e+02 2.73156764e+02
4.12058460e-07 3.09131967e+02 2.66657195e+02
4.12489490e-07 2.48899856e+02 3.02843682e+02
4.12920519e-07 3.76428165e+02 2.87653321e+02
4.13351548e-07 4.99850166e+02 2.85652255e+02
4.13782578e-07 5.02700700e+02 2.79899155e+02
4.14213607e-07 4.35736798e+02 2.76627222e+02
4.14644636e-07 4.53613929e+02 2.88624256e+02
4.15075666e-07 5.54178560e+02 2.89175729e+02
4.15506695e-07 5.80056978e+02 3.07649873e+02
4.15937724e-07 5.26123626e+02 3.49425933e+02
4.16368754e-07 3.92661749e+02 3.37190841e+02
4.16799783e-07 2.89549113e+02 3.59175403e+02
4.17230812e-07 4.35461801e+02 3.52060298e+02
4.17661842e-07 4.04222514e+02 3.47622793e+02
4.18092871e-07 5.47182426e+02 3.03401305e+02
4.18523900e-07 4.89215666e+02 3.15942409e+02
4.18954930e-07 4.06627930e+02 3.09510931e+02
4.19385959e-07 4.58321721e+02 3.06233954e+02
4.19816988e-07 4.20053152e+02 2.81716550e+02
4.20248018e-07 3.83972801e+02 2.81997886e+02
4.20679047e-07 4.07270071e+02 2.92927266e+02
4.21110076e-07 3.12337776e+02 3.03397716e+02
4.21541106e-07 2.97854687e+02 3.15178504e+02
4.21972135e-07 3.63063004e+02 2.89954059e+02
4.22403164e-07 3.65922913e+02 2.82746728e+02
4.22834194e-07 4.56019540e+02 2.67358337e+02
4.23265223e-07 5.19474063e+02 3.16340566e+02
4.23696252e-07 5.79552259e+02 3.07138726e+02
4.24127282e-07 4.62030100e+02 2.92074497e+02
4.24558311e-07 4.91713070e+02 3.32856831e+02
4.24989340e-07 4.09471367e+02 3.49556374e+02
4.25420370e-07 5.40249093e+02 3.35374433e+02
4.25851399e-07 5.45108253e+02 3.26861293e+02
4.26282428e-07 4.72005195e+02 3.44525158e+02
4.26713457e-07 5.02951360e+02 3.22242217e+02
4.27144487e-07 3.78950050e+02 3.37389411e+02
4.27575516e-07 4.58449471e+02 3.35088074e+02
4.28006545e-07 4.07735977e+02 3.46048666e+02
4.28437575e-07 4.61346449e+02 3.37393243e+02
4.28868604e-07 3.96611163e+02 3.39588630e+02
4.29299633e-07 5.68769818e+02 3.24098190e+02
4.29730663e-07 6.31385442e+02 3.03741186e+02
4.30161692e-07 7.00964083e+02 3.16186147e+02
4.30592721e-07 5.88695619e+02 3.19133282e+02
4.31023751e-07 5.32114131e+02 3.57878917e+02
4.31454780e-07 5.92750580e+02 3.84025512e+02
4.31885809e-07 4.75497246e+02 3.94345939e+02
4.32316839e-07 4.67460079e+02 3.86388759e+02
4.32747868e-07 4.89594653e+02 3.71588636e+02
4.33178897e-07 4.77385122e+02 3.63342109e+02
4.33609927e-07 6.79303789e+02 3.48861058e+02
4.34040956e-07 6.17897804e+02 3.38856976e+02
4.34471985e-07 6.33058795e+02 3.76660389e+02
4.34903015e-07 5.00673795e+02 3.92226355e+02
4.35334044e-07 3.27795784e+02 3.56569916e+02
4.35765073e-07 1.09793792e+02 3.94885571e+02
4.36196103e-07 4.38889974e+02 3.92712707e+02
4.36627132e-07 4.69490911e+02 3.92509151e+02
4.37058161e-07 5.94190194e+02 3.85326324e+02
4.37489191e-07 6.37575182e+02 3.89211224e+02
4.37920220e-07 5.69162766e+02 3.92346640e+02
4.38351249e-07 7.31904493e+02 3.91196875e+02
4.38782279e-07 6.46009123e+02 3.89540100e+02
4.39213308e-07 7.22168034e+02 4.02993363e+02
4.39644337e-07 6.31852474e+02 4.07394427e+02
4.40075367e-07 8.16817251e+02 4.14578312e+02
4.40506396e-07 7.53014308e+02 4.71364021e+02
4.40937425e-07 8.69013706e+02 4.64958125e+02
4.41368455e-07 8.09908137e+02 4.53390004e+02
4.41799484e-07 5.56098523e+02 4.86499247e+02
4.42230513e-07 8.22817851e+02 4.78249269e+02
4.42661543e-07 6.81518762e+02 4.75263668e+02
4.43092572e-07 7.11699325e+02 4.40482742e+02
4.43523601e-07 7.33390702e+02 4.51544946e+02
4.43954630e-07 7.51133833e+02 4.52607378e+02
4.44385660e-07 8.17412187e+02 4.40237253e+02
4.44816689e-07 5.81745679e+02 4.61519785e+02
4.45247718e-07 8.06637720e+02 4.46508663e+02
4.45678748e-07 7.94080581e+02 4.16305184e+02
4.46109777e-07 7.36727144e+02 4.19980812e+02
4.46540806e-07 6.93214002e+02 4.42994395e+02
4.46971836e-07 7.48327228e+02 4.20555396e+02
4.47402865e-07 9.64730456e+02 4.27651842e+02
4.47833894e-07 7.27885877e+02 4.47746404e+02
4.48264924e-07 7.32826462e+02 4.60479306e+02
4.48695953e-07 8.16749526e+02 4.58012577e+02
4.49126982e-07 7.97464094e+02 4.50286304e+02
4.49558012e-07 7.06003793e+02 4.78075375e+02
4.49989041e-07 7.48402550e+02 4.63634676e+02
4.50420070e-07 5.60423896e+02 4.80376930e+02
4.50851100e-07 6.18040794e+02 4.92634780e+02
4.51282129e-07 6.78835086e+02 4.85692273e+02
4.51713158e-07 7.27176396e+02 4.78588464e+02
4.52144188e-07 8.14092163e+02 4.64335052e+02
4.52575217e-07 9.18834964e+02 5.02508381e+02
4.53006246e-07 7.66824246e+02 5.37371496e+02
4.53437276e-07 6.57124499e+02 5.49072558e+02
4.53868305e-07 8.04461574e+02 5.47861226e+02
4.54299334e-07 7.04454702e+02 5.47940845e+02
4.54730364e-07 7.81224318e+02 5.58948284e+02
4.55161393e-07 8.26500135e+02 5.09659528e+02
4.55592422e-07 7.78753262e+02 5.31778238e+02
4.56023452e-07 7.36891455e+02 5.40182030e+02
4.56454481e-07 7.97307431e+02 5.45658012e+02
4.56885510e-07 8.66543524e+02 5.44890936e+02
4.57316540e-07 8.88783598e+02 5.29538360e+02
4.57747569e-07 9.12222277e+02 5.61867202e+02
4.58178598e-07 8.48793730e+02 5.95668043e+02
4.58609628e-07 9.18008146e+02 5.68084790e+02
4.59040657e-07 9.43130841e+02 5.15919234e+02
4.59471686e-07 9.50106704e+02 5.41422990e+02
4.59902716e-07 9.93282425e+02 5.40657652e+02
4.60333745e-07 1.01894159e+03 5.34632774e+02
4.60764774e-07 9.44349730e+02 5.59030412e+02
4.61195804e-07 9.32527308e+02 5.76424790e+02
4.61626833e-07 9.09745599e+02 5.54474583e+02
4.62057862e-07 6.95695651e+02 5.57056297e+02
4.62488891e-07 9.41257501e+02 5.66520148e+02
4.62919921e-07 9.12538317e+02 5.69084186e+02
4.63350950e-07 9.32016336e+02 5.44881999e+02
4.63781979e-07 9.92576778e+02 5.54416251e+02
4.64213009e-07 9.00248603e+02 5.48702172e+02
4.64644038e-07 8.51972494e+02 5.47544741e+02
4.65075067e-07 1.00808305e+03 5.55085082e+02
4.65506097e-07 9.11996638e+02 5.91821265e+02
4.65937126e-07 1.01870215e+03 6.01329657e+02
4.66368155e-07 1.06975986e+03 6.12678274e+02
4.66799185e-07 9.87302460e+02 6.30371917e+02
4.67230214e-07 1.22722103e+03 6.07439955e+02
4.67661243e-07 1.07247098e+03 6.11163853e+02
4.68092273e-07 1.15027999e+03 5.91120472e+02
4.68523302e-07 1.23284466e+03 5.95826360e+02
4.68954331e-07 1.05145666e+03 6.09640305e+02
4.69385361e-07 9.74345978e+02 6.04302922e+02
4.69816390e-07 9.89984372e+02 5.84527202e+02
4.70247419e-07 1.13815845e+03 6.17338786e+02
4.70678449e-07 1.10654641e+03 5.66667775e+02
4.71109478e-07 6.94285721e+02 6.37921033e+02
4.71540507e-07 8.58726038e+02 6.34443841e+02
4.71971537e-07 9.06591716e+02 6.25272690e+02
4.72402566e-07 9.53352428e+02 5.98228890e+02
4.72833595e-07 9.66839293e+02 5.88305148e+02
4.73264625e-07 8.56003687e+02 6.04537625e+02
4.73695654e-07 9.71139343e+02 6.46314285e+02
4.74126683e-07 9.04526625e+02 6.37752919e+02
4.74557713e-07 9.99277873e+02 6.28434760e+02
4.74988742e-07 9.65213543e+02 6.12686142e+02
4.75419771e-07 9.57284432e+02 6.22141500e+02
4.75850801e-07 1.12469134e+03 6.13904410e+02
4.76281830e-07 8.65974688e+02 6.25699670e+02
4.76712859e-07 8.61130029e+02 6.22485190e+02
4.77143889e-07 8.36551683e+02 6.41110673e+02
4.77574918e-07 8.18207016e+02 6.30263821e+02
4.78005947e-07 9.86222929e+02 6.43062179e+02
4.78436977e-07 9.26042809e+02 6.62730192e+02
4.78868006e-07 9.66462845e+02 6.58704484e+02
4.79299035e-07 1.00051947e+03 6.70320154e+02
4.79730065e-07 1.02668576e+03 6.70512561e+02
4.80161094e-07 9.38823536e+02 6.88276971e+02
4.80592123e-07 1.17560621e+03 6.48148528e+02
4.81023152e-07 1.04784701e+03 6.74069605e+02
4.81454182e-07 1.10701009e+03 7.11380616e+02
4.81885211e-07 1.09030247e+03 7.23947888e+02
4.82316240e-07 1.01967026e+03 7.36471886e+02
4.82747270e-07 1.08690896e+03 7.42573191e+02
4.83178299e-07 1.33289917e+03 7.45333781e+02
4.83609328e-07 1.16391649e+03 7.50416102e+02
4.84040358e-07 1.00625256e+03 7.52076646e+02
4.84471387e-07 1.27213250e+03 7.01373070e+02
4.84902416e-07 1.24991956e+03 7.05660983e+02
4.85333446e-07 1.12614763e+03 6.79583539e+02
4.85764475e-07 1.21659051e+03 6.43265757e+02
4.86195504e-07 1.22193615e+03 6.50623774e+02
4.86626534e-07 1.09330415e+03 6.20861227e+02
4.87057563e-07 1.14923895e+03 6.71118793e+02
4.87488592e-07 1.31061564e+03 6.84051252e+02
4.87919622e-07 1.23150867e+03 7.30356621e+02
4.88350651e-07 1.27302344e+03 7.34684891e+02
4.88781680e-07 1.04689431e+03 7.18962959e+02
4.89212710e-07 1.00863527e+03 7.23306238e+02
4.89643739e-07 1.20765904e+03 7.10315784e+02
4.90074768e-07 1.43717311e+03 7.11428682e+02
4.90505798e-07 1.30854634e+03 6.92321149e+02
4.90936827e-07 1.20757223e+03 7.26193333e+02
4.91367856e-07 1.28633934e+03 7.09621277e+02
4.91798886e-07 1.29607422e+03 7.16861773e+02
4.92229915e-07 1.42785076e+03 6.88211611e+02
4.92660944e-07 1.45243691e+03 7.31026693e+02
4.93091974e-07 1.34941343e+03 7.48371150e+02
4.93523003e-07 1.24527229e+03 7.35374502e+02
4.93954032e-07 1.26971965e+03 7.55770979e+02
4.94385062e-07 1.37559916e+03 7.51574236e+02
4.94816091e-07 1.23645672e+03 7.70556640e+02
4.95247120e-07 1.44325932e+03 8.00004118e+02
4.95678150e-07 1.49593762e+03 7.73228880e+02
4.96109179e-07 1.39514336e+03 7.40693512e+02
4.96540208e-07 1.41555496e+03 7.87363569e+02
4.96971238e-07 1.43159046e+03 7.99596568e+02
4.97402267e-07 1.26076542e+03 7.98132349e+02
4.97833296e-07 1.24543040e+03 8.21943626e+02
4.98264326e-07 1.30420739e+03 7.69546732e+02
4.98695355e-07 1.22704349e+03 7.50120506e+02
4.99126384e-07 1.30512440e+03 8.12055753e+02
4.99557413e-07 1.56217570e+03 7.97460688e+02
4.99988443e-07 1.24882316e+03 8.08490315e+02
5.00419472e-07 1.14401319e+03 7.94821083e+02
5.00850501e-07 1.28463672e+03 7.75873277e+02
5.01281531e-07 1.55716837e+03 7.86706269e+02
5.01712560e-07 1.69452673e+03 7.72979335e+02
5.02143589e-07 1.73377373e+03 7.64876746e+02
5.02574619e-07 1.47771952e+03 8.10920851e+02
5.03005648e-07 1.48377228e+03 7.72481848e+02
5.03436677e-07 1.38842443e+03 7.81927801e+02
5.03867707e-07 1.50246723e+03 7.79570984e+02
5.04298736e-07 1.61563804e+03 7.66906855e+02
5.04729765e-07 1.35836877e+03 8.17877737e+02
5.05160795e-07 1.41882513e+03 7.89070698e+02
5.05591824e-07 1.52061884e+03 8.07058848e+02
5.06022853e-07 1.63590315e+03 8.35745005e+02
5.06453883e-07 1.51682691e+03 8.48173716e+02
5.06884912e-07 1.58152733e+03 8.15072903e+02
5.07315941e-07 1.60512107e+03 8.47405599e+02
5.07746971e-07 1.48875103e+03 8.37942793e+02
5.08178000e-07 1.20958648e+03 8.28637715e+02
5.08609029e-07 1.53356549e+03 8.36137465e+02
5.09040059e-07 1.32056082e+03 8.65581452e+02
5.09471088e-07 1.44716811e+03 8.35086554e+02
5.09902117e-07 1.15474773e+03 8.45029247e+02
5.10333147e-07 1.45418462e+03 8.32623808e+02
5.10764176e-07 1.22441083e+03 8.51838533e+02
5.11195205e-07 1.63635253e+03 8.51044226e+02
5.11626235e-07 1.54148214e+03 8.22457878e+02
5.12057264e-07 1.72056454e+03 8.26814517e+02
5.12488293e-07 1.33397999e+03 8.43539331e+02
5.12919323e-07 1.32162347e+03 8.55268907e+02
5.13350352e-07 1.53439936e+03 8.82877320e+02
5.13781381e-07 1.61996010e+03 8.93442206e+02
5.14212411e-07 1.48756785e+03 9.05580531e+02
5.14643440e-07 1.46169245e+03 9.08965529e+02
5.15074469e-07 1.40510833e+03 8.87884293e+02
5.15505499e-07 1.41211149e+03 9.00250660e+02
5.15936528e-07 1.68641217e+03 9.05847392e+02
5.16367557e-07 1.43711543e+03 8.72878370e+02
5.16798587e-07 1.42240171e+03 8.45675448e+02
5.17229616e-07 1.62131592e+03 8.39482358e+02
5.17660645e-07 1.64176253e+03 8.75010675e+02
5.18091674e-07 1.42356646e+03 8.70133267e+02
5.18522704e-07 1.57177990e+03 8.43542225e+02
5.18953733e-07 1.68611419e+03 9.12177990e+02
5.19384762e-07 1.51923320e+03 1.06878451e+03
5.19815792e-07 1.72164230e+03 1.25378274e+03
5.20246821e-07 1.46463302e+03 1.19377638e+03
5.20677850e-07 1.52628032e+03 9.90061198e+02
5.21108880e-07 1.61098518e+03 9.10391632e+02
5.21539909e-07 1.61648495e+03 9.78899491e+02
5.21970938e-07 1.63393651e+03 9.17596776e+02
5.22401968e-07 1.44530226e+03 9.44334817e+02
5.22832997e-07 1.59895356e+03 9.29999419e+02
5.23264026e-07 1.70541345e+03 9.05796740e+02
5.23695056e-07 1.58320586e+03 9.75514082e+02
5.24126085e-07 1.70695331e+03 9.96976413e+02
5.24557114e-07 1.66165794e+03 9.82743320e+02
5.24988144e-07 1.53721271e+03 9.95712863e+02
5.25419173e-07 1.63549767e+03 1.00477519e+03
5.25850202e-07 1.88963603e+03 9.68565776e+02
5.26281232e-07 1.60283913e+03 8.91015494e+02
5.26712261e-07 1.80992667e+03 8.93526832e+02
5.27143290e-07 1.66542157e+03 9.11614270e+02
5.27574320e-07 1.52508745e+03 9.64714060e+02
5.28005349e-07 1.73652154e+03 9.37364682e+02
5.28436378e-07 1.73270881e+03 9.49738814e+02
5.28867408e-07 1.66848684e+03 9.71060666e+02
5.29298437e-07 1.58676612e+03 1.00593728e+03
5.29729466e-07 1.63377124e+03 9.87583702e+02
5.30160496e-07 1.62237769e+03 1.00727733e+03
5.30591525e-07 1.63525992e+03 9.97905745e+02
5.31022554e-07 1.69134678e+03 1.02636561e+03
5.31453584e-07 1.42111072e+03 1.02080498e+03
5.31884613e-07 1.55464785e+03 9.80689914e+02
5.32315642e-07 1.30955364e+03 1.11579903e+03
5.32746672e-07 1.49625376e+03 1.03291850e+03
5.33177701e-07 1.55068805e+03 1.00879452e+03
5.33608730e-07 1.45186455e+03 1.05471514e+03
5.34039760e-07 2.29716667e+03 1.02117850e+03
5.34470789e-07 2.21300994e+03 9.95121081e+02
5.34901818e-07 1.81385423e+03 9.83800242e+02
5.35332848e-07 1.65731186e+03 1.04423155e+03
5.35763877e-07 1.49282370e+03 1.00156168e+03
5.36194906e-07 1.43727454e+03 1.00730830e+03
5.36625935e-07 1.58485752e+03 1.03233407e+03
5.37056965e-07 1.25011704e+03 1.01142511e+03
5.37487994e-07 1.26329520e+03 1.08370218e+03
5.37919023e-07 1.66311032e+03 1.02121992e+03
5.38350053e-07 1.83522661e+03 1.00374406e+03
5.38781082e-07 1.46311800e+03 1.05505878e+03
5.39212111e-07 1.94199189e+03 1.02707885e+03
5.39643141e-07 1.77501687e+03 9.71409523e+02
5.40074170e-07 1.66239904e+03 1.03656467e+03
5.40505199e-07 1.69722325e+03 9.89050656e+02
5.40936229e-07 1.60091634e+03 1.00513253e+03
5.41367258e-07 1.50633063e+03 1.05326177e+03
5.41798287e-07 1.76072137e+03 1.06620453e+03
5.42229317e-07 1.79473934e+03 1.08195342e+03
5.42660346e-07 1.69378118e+03 1.03301850e+03
5.43091375e-07 1.90609206e+03 1.06904944e+03
5.43522405e-07 1.91221097e+03 1.04524990e+03
5.43953434e-07 1.85522070e+03 1.08241341e+03
5.44384463e-07 1.75280793e+03 1.10250831e+03
5.44815493e-07 1.88285295e+03 1.09863643e+03
5.45246522e-07 1.83205925e+03 1.09511703e+03
5.45677551e-07 1.73717227e+03 1.12533890e+03
5.46108581e-07 1.61602952e+03 1.15440764e+03
5.46539610e-07 1.81324938e+03 1.17558183e+03
5.46970639e-07 1.89352238e+03 1.09432677e+03
5.47401669e-07 1.80133063e+03 1.08493187e+03
5.47832698e-07 1.49272433e+03 1.06928039e+03
5.48263727e-07 1.55535593e+03 1.13088910e+03
5.48694757e-07 1.79790302e+03 1.16156350e+03
5.49125786e-07 1.84218341e+03 1.12148038e+03
5.49556815e-07 1.98149224e+03 1.12556204e+03
5.49987845e-07 2.00238216e+03 1.11742515e+03
5.50418874e-07 1.95628571e+03 1.16449277e+03
5.50849903e-07 1.89491813e+03 1.19572304e+03
5.51280933e-07 1.73384924e+03 1.21147543e+03
5.51711962e-07 1.73611710e+03 1.17102735e+03
5.52142991e-07 1.81514186e+03 1.21482974e+03
5.52574021e-07 1.71897954e+03 1.16611706e+03
5.53005050e-07 1.79711846e+03 1.16982113e+03
5.53436079e-07 1.77924717e+03 1.20401263e+03
5.53867109e-07 1.84596434e+03 1.24829285e+03
5.54298138e-07 1.79612155e+03 1.26850542e+03
5.54729167e-07 1.67728669e+03 1.36315758e+03
5.55160196e-07 1.89609068e+03 1.27576936e+03
5.55591226e-07 1.91436168e+03 1.22672774e+03
5.56022255e-07 1.92128338e+03 1.29926916e+03
5.56453284e-07 2.23051702e+03 1.39602717e+03
5.56884314e-07 2.36451116e+03 2.97945627e+03
5.57315343e-07 5.37622662e+03 1.28256274e+04
5.57746372e-07 1.99569576e+03 2.13541827e+04
5.58608431e-07 2.17300770e+03 2.45291874e+03
5.59039460e-07 1.64413681e+03 1.24248302e+03
5.59470490e-07 1.89235993e+03 1.30412467e+03
5.59901519e-07 1.87544636e+03 1.33468179e+03
5.60332548e-07 1.82986720e+03 1.31788638e+03
5.60763578e-07 1.75036149e+03 1.31790712e+03
5.61194607e-07 1.56876907e+03 1.24938331e+03
5.61625636e-07 1.65697131e+03 1.28615538e+03
5.62056666e-07 1.82713480e+03 1.29300587e+03
5.62487695e-07 1.84079847e+03 1.31456742e+03
5.62918724e-07 1.86784314e+03 1.29446239e+03
5.63349754e-07 1.96249437e+03 1.27269380e+03
5.63780783e-07 1.76246714e+03 1.33489088e+03
5.64211812e-07 1.99530538e+03 1.29736339e+03
5.64642842e-07 2.00125639e+03 1.31570349e+03
5.65073871e-07 1.57446976e+03 1.36587902e+03
5.65504900e-07 1.63416450e+03 1.29604951e+03
5.65935930e-07 1.76656078e+03 1.28049174e+03
5.66366959e-07 2.06079068e+03 1.27293060e+03
5.66797988e-07 1.94567606e+03 1.32945794e+03
5.67229018e-07 1.87935474e+03 1.35520938e+03
5.67660047e-07 2.13622991e+03 1.32394958e+03
5.68091076e-07 1.81981160e+03 1.30618703e+03
5.68522106e-07 1.50924902e+03 1.32982414e+03
5.68953135e-07 1.47765699e+03 1.31087298e+03
5.69384164e-07 1.58779366e+03 1.35883642e+03
5.69815194e-07 1.82107249e+03 1.39020214e+03
5.70246223e-07 1.96663749e+03 1.33152636e+03
5.70677252e-07 2.04067245e+03 1.31866381e+03
5.71108282e-07 1.99982002e+03 1.34824020e+03
5.71539311e-07 1.96141134e+03 1.37625448e+03
5.71970340e-07 2.14380821e+03 1.36418691e+03
5.72401370e-07 1.92001027e+03 1.36481207e+03
5.72832399e-07 1.90574424e+03 1.36549840e+03
5.73263428e-07 1.91919423e+03 1.36686763e+03
5.73694457e-07 2.00715495e+03 1.33745542e+03
5.74125487e-07 1.94248456e+03 1.33089830e+03
5.74556516e-07 1.76982345e+03 1.36839150e+03
5.74987545e-07 1.74993788e+03 1.38291468e+03
5.75418575e-07 2.08848385e+03 1.29958339e+03
5.75849604e-07 2.01310344e+03 1.34830667e+03
5.76280633e-07 2.09648182e+03 1.36597368e+03
5.76711663e-07 2.24438822e+03 1.38071753e+03
5.77142692e-07 1.95584468e+03 1.36140744e+03
5.77573721e-07 2.08737566e+03 1.37419559e+03
5.78004751e-07 2.07960326e+03 1.35048041e+03
5.78435780e-07 2.01948389e+03 1.35689209e+03
5.78866809e-07 2.06310861e+03 1.37067645e+03
5.79297839e-07 1.76647801e+03 1.37591756e+03
5.79728868e-07 1.87823226e+03 1.36652247e+03
5.80159897e-07 2.06957150e+03 1.34461645e+03
5.80590927e-07 2.19770654e+03 1.34484587e+03
5.81021956e-07 2.05438773e+03 1.39124799e+03
5.81452985e-07 1.96036815e+03 1.40484442e+03
5.81884015e-07 2.16703439e+03 1.40215937e+03
5.82315044e-07 2.07201305e+03 1.44687594e+03
5.82746073e-07 1.89805444e+03 1.50827507e+03
5.83177103e-07 2.10795591e+03 1.44510399e+03
5.83608132e-07 1.86856072e+03 1.40490495e+03
5.84039161e-07 1.82897419e+03 1.43027423e+03
5.84470191e-07 2.15807400e+03 1.41458280e+03
5.84901220e-07 1.82011624e+03 1.38170735e+03
5.85332249e-07 2.01793328e+03 1.42452333e+03
5.85763279e-07 2.03783049e+03 1.46102017e+03
5.86194308e-07 2.10400084e+03 1.59170976e+03
5.86625337e-07 1.98125162e+03 1.81638820e+03
5.87056367e-07 1.98665454e+03 1.82470012e+03
5.87487396e-07 1.97026858e+03 1.61334857e+03
5.87918425e-07 2.20966530e+03 1.58789275e+03
5.88349455e-07 2.58823179e+03 2.44886004e+03
5.88780484e-07 2.48996718e+03 4.67959689e+03
5.89211513e-07 2.57721753e+03 5.56500768e+03
5.89642543e-07 1.86571808e+03 4.23157389e+03
5.90073572e-07 1.60782447e+03 2.50256373e+03
5.90504601e-07 1.94771852e+03 1.67648901e+03
5.90935630e-07 1.98732692e+03 1.66463172e+03
5.91366660e-07 2.05521390e+03 1.79496715e+03
5.91797689e-07 2.04124678e+03 1.77119549e+03
5.92228718e-07 2.12991611e+03 1.65263838e+03
5.92659748e-07 2.05283877e+03 1.74124696e+03
5.93090777e-07 1.89778903e+03 1.86285883e+03
5.93521806e-07 1.89905686e+03 1.78453675e+03
5.93952836e-07 1.91613401e+03 1.59352483e+03
5.94383865e-07 2.20144740e+03 1.59085164e+03
5.94814894e-07 2.34490345e+03 1.69389967e+03
5.95245924e-07 2.13203808e+03 1.80756871e+03
5.95676953e-07 2.39301486e+03 1.71580859e+03
5.96107982e-07 2.02527282e+03 1.60773011e+03
5.96539012e-07 1.82232633e+03 1.62110270e+03
5.96970041e-07 2.11895341e+03 1.62373930e+03
5.97401070e-07 2.03421935e+03 1.71429767e+03
5.97832100e-07 2.07697593e+03 1.72899952e+03
5.98263129e-07 2.25404265e+03 1.59145092e+03
5.98694158e-07 2.21368592e+03 1.52849468e+03
5.99125188e-07 2.23433299e+03 1.55768295e+03
5.99556217e-07 2.27656908e+03 1.53405832e+03
5.99987246e-07 2.18466939e+03 1.58637720e+03
6.00418276e-07 2.24527583e+03 1.63099094e+03
6.00849305e-07 2.35615661e+03 1.57008340e+03
6.01280334e-07 2.57392290e+03 1.41533441e+03
6.01711364e-07 1.99657489e+03 1.44837036e+03
6.02142393e-07 2.01581965e+03 1.43432133e+03
6.02573422e-07 1.99823214e+03 1.44648367e+03
6.03004452e-07 2.18138346e+03 1.58363482e+03
6.03435481e-07 2.33800282e+03 1.57027136e+03
6.03866510e-07 2.05462653e+03 1.54801175e+03
6.04297540e-07 2.18248427e+03 1.46210151e+03
6.04728569e-07 2.31761809e+03 1.46981822e+03
6.05159598e-07 1.95690367e+03 1.48243411e+03
6.05590628e-07 2.45432573e+03 1.49816160e+03
6.06021657e-07 2.24141267e+03 1.47166166e+03
6.06452686e-07 1.90378705e+03 1.48555355e+03
6.06883716e-07 2.30605262e+03 1.43163508e+03
6.07314745e-07 2.46601086e+03 1.50097178e+03
6.07745774e-07 2.10242603e+03 1.46766789e+03
6.08176804e-07 2.44044020e+03 1.44923109e+03
6.08607833e-07 2.44096916e+03 1.43396678e+03
6.09038862e-07 2.12933199e+03 1.46352753e+03
6.09469891e-07 2.38165285e+03 1.49303334e+03
6.09900921e-07 2.33711829e+03 1.49855790e+03
6.10331950e-07 2.42419726e+03 1.45392246e+03
6.10762979e-07 2.37302837e+03 1.50460758e+03
6.11194009e-07 2.32220269e+03 1.42813266e+03
6.11625038e-07 2.17700500e+03 1.48949618e+03
6.12056067e-07 2.62297473e+03 1.38694854e+03
6.12487097e-07 2.69195476e+03 1.39630064e+03
6.12918126e-07 1.99923626e+03 1.41099227e+03
6.13349155e-07 2.13765812e+03 1.49670964e+03
6.13780185e-07 2.12567166e+03 1.55892245e+03
6.14211214e-07 2.07922136e+03 1.56446482e+03
6.14642243e-07 2.55841926e+03 1.49034418e+03
6.15073273e-07 1.84203013e+03 1.47209551e+03
6.15504302e-07 2.53396218e+03 1.51933312e+03
6.15935331e-07 2.46106618e+03 1.48014860e+03
6.16366361e-07 2.28363709e+03 1.39905617e+03
6.16797390e-07 2.65507090e+03 1.50490086e+03
6.17228419e-07 2.65133656e+03 1.61120832e+03
6.17659449e-07 2.21991363e+03 1.51554321e+03
6.18090478e-07 2.22829445e+03 1.49854718e+03
6.18521507e-07 2.60423190e+03 1.44997571e+03
6.18952537e-07 2.50086976e+03 1.48715623e+03
6.19383566e-07 2.67256483e+03 1.50394970e+03
6.19814595e-07 2.40733857e+03 1.50044192e+03
6.20245625e-07 2.55639368e+03 1.59894958e+03
6.20676654e-07 2.52611704e+03 1.51901047e+03
6.21107683e-07 2.04323210e+03 1.51491594e+03
6.21538713e-07 2.35061652e+03 1.54987633e+03
6.21969742e-07 2.16562813e+03 1.63942043e+03
6.22400771e-07 2.59892078e+03 1.58824896e+03
6.22831801e-07 2.43500667e+03 1.60579668e+03
6.23262830e-07 2.45678618e+03 2.08293547e+03
6.23693859e-07 2.25134786e+03 2.37110329e+03
6.24124889e-07 2.37929584e+03 1.99141971e+03
6.24555918e-07 2.59012947e+03 1.67095162e+03
6.24986947e-07 2.16560676e+03 1.56049240e+03
6.25417977e-07 2.49739161e+03 1.85970186e+03
6.25849006e-07 2.27867597e+03 2.20832042e+03
6.26280035e-07 2.28508590e+03 2.01190036e+03
6.26711065e-07 2.63869010e+03 1.80433582e+03
6.27142094e-07 2.01366016e+03 1.69021275e+03
6.27573123e-07 2.10742347e+03 1.63023361e+03
6.28004152e-07 2.48780925e+03 1.61863446e+03
6.28435182e-07 2.72145789e+03 1.93331540e+03
6.28866211e-07 2.58292793e+03 2.18118303e+03
6.29297240e-07 2.44821770e+03 3.62540500e+03
6.29728270e-07 4.65917572e+03 1.13824773e+04
6.30159299e-07 1.77739342e+03 1.33546550e+04
6.30590328e-07 1.79104810e+03 5.84869583e+03
6.31021358e-07 2.12626612e+03 2.08057560e+03
6.31452387e-07 2.09561139e+03 1.62319258e+03
6.31883416e-07 1.78719965e+03 1.70885362e+03
6.32314446e-07 2.31094189e+03 1.85789864e+03
6.32745475e-07 2.63436890e+03 2.11281559e+03
6.33176504e-07 2.20820361e+03 2.09696900e+03
6.33607534e-07 2.45092840e+03 1.68533173e+03
6.34038563e-07 2.38118138e+03 1.53167940e+03
6.34469592e-07 2.30289166e+03 1.64671083e+03
6.34900622e-07 2.13904019e+03 1.74427101e+03
6.35331651e-07 2.88445185e+03 1.90180320e+03
6.35762680e-07 2.86033605e+03 3.05470525e+03
6.36193710e-07 2.66449899e+03 5.54604186e+03
6.36624739e-07 2.55332728e+03 4.78186265e+03
6.37055768e-07 2.45563472e+03 2.19827592e+03
6.37486798e-07 2.24112846e+03 1.54079358e+03
6.37917827e-07 2.76740937e+03 1.61479118e+03
6.38348856e-07 2.63667987e+03 1.77921952e+03
6.38779886e-07 2.41933979e+03 1.66707400e+03
6.39210915e-07 2.64788206e+03 1.58513306e+03
6.39641944e-07 2.63584758e+03 1.43625263e+03
6.40072974e-07 2.49318158e+03 1.44395079e+03
6.40504003e-07 2.64651253e+03 1.50501720e+03
6.40935032e-07 2.76577844e+03 1.52381051e+03
6.41366062e-07 2.35789086e+03 1.53322833e+03
6.41797091e-07 2.15489068e+03 1.54211162e+03
6.42228120e-07 2.41534365e+03 1.55739340e+03
6.42659150e-07 2.63953253e+03 1.47779801e+03
6.43090179e-07 2.48278070e+03 1.44582260e+03
6.43521208e-07 2.54453847e+03 1.45077614e+03
6.43952238e-07 2.62847347e+03 1.49036308e+03
6.44383267e-07 2.47888352e+03 1.44020702e+03
6.44814296e-07 2.61658719e+03 1.50395151e+03
6.45245326e-07 2.68311287e+03 1.50846437e+03
6.45676355e-07 2.81720647e+03 1.59388457e+03
6.46107384e-07 2.78872803e+03 1.82150774e+03
6.46538413e-07 2.60696729e+03 2.09614859e+03
6.46969443e-07 2.23308429e+03 2.11244581e+03
6.47400472e-07 2.62792252e+03 1.84917462e+03
6.47831501e-07 3.04202147e+03 1.60492887e+03
6.48262531e-07 2.59487010e+03 1.48064578e+03
6.48693560e-07 2.59719160e+03 1.36801932e+03
6.49124589e-07 2.86091832e+03 1.58394769e+03
6.49555619e-07 3.08388077e+03 2.10607589e+03
6.49986648e-07 3.10857450e+03 2.36888842e+03
6.50417677e-07 3.08985033e+03 2.00001178e+03
6.50848707e-07 2.65411497e+03 1.65936306e+03
6.51279736e-07 2.58874676e+03 1.57875827e+03
6.51710765e-07 2.59347451e+03 1.59661672e+03
6.52141795e-07 2.67529894e+03 1.67010177e+03
6.52572824e-07 2.89241741e+03 1.69907556e+03
6.53003853e-07 2.95129661e+03 2.00141168e+03
6.53434883e-07 2.70131454e+03 2.12505371e+03
6.53865912e-07 2.26215547e+03 1.81241897e+03
6.54296941e-07 2.52263261e+03 1.81036105e+03
6.54727971e-07 2.88801789e+03 1.91813334e+03
6.55159000e-07 2.93922757e+03 2.15868261e+03
6.55590029e-07 2.83945462e+03 2.08969545e+03
6.56021059e-07 3.09024980e+03 1.74581832e+03
6.56452088e-07 2.81557820e+03 1.64862321e+03
6.56883117e-07 2.71725911e+03 1.73539687e+03
6.57314147e-07 2.94882897e+03 1.87350476e+03
6.57745176e-07 2.44079190e+03 2.05384348e+03
6.58176205e-07 2.73908790e+03 1.78243304e+03
6.58607235e-07 2.60640169e+03 1.52602685e+03
6.59038264e-07 2.73347471e+03 1.51177462e+03
6.59469293e-07 3.16204046e+03 1.65436466e+03
6.59900323e-07 2.74603151e+03 1.70422354e+03
6.60331352e-07 2.72728070e+03 1.79926678e+03
6.60762381e-07 2.47133758e+03 1.67775940e+03
6.61193411e-07 2.38713061e+03 1.42996490e+03
6.61624440e-07 2.59421435e+03 1.51073790e+03
6.62055469e-07 2.99320154e+03 1.50135295e+03
6.62486499e-07 2.74287814e+03 1.49446612e+03
6.62917528e-07 3.06579455e+03 1.56005862e+03
6.63348557e-07 2.95948047e+03 1.58725670e+03
6.63779587e-07 2.89452715e+03 1.55013624e+03
6.64210616e-07 2.61437534e+03 1.47804544e+03
6.64641645e-07 2.66013458e+03 1.54212828e+03
6.65072674e-07 2.74201995e+03 1.50736178e+03
6.65503704e-07 2.90918999e+03 1.48908659e+03
6.65934733e-07 2.96252441e+03 1.48789074e+03
6.66365762e-07 2.72741907e+03 1.53162245e+03
6.66796792e-07 2.73043163e+03 1.45000594e+03
6.67227821e-07 2.89816074e+03 1.46857058e+03
6.67658850e-07 2.38628154e+03 1.51073495e+03
6.68089880e-07 2.85555786e+03 1.54623964e+03
6.68520909e-07 3.17802347e+03 1.42763169e+03
6.68951938e-07 3.09494194e+03 1.41412193e+03
6.69382968e-07 3.10020989e+03 1.43626550e+03
6.69813997e-07 2.78476004e+03 1.48343896e+03
6.70245026e-07 2.46323979e+03 1.55512932e+03
6.70676056e-07 2.48168165e+03 1.59059440e+03
6.71107085e-07 2.49162641e+03 1.44831372e+03
6.71538114e-07 2.51724522e+03 1.50866501e+03
6.71969144e-07 2.51197794e+03 1.47177572e+03
6.72400173e-07 2.08698149e+03 1.43219566e+03
6.72831202e-07 2.96729943e+03 1.42208005e+03
6.73262232e-07 2.51668636e+03 1.48881146e+03
6.73693261e-07 2.84360964e+03 1.54057579e+03
6.74124290e-07 2.77141043e+03 1.46905096e+03
6.74555320e-07 3.10529253e+03 1.48010793e+03
6.74986349e-07 2.94137320e+03 1.37112243e+03
6.75417378e-07 2.88050495e+03 1.39424357e+03
6.75848408e-07 2.57810083e+03 1.40995089e+03
6.76279437e-07 2.31760532e+03 1.49219146e+03
6.76710466e-07 2.61573950e+03 1.42115611e+03
6.77141496e-07 2.86554762e+03 1.39823726e+03
6.77572525e-07 2.48556105e+03 1.43049328e+03
6.78003554e-07 2.50034636e+03 1.41877041e+03
6.78434584e-07 2.68221746e+03 1.43553634e+03
6.78865613e-07 2.29260424e+03 1.43857228e+03
6.79296642e-07 2.36983945e+03 1.37000566e+03
6.79727672e-07 3.06517283e+03 1.34204416e+03
6.80158701e-07 2.90342911e+03 1.41339888e+03
6.80589730e-07 2.97782790e+03 1.43912714e+03
6.81020760e-07 2.49494182e+03 1.42242865e+03
6.81451789e-07 2.76621557e+03 1.44652331e+03
6.81882818e-07 3.12188203e+03 1.45422993e+03
6.82313848e-07 2.77528448e+03 1.87897682e+03
6.82744877e-07 2.57254882e+03 2.98584267e+03
6.83175906e-07 2.26239517e+03 3.56126235e+03
6.83606935e-07 2.76072872e+03 2.84464581e+03
6.84037965e-07 2.96193021e+03 2.00879126e+03
6.84468994e-07 2.61139963e+03 1.62212575e+03
6.84900023e-07 2.35226032e+03 1.53519887e+03
6.85331053e-07 2.90439753e+03 1.55096690e+03
6.85762082e-07 2.62421520e+03 2.08450588e+03
6.86193111e-07 2.85971986e+03 3.41321215e+03
6.86624141e-07 1.89169033e+03 3.15594796e+03
6.87055170e-07 1.86217232e+03 1.72739437e+03
6.87486199e-07 2.21394172e+03 1.48920539e+03
6.87917229e-07 2.19841224e+03 1.54340309e+03
6.88348258e-07 2.24563186e+03 1.72896386e+03
6.88779287e-07 2.36213594e+03 1.86863575e+03
6.89210317e-07 2.33919172e+03 1.72173003e+03
6.89641346e-07 2.43083894e+03 1.62246313e+03
6.90072375e-07 2.54715832e+03 1.73161443e+03
6.90503405e-07 2.50546158e+03 1.60879980e+03
6.90934434e-07 2.64234883e+03 1.92371479e+03
6.91365463e-07 2.89657943e+03 2.00469079e+03
6.91796493e-07 2.40291113e+03 2.02732736e+03
6.92227522e-07 3.02634692e+03 2.50140508e+03
6.92658551e-07 2.67305448e+03 2.15545107e+03
6.93089581e-07 2.65549377e+03 1.53388382e+03
6.93520610e-07 2.70391291e+03 1.73365354e+03
6.93951639e-07 2.79544821e+03 2.02912547e+03
6.94382669e-07 2.68305713e+03 2.21491700e+03
6.94813698e-07 2.62714979e+03 2.72767228e+03
6.95244727e-07 2.37591437e+03 2.27979326e+03
6.95675757e-07 2.87021492e+03 1.58953825e+03
6.96106786e-07 2.52373680e+03 1.59179766e+03
6.96537815e-07 2.68033610e+03 1.71287899e+03
6.96968845e-07 2.38575188e+03 1.95025199e+03
6.97399874e-07 2.21057580e+03 2.17400678e+03
6.97830903e-07 2.27428814e+03 2.30274909e+03
6.98261933e-07 2.82399633e+03 1.93352775e+03
6.98692962e-07 2.90591319e+03 1.51365814e+03
6.99123991e-07 2.62305647e+03 1.40606518e+03
6.99555021e-07 2.59443981e+03 1.47718989e+03
6.99986050e-07 2.75359364e+03 1.60567568e+03
7.00417079e-07 2.78650627e+03 1.69431915e+03
7.00848109e-07 2.85514334e+03 1.72476284e+03
7.01279138e-07 2.51399363e+03 1.71772329e+03
7.01710167e-07 2.79317728e+03 1.49614073e+03
7.02141196e-07 2.93501165e+03 1.35942650e+03
7.02572226e-07 2.58107023e+03 1.39279199e+03
7.03003255e-07 2.92693396e+03 1.39057420e+03
7.03434284e-07 2.83807571e+03 1.42299562e+03
7.03865314e-07 2.52880181e+03 1.49768381e+03
7.04296343e-07 2.49618822e+03 1.66913145e+03
7.04727372e-07 2.28338232e+03 1.92471550e+03
7.05158402e-07 2.35450599e+03 1.80260666e+03
7.05589431e-07 2.75688614e+03 1.54809873e+03
7.06020460e-07 2.67855335e+03 1.57436848e+03
7.06451490e-07 3.00986365e+03 1.60227884e+03
7.06882519e-07 3.04978526e+03 1.58963858e+03
7.07313548e-07 2.51213772e+03 1.63666613e+03
7.07744578e-07 2.31082219e+03 1.59897307e+03
7.08175607e-07 2.52673265e+03 1.66302022e+03
7.08606636e-07 2.62632550e+03 1.65467779e+03
7.09037666e-07 2.24841552e+03 1.58801342e+03
7.09468695e-07 2.32092176e+03 1.51720155e+03
7.09899724e-07 2.39925715e+03 1.48707420e+03
7.10330754e-07 2.55415148e+03 1.42284749e+03
7.10761783e-07 2.84300026e+03 1.43241044e+03
7.11192812e-07 2.97923359e+03 1.42805816e+03
7.11623842e-07 2.72488584e+03 1.47386641e+03
7.12054871e-07 2.69739141e+03 1.38785048e+03
7.12485900e-07 2.77110608e+03 1.49487175e+03
7.12916930e-07 2.31657688e+03 1.55698172e+03
7.13347959e-07 2.22503640e+03 1.47921541e+03
7.13778988e-07 2.53582432e+03 1.50028824e+03
7.14210018e-07 2.66540960e+03 1.67349029e+03
7.14641047e-07 2.69438076e+03 1.68042239e+03
7.15072076e-07 2.72517255e+03 1.57857680e+03
7.15503106e-07 2.74949151e+03 1.49211289e+03
7.15934135e-07 2.52192430e+03 1.50212604e+03
7.16365164e-07 2.74755010e+03 1.56375842e+03
7.16796194e-07 2.74462784e+03 1.46173431e+03
7.17227223e-07 2.23977412e+03 1.38505544e+03
7.17658252e-07 2.03757011e+03 1.42978657e+03
7.18089282e-07 2.10218566e+03 1.34694641e+03
7.18520311e-07 2.15981166e+03 1.25739278e+03
7.18951340e-07 2.34214355e+03 1.21046865e+03
7.19382370e-07 2.38226097e+03 1.21873973e+03
7.19813399e-07 2.55847293e+03 1.22239679e+03
7.20244428e-07 2.14115610e+03 1.23215126e+03
7.20675457e-07 3.46488924e+03 1.27045765e+03
7.21106487e-07 7.13415680e+03 1.24008593e+03
7.21537516e-07 7.33514616e+03 1.29233681e+03
7.21968545e-07 3.88613495e+03 1.33799840e+03
7.22399575e-07 2.24993375e+03 1.41133887e+03
7.22830604e-07 2.19792801e+03 1.41261404e+03
7.23261633e-07 3.38542125e+03 1.86255317e+03
7.23692663e-07 4.09126513e+03 3.63968586e+03
7.24123692e-07 2.76273312e+03 5.57142038e+03
7.24554721e-07 1.84345368e+03 4.92578196e+03
7.24985751e-07 1.68775179e+03 3.02198942e+03
7.25416780e-07 1.75138059e+03 2.05726567e+03
7.25847809e-07 1.90350314e+03 1.65916329e+03
7.26278839e-07 2.00201126e+03 1.46982972e+03
7.26709868e-07 2.17603922e+03 1.77536276e+03
7.27140897e-07 2.24131595e+03 3.37184163e+03
7.27571927e-07 2.21189679e+03 5.22459680e+03
7.28002956e-07 2.48220866e+03 4.51588675e+03
7.28433985e-07 1.66281860e+03 3.30977604e+03
7.28865015e-07 2.02034990e+03 2.36419967e+03
7.29296044e-07 2.29703018e+03 1.84926148e+03
7.29727073e-07 2.81388317e+03 1.98088697e+03
7.30158103e-07 2.85633544e+03 2.27847087e+03
7.30589132e-07 2.60008883e+03 2.23438520e+03
7.31020161e-07 2.89056627e+03 2.65420297e+03
7.31451191e-07 2.11541491e+03 4.34373722e+03
7.31882220e-07 1.37521286e+03 3.86365459e+03
7.32313249e-07 2.13023045e+03 2.36238435e+03
7.32744279e-07 2.50124482e+03 2.69642867e+03
7.33175308e-07 2.04336269e+03 2.75501938e+03
7.33606337e-07 2.36708129e+03 3.50672593e+03
7.34037367e-07 2.74935633e+03 5.23694784e+03
7.34468396e-07 2.48111234e+03 3.79667395e+03
7.34899425e-07 1.94100972e+03 1.92700551e+03
7.35330455e-07 2.52875869e+03 2.12734822e+03
7.35761484e-07 2.26532813e+03 2.68924195e+03
7.36192513e-07 2.39836312e+03 2.77094172e+03
7.36623543e-07 2.37594485e+03 3.65410128e+03
7.37054572e-07 2.57551044e+03 4.06759484e+03
7.37485601e-07 2.04623167e+03 2.61078748e+03
7.37916630e-07 2.92062258e+03 1.50878221e+03
7.38347660e-07 4.03788378e+03 1.51618537e+03
7.38778689e-07 3.02655583e+03 1.93126287e+03
7.39209718e-07 2.85014015e+03 2.45020422e+03
7.39640748e-07 3.60549648e+03 2.63733187e+03
7.40071777e-07 3.73606617e+03 3.26396790e+03
7.40502806e-07 2.28056837e+03 2.68807348e+03
7.40933836e-07 2.40904942e+03 1.66473492e+03
7.41364865e-07 2.52630203e+03 1.42585623e+03
7.41795894e-07 2.40494696e+03 1.46559410e+03
7.42226924e-07 2.60682883e+03 1.47358120e+03
7.42657953e-07 2.34328243e+03 1.86549764e+03
7.43088982e-07 2.57514492e+03 2.05772497e+03
7.43520012e-07 1.99297623e+03 2.31980305e+03
7.43951041e-07 2.77901008e+03 2.34624836e+03
7.44382070e-07 2.96032831e+03 1.79316644e+03
7.44813100e-07 1.72278279e+03 1.45297997e+03
7.45244129e-07 2.05656558e+03 1.43020289e+03
7.45675158e-07 2.61653592e+03 1.54321760e+03
7.46106188e-07 2.25604572e+03 1.78745902e+03
7.46537217e-07 2.07029092e+03 2.06806670e+03
7.46968246e-07 2.79702355e+03 2.55193770e+03
7.47399276e-07 2.59679558e+03 2.66533223e+03
7.47830305e-07 2.11904734e+03 2.86024112e+03
7.48261334e-07 2.54111857e+03 2.77084247e+03
7.48692364e-07 2.51547657e+03 2.25104277e+03
7.49123393e-07 2.27420920e+03 1.76532539e+03
7.49554422e-07 2.53181499e+03 1.69677825e+03
7.49985452e-07 1.94387080e+03 1.60148072e+03
7.50416481e-07 2.21778489e+03 1.51158082e+03
7.50847510e-07 2.47618595e+03 1.52762786e+03
7.51278540e-07 2.71142010e+03 1.60916110e+03
7.51709569e-07 2.56149691e+03 2.18921766e+03
7.52140598e-07 2.69682831e+03 3.64578317e+03
7.52571628e-07 2.47859344e+03 3.93687372e+03
7.53002657e-07 2.23075713e+03 2.65352152e+03
7.53433686e-07 2.51893571e+03 1.89558383e+03
7.53864716e-07 2.58175606e+03 1.67406589e+03
7.54295745e-07 2.40945994e+03 1.60016198e+03
7.54726774e-07 2.85191666e+03 1.45611687e+03
7.55157804e-07 2.59186106e+03 1.61429361e+03
7.55588833e-07 3.00874268e+03 1.90265394e+03
7.56019862e-07 2.37193406e+03 1.87445898e+03
7.56450891e-07 2.30956395e+03 1.96280132e+03
7.56881921e-07 2.31954187e+03 2.86668368e+03
7.57312950e-07 2.65095216e+03 3.11284130e+03
7.57743979e-07 2.20894982e+03 2.13762640e+03
7.58175009e-07 2.70709513e+03 1.73848424e+03
7.58606038e-07 2.53252352e+03 1.91732139e+03
7.59037067e-07 2.15907243e+03 1.67585915e+03
7.59468097e-07 1.52824022e+03 1.41393698e+03
7.59899126e-07 3.35450123e+02 1.27811110e+03
7.60330155e-07 7.77139771e+02 9.16123893e+02
7.60761185e-07 8.32559314e+02 7.88250027e+02
7.61192214e-07 7.98493372e+02 1.05872082e+03
7.61623243e-07 1.53800547e+03 1.50391963e+03
7.62054273e-07 1.70752493e+03 1.67026157e+03
7.62485302e-07 1.60372907e+03 1.53201300e+03
7.62916331e-07 1.48311166e+03 1.55562126e+03
7.63347361e-07 1.13939998e+03 1.29954756e+03
7.63778390e-07 1.22979397e+03 1.19614680e+03
7.64209419e-07 1.55131235e+03 1.11960200e+03
7.64640449e-07 1.55356536e+03 1.17822299e+03
7.65071478e-07 1.55865356e+03 1.42935396e+03
7.65502507e-07 1.61650056e+03 1.54218069e+03
7.65933537e-07 1.79668945e+03 1.66892116e+03
7.66364566e-07 2.30683445e+03 1.76791573e+03
7.66795595e-07 2.35514539e+03 1.53122818e+03
7.67226625e-07 2.05274966e+03 1.40737082e+03
7.67657654e-07 2.56802351e+03 1.38536424e+03
7.68088683e-07 2.51897425e+03 1.58857041e+03
7.68519713e-07 2.16978520e+03 1.67986420e+03
7.68950742e-07 2.23156828e+03 1.79222362e+03
7.69381771e-07 3.07468203e+03 1.84038770e+03
7.69812801e-07 2.79891076e+03 1.92795719e+03
7.70243830e-07 2.47618208e+03 1.96014945e+03
7.70674859e-07 2.27269633e+03 2.99495128e+03
7.71105889e-07 2.81172694e+03 6.46033111e+03
7.71536918e-07 3.78870714e+03 8.05132921e+03
7.71967947e-07 1.84844347e+03 5.67770447e+03
7.72398977e-07 1.89259867e+03 3.36883014e+03
7.72830006e-07 2.61683915e+03 2.66434813e+03
7.73261035e-07 2.20597354e+03 2.07609150e+03
7.73692065e-07 2.29523467e+03 1.87814660e+03
7.74123094e-07 2.04276798e+03 2.07552696e+03
7.74554123e-07 3.74377968e+03 4.39104957e+03
7.74985152e-07 3.39781788e+03 7.16561536e+03
7.75416182e-07 1.33193007e+03 5.90751145e+03
7.75847211e-07 1.69179432e+03 3.98487541e+03
7.76278240e-07 3.04211188e+03 2.92533361e+03
7.76709270e-07 1.74605354e+03 2.42032993e+03
7.77140299e-07 3.15225351e+03 3.02583650e+03
7.77571328e-07 2.23801641e+03 3.61819653e+03
7.78002358e-07 2.47969987e+03 3.10996310e+03
7.78433387e-07 1.99932908e+03 2.58946646e+03
7.78864416e-07 1.73990401e+03 3.72337571e+03
7.79295446e-07 2.95997743e+03 5.65122659e+03
7.79726475e-07 1.62300176e+03 4.29506126e+03
7.80157504e-07 1.63361421e+03 2.48467172e+03
7.80588534e-07 3.08149373e+03 2.93025470e+03
7.81019563e-07 3.11258239e+03 3.32149382e+03
7.81450592e-07 2.36959450e+03 3.51500297e+03
7.81881622e-07 3.13967074e+03 5.78245453e+03
7.82312651e-07 2.70946966e+03 5.93307911e+03
7.82743680e-07 1.51566654e+03 2.98024273e+03
7.83174710e-07 2.19692234e+03 1.76474889e+03
7.83605739e-07 2.89238180e+03 2.37922530e+03
7.84036768e-07 3.40950968e+03 2.94570240e+03
7.84467798e-07 2.95218391e+03 3.29498617e+03
7.84898827e-07 2.48506405e+03 5.18002672e+03
7.85329856e-07 3.21059098e+03 6.93290534e+03
7.85760886e-07 1.83672090e+03 5.79310314e+03
7.86191915e-07 2.79681928e+03 4.09692300e+03
7.86622944e-07 1.60436712e+03 4.03847957e+03
7.87053974e-07 2.13922854e+03 4.31961539e+03
7.87485003e-07 2.38228829e+03 3.72161681e+03
7.87916032e-07 2.51168383e+03 3.74620602e+03
7.88347062e-07 2.47334095e+03 3.94415957e+03
7.88778091e-07 3.41813163e+03 4.39804159e+03
7.89209120e-07 2.54798973e+03 3.78848521e+03
7.89640150e-07 1.42767030e+03 2.23550709e+03
7.90071179e-07 1.86643903e+03 1.71486571e+03
7.90502208e-07 2.51578102e+03 2.49611975e+03
7.90933238e-07 2.97585016e+03 5.45601787e+03
7.91364267e-07 3.78548500e+03 7.99902213e+03
7.91795296e-07 2.16613616e+03 6.54342769e+03
7.92226326e-07 1.43275370e+03 4.64627530e+03
7.92657355e-07 1.91419902e+03 3.50939345e+03
7.93088384e-07 2.83897817e+03 3.47546917e+03
7.93519413e-07 2.43481382e+03 2.67878442e+03
7.93950443e-07 1.77000351e+03 2.02572131e+03
7.94381472e-07 2.72471082e+03 2.39035149e+03
7.94812501e-07 3.07121785e+03 2.94197262e+03
7.95243531e-07 2.61936628e+03 2.38697661e+03
7.95674560e-07 2.82943139e+03 2.40875810e+03
7.96105589e-07 3.41963515e+03 4.63003585e+03
7.96536619e-07 3.41285138e+03 5.69574630e+03
7.96967648e-07 1.86523222e+03 2.91434878e+03
