2.87800000e-02
3.60025000e-07 3.33083136e+01 3.65703890e+02
3.60456030e-07 3.36383837e+00 2.52192172e+02
3.60887061e-07 2.58484440e+01 8.50136011e+02
3.61318091e-07 3.98576767e+01 2.33652867e+02
3.61749121e-07 2.38715556e+01 2.51608887e+02
3.62611182e-07 6.19855777e+00 2.80914545e+02
3.63473242e-07 1.39477216e+02 7.46809642e+02
3.63904273e-07 5.60781806e+01 2.53757604e+02
3.64335303e-07 6.19576994e+01 5.05754572e+02
3.64766333e-07 1.93954117e+02 8.41490325e+02
3.65197364e-07 8.89559963e+01 4.71376565e+02
3.65628394e-07 8.87598746e+01 3.89989436e+02
3.66059424e-07 1.18769001e+02 4.76903429e+02
3.66490455e-07 1.62630862e+02 5.68758264e+02
3.66921485e-07 4.54426389e+01 2.75899069e+02
3.67352515e-07 1.03822331e+02 4.21410946e+02
3.67783545e-07 1.36862673e+01 2.91840438e+02
3.68214576e-07 2.62562627e+01 2.94078093e+02
3.69076636e-07 3.38412565e+01 2.98121971e+02
3.69507667e-07 9.18915123e+01 3.54899594e+02
3.69938697e-07 1.15140047e+02 4.27066483e+02
3.70369727e-07 1.75960838e+02 6.06619669e+02
3.70800758e-07 5.50455430e+01 4.74378470e+02
3.71662818e-07 5.09301504e+01 4.13360843e+02
3.72093848e-07 1.04024763e+02 4.14803056e+02
3.72524879e-07 1.57791663e+02 4.09873356e+02
3.72955909e-07 1.07558182e+02 4.61550824e+02
3.73386939e-07 1.52178874e+02 4.58129686e+02
3.73817970e-07 1.58432805e+02 5.09343413e+02
3.74249000e-07 1.70463593e+02 6.02919648e+02
3.74680030e-07 1.33309826e+02 4.57989298e+02
3.75111061e-07 1.24931530e+02 4.83843832e+02
3.75542091e-07 9.74233262e+01 3.96100023e+02
3.75973121e-07 1.61368304e+02 5.33071644e+02
3.76404152e-07 1.09674426e+02 4.20491472e+02
3.76835182e-07 7.93519133e+01 3.77848333e+02
3.77266212e-07 1.15961006e+02 4.55185753e+02
3.77697242e-07 1.06523976e+02 4.78016369e+02
3.78128273e-07 1.08448541e+02 4.41394030e+02
3.78559303e-07 1.56186224e+02 4.51452169e+02
3.78990333e-07 8.93532938e+01 4.89809431e+02
3.79421364e-07 8.38500784e+01 4.62901794e+02
3.79852394e-07 1.33588032e+02 4.40079016e+02
3.80283424e-07 6.91860203e+01 4.23832565e+02
3.80714455e-07 1.11622547e+02 4.33495971e+02
3.81145485e-07 4.74009564e+01 4.29747721e+02
3.81576515e-07 2.81277149e+01 4.26913579e+02
3.82007545e-07 1.51642838e+02 5.27797538e+02
3.82438576e-07 4.26722309e+01 4.80552158e+02
3.82869606e-07 7.19155320e+01 4.72353493e+02
3.83300636e-07 2.20511296e+02 6.01796405e+02
3.83731667e-07 2.48214458e+02 5.70869034e+02
3.84162697e-07 1.22112407e+02 5.33768805e+02
3.84593727e-07 1.38625788e+02 5.36123458e+02
3.85024758e-07 1.89456122e+02 5.08459051e+02
3.85455788e-07 1.50428983e+02 5.39338361e+02
3.85886818e-07 1.87024742e+02 5.16753140e+02
3.86748879e-07 1.58427002e+02 5.18257855e+02
3.87179909e-07 1.48518999e+02 5.30303369e+02
3.87610939e-07 5.82262137e+01 4.77032257e+02
3.88041970e-07 1.32410133e+01 4.61092152e+02
3.88473000e-07 1.30779608e+02 4.44372166e+02
3.88904030e-07 1.79423485e+02 4.93994350e+02
3.89335061e-07 2.41309565e+02 5.21935117e+02
3.89766091e-07 2.39806458e+02 5.86852762e+02
3.90197121e-07 1.69837191e+02 5.69486826e+02
3.90628152e-07 9.35386495e+01 5.91465386e+02
3.91059182e-07 2.02121935e+02 6.90794836e+02
3.91490212e-07 2.16192613e+02 6.59869182e+02
3.91921242e-07 7.10868175e+01 5.46742967e+02
3.92352273e-07 2.09316531e+02 5.81798058e+02
3.92783303e-07 2.57343153e+02 5.78414794e+02
3.93214333e-07 1.72845514e+02 5.09375946e+02
3.93645364e-07 1.78294140e+02 4.96291879e+02
3.94076394e-07 1.80053034e+02 5.81816698e+02
3.94507424e-07 1.77252280e+02 6.17448585e+02
3.94938455e-07 2.11879047e+02 6.54799776e+02
3.95369485e-07 2.22172499e+02 6.63000011e+02
3.95800515e-07 2.91527908e+02 6.54593001e+02
3.96231545e-07 7.69163888e+02 5.68327974e+02
3.96662576e-07 3.04630717e+02 5.33248841e+02
3.97093606e-07 2.40042653e+02 5.28373380e+02
3.97524636e-07 3.26293858e+02 6.17494106e+02
3.97955667e-07 3.25170760e+02 7.17448659e+02
3.98386697e-07 3.44018232e+02 7.42963664e+02
3.98817727e-07 2.83729046e+02 7.44296025e+02
3.99248758e-07 2.54631628e+02 7.13105040e+02
3.99679788e-07 2.28899943e+02 6.73093405e+02
4.00110818e-07 2.11157907e+02 7.04115405e+02
4.00541848e-07 3.17122046e+02 7.69133661e+02
4.00972879e-07 2.85439900e+02 7.93350916e+02
4.01403909e-07 3.05055709e+02 8.08905966e+02
4.01834939e-07 7.63370384e+01 6.73670803e+02
4.02265970e-07 1.99077170e+02 7.62265420e+02
4.02697000e-07 3.94371895e+02 8.21947882e+02
4.03128030e-07 3.66581422e+02 7.93841490e+02
4.03559061e-07 2.22408078e+02 7.45347528e+02
4.03990091e-07 3.47144862e+02 8.46027760e+02
4.04421121e-07 1.37097544e+02 8.50858206e+02
4.04852152e-07 2.40030910e+02 8.41534086e+02
4.05283182e-07 2.59605929e+02 8.09782128e+02
4.05714212e-07 1.80731902e+02 8.10182104e+02
4.06145242e-07 3.22269898e+02 8.31573822e+02
4.06576273e-07 3.68076085e+02 8.81937202e+02
4.07007303e-07 4.41415349e+02 9.26937187e+02
4.07438333e-07 1.91935081e+02 8.37564198e+02
4.07869364e-07 3.28654962e+02 8.87538248e+02
4.08300394e-07 2.42163449e+02 8.27045681e+02
4.08731424e-07 1.82656381e+02 8.17729872e+02
4.09162455e-07 2.00255594e+02 8.35509092e+02
4.09593485e-07 4.52210766e+02 8.92247156e+02
4.10024515e-07 4.08450881e+02 8.27180100e+02
4.10455545e-07 2.96206883e+02 7.86834680e+02
4.10886576e-07 3.85257342e+02 8.36509834e+02
4.11317606e-07 3.73408543e+02 8.48203595e+02
4.11748636e-07 1.02589766e+02 7.26889283e+02
4.12610697e-07 7.24935300e+02 9.27923993e+02
4.13041727e-07 3.51823794e+02 9.24617034e+02
4.13472758e-07 4.64704527e+02 9.44627502e+02
4.13903788e-07 4.72103106e+02 9.61628184e+02
4.14334818e-07 3.13537707e+02 8.91216541e+02
4.14765848e-07 3.72738978e+02 8.71550685e+02
4.15196879e-07 3.94583469e+02 9.16490530e+02
4.15627909e-07 4.94071299e+02 1.01993405e+03
4.16058939e-07 4.10852059e+02 1.00833810e+03
4.16489970e-07 4.01111126e+02 9.97884300e+02
4.16921000e-07 4.31371866e+02 1.04909964e+03
4.17352030e-07 5.80456233e+02 1.09325117e+03
4.17783061e-07 5.00797986e+02 1.07564957e+03
4.18214091e-07 1.53618612e+02 8.66624263e+02
4.18645121e-07 5.38443697e+02 1.02820207e+03
4.19076152e-07 5.08721392e+02 9.68281716e+02
4.19507182e-07 6.50662368e+02 1.00069951e+03
4.19938212e-07 4.05516321e+02 9.13739033e+02
4.20369242e-07 3.98131969e+02 9.51365498e+02
4.20800273e-07 5.28565461e+02 1.00974064e+03
4.21231303e-07 3.26542746e+02 9.46688928e+02
4.21662333e-07 3.32613264e+02 9.31021242e+02
4.22093364e-07 4.98594292e+02 9.93516821e+02
4.22524394e-07 4.86762472e+02 9.65637574e+02
4.22955424e-07 4.61517293e+02 9.68976204e+02
4.23386455e-07 4.49320614e+02 9.54943037e+02
4.23817485e-07 4.13095370e+02 9.77161200e+02
4.24248515e-07 5.53809124e+02 1.01128849e+03
4.24679545e-07 4.86471979e+02 1.02685200e+03
4.25110576e-07 4.35209489e+02 1.04495058e+03
4.25541606e-07 4.65712270e+02 1.03911915e+03
4.25972636e-07 5.44550304e+02 1.05779382e+03
4.26403667e-07 4.95343260e+02 1.06598379e+03
4.26834697e-07 4.09610028e+02 1.01430177e+03
4.27265727e-07 3.92350043e+02 1.03547020e+03
4.27696758e-07 5.51982925e+02 1.08270179e+03
4.28127788e-07 5.66879560e+02 1.08707546e+03
4.28558818e-07 6.19872736e+02 1.10672111e+03
4.28989848e-07 4.66583091e+02 1.02190479e+03
4.29420879e-07 5.81232865e+02 1.07899342e+03
4.29851909e-07 5.34667147e+02 1.06295529e+03
4.30282939e-07 4.64617923e+02 9.86949741e+02
4.30713970e-07 6.37092474e+02 1.02699436e+03
4.31145000e-07 4.92218703e+02 1.06195855e+03
4.31576030e-07 5.81900051e+02 1.16223639e+03
4.32007061e-07 4.69947413e+02 1.18301677e+03
4.32438091e-07 3.96676515e+02 1.06074898e+03
4.32869121e-07 6.86630383e+02 1.17367481e+03
4.33300152e-07 7.39560859e+02 1.19630231e+03
4.33731182e-07 7.32209544e+02 1.19139234e+03
4.34162212e-07 7.09478698e+02 1.14485226e+03
4.34593242e-07 5.84250799e+02 1.15934335e+03
4.35024273e-07 6.35668256e+02 1.16616818e+03
4.35455303e-07 7.05783503e+02 1.26207539e+03
4.35886333e-07 5.98224178e+02 1.26731238e+03
4.36317364e-07 5.71588483e+02 1.29595561e+03
4.36748394e-07 5.18593165e+02 1.23624652e+03
4.37179424e-07 5.22972148e+02 1.22263791e+03
4.37610455e-07 6.72185753e+02 1.25502433e+03
4.38041485e-07 5.26990702e+02 1.17615639e+03
4.38472515e-07 7.10872218e+02 1.22700601e+03
4.38903545e-07 6.66483923e+02 1.23936833e+03
4.39334576e-07 5.58566427e+02 1.21327558e+03
4.39765606e-07 6.92151025e+02 1.31040905e+03
4.40196636e-07 6.72128980e+02 1.33678223e+03
4.40627667e-07 6.25171321e+02 1.40016824e+03
4.41058697e-07 7.14112629e+02 1.41366548e+03
4.41489727e-07 6.23504715e+02 1.39866237e+03
4.41920758e-07 5.99143139e+02 1.36361247e+03
4.42351788e-07 6.84518258e+02 1.41583848e+03
4.42782818e-07 4.71507316e+02 1.40123227e+03
4.43213848e-07 6.69951425e+02 1.37083226e+03
4.43644879e-07 7.95926508e+02 1.41046362e+03
4.44075909e-07 6.18961721e+02 1.38093855e+03
4.44506939e-07 6.49673740e+02 1.39426902e+03
4.44937970e-07 4.96468010e+02 1.32911564e+03
4.45369000e-07 5.68349930e+02 1.27611181e+03
4.45800030e-07 5.44590011e+02 1.26868570e+03
4.46231061e-07 6.65570335e+02 1.27960315e+03
4.46662091e-07 6.98273466e+02 1.33886191e+03
4.47093121e-07 6.49286624e+02 1.35526073e+03
4.47524152e-07 7.69072894e+02 1.37918909e+03
4.47955182e-07 9.37686752e+02 1.42977133e+03
4.48386212e-07 9.00018571e+02 1.41595854e+03
4.48817242e-07 9.81685308e+02 1.47077514e+03
4.49248273e-07 8.87600766e+02 1.44586001e+03
4.49679303e-07 7.08678260e+02 1.45185429e+03
4.50110333e-07 6.72007712e+02 1.44968903e+03
4.50541364e-07 6.92098829e+02 1.47150466e+03
4.50972394e-07 7.63214672e+02 1.51571478e+03
4.51403424e-07 7.58127136e+02 1.48964329e+03
4.51834455e-07 7.77373531e+02 1.50837828e+03
4.52265485e-07 6.45681428e+02 1.49514465e+03
4.52696515e-07 7.32253446e+02 1.53803960e+03
4.53127545e-07 8.65334754e+02 1.56896377e+03
4.53558576e-07 8.94200320e+02 1.61346043e+03
4.53989606e-07 9.02839267e+02 1.66514778e+03
4.54420636e-07 8.48979406e+02 1.63743254e+03
4.54851667e-07 8.84829744e+02 1.64249548e+03
4.55282697e-07 9.50109819e+02 1.64011346e+03
4.55713727e-07 1.00037234e+03 1.66298687e+03
4.56144758e-07 8.05694242e+02 1.63896675e+03
4.56575788e-07 8.30216587e+02 1.60886450e+03
4.57006818e-07 8.95147057e+02 1.67064183e+03
4.57437848e-07 7.93931332e+02 1.62092017e+03
4.57868879e-07 1.04273896e+03 1.70322018e+03
4.58299909e-07 7.77390044e+02 1.62993364e+03
4.58730939e-07 8.61807746e+02 1.65321200e+03
4.59161970e-07 7.78093522e+02 1.64426760e+03
4.59593000e-07 8.75434522e+02 1.67438921e+03
4.60024030e-07 8.82270489e+02 1.67500533e+03
4.60455061e-07 7.08003114e+02 1.63933626e+03
4.60886091e-07 9.33348020e+02 1.65283469e+03
4.61317121e-07 1.12964769e+03 1.78854382e+03
4.61748152e-07 1.12430850e+03 1.76877921e+03
4.62179182e-07 1.02015433e+03 1.74793075e+03
4.62610212e-07 8.55450757e+02 1.71886717e+03
4.64334333e-07 8.42439727e+02 2.16357872e+03
4.64765364e-07 1.05535518e+03 1.85423694e+03
4.65196394e-07 9.65118308e+02 1.82028287e+03
4.65627424e-07 3.20098233e+03 1.58388986e+03
4.66058455e-07 1.00836361e+03 1.83935401e+03
4.66489485e-07 8.71426982e+02 1.76177430e+03
4.66920515e-07 8.76912141e+02 1.75362435e+03
4.67351545e-07 1.15408527e+03 1.90081342e+03
4.67782576e-07 9.95051138e+02 1.87709775e+03
4.68213606e-07 8.89509654e+02 1.81682978e+03
4.68644636e-07 8.87366088e+02 1.85194217e+03
4.69075667e-07 8.56614166e+02 1.79589410e+03
4.69506697e-07 1.02374692e+03 1.82739679e+03
4.69937727e-07 9.93228569e+02 1.82353444e+03
4.70368758e-07 1.00732739e+03 1.87568360e+03
4.70799788e-07 1.04730767e+03 1.90184599e+03
4.71230818e-07 1.00722115e+03 1.84836220e+03
4.71661848e-07 9.82984073e+02 1.88331697e+03
4.72092879e-07 1.20381023e+03 1.94944801e+03
4.72523909e-07 1.10311092e+03 1.91313293e+03
4.72954939e-07 1.08651167e+03 1.87216376e+03
4.73385970e-07 1.06729139e+03 1.84660155e+03
4.73817000e-07 1.12723682e+03 1.93251011e+03
4.74248030e-07 9.99493619e+02 1.89497096e+03
4.74679061e-07 1.01647083e+03 1.93672444e+03
4.75110091e-07 1.16883920e+03 1.96177285e+03
4.75541121e-07 1.11571492e+03 1.93552737e+03
4.75972152e-07 1.20356790e+03 2.00347952e+03
4.76403182e-07 1.21053294e+03 2.01157376e+03
4.76834212e-07 1.15086228e+03 2.01480461e+03
4.77265242e-07 1.11934005e+03 2.01538556e+03
4.77696273e-07 1.09709676e+03 2.02264478e+03
4.78127303e-07 1.16512837e+03 1.98098096e+03
4.78558333e-07 1.09342550e+03 1.93916790e+03
4.78989364e-07 1.10035511e+03 2.01438426e+03
4.79420394e-07 1.20962187e+03 2.09806946e+03
4.79851424e-07 1.19196437e+03 2.06054481e+03
4.80282455e-07 9.73257555e+02 1.91790612e+03
4.80713485e-07 1.08281321e+03 1.97454721e+03
4.81144515e-07 9.54737808e+02 2.00194529e+03
4.81575545e-07 1.25745758e+03 2.14314364e+03
4.82006576e-07 4.44344583e+03 2.35961091e+03
4.82437606e-07 1.21648033e+03 2.22473222e+03
4.82868636e-07 1.16480885e+03 2.13009455e+03
4.83299667e-07 1.08416403e+03 2.19006876e+03
4.83730697e-07 1.34865097e+03 2.22001791e+03
4.84161727e-07 1.15464887e+03 2.18847334e+03
4.84592758e-07 1.02039852e+03 2.08828837e+03
4.85023788e-07 1.14389652e+03 2.08647147e+03
4.85454818e-07 1.20011373e+03 2.05878211e+03
4.85885848e-07 1.52809766e+03 2.06746043e+03
4.86316879e-07 1.25978711e+03 1.94600616e+03
4.86747909e-07 1.13789005e+03 1.95873364e+03
4.87178939e-07 1.43776563e+03 2.09960423e+03
4.87609970e-07 1.42377199e+03 2.11981851e+03
4.88041000e-07 1.17964133e+03 2.08717444e+03
4.88472030e-07 1.26634835e+03 2.18662466e+03
4.88903061e-07 1.25624082e+03 2.19377881e+03
4.89334091e-07 1.36623178e+03 2.21247341e+03
4.89765121e-07 1.31988213e+03 2.25320809e+03
4.90196152e-07 1.21207813e+03 2.18278798e+03
4.90627182e-07 1.22397021e+03 2.21125274e+03
4.91058212e-07 1.17808213e+03 2.15749584e+03
4.91489242e-07 1.27219263e+03 2.22110486e+03
4.91920273e-07 1.38693300e+03 2.14037065e+03
4.92351303e-07 1.07433097e+03 2.09435449e+03
4.92782333e-07 1.27138795e+03 2.22407523e+03
4.93213364e-07 1.27328877e+03 2.19718015e+03
4.93644394e-07 1.05454118e+03 2.12937530e+03
4.94075424e-07 1.16490862e+03 2.17846046e+03
4.94506455e-07 1.25706902e+03 2.20259413e+03
4.94937485e-07 1.35562678e+03 2.27365884e+03
4.95368515e-07 1.51978488e+03 2.32001330e+03
4.95799545e-07 1.43238349e+03 2.32932517e+03
4.96230576e-07 1.29355250e+03 2.28959505e+03
4.96661606e-07 1.46401246e+03 2.46268104e+03
4.97092636e-07 1.30991403e+03 2.33119784e+03
4.97523667e-07 1.30031391e+03 2.37672773e+03
4.97954697e-07 1.21581626e+03 2.30177320e+03
4.98385727e-07 1.40126202e+03 2.30126394e+03
4.98816758e-07 1.17547103e+03 2.28020641e+03
4.99247788e-07 1.33214135e+03 2.34970503e+03
4.99678818e-07 1.46621358e+03 2.44093199e+03
5.00109848e-07 1.79108112e+03 2.51816187e+03
5.00540879e-07 1.77966005e+03 2.49647619e+03
5.00971909e-07 1.61840804e+03 2.46343729e+03
5.01402939e-07 1.36195317e+03 2.36586662e+03
5.01833970e-07 1.40810089e+03 2.35245054e+03
5.02265000e-07 1.36966316e+03 2.40837421e+03
5.02696030e-07 1.32492488e+03 2.36918263e+03
5.03127061e-07 1.18129057e+03 2.34701759e+03
5.03558091e-07 1.37012412e+03 2.42750014e+03
5.03989121e-07 1.43228864e+03 2.45582591e+03
5.04420152e-07 1.32194197e+03 2.33468241e+03
5.04851182e-07 1.40139493e+03 2.35700620e+03
5.05282212e-07 1.22699230e+03 2.39324845e+03
5.05713242e-07 1.39816972e+03 2.51978637e+03
5.06144273e-07 1.40255476e+03 2.52691159e+03
5.06575303e-07 1.37933978e+03 2.49301187e+03
5.07006333e-07 1.40428461e+03 2.50728167e+03
5.07437364e-07 1.58467054e+03 2.51306164e+03
5.07868394e-07 1.70947624e+03 2.56468218e+03
5.08299424e-07 1.36615526e+03 2.45356665e+03
5.08730455e-07 1.31528546e+03 2.50894385e+03
5.09161485e-07 1.52243799e+03 2.55001429e+03
5.09592515e-07 1.46579864e+03 2.48402530e+03
5.10023545e-07 1.72527815e+03 2.60045877e+03
5.10454576e-07 1.65894719e+03 2.63428449e+03
5.10885606e-07 1.55738820e+03 2.51461591e+03
5.11316636e-07 1.52892971e+03 2.55216189e+03
5.11747667e-07 1.52866465e+03 2.59639224e+03
5.12178697e-07 1.37286461e+03 2.55838304e+03
5.12609727e-07 1.55941979e+03 2.51657355e+03
5.13040758e-07 1.75726530e+03 2.63979668e+03
5.13471788e-07 1.52804486e+03 2.63368983e+03
5.13902818e-07 1.78214835e+03 2.67398544e+03
5.14333848e-07 1.79966814e+03 2.70466173e+03
5.14764879e-07 2.97647417e+03 3.11730590e+03
5.15195909e-07 3.43165531e+03 3.26626468e+03
5.15626939e-07 2.36295789e+03 3.00828717e+03
5.16057970e-07 1.58706735e+03 2.71643499e+03
5.16489000e-07 1.54086189e+03 2.56259104e+03
5.16920030e-07 1.46797082e+03 2.46862877e+03
5.17351061e-07 1.85747233e+03 2.56360601e+03
5.17782091e-07 1.82533187e+03 2.60377322e+03
5.18213121e-07 1.41959223e+03 2.56646355e+03
5.18644152e-07 1.44165820e+03 2.61725936e+03
5.19075182e-07 1.89613986e+03 2.77725781e+03
5.19506212e-07 1.86901224e+03 2.96875457e+03
5.19937242e-07 1.66105562e+03 3.08002932e+03
5.20368273e-07 1.70890525e+03 3.01508090e+03
5.20799303e-07 1.59587358e+03 2.78909479e+03
5.21230333e-07 1.81077179e+03 2.75897998e+03
5.21661364e-07 1.63823084e+03 2.83124926e+03
5.22092394e-07 1.87042070e+03 2.88533346e+03
5.22523424e-07 1.55937003e+03 2.81275449e+03
5.22954455e-07 1.34167863e+03 2.68394148e+03
5.23385485e-07 1.60667934e+03 2.82848989e+03
5.23816515e-07 1.43950884e+03 2.84652003e+03
5.24247545e-07 1.54526732e+03 2.81639082e+03
5.24678576e-07 1.73989993e+03 2.87954775e+03
5.25109606e-07 1.85339707e+03 2.93323466e+03
5.25540636e-07 1.79176924e+03 2.92282105e+03
5.25971667e-07 1.82057885e+03 2.92266275e+03
5.26402697e-07 1.53865580e+03 2.71417145e+03
5.26833727e-07 1.54441465e+03 2.69544629e+03
5.27264758e-07 1.43451728e+03 2.69090733e+03
5.27695788e-07 1.80931349e+03 2.91819878e+03
5.28126818e-07 1.77537534e+03 2.92309510e+03
5.28557848e-07 1.78094176e+03 2.87357072e+03
5.28988879e-07 1.63805681e+03 2.91299602e+03
5.29419909e-07 1.88581615e+03 3.01971465e+03
5.29850939e-07 1.85673330e+03 2.94026430e+03
5.30281970e-07 1.66570570e+03 2.91397550e+03
5.30713000e-07 1.82943472e+03 3.01785126e+03
5.31144030e-07 1.98858746e+03 3.07896370e+03
5.31575061e-07 1.68140399e+03 3.00388853e+03
5.32006091e-07 1.81636144e+03 3.03994268e+03
5.32437121e-07 1.79147731e+03 3.01598470e+03
5.32868152e-07 1.63419558e+03 3.01062295e+03
5.33299182e-07 1.68929015e+03 3.08102957e+03
5.33730212e-07 1.84932928e+03 3.05001574e+03
5.34161242e-07 1.53534738e+03 2.92293122e+03
5.34592273e-07 1.62156447e+03 2.87754627e+03
5.35023303e-07 1.84148650e+03 3.03476937e+03
5.35454333e-07 1.81719253e+03 3.01823712e+03
5.35885364e-07 1.72631772e+03 2.99229784e+03
5.36316394e-07 1.87867436e+03 3.04850145e+03
5.36747424e-07 1.48629892e+03 2.86547818e+03
5.37178455e-07 1.58173053e+03 2.85272790e+03
5.37609485e-07 1.62388339e+03 2.92298322e+03
5.38040515e-07 1.58144629e+03 2.91816006e+03
5.38471545e-07 1.94457275e+03 3.01101841e+03
5.38902576e-07 1.92590284e+03 3.06843261e+03
5.39333606e-07 1.60782239e+03 2.93866657e+03
5.39764636e-07 1.87759374e+03 2.97668611e+03
5.40195667e-07 1.92547986e+03 2.97173434e+03
5.40626697e-07 1.67495523e+03 2.93207004e+03
5.41057727e-07 1.75166779e+03 2.99101397e+03
5.41488758e-07 1.85502588e+03 2.94991902e+03
5.41919788e-07 1.69837644e+03 3.00262056e+03
5.42350818e-07 1.76488531e+03 3.04467441e+03
5.42781848e-07 1.82311848e+03 3.05537485e+03
5.43212879e-07 1.72931877e+03 2.98502753e+03
5.43643909e-07 1.84090877e+03 3.04262612e+03
5.44074939e-07 2.25284829e+03 3.26939243e+03
5.44505970e-07 2.23213937e+03 3.28444340e+03
5.44937000e-07 1.74562544e+03 3.12153808e+03
5.45368030e-07 1.61099401e+03 3.09680207e+03
5.45799061e-07 1.71395692e+03 3.21996137e+03
5.46230091e-07 2.17714397e+03 3.32890344e+03
5.46661121e-07 2.31780713e+03 3.36227804e+03
5.47092152e-07 1.91173934e+03 3.21265634e+03
5.47523182e-07 1.76302639e+03 3.13583898e+03
5.47954212e-07 1.87175532e+03 3.20615392e+03
5.48385242e-07 2.20934386e+03 3.31316221e+03
5.48816273e-07 2.12892684e+03 3.29125223e+03
5.49247303e-07 2.20515431e+03 3.29939400e+03
5.49678333e-07 2.17756947e+03 3.34635139e+03
5.50109364e-07 1.99408112e+03 3.26241006e+03
5.50540394e-07 2.11794007e+03 3.32466215e+03
5.50971424e-07 2.10890067e+03 3.43706838e+03
5.51402455e-07 2.13017150e+03 3.32292391e+03
5.51833485e-07 2.26547193e+03 3.37128024e+03
5.52264515e-07 2.29600343e+03 3.42438970e+03
5.52695545e-07 1.96120723e+03 3.31431333e+03
5.53126576e-07 2.12851922e+03 3.33147609e+03
5.53557606e-07 1.96470875e+03 3.27530405e+03
5.53988636e-07 2.04454712e+03 3.36481887e+03
5.54419667e-07 2.06258723e+03 3.53249951e+03
5.54850697e-07 1.88283343e+03 3.46182147e+03
5.55281727e-07 1.94450636e+03 3.42194011e+03
5.55712758e-07 1.85979407e+03 3.42213943e+03
5.56143788e-07 1.68800201e+03 3.45714261e+03
5.56574818e-07 2.74367200e+03 3.87465172e+03
5.57005848e-07 7.38165234e+03 8.34423030e+03
5.57436879e-07 3.45882970e+03 2.45629982e+04
5.57867909e-07 2.66862666e+03 3.55093840e+04
5.58298939e-07 4.74897157e+03 1.80613664e+04
5.58729970e-07 1.34422410e+03 4.83367750e+03
5.59161000e-07 2.32672691e+03 3.54659678e+03
5.59592030e-07 2.30424436e+03 3.65194226e+03
5.60023061e-07 1.99233309e+03 3.59014636e+03
5.60454091e-07 2.21534310e+03 3.70587212e+03
5.60885121e-07 2.09551397e+03 3.58723213e+03
5.61316152e-07 2.49377686e+03 3.62358093e+03
5.61747182e-07 1.86999670e+03 3.44855086e+03
5.62178212e-07 1.98839437e+03 3.56264766e+03
5.62609242e-07 1.83877927e+03 3.51286801e+03
5.63040273e-07 1.91360827e+03 3.44141611e+03
5.63471303e-07 2.31231992e+03 3.58102297e+03
5.63902333e-07 2.57374076e+03 3.69954582e+03
5.64333364e-07 2.12138995e+03 3.56552672e+03
5.64764394e-07 2.36316595e+03 3.64137645e+03
5.65195424e-07 1.94084552e+03 3.45747801e+03
5.65626455e-07 2.17140203e+03 3.49779374e+03
5.66057485e-07 1.88822308e+03 3.47093562e+03
5.66488515e-07 2.42475552e+03 3.66697107e+03
5.66919545e-07 2.36995334e+03 3.77314032e+03
5.67350576e-07 2.17282314e+03 3.70211622e+03
5.67781606e-07 2.07114088e+03 3.67669078e+03
5.68212636e-07 2.26190616e+03 3.64957383e+03
5.68643667e-07 2.21684414e+03 3.69897922e+03
5.69074697e-07 1.74564082e+03 3.54723686e+03
5.69505727e-07 2.06507511e+03 3.71407144e+03
5.69936758e-07 2.20371072e+03 3.69983659e+03
5.70367788e-07 2.59929728e+03 3.81782141e+03
5.70798818e-07 2.18861358e+03 3.67514268e+03
5.71229848e-07 2.54036387e+03 3.77892155e+03
5.71660879e-07 2.41742693e+03 3.76393821e+03
5.72091909e-07 2.53733559e+03 3.86066328e+03
5.72522939e-07 2.14520243e+03 3.70109187e+03
5.72953970e-07 2.16818927e+03 3.63542439e+03
5.73385000e-07 2.13429634e+03 3.67783812e+03
5.73816030e-07 2.30634771e+03 3.76709467e+03
5.74247061e-07 2.39696907e+03 3.72897811e+03
5.74678091e-07 2.12492446e+03 3.60501567e+03
5.75109121e-07 2.01848901e+03 3.57857346e+03
5.75540152e-07 2.16612508e+03 3.62007194e+03
5.75971182e-07 2.14978474e+03 3.70939336e+03
5.76402212e-07 2.14260281e+03 3.78071218e+03
5.76833242e-07 2.47207219e+03 3.82151649e+03
5.77264273e-07 2.14641617e+03 3.73139007e+03
5.77695303e-07 2.30263188e+03 3.74916637e+03
5.78126333e-07 2.33773515e+03 3.76948938e+03
5.78557364e-07 2.38367732e+03 3.79436503e+03
5.78988394e-07 2.30129795e+03 3.74312924e+03
5.79419424e-07 2.37778938e+03 3.83438478e+03
5.79850455e-07 2.14597184e+03 3.77250847e+03
5.80281485e-07 2.30428257e+03 3.82380726e+03
5.80712515e-07 2.21687010e+03 3.78885355e+03
5.81143545e-07 1.91777982e+03 3.72345850e+03
5.81574576e-07 2.38545056e+03 3.80727020e+03
5.82005606e-07 2.36901453e+03 3.83825991e+03
5.82436636e-07 2.20077508e+03 3.80966473e+03
5.82867667e-07 2.21783882e+03 3.80267325e+03
5.83298697e-07 1.99008681e+03 3.78136402e+03
5.83729727e-07 1.85870793e+03 3.81647543e+03
5.84160758e-07 2.01822545e+03 3.77374553e+03
5.84591788e-07 2.12861286e+03 3.83367901e+03
5.85022818e-07 2.37427750e+03 3.84157512e+03
5.85453848e-07 2.15050041e+03 3.77901760e+03
5.85884879e-07 2.12563533e+03 3.84836768e+03
5.86315909e-07 2.79927266e+03 4.30565704e+03
5.86746939e-07 2.80685739e+03 4.62865477e+03
5.87177970e-07 2.44532329e+03 4.37455215e+03
5.87609000e-07 2.06636926e+03 4.03967430e+03
5.88040030e-07 2.29298557e+03 4.12355719e+03
5.88471061e-07 3.03662655e+03 5.31062033e+03
5.88902091e-07 3.25959619e+03 7.47372645e+03
5.89333121e-07 2.30694083e+03 7.72701232e+03
5.89764152e-07 2.12045451e+03 6.15644859e+03
5.90195182e-07 2.60567609e+03 4.85933917e+03
5.90626212e-07 2.33432534e+03 4.19336171e+03
5.91057242e-07 2.63962245e+03 4.25964958e+03
5.91488273e-07 2.62276587e+03 4.44810525e+03
5.91919303e-07 2.18506758e+03 4.22368496e+03
5.92350333e-07 2.49819978e+03 4.24646298e+03
5.92781364e-07 2.25048592e+03 4.26324545e+03
5.93212394e-07 2.46122894e+03 4.48648718e+03
5.93643424e-07 2.93026127e+03 4.53014056e+03
5.94074455e-07 2.52941814e+03 4.09740147e+03
5.94505485e-07 2.31633969e+03 4.08918226e+03
5.94936515e-07 2.04462970e+03 4.16771381e+03
5.95367545e-07 2.28428417e+03 4.41305253e+03
5.95798576e-07 2.48856249e+03 4.23825980e+03
5.96229606e-07 2.38517005e+03 4.09843902e+03
5.96660636e-07 2.53032289e+03 4.12480244e+03
5.97091667e-07 2.26370707e+03 4.17852697e+03
5.97522697e-07 2.74375884e+03 4.37158318e+03
5.97953727e-07 2.48332155e+03 4.27231076e+03
5.98384758e-07 2.54667892e+03 4.17953001e+03
5.98815788e-07 2.56193683e+03 4.07735774e+03
5.99246818e-07 2.54881597e+03 4.07768379e+03
5.99677848e-07 2.43651898e+03 4.10631276e+03
6.00108879e-07 2.74858730e+03 4.18886360e+03
6.00539909e-07 2.58364724e+03 4.15131724e+03
6.00970939e-07 2.37153283e+03 4.05792476e+03
6.01401970e-07 2.51396676e+03 3.96527830e+03
6.01833000e-07 2.40075357e+03 3.98028570e+03
6.02264030e-07 2.41172764e+03 3.94137609e+03
6.02695061e-07 2.65935362e+03 4.05553498e+03
6.03126091e-07 2.84099703e+03 4.16921250e+03
6.03557121e-07 2.44230433e+03 4.09833320e+03
6.03988152e-07 2.40773715e+03 3.96848044e+03
6.04419182e-07 2.71510680e+03 4.04048506e+03
6.04850212e-07 2.65125968e+03 4.01818157e+03
6.05281242e-07 2.34573576e+03 3.97841112e+03
6.05712273e-07 2.49229671e+03 3.99212924e+03
6.06143303e-07 2.78939552e+03 4.15895944e+03
6.06574333e-07 2.71008668e+03 4.16790437e+03
6.07005364e-07 2.68607494e+03 4.09284493e+03
6.07436394e-07 2.61281114e+03 4.05130572e+03
6.07867424e-07 2.55238900e+03 3.99919242e+03
6.08298455e-07 2.02872567e+03 3.82263264e+03
6.08729485e-07 2.22472815e+03 3.87502180e+03
6.09160515e-07 2.40615617e+03 3.89180103e+03
6.09591545e-07 2.66767690e+03 4.04549423e+03
6.10022576e-07 2.56773531e+03 3.97233054e+03
6.10453606e-07 2.65068945e+03 4.03731879e+03
6.10884636e-07 2.67281605e+03 4.08108459e+03
6.11315667e-07 2.51798653e+03 3.96943013e+03
6.11746697e-07 2.57503683e+03 3.92353292e+03
6.12177727e-07 2.60744163e+03 3.96245018e+03
6.12608758e-07 2.54221484e+03 3.93154871e+03
6.13039788e-07 2.40028376e+03 3.90692105e+03
6.13470818e-07 2.66654840e+03 4.03887758e+03
6.13901848e-07 2.47041179e+03 4.13931336e+03
6.14332879e-07 2.80015199e+03 4.26359257e+03
6.14763909e-07 2.92096584e+03 4.20942686e+03
6.15194939e-07 2.57629265e+03 4.12520525e+03
6.15625970e-07 2.56317474e+03 4.04454342e+03
6.16057000e-07 2.54917722e+03 3.98996598e+03
6.16488030e-07 2.70607340e+03 3.94918952e+03
6.16919061e-07 2.64345522e+03 4.21223552e+03
6.17350091e-07 2.44211264e+03 4.26512598e+03
6.17781121e-07 2.62152916e+03 4.16212056e+03
6.18212152e-07 2.99635446e+03 4.15576516e+03
6.18643182e-07 2.85891857e+03 4.10630914e+03
6.19074212e-07 2.86212872e+03 4.05883022e+03
6.19505242e-07 2.61862814e+03 4.00449908e+03
6.19936273e-07 2.37450720e+03 4.05064283e+03
6.20367303e-07 2.54636877e+03 4.25572360e+03
6.20798333e-07 2.73710476e+03 4.17909664e+03
6.21229364e-07 2.61232874e+03 4.08211276e+03
6.21660394e-07 2.48886328e+03 4.13986148e+03
6.22091424e-07 2.67079166e+03 4.29614103e+03
6.22522455e-07 2.91061708e+03 4.35384297e+03
6.22953485e-07 2.96470207e+03 4.41000004e+03
6.23384515e-07 2.84199138e+03 5.10750329e+03
6.23815545e-07 2.83302851e+03 5.40580822e+03
6.24246576e-07 3.02218618e+03 4.87371912e+03
6.24677606e-07 2.66445400e+03 4.31529986e+03
6.25108636e-07 2.53054113e+03 4.13378061e+03
6.25539667e-07 2.50924945e+03 4.69178557e+03
6.25970697e-07 2.89698654e+03 5.26978556e+03
6.26401727e-07 2.71977500e+03 4.84762726e+03
6.26832758e-07 2.54951586e+03 4.45305989e+03
6.27263788e-07 2.54538839e+03 4.29439039e+03
6.27694818e-07 2.32820340e+03 4.15850105e+03
6.28125848e-07 2.53719367e+03 4.25244274e+03
6.28556879e-07 2.44108076e+03 4.74316802e+03
6.28987909e-07 2.50250155e+03 5.02049667e+03
6.29418939e-07 5.17525623e+03 7.62684722e+03
6.29849970e-07 4.20219048e+03 1.52957928e+04
6.30281000e-07 4.74731951e+03 1.64103444e+04
6.30712030e-07 2.95540814e+03 8.10151300e+03
6.31143061e-07 2.42499341e+03 4.57312882e+03
6.31574091e-07 2.76179199e+03 4.13550843e+03
6.32005121e-07 2.35983897e+03 4.20520357e+03
6.32436152e-07 2.79898556e+03 4.55289763e+03
6.32867182e-07 2.61870159e+03 4.83317469e+03
6.33298212e-07 2.35859358e+03 4.68604354e+03
6.33729242e-07 2.66543133e+03 4.21533283e+03
6.34160273e-07 2.51137108e+03 4.17619457e+03
6.34591303e-07 2.62727299e+03 4.26398370e+03
6.35022333e-07 2.55229016e+03 4.40743284e+03
6.35453364e-07 2.77224812e+03 4.76356829e+03
6.35884394e-07 3.52476721e+03 6.30282236e+03
6.36315424e-07 3.80111527e+03 8.66689829e+03
6.36746455e-07 3.26200944e+03 7.45500062e+03
6.37177485e-07 2.27509039e+03 4.54692552e+03
6.37608515e-07 2.36440720e+03 4.02192576e+03
6.38039545e-07 2.69729297e+03 4.28950362e+03
6.38470576e-07 2.48540301e+03 4.34113216e+03
6.38901606e-07 2.78211165e+03 4.41596941e+03
6.39332636e-07 2.94700914e+03 4.18821300e+03
6.39763667e-07 2.30211343e+03 3.90586501e+03
6.40194697e-07 2.48136967e+03 3.97638366e+03
6.40625727e-07 2.41068528e+03 3.91141884e+03
6.41056758e-07 2.28574262e+03 3.93750178e+03
6.41487788e-07 2.96998128e+03 4.23432838e+03
6.41918818e-07 2.62431488e+03 4.20647324e+03
6.42349848e-07 2.43715739e+03 4.15214953e+03
6.42780879e-07 2.66175895e+03 4.05379225e+03
6.43211909e-07 2.53418828e+03 4.01145315e+03
6.43642939e-07 2.17352392e+03 3.90592608e+03
6.44073970e-07 2.44688021e+03 3.95235033e+03
6.44505000e-07 2.69669690e+03 4.09450245e+03
6.44936030e-07 2.85768065e+03 4.22807413e+03
6.47953242e-07 2.87611011e+03 5.49732970e+03
6.48384273e-07 2.95338465e+03 4.47554592e+03
6.48815303e-07 3.07444067e+03 4.30197446e+03
6.49246333e-07 3.08586295e+03 4.59904476e+03
6.49677364e-07 2.96102364e+03 5.40162667e+03
6.50108394e-07 2.55124143e+03 5.55571563e+03
6.50539424e-07 2.70081379e+03 4.88325391e+03
6.50970455e-07 2.43838084e+03 4.37017009e+03
6.51401485e-07 2.80613808e+03 4.28743978e+03
6.51832515e-07 1.93166131e+03 4.09608132e+03
6.52263545e-07 2.77271550e+03 4.50713972e+03
6.52694576e-07 2.60205505e+03 4.47115621e+03
6.53125606e-07 2.99978984e+03 4.98740076e+03
6.53556636e-07 2.44090824e+03 4.96242854e+03
6.53987667e-07 2.85839183e+03 4.73154987e+03
6.54418697e-07 3.48224556e+03 4.88153807e+03
6.54849727e-07 2.79251070e+03 4.79553943e+03
6.55280758e-07 3.14685998e+03 5.42165677e+03
6.55711788e-07 2.52031094e+03 4.91522841e+03
6.56142818e-07 2.67607623e+03 4.36275272e+03
6.56573848e-07 3.02657990e+03 4.48635371e+03
6.57004879e-07 2.72064891e+03 4.55173789e+03
6.57435909e-07 2.68231561e+03 4.88664966e+03
6.57866939e-07 2.90647928e+03 5.20142542e+03
6.58297970e-07 2.79391437e+03 4.63850513e+03
6.58729000e-07 2.71189435e+03 4.25773565e+03
6.59160030e-07 2.38722593e+03 4.17184754e+03
6.59591061e-07 2.97457523e+03 4.48756289e+03
6.60022091e-07 2.99071712e+03 4.63696806e+03
6.60453121e-07 2.64915072e+03 4.60178096e+03
6.60884152e-07 2.58462972e+03 4.43005346e+03
6.61315182e-07 2.83912443e+03 4.24370454e+03
6.61746212e-07 2.30443119e+03 4.08846393e+03
6.62177242e-07 2.68466707e+03 4.21110342e+03
6.62608273e-07 2.78928418e+03 4.29886686e+03
6.63039303e-07 2.97905469e+03 4.47861554e+03
6.63470333e-07 2.80888479e+03 4.42621861e+03
6.63901364e-07 2.53148111e+03 4.24663942e+03
6.64332394e-07 2.73727813e+03 4.18127532e+03
6.64763424e-07 2.62413751e+03 4.10256617e+03
6.65194455e-07 2.83406771e+03 4.23184958e+03
6.65625485e-07 2.96127170e+03 4.27833366e+03
6.66056515e-07 3.06516840e+03 4.28466704e+03
6.66487545e-07 2.90974379e+03 4.29092110e+03
6.66918576e-07 2.76965399e+03 4.40831685e+03
6.67349606e-07 3.03823541e+03 4.31842203e+03
6.67780636e-07 2.64536155e+03 4.36907481e+03
6.68211667e-07 2.87879811e+03 4.31823941e+03
6.68642697e-07 3.95097280e+03 4.56653200e+03
6.69073727e-07 2.70222078e+03 4.15999244e+03
6.69504758e-07 2.62542162e+03 4.19085965e+03
6.69935788e-07 2.76263131e+03 4.17152633e+03
6.70366818e-07 2.69139480e+03 4.28606255e+03
6.70797848e-07 2.97060896e+03 4.31375224e+03
6.71228879e-07 3.25319281e+03 4.36575915e+03
6.71659909e-07 3.01427307e+03 4.30641101e+03
6.72090939e-07 2.41139556e+03 4.14654502e+03
6.72521970e-07 2.40013545e+03 4.06639919e+03
6.72953000e-07 2.82056202e+03 4.28835027e+03
6.73384030e-07 2.96232163e+03 4.23488003e+03
6.73815061e-07 2.98875532e+03 4.31099965e+03
6.74246091e-07 2.81548769e+03 4.32021871e+03
6.74677121e-07 4.28146476e+03 4.75754738e+03
6.75108152e-07 6.61354094e+03 5.38180336e+03
6.75539182e-07 5.04471652e+03 4.94206723e+03
6.75970212e-07 2.83573465e+03 4.16491775e+03
6.76401242e-07 2.31018430e+03 4.01634850e+03
6.76832273e-07 2.50252646e+03 4.03423651e+03
6.77263303e-07 2.69154239e+03 4.07927578e+03
6.77694333e-07 2.73122200e+03 4.13947897e+03
6.78125364e-07 2.32701009e+03 3.93014539e+03
6.78556394e-07 2.77049214e+03 4.18904489e+03
6.78987424e-07 2.93108912e+03 4.15982217e+03
6.79418455e-07 2.27819781e+03 3.95648508e+03
6.79849485e-07 2.17101282e+03 3.88651825e+03
6.80280515e-07 2.42276589e+03 3.97077649e+03
6.80711545e-07 2.53335599e+03 4.09242782e+03
6.81142576e-07 2.64357882e+03 4.12047057e+03
6.81573606e-07 2.51637486e+03 4.09912847e+03
6.82004636e-07 2.49486061e+03 4.06959035e+03
6.82435667e-07 3.15941974e+03 5.16280565e+03
6.82866697e-07 3.53214404e+03 6.94597522e+03
6.83297727e-07 3.52515009e+03 7.29094500e+03
6.83728758e-07 2.90774594e+03 5.93593880e+03
6.84159788e-07 2.22608562e+03 4.67923866e+03
6.84590818e-07 2.59324926e+03 4.33640797e+03
6.85021848e-07 2.53154955e+03 4.16808687e+03
6.85452879e-07 2.94056372e+03 4.25832510e+03
6.85883909e-07 3.01060609e+03 5.46694922e+03
6.86314939e-07 3.21073942e+03 7.25693627e+03
6.86745970e-07 2.66113797e+03 6.18072428e+03
6.87177000e-07 1.70392855e+03 3.99413829e+03
6.87608030e-07 2.36644061e+03 3.80194576e+03
6.88039061e-07 2.33168834e+03 4.06390567e+03
6.88470091e-07 2.61518703e+03 4.41602062e+03
6.88901121e-07 2.26298898e+03 4.47577877e+03
6.89332152e-07 2.45857811e+03 4.26535681e+03
6.89763182e-07 2.44860459e+03 4.34215008e+03
6.90194212e-07 2.77590562e+03 4.50718443e+03
6.90625242e-07 2.77501294e+03 4.47043031e+03
6.91056273e-07 3.54241403e+03 4.98627973e+03
6.91487303e-07 3.58831397e+03 5.20155150e+03
6.91918333e-07 3.07812203e+03 5.29661129e+03
6.92349364e-07 3.89611100e+03 6.03456570e+03
6.92780394e-07 3.28141299e+03 5.12752123e+03
6.93211424e-07 2.39161658e+03 4.06259529e+03
6.93642455e-07 2.30511504e+03 4.39836340e+03
6.94073485e-07 2.83885401e+03 4.78814859e+03
6.94504515e-07 2.77162741e+03 5.29488861e+03
6.94935545e-07 3.02927113e+03 5.82416305e+03
6.95366576e-07 2.81194911e+03 5.07043981e+03
6.95797606e-07 2.72712890e+03 4.20016160e+03
6.96228636e-07 3.09704886e+03 4.38305017e+03
6.96659667e-07 2.51946809e+03 4.42651958e+03
6.97090697e-07 2.57948628e+03 4.78636818e+03
6.97521727e-07 3.09613650e+03 5.26793224e+03
6.97952758e-07 3.03943168e+03 5.31142519e+03
6.98383788e-07 2.70915400e+03 4.56060934e+03
6.98814818e-07 2.20397604e+03 3.95953636e+03
6.99245848e-07 2.18026492e+03 3.89253151e+03
6.99676879e-07 2.10401570e+03 3.91438069e+03
7.00107909e-07 2.32273621e+03 4.09766336e+03
7.00538939e-07 2.80581512e+03 4.36092536e+03
7.00969970e-07 2.50442962e+03 4.37077146e+03
7.01401000e-07 2.52340037e+03 4.33699154e+03
7.01832030e-07 2.09745720e+03 3.80213605e+03
7.02263061e-07 2.54793492e+03 3.85686648e+03
7.02694091e-07 2.45489714e+03 3.79375000e+03
7.03125121e-07 2.72236899e+03 4.02240036e+03
7.03556152e-07 2.63258219e+03 4.00585060e+03
7.03987182e-07 2.48329542e+03 4.10926546e+03
7.04418212e-07 2.88539705e+03 4.50043929e+03
7.04849242e-07 2.59836037e+03 4.61098652e+03
7.05280273e-07 2.17536863e+03 4.33808518e+03
7.05711303e-07 2.37947674e+03 4.02989738e+03
7.06142333e-07 2.52685099e+03 4.04095387e+03
7.06573364e-07 2.62151465e+03 4.19979227e+03
7.07004394e-07 2.00140367e+03 3.98454124e+03
7.07435424e-07 2.21605206e+03 4.08322073e+03
7.07866455e-07 2.63835844e+03 4.18900012e+03
7.08297485e-07 2.65530346e+03 4.21786769e+03
7.08728515e-07 2.31898735e+03 4.14305407e+03
7.09159545e-07 2.42337157e+03 4.11592048e+03
7.09590576e-07 2.34095079e+03 3.98212705e+03
7.10021606e-07 2.57319061e+03 3.93560218e+03
7.10452636e-07 2.48924369e+03 3.88203417e+03
7.10883667e-07 2.10972412e+03 3.77287756e+03
7.11314697e-07 2.38662856e+03 3.83245144e+03
7.11745727e-07 2.42616304e+03 3.86042534e+03
7.12176758e-07 2.49767302e+03 3.94751120e+03
7.12607788e-07 2.09584593e+03 3.79681860e+03
7.13038818e-07 2.57200459e+03 4.01131865e+03
7.13469848e-07 2.30422169e+03 3.94103958e+03
7.13900879e-07 2.58023668e+03 3.98662823e+03
7.14331909e-07 2.55418894e+03 4.19950212e+03
7.14762939e-07 2.62652726e+03 4.20353094e+03
7.15193970e-07 2.34105831e+03 3.89137752e+03
7.15625000e-07 2.47980764e+03 3.89337582e+03
7.16056030e-07 2.40224861e+03 3.85660541e+03
7.16487061e-07 1.99262641e+03 3.69874313e+03
7.16918091e-07 2.09558261e+03 3.60001507e+03
7.17349121e-07 2.17105498e+03 3.59976932e+03
7.17780152e-07 2.47138034e+03 3.59604330e+03
7.18211182e-07 1.80473033e+03 3.25714370e+03
7.18642212e-07 2.00737434e+03 3.21484901e+03
7.19073242e-07 1.93337948e+03 3.16125250e+03
7.19504273e-07 1.92393191e+03 3.18869786e+03
7.19935303e-07 1.89009586e+03 3.11052172e+03
7.20366333e-07 2.04840890e+03 3.21134998e+03
7.20797364e-07 1.93577130e+03 3.29628063e+03
7.21228394e-07 1.95185126e+03 3.31105940e+03
7.21659424e-07 1.93873915e+03 3.42143588e+03
7.22090455e-07 2.16615915e+03 3.57172678e+03
7.22521485e-07 2.03220584e+03 3.47735498e+03
7.22952515e-07 1.57622322e+03 3.41922869e+03
7.23383545e-07 1.75367861e+03 4.36872787e+03
7.23814576e-07 1.88942990e+03 6.97765818e+03
7.24245606e-07 2.11376873e+03 8.82927382e+03
7.24676636e-07 2.27727803e+03 7.56831517e+03
7.25107667e-07 1.91652273e+03 5.22755469e+03
7.25538697e-07 1.74966900e+03 4.08461974e+03
7.25969727e-07 2.14950749e+03 3.73223331e+03
7.26400758e-07 1.83546681e+03 3.61295666e+03
7.26831788e-07 2.30357229e+03 4.54542218e+03
7.27262818e-07 2.37497483e+03 6.78468835e+03
7.27693848e-07 1.57056067e+03 8.49724643e+03
7.28124879e-07 2.34563275e+03 7.70954992e+03
7.28555909e-07 1.90084032e+03 5.91143420e+03
7.28986939e-07 1.51037963e+03 4.48154526e+03
7.29417970e-07 1.69928956e+03 4.11854443e+03
7.29849000e-07 2.31391653e+03 4.42369531e+03
7.30280030e-07 2.22542019e+03 4.74142577e+03
7.30711061e-07 1.77409841e+03 4.67647735e+03
7.31142091e-07 2.52296507e+03 6.00498795e+03
7.31573121e-07 2.31325854e+03 7.65381505e+03
7.32004152e-07 2.01078053e+03 6.61804763e+03
7.32435182e-07 2.41797907e+03 5.05263657e+03
7.32866212e-07 2.19950352e+03 5.47523700e+03
7.33297242e-07 2.18557890e+03 5.67642081e+03
7.33728273e-07 3.15444973e+03 7.21627534e+03
7.34159303e-07 3.09315681e+03 8.61846379e+03
7.34590333e-07 2.26508169e+03 6.31090542e+03
7.35021364e-07 1.77393831e+03 4.25231291e+03
7.35452394e-07 2.30409213e+03 4.59531512e+03
7.35883424e-07 1.32112010e+03 5.09472651e+03
7.36314455e-07 2.08385890e+03 5.63436113e+03
7.36745485e-07 2.29877685e+03 6.62678015e+03
7.37176515e-07 2.22056858e+03 6.51548764e+03
7.37607545e-07 2.16312685e+03 4.69528211e+03
7.38038576e-07 2.19780365e+03 3.81100103e+03
7.38469606e-07 2.20428166e+03 4.03233468e+03
7.38900636e-07 1.84253613e+03 4.40307070e+03
7.39331667e-07 2.32971498e+03 5.14826964e+03
7.39762697e-07 2.47595672e+03 5.40745759e+03
7.40193727e-07 2.32198836e+03 5.83843494e+03
7.40624758e-07 2.38044262e+03 5.14069910e+03
7.41055788e-07 2.19326938e+03 3.85377026e+03
7.41486818e-07 2.28927621e+03 3.66639078e+03
7.41917848e-07 2.13783836e+03 3.70172952e+03
7.42348879e-07 2.19907148e+03 3.91540734e+03
7.42779909e-07 2.15566438e+03 4.18208543e+03
7.43210939e-07 2.21918675e+03 4.56872996e+03
7.43641970e-07 2.91162715e+03 4.88556524e+03
7.44073000e-07 2.36419531e+03 4.52508600e+03
7.44504030e-07 1.98289177e+03 3.85677458e+03
7.44935061e-07 1.99652687e+03 3.54732788e+03
7.45366091e-07 2.20997829e+03 3.68182459e+03
7.45797121e-07 2.38815222e+03 3.88240356e+03
7.46228152e-07 2.33949145e+03 4.34849100e+03
7.46659182e-07 2.57664538e+03 4.85726241e+03
7.47090212e-07 2.41979949e+03 5.28182619e+03
7.47521242e-07 2.55679250e+03 5.51800316e+03
7.47952273e-07 2.48649820e+03 5.68566462e+03
7.48383303e-07 2.64979663e+03 5.56960861e+03
7.48814333e-07 2.84872322e+03 4.79638942e+03
7.49245364e-07 2.45788359e+03 4.19246515e+03
7.49676394e-07 2.20326909e+03 3.97778158e+03
7.50107424e-07 2.13972472e+03 3.81883617e+03
7.50538455e-07 2.26606725e+03 3.85161138e+03
7.50969485e-07 2.31338034e+03 3.94807685e+03
7.51400515e-07 2.10298064e+03 4.24776487e+03
7.51831545e-07 2.19772120e+03 5.47587279e+03
7.52262576e-07 2.87088042e+03 7.46105088e+03
7.52693606e-07 3.14568727e+03 7.63935559e+03
7.53124636e-07 2.28997035e+03 5.58686228e+03
7.53555667e-07 2.48026431e+03 4.41697323e+03
7.53986697e-07 2.11030899e+03 3.94268190e+03
7.54417727e-07 2.22708014e+03 3.93700989e+03
7.54848758e-07 2.58206060e+03 4.05446332e+03
7.55279788e-07 2.90964291e+03 4.37742309e+03
7.55710818e-07 2.57366520e+03 4.60648665e+03
7.56141848e-07 2.83092948e+03 4.80033059e+03
7.56572879e-07 2.79349974e+03 5.12172039e+03
7.57003909e-07 2.78138959e+03 6.00837041e+03
7.57434939e-07 2.30873939e+03 6.00049662e+03
7.57865970e-07 2.15972108e+03 4.57037474e+03
7.58297000e-07 2.98003182e+03 4.43372942e+03
7.58728030e-07 2.62713717e+03 4.48260930e+03
7.59159061e-07 2.47454009e+03 3.97764492e+03
7.59590091e-07 1.74825049e+03 3.18773013e+03
7.60021121e-07 9.73747254e+02 2.68691799e+03
7.60452152e-07 9.61650292e+02 2.25493260e+03
7.60883182e-07 1.52889075e+03 2.31939362e+03
7.61314212e-07 1.35012922e+03 2.68003637e+03
7.61745242e-07 1.78249384e+03 3.42167446e+03
7.62176273e-07 2.04603861e+03 3.62135028e+03
7.62607303e-07 1.82198317e+03 3.46405143e+03
7.63038333e-07 1.57191844e+03 3.37658693e+03
7.63469364e-07 1.50622535e+03 2.99757201e+03
7.63900394e-07 1.03471464e+03 2.57013373e+03
7.64331424e-07 1.27902774e+03 2.76443698e+03
7.64762455e-07 1.92998085e+03 3.07053834e+03
7.65193485e-07 1.79202748e+03 3.33847908e+03
7.65624515e-07 2.24952346e+03 3.83131297e+03
7.66055545e-07 2.19848490e+03 4.01190248e+03
7.66486576e-07 2.26651820e+03 3.94312536e+03
7.66917606e-07 2.54723551e+03 3.67597984e+03
7.67348636e-07 2.30418078e+03 3.51814511e+03
7.67779667e-07 2.57758468e+03 3.58561354e+03
7.68210697e-07 2.17298090e+03 3.72616867e+03
7.68641727e-07 2.68203952e+03 4.07792786e+03
7.69072758e-07 2.64867427e+03 4.16619962e+03
7.69503788e-07 2.75271386e+03 4.21498019e+03
7.69934818e-07 2.40929608e+03 4.51383711e+03
7.70365848e-07 2.46121502e+03 5.21802866e+03
7.70796879e-07 2.33097913e+03 6.91392689e+03
7.71227909e-07 2.69644132e+03 1.02603193e+04
7.71658939e-07 3.52109476e+03 1.20386629e+04
7.72089970e-07 3.50265150e+03 9.20923561e+03
7.72521000e-07 2.49796750e+03 5.95399200e+03
7.72952030e-07 2.81406433e+03 5.04387411e+03
7.73383061e-07 2.18442266e+03 4.43927900e+03
7.73814091e-07 1.96805846e+03 4.76555200e+03
7.74245121e-07 1.81357427e+03 5.64345980e+03
7.74676152e-07 2.08210966e+03 7.96449740e+03
7.75107182e-07 4.23934503e+03 1.12668055e+04
7.75538212e-07 3.64515647e+03 9.36795532e+03
7.75969242e-07 3.13298906e+03 6.81738878e+03
7.76400273e-07 2.43745446e+03 5.65539031e+03
7.76831303e-07 2.25387594e+03 4.94023738e+03
7.77262333e-07 3.01948282e+03 5.77740783e+03
7.77693364e-07 2.02418271e+03 5.74845324e+03
7.78124394e-07 2.51470919e+03 5.87849099e+03
7.78555424e-07 2.99945984e+03 5.98654379e+03
7.78986455e-07 1.63703408e+03 6.38526396e+03
7.79417485e-07 4.20755365e+03 9.21736899e+03
7.79848515e-07 3.53442909e+03 7.68888462e+03
7.80279545e-07 2.50788675e+03 5.35092697e+03
7.80710576e-07 3.11457402e+03 6.13073277e+03
7.81141606e-07 2.69632922e+03 6.65670653e+03
7.81572636e-07 1.83250786e+03 6.60425617e+03
7.82003667e-07 3.07474966e+03 8.60434231e+03
7.82434697e-07 3.50558471e+03 9.05277005e+03
7.82865727e-07 2.21012680e+03 5.45699870e+03
7.83296758e-07 2.64585219e+03 4.30093207e+03
7.83727788e-07 2.40629184e+03 5.06475607e+03
7.84158818e-07 2.65294055e+03 6.23325718e+03
7.84589848e-07 2.61665826e+03 7.12624383e+03
7.85020879e-07 1.97818644e+03 8.67279953e+03
7.85451909e-07 2.68594720e+03 1.11957733e+04
7.85882939e-07 2.54701398e+03 9.60122465e+03
7.86313970e-07 2.30854744e+03 7.50999851e+03
7.86745000e-07 2.78621693e+03 7.23874861e+03
7.87176030e-07 2.36986569e+03 7.73345491e+03
7.87607061e-07 2.10938446e+03 6.74326414e+03
7.88038091e-07 3.12542971e+03 6.82650104e+03
7.88469121e-07 2.59021645e+03 6.62837269e+03
7.88900152e-07 2.97463727e+03 6.95524582e+03
7.89331182e-07 1.96464198e+03 6.13317086e+03
7.89762212e-07 2.54335479e+03 5.11401084e+03
7.90193242e-07 2.69422300e+03 5.19935510e+03
7.90624273e-07 2.04272133e+03 6.35975334e+03
7.91055303e-07 1.73782717e+03 9.51402937e+03
7.91486333e-07 2.63358793e+03 1.30282292e+04
7.91917364e-07 3.73811659e+03 1.10295377e+04
7.92348394e-07 3.56623795e+03 7.87336568e+03
7.92779424e-07 3.09031199e+03 6.22018585e+03
7.93210455e-07 3.25664036e+03 6.02645447e+03
7.93641485e-07 2.81127559e+03 5.23178503e+03
7.94072515e-07 2.12170773e+03 4.18028434e+03
7.94503545e-07 1.93730771e+03 4.72838886e+03
7.94934576e-07 2.74829443e+03 6.00689090e+03
7.95365606e-07 1.27610049e+04 5.05909251e+03
