1.95100000e-02
3.59292030e-07 3.85309497e+01 5.03305882e+02
3.59723061e-07 1.10655211e+02 5.60074496e+02
3.60154091e-07 7.93999640e+01 5.04598847e+02
3.61447182e-07 7.01368114e+01 5.22916380e+02
3.61878212e-07 3.55896981e+01 6.02907147e+02
3.62309242e-07 3.14908689e+01 5.75951380e+02
3.63171303e-07 1.45604377e+01 5.97664958e+02
3.64033364e-07 1.28407477e+01 6.45988826e+02
3.66619545e-07 1.29801991e+01 5.62113099e+02
3.67050576e-07 6.04090645e+01 6.11305745e+02
3.67481606e-07 7.61396825e+01 6.20315454e+02
3.67912636e-07 8.80290688e+01 5.64610459e+02
3.68343667e-07 1.83068501e+01 5.56560733e+02
3.68774697e-07 7.35858133e+01 5.85442063e+02
3.69205727e-07 8.43759659e+01 6.09010162e+02
3.69636758e-07 7.65415142e+01 6.61661176e+02
3.70067788e-07 8.40048691e+01 7.14196573e+02
3.70498818e-07 1.55320400e+02 7.33244727e+02
3.70929848e-07 6.04054695e+01 8.66281132e+02
3.71360879e-07 4.37393193e+01 8.31897323e+02
3.71791909e-07 5.86104752e+01 8.43534824e+02
3.72222939e-07 3.04138474e+01 7.99140314e+02
3.72653970e-07 1.59941729e+02 7.24231789e+02
3.73085000e-07 4.44693270e+01 7.39607045e+02
3.73516030e-07 1.38921225e+02 8.37131474e+02
3.73947061e-07 2.62953601e+01 7.87953471e+02
3.74378091e-07 6.19490261e+00 7.60693751e+02
3.74809121e-07 3.12223474e+01 7.50587208e+02
3.75240152e-07 3.62251034e+01 7.27456574e+02
3.75671182e-07 1.16299185e+02 7.62596469e+02
3.76102212e-07 6.04811078e+01 7.20481258e+02
3.76964273e-07 9.76570693e+01 7.18573303e+02
3.77395303e-07 1.07099884e+02 7.15443424e+02
3.78257364e-07 2.10738519e+02 7.76897809e+02
3.78688394e-07 8.61579290e+01 7.45977324e+02
3.79119424e-07 1.54902646e+02 7.78436464e+02
3.79550455e-07 1.64178718e+02 7.53834519e+02
3.79981485e-07 1.69975714e+02 7.68369936e+02
3.80412515e-07 1.84111225e+02 7.99225338e+02
3.80843545e-07 1.57145628e+02 7.73485773e+02
3.81274576e-07 1.01312637e+02 8.03773228e+02
3.81705606e-07 1.23824897e+02 7.83700470e+02
3.82136636e-07 1.35261332e+02 7.83098511e+02
3.82567667e-07 1.15755187e+02 8.30911612e+02
3.82998697e-07 8.79386021e+01 9.16700707e+02
3.83860758e-07 5.91934405e+01 8.89836596e+02
3.84291788e-07 1.56017290e+02 9.15180392e+02
3.84722818e-07 1.08759234e+02 8.57389429e+02
3.85153848e-07 1.65586565e+02 8.27954687e+02
3.85584879e-07 2.76706167e+02 8.82960843e+02
3.86015909e-07 2.10488769e+02 8.32263793e+02
3.86446939e-07 1.44381502e+02 8.04603259e+02
3.86877970e-07 1.05801289e+02 8.04209283e+02
3.87309000e-07 1.65181064e+02 7.95818517e+02
3.87740030e-07 2.14195306e+02 8.01059403e+02
3.88171061e-07 1.99585470e+02 8.12547302e+02
3.88602091e-07 1.13418230e+02 7.71209900e+02
3.89033121e-07 1.63730527e+02 7.90686644e+02
3.89464152e-07 1.62512531e+02 8.21991169e+02
3.89895182e-07 1.29101400e+02 8.51589616e+02
3.90326212e-07 1.22213823e+02 9.22784355e+02
3.90757242e-07 1.27000484e+02 9.50148563e+02
3.91188273e-07 1.54044283e+02 1.00103219e+03
3.91619303e-07 1.99824169e+02 9.58643217e+02
3.92050333e-07 1.96723946e+02 8.70932353e+02
3.92481364e-07 1.75697593e+02 8.40085388e+02
3.92912394e-07 2.00341788e+02 8.21942457e+02
3.93343424e-07 2.80989445e+02 9.06937180e+02
3.93774455e-07 2.61597350e+02 9.84439892e+02
3.94205485e-07 5.93070209e+01 9.20941524e+02
3.94636515e-07 2.50051153e+02 9.85444166e+02
3.95067545e-07 2.38429891e+02 1.00031873e+03
3.95498576e-07 1.65868710e+02 9.40921715e+02
3.95929606e-07 2.46320634e+02 9.39157111e+02
3.96360636e-07 3.15689741e+02 9.21139999e+02
3.96791667e-07 9.11878723e+01 8.11027190e+02
3.97222697e-07 1.67286204e+02 8.87607801e+02
3.97653727e-07 4.58287614e+02 1.08406975e+03
3.98084758e-07 2.64925554e+02 1.00395050e+03
3.98515788e-07 4.13270352e+02 1.10991558e+03
3.98946818e-07 2.31759116e+02 1.00857058e+03
3.99377848e-07 2.88041757e+02 1.04524886e+03
3.99808879e-07 2.91310290e+02 1.04769821e+03
4.00239909e-07 1.73438716e+02 1.04503149e+03
4.00670939e-07 2.42614977e+02 1.14081945e+03
4.01101970e-07 1.42634169e+02 1.06280231e+03
4.01533000e-07 1.60045877e+02 1.08275314e+03
4.01964030e-07 1.75355782e+02 1.06367460e+03
4.02395061e-07 3.80760879e+02 1.16885732e+03
4.02826091e-07 3.25924418e+02 1.09417071e+03
4.03257121e-07 3.60293155e+02 1.14504722e+03
4.03688152e-07 2.97942287e+02 1.15737318e+03
4.04119182e-07 1.53449193e+02 1.13996726e+03
4.04550212e-07 1.33901196e+02 1.57429611e+03
4.04981242e-07 2.19059636e+02 1.55258947e+03
4.05412273e-07 1.96377488e+02 1.50030706e+03
4.05843303e-07 2.71942096e+02 1.19962782e+03
4.06274333e-07 3.23132378e+02 1.31425074e+03
4.06705364e-07 2.99775582e+02 1.28008217e+03
4.07136394e-07 2.74245830e+02 1.23901467e+03
4.07567424e-07 1.99590693e+02 1.19910977e+03
4.07998455e-07 3.30311967e+02 1.27850780e+03
4.08429485e-07 3.76433406e+02 1.27042883e+03
4.08860515e-07 4.09078392e+02 1.22956879e+03
4.09291545e-07 4.60486934e+02 1.21774793e+03
4.09722576e-07 5.21704150e+02 1.21849869e+03
4.10153606e-07 4.38178291e+02 1.17088407e+03
4.10584636e-07 3.72514177e+02 1.19053433e+03
4.11015667e-07 4.29411371e+02 1.18939227e+03
4.11446697e-07 3.12602306e+02 1.15280647e+03
4.11877727e-07 3.58690603e+02 1.18535356e+03
4.12308758e-07 4.07145043e+02 1.21572160e+03
4.12739788e-07 4.75234465e+02 1.28648338e+03
4.13170818e-07 3.76689124e+02 1.28172551e+03
4.13601848e-07 5.05915255e+02 1.29776626e+03
4.14032879e-07 4.61531364e+02 1.24475688e+03
4.14463909e-07 4.01620971e+02 1.20620717e+03
4.14894939e-07 4.96183159e+02 1.27256515e+03
4.15325970e-07 4.65704419e+02 1.29299969e+03
4.15757000e-07 4.17069645e+02 1.36040106e+03
4.16188030e-07 3.60899918e+02 1.37537127e+03
4.16619061e-07 1.80139940e+02 1.37081005e+03
4.17050091e-07 3.51939121e+02 1.40311690e+03
4.17481121e-07 5.29791778e+02 1.47234266e+03
4.17912152e-07 4.88946789e+02 1.44414542e+03
4.18343182e-07 2.49426173e+02 1.67477981e+03
4.18774212e-07 3.55217020e+02 1.69570534e+03
4.19205242e-07 3.98284729e+02 1.74132750e+03
4.19636273e-07 5.40306967e+02 1.80356903e+03
4.20067303e-07 4.79608385e+02 1.34839091e+03
4.20498333e-07 5.76290919e+02 1.38799558e+03
4.20929364e-07 5.27362607e+02 1.35531569e+03
4.21360394e-07 5.94936579e+02 1.37897907e+03
4.21791424e-07 6.67422641e+02 1.43857193e+03
4.22222455e-07 2.94793797e+02 1.23004931e+03
4.22653485e-07 5.37996071e+02 1.36190000e+03
4.23084515e-07 6.26772813e+02 1.37480798e+03
4.23515545e-07 5.43855280e+02 1.33928568e+03
4.23946576e-07 5.64455163e+02 1.40567246e+03
4.24377606e-07 6.05845768e+02 1.46051292e+03
4.24808636e-07 5.72034061e+02 1.47504441e+03
4.25239667e-07 7.22275189e+02 1.59021031e+03
4.25670697e-07 7.42611048e+02 1.55236549e+03
4.26101727e-07 6.07067850e+02 1.51803239e+03
4.26532758e-07 7.15899169e+02 1.57051650e+03
4.26963788e-07 7.22665122e+02 1.54871148e+03
4.27394818e-07 6.71237538e+02 1.55330191e+03
4.27825848e-07 6.90384000e+02 1.52555235e+03
4.28256879e-07 6.04415321e+02 1.50389405e+03
4.28687909e-07 5.91330076e+02 1.51964456e+03
4.29118939e-07 6.57280445e+02 1.55710771e+03
4.29549970e-07 7.29746760e+02 1.57909486e+03
4.29981000e-07 6.81254602e+02 1.52551542e+03
4.30412030e-07 6.25730935e+02 1.51491492e+03
4.30843061e-07 5.67475593e+02 1.58269729e+03
4.31274091e-07 4.19493217e+02 1.56372453e+03
4.31705121e-07 6.07785789e+02 1.67788744e+03
4.32136152e-07 7.31281855e+02 1.72283897e+03
4.32567182e-07 6.60731524e+02 1.64947622e+03
4.32998212e-07 7.54065637e+02 1.65034807e+03
4.33429242e-07 6.05070347e+02 1.59742667e+03
4.33860273e-07 6.59835858e+02 1.59862156e+03
4.34291303e-07 7.37777580e+02 1.63195060e+03
4.34722333e-07 6.99770627e+02 1.67379073e+03
4.35153364e-07 7.90950952e+02 1.72251063e+03
4.35584394e-07 6.47293343e+02 1.69294440e+03
4.36015424e-07 5.71778529e+02 1.65964695e+03
4.36446455e-07 5.78311106e+02 1.65273752e+03
4.36877485e-07 6.38760417e+02 1.70731967e+03
4.37308515e-07 5.12425378e+02 1.64655475e+03
4.37739545e-07 7.23381831e+02 1.73991277e+03
4.38170576e-07 7.16506233e+02 1.75528156e+03
4.38601606e-07 5.40609015e+02 1.67636666e+03
4.39032636e-07 7.00733154e+02 1.75089133e+03
4.39463667e-07 6.96543737e+02 1.78897616e+03
4.39894697e-07 8.80491389e+02 1.93644782e+03
4.40325727e-07 7.66632896e+02 1.96896444e+03
4.40756758e-07 7.95570693e+02 2.05590611e+03
4.41187788e-07 7.19035418e+02 2.02202014e+03
4.41618818e-07 7.15788032e+02 2.02074517e+03
4.42049848e-07 7.02406024e+02 2.00854742e+03
4.42480879e-07 6.94611756e+02 2.01830627e+03
4.42911909e-07 8.16700558e+02 2.02230100e+03
4.43342939e-07 8.84723463e+02 2.02148595e+03
4.43773970e-07 9.35503047e+02 2.02351278e+03
4.44205000e-07 8.81896451e+02 2.02296899e+03
4.44636030e-07 7.20648565e+02 1.91903501e+03
4.45067061e-07 1.07843415e+03 2.03858169e+03
4.45498091e-07 7.26244399e+02 1.89896611e+03
4.45929121e-07 7.70328172e+02 1.88922158e+03
4.46360152e-07 8.84381602e+02 1.90955203e+03
4.46791182e-07 7.05805585e+02 1.86108598e+03
4.47222212e-07 7.24298235e+02 1.87318253e+03
4.47653242e-07 7.73766219e+02 1.88353288e+03
4.48084273e-07 8.66335097e+02 1.93921407e+03
4.48515303e-07 8.16197432e+02 1.94737973e+03
4.48946333e-07 8.83333936e+02 1.96537917e+03
4.49377364e-07 9.74093726e+02 2.00936005e+03
4.49808394e-07 1.02405353e+03 2.04684149e+03
4.50239424e-07 7.52421521e+02 1.98405133e+03
4.50670455e-07 7.39536760e+02 1.94292609e+03
4.51101485e-07 7.18844408e+02 1.95635490e+03
4.51532515e-07 9.55057098e+02 2.06039911e+03
4.51963545e-07 1.11234036e+03 2.15506183e+03
4.52394576e-07 9.14705388e+02 2.13186910e+03
4.52825606e-07 1.08250930e+03 2.25651416e+03
4.53256636e-07 7.42163292e+02 2.10924723e+03
4.53687667e-07 9.98296832e+02 2.25663140e+03
4.54118697e-07 1.18506483e+03 2.34508173e+03
4.54549727e-07 9.01678028e+02 2.20129615e+03
4.54980758e-07 9.30753614e+02 2.24930682e+03
4.55411788e-07 8.96225727e+02 2.22013758e+03
4.55842818e-07 9.28465608e+02 2.19588139e+03
4.56273848e-07 1.05011911e+03 2.22532802e+03
4.56704879e-07 8.41210514e+02 2.19876185e+03
4.57135909e-07 8.71462242e+02 2.22647845e+03
4.57566939e-07 1.07784991e+03 2.32994209e+03
4.57997970e-07 9.46696224e+02 2.31924838e+03
4.58429000e-07 1.07390722e+03 2.34704856e+03
4.58860030e-07 1.13726530e+03 2.33607262e+03
4.59291061e-07 1.01934204e+03 2.28661312e+03
4.59722091e-07 1.14331185e+03 2.33319196e+03
4.60153121e-07 1.49437218e+03 2.48288730e+03
4.60584152e-07 1.10734275e+03 2.34520621e+03
4.61015182e-07 1.11809864e+03 2.36342143e+03
4.61446212e-07 1.05797510e+03 2.31014680e+03
4.61877242e-07 1.12797365e+03 2.38753958e+03
4.62308273e-07 1.20371274e+03 2.46089097e+03
4.62739303e-07 1.02763090e+03 2.34792886e+03
4.63170333e-07 1.18900840e+03 2.38596139e+03
4.63601364e-07 1.23566455e+03 2.45747052e+03
4.64032394e-07 1.20712377e+03 2.42578662e+03
4.64463424e-07 1.07154023e+03 2.35812863e+03
4.64894455e-07 1.15236535e+03 2.42405557e+03
4.65325485e-07 1.24862474e+03 2.50074925e+03
4.65756515e-07 1.10092770e+03 2.50793569e+03
4.66187545e-07 1.29052858e+03 2.59409404e+03
4.66618576e-07 1.42105311e+03 2.64227276e+03
4.67049606e-07 1.12684151e+03 2.55485308e+03
4.67480636e-07 1.42586703e+03 2.72578896e+03
4.67911667e-07 1.35150891e+03 2.67959071e+03
4.68342697e-07 1.30268812e+03 2.64003401e+03
4.68773727e-07 1.16620686e+03 2.56902504e+03
4.69204758e-07 1.06952890e+03 2.50394931e+03
4.69635788e-07 1.10988827e+03 2.51720623e+03
4.70066818e-07 1.18712892e+03 2.57056171e+03
4.70497848e-07 1.40914767e+03 2.69011935e+03
4.70928879e-07 1.47841443e+03 2.75198615e+03
4.71359909e-07 1.39998161e+03 2.72628852e+03
4.71790939e-07 1.29828775e+03 2.68775535e+03
4.72221970e-07 1.56936955e+03 2.75759211e+03
4.72653000e-07 1.89236280e+03 2.90138433e+03
4.73084030e-07 1.89646820e+03 2.88440899e+03
4.73515061e-07 1.71242442e+03 2.83216242e+03
4.73946091e-07 1.56795451e+03 2.76078380e+03
4.74377121e-07 1.61021452e+03 2.80039255e+03
4.74808152e-07 1.80159464e+03 2.88589234e+03
4.75239182e-07 1.37161148e+03 2.71580842e+03
4.75670212e-07 1.40336312e+03 2.73650979e+03
4.76101242e-07 1.62043933e+03 2.84138516e+03
4.76532273e-07 1.80305141e+03 2.92719638e+03
4.76963303e-07 1.47011455e+03 2.82293607e+03
4.77394333e-07 1.44520413e+03 2.79689319e+03
4.77825364e-07 1.30481396e+03 2.72023434e+03
4.78256394e-07 1.58261610e+03 2.90004558e+03
4.78687424e-07 1.45913855e+03 2.86686917e+03
4.79118455e-07 1.35430636e+03 2.89726591e+03
4.79549485e-07 1.52229001e+03 2.93378034e+03
4.79980515e-07 1.54649373e+03 2.92934818e+03
4.80411545e-07 1.54206065e+03 2.95685499e+03
4.80842576e-07 1.53234725e+03 3.01038245e+03
4.81273606e-07 1.83696572e+03 3.22072313e+03
4.81704636e-07 1.62305209e+03 3.24658405e+03
4.82135667e-07 1.64804233e+03 3.29991397e+03
4.82566697e-07 1.84876929e+03 3.34131907e+03
4.82997727e-07 1.18565852e+03 3.03695949e+03
4.83428758e-07 1.63649815e+03 3.26938629e+03
4.83859788e-07 1.67147836e+03 3.27541946e+03
4.84290818e-07 1.80304082e+03 3.37100675e+03
4.84721848e-07 1.67187630e+03 3.25829522e+03
4.85152879e-07 1.58564084e+03 3.14238293e+03
4.85583909e-07 1.86150166e+03 3.22308403e+03
4.86014939e-07 1.93321134e+03 3.16052556e+03
4.86445970e-07 1.75696227e+03 3.10099269e+03
4.86877000e-07 1.40297704e+03 2.96871754e+03
4.87308030e-07 1.63134186e+03 3.12935349e+03
4.87739061e-07 1.65738914e+03 3.22535124e+03
4.88170091e-07 1.56577760e+03 3.24915048e+03
4.88601121e-07 1.46028735e+03 3.16304855e+03
4.89032152e-07 1.76661328e+03 3.30458958e+03
4.89463182e-07 1.79162910e+03 3.28628796e+03
4.89894212e-07 1.94499169e+03 3.28450874e+03
4.90325242e-07 1.80942803e+03 3.26853996e+03
4.90756273e-07 1.84977460e+03 3.24369040e+03
4.91187303e-07 1.68626403e+03 3.16613490e+03
4.91618333e-07 1.98119918e+03 3.31661676e+03
4.92049364e-07 1.55601699e+03 3.06632090e+03
4.92480394e-07 1.70498393e+03 3.15474623e+03
4.92911424e-07 1.62077808e+03 3.14691074e+03
4.93342455e-07 1.54334362e+03 3.12456094e+03
4.93773485e-07 1.68394049e+03 3.11535855e+03
4.94204515e-07 1.30025410e+03 3.01377605e+03
4.94635545e-07 1.70598361e+03 3.21977766e+03
4.95066576e-07 1.55923811e+03 3.18059389e+03
4.95497606e-07 1.84762405e+03 3.29247631e+03
4.95928636e-07 1.75437265e+03 3.22269464e+03
4.96359667e-07 1.63550551e+03 3.24444392e+03
4.96790697e-07 1.58412176e+03 3.23132158e+03
4.97221727e-07 1.67600472e+03 3.27958220e+03
4.97652758e-07 2.04237667e+03 3.43707874e+03
4.98083788e-07 1.87968182e+03 3.34003137e+03
4.98514818e-07 2.13593713e+03 3.45774388e+03
4.98945848e-07 1.73804225e+03 3.30451638e+03
4.99376879e-07 1.64350334e+03 3.31978971e+03
4.99807909e-07 1.96783246e+03 3.44130140e+03
5.00238939e-07 2.08508683e+03 3.49550587e+03
5.00669970e-07 1.85927944e+03 3.40582010e+03
5.01101000e-07 1.91280106e+03 3.46660265e+03
5.01532030e-07 1.78364610e+03 3.37014358e+03
5.01963061e-07 1.81247985e+03 3.43519789e+03
5.02394091e-07 1.93984171e+03 3.52257171e+03
5.02825121e-07 1.82610421e+03 3.42198123e+03
5.03256152e-07 1.91052981e+03 3.46399894e+03
5.03687182e-07 1.73891825e+03 3.39849642e+03
5.04118212e-07 1.94971874e+03 3.44846775e+03
5.04549242e-07 2.00542878e+03 3.50240886e+03
5.04980273e-07 2.13890501e+03 3.59536638e+03
5.05411303e-07 2.19013226e+03 3.59549046e+03
5.05842333e-07 1.93194580e+03 3.53796796e+03
5.06273364e-07 1.86720155e+03 3.48407320e+03
5.06704394e-07 1.86724371e+03 3.50781517e+03
5.07135424e-07 1.82503171e+03 3.52821857e+03
5.07566455e-07 2.04726748e+03 3.58600935e+03
5.07997485e-07 1.77838420e+03 3.42236219e+03
5.08428515e-07 1.95995157e+03 4.55059457e+03
5.08859545e-07 2.11489599e+03 4.63682996e+03
5.09290576e-07 2.17632499e+03 4.71401720e+03
5.09721606e-07 2.38445405e+03 4.84871465e+03
5.10152636e-07 2.52294065e+03 3.89335705e+03
5.10583667e-07 2.19541198e+03 3.72400375e+03
5.11014697e-07 2.03083289e+03 3.66932475e+03
5.11445727e-07 2.54674367e+03 3.93681337e+03
5.11876758e-07 2.26419865e+03 3.83275738e+03
5.12307788e-07 2.18915164e+03 3.73712348e+03
5.12738818e-07 2.35347989e+03 3.96856056e+03
5.13169848e-07 2.34272314e+03 3.96777018e+03
5.13600879e-07 2.36204322e+03 3.94518613e+03
5.14031909e-07 2.27382293e+03 3.98896847e+03
5.14462939e-07 2.07162148e+03 3.93343543e+03
5.14893970e-07 1.67627005e+03 3.76694481e+03
5.15325000e-07 2.19756237e+03 4.05806736e+03
5.15756030e-07 2.30868630e+03 4.09478395e+03
5.16187061e-07 2.20374822e+03 3.99192787e+03
5.16618091e-07 2.16634462e+03 3.80743693e+03
5.17049121e-07 2.20923839e+03 3.79975039e+03
5.17480152e-07 2.29702054e+03 3.88378625e+03
5.17911182e-07 2.46979360e+03 3.99474667e+03
5.18342212e-07 2.14253129e+03 3.87292248e+03
5.18773242e-07 2.03427600e+03 3.90500498e+03
5.19204273e-07 2.24997075e+03 4.19429398e+03
5.19635303e-07 2.20281365e+03 4.40995734e+03
5.20066333e-07 2.36777767e+03 4.46187168e+03
5.20497364e-07 2.39032116e+03 4.23022483e+03
5.20928394e-07 2.29419437e+03 4.11441624e+03
5.21359424e-07 2.52775530e+03 4.24650402e+03
5.21790455e-07 2.93160553e+03 4.43079502e+03
5.22221485e-07 2.70640730e+03 4.36261748e+03
5.22652515e-07 2.10711507e+03 4.07398737e+03
5.23083545e-07 2.03260111e+03 4.03291345e+03
5.23514576e-07 2.29278296e+03 4.19395612e+03
5.23945606e-07 2.30439925e+03 4.19711941e+03
5.24376636e-07 2.28122778e+03 4.17013455e+03
5.24807667e-07 2.33051530e+03 4.27012027e+03
5.25238697e-07 2.47972742e+03 4.35335367e+03
5.25669727e-07 2.58199485e+03 4.35931880e+03
5.26100758e-07 2.47070372e+03 4.19769291e+03
5.26531788e-07 2.11250863e+03 3.94131429e+03
5.26962818e-07 1.78013466e+03 3.88310349e+03
5.27393848e-07 2.06569684e+03 4.09276206e+03
5.27824879e-07 2.19236060e+03 4.12303489e+03
5.28255909e-07 2.03977047e+03 4.10802944e+03
5.28686939e-07 2.01597112e+03 4.12967090e+03
5.29117970e-07 2.12839417e+03 4.18609571e+03
5.29549000e-07 2.41615095e+03 4.35603468e+03
5.29980030e-07 2.41000204e+03 4.36982621e+03
5.30411061e-07 2.15845108e+03 4.29742351e+03
5.30842091e-07 2.26726027e+03 4.39483270e+03
5.31273121e-07 2.26906490e+03 4.41568231e+03
5.31704152e-07 2.30072527e+03 4.45761488e+03
5.32135182e-07 2.61193826e+03 4.65866221e+03
5.32566212e-07 2.52437895e+03 4.59306872e+03
5.32997242e-07 2.14260476e+03 4.45683964e+03
5.33428273e-07 2.62739871e+03 4.67735722e+03
5.33859303e-07 2.69581802e+03 4.70059247e+03
5.34290333e-07 2.84894032e+03 4.75514217e+03
5.34721364e-07 2.86692858e+03 4.81219857e+03
5.35152394e-07 2.66428114e+03 4.73808874e+03
5.35583424e-07 2.75711334e+03 4.74138112e+03
5.36014455e-07 2.72564598e+03 4.72591987e+03
5.36445485e-07 2.46820389e+03 4.60662485e+03
5.36876515e-07 2.55417074e+03 4.63788259e+03
5.37307545e-07 2.63464779e+03 4.69238371e+03
5.37738576e-07 2.58504180e+03 4.69476287e+03
5.38169606e-07 2.83954819e+03 4.75354130e+03
5.38600636e-07 2.64202363e+03 4.65803705e+03
5.39031667e-07 2.85747606e+03 4.72248188e+03
5.39462697e-07 2.80531570e+03 4.67481014e+03
5.39893727e-07 3.02742929e+03 4.78294289e+03
5.40324758e-07 2.64671212e+03 4.59150080e+03
5.40755788e-07 2.53494038e+03 4.52968661e+03
5.41186818e-07 2.82612329e+03 4.71483184e+03
5.41617848e-07 2.93570360e+03 4.79876070e+03
5.42048879e-07 2.87881677e+03 4.76892671e+03
5.42479909e-07 2.47707106e+03 4.58654430e+03
5.42910939e-07 2.52509617e+03 4.58421304e+03
5.43341970e-07 2.78889821e+03 4.79331396e+03
5.43773000e-07 2.57733648e+03 4.73140511e+03
5.44204030e-07 2.54534815e+03 4.73897069e+03
5.44635061e-07 2.64062371e+03 4.74652943e+03
5.45066091e-07 2.64205750e+03 4.76381406e+03
5.45497121e-07 2.82818219e+03 4.91748113e+03
5.45928152e-07 3.03166494e+03 5.12077159e+03
5.46359182e-07 3.24431279e+03 5.12182449e+03
5.46790212e-07 2.78600910e+03 4.92376601e+03
5.47221242e-07 2.86154082e+03 4.93154185e+03
5.47652273e-07 2.75324773e+03 4.85369763e+03
5.48083303e-07 3.03205493e+03 5.03317678e+03
5.48514333e-07 3.13584255e+03 5.08996327e+03
5.48945364e-07 3.26782723e+03 5.24124301e+03
5.49376394e-07 2.86925998e+03 5.06674216e+03
5.49807424e-07 3.03830672e+03 5.17262829e+03
5.50238455e-07 3.05727644e+03 5.18612970e+03
5.50669485e-07 2.99478316e+03 5.21265507e+03
5.51100515e-07 3.09978181e+03 5.25377196e+03
5.51531545e-07 2.81014722e+03 5.12151359e+03
5.51962576e-07 3.09987309e+03 5.27499402e+03
5.52393606e-07 2.76248266e+03 5.11864265e+03
5.52824636e-07 2.74712838e+03 5.07929718e+03
5.53255667e-07 3.02472654e+03 5.25149823e+03
5.53686697e-07 2.73267475e+03 5.13269580e+03
5.54117727e-07 2.79425643e+03 5.41930498e+03
5.54548758e-07 3.04496412e+03 5.54417456e+03
5.54979788e-07 3.24168940e+03 5.57379118e+03
5.55410818e-07 2.91295332e+03 5.41485071e+03
5.55841848e-07 3.09329640e+03 5.51927042e+03
5.56272879e-07 3.41222729e+03 5.61607224e+03
5.56703909e-07 1.61033838e+03 9.97266237e+03
5.57134939e-07 1.42854205e+03 4.00628574e+04
5.57565970e-07 3.93959518e+03 7.58196340e+04
5.57997000e-07 3.41939933e+03 5.58517815e+04
5.58428030e-07 3.38641727e+03 2.15570104e+04
5.58859061e-07 2.83827080e+03 8.13658758e+03
5.59290091e-07 2.89293961e+03 6.00454580e+03
5.59721121e-07 3.13417728e+03 5.79564396e+03
5.60152152e-07 3.09827045e+03 5.78509958e+03
5.60583182e-07 3.23046458e+03 5.88130943e+03
5.61014212e-07 2.92533174e+03 5.61779451e+03
5.61445242e-07 3.00823486e+03 5.61719457e+03
5.61876273e-07 2.79873025e+03 5.56213318e+03
5.62307303e-07 3.02082557e+03 5.65139139e+03
5.62738333e-07 3.29405966e+03 5.66660457e+03
5.63169364e-07 3.06497340e+03 5.60215059e+03
5.63600394e-07 3.30410191e+03 5.74592760e+03
5.64031424e-07 3.24381716e+03 5.70191138e+03
5.64462455e-07 3.24947404e+03 5.75098565e+03
5.64893485e-07 3.23924849e+03 5.72222376e+03
5.65324515e-07 3.22572863e+03 5.69125894e+03
5.65755545e-07 3.40686659e+03 5.74718626e+03
5.66186576e-07 3.30421394e+03 5.72117626e+03
5.66617606e-07 3.81078594e+03 5.98028858e+03
5.67048636e-07 3.44651871e+03 5.92807852e+03
5.67479667e-07 3.12184534e+03 5.75781841e+03
5.67910697e-07 3.46279628e+03 5.93360472e+03
5.68341727e-07 3.30631682e+03 5.84883424e+03
5.68772758e-07 3.23701842e+03 5.90121069e+03
5.69203788e-07 3.87906844e+03 6.21785993e+03
5.69634818e-07 3.37891196e+03 6.06697547e+03
5.70065848e-07 3.11425915e+03 5.88460882e+03
5.70496879e-07 3.25201161e+03 5.90624238e+03
5.70927909e-07 3.35219175e+03 5.99273158e+03
5.71358939e-07 3.21038016e+03 5.88715579e+03
5.71789970e-07 3.43914886e+03 6.04808791e+03
5.72221000e-07 3.87611492e+03 6.21001297e+03
5.72652030e-07 3.35207970e+03 5.98838764e+03
5.73083061e-07 3.08788066e+03 5.84531388e+03
5.73514091e-07 3.38196244e+03 6.00242443e+03
5.73945121e-07 3.24882970e+03 5.95629535e+03
5.74376152e-07 3.06946733e+03 5.80851927e+03
5.74807182e-07 3.22969693e+03 5.86162685e+03
5.75238212e-07 3.44188347e+03 5.97621893e+03
5.75669242e-07 3.63538720e+03 6.15654746e+03
5.76100273e-07 3.88550192e+03 6.25076618e+03
5.76531303e-07 3.51877477e+03 6.09761993e+03
5.76962333e-07 3.55466547e+03 6.10136408e+03
5.77393364e-07 3.42254389e+03 5.99118970e+03
5.77824394e-07 3.62337881e+03 6.09914686e+03
5.78255424e-07 3.92706971e+03 6.23361397e+03
5.78686455e-07 3.68050537e+03 6.15597928e+03
5.79117485e-07 3.69666623e+03 6.25328858e+03
5.79548515e-07 3.53425365e+03 6.23595087e+03
5.79979545e-07 3.27820345e+03 6.06266426e+03
5.80410576e-07 3.47368323e+03 6.15752582e+03
5.80841606e-07 3.45822206e+03 6.11480797e+03
5.81272636e-07 3.26680930e+03 6.13337437e+03
5.81703667e-07 3.20584475e+03 6.04438510e+03
5.82134697e-07 4.05983369e+03 6.53670200e+03
5.82565727e-07 3.74125272e+03 6.31888538e+03
5.82996758e-07 3.73833462e+03 6.30738372e+03
5.83427788e-07 3.96466717e+03 6.40310088e+03
5.83858818e-07 4.48893828e+03 6.64888807e+03
5.84289848e-07 4.11946356e+03 6.54320393e+03
5.84720879e-07 3.70897484e+03 6.27961867e+03
5.85151909e-07 3.89200203e+03 6.43499558e+03
5.85582939e-07 3.71529736e+03 6.36361433e+03
5.86013970e-07 3.32969463e+03 6.44437505e+03
5.86445000e-07 3.87318635e+03 7.19641430e+03
5.86876030e-07 3.91545101e+03 7.24612909e+03
5.87307061e-07 3.51911193e+03 6.75354679e+03
5.87738091e-07 3.54467707e+03 6.75421257e+03
5.88169121e-07 4.48612377e+03 9.00708184e+03
5.88600152e-07 4.14350757e+03 1.38066907e+04
5.89031182e-07 3.78866205e+03 1.64576893e+04
5.89462212e-07 3.51231643e+03 1.42632181e+04
5.89893242e-07 2.92135857e+03 9.96066904e+03
5.90324273e-07 3.34000847e+03 7.67485039e+03
5.90755303e-07 3.84463505e+03 7.15387593e+03
5.91186333e-07 3.88706796e+03 7.34275725e+03
5.91617364e-07 3.66723544e+03 7.23169215e+03
5.92048394e-07 3.77460601e+03 7.07998045e+03
5.92479424e-07 3.81508550e+03 7.19949421e+03
5.92910455e-07 3.79882835e+03 7.33316064e+03
5.93341485e-07 3.53661217e+03 7.17776332e+03
5.93772515e-07 3.53406615e+03 6.88630470e+03
5.94203545e-07 3.65739687e+03 6.88946897e+03
5.94634576e-07 3.62503952e+03 7.00145656e+03
5.95065606e-07 3.78267340e+03 7.34043529e+03
5.95496636e-07 4.03354802e+03 7.28521672e+03
5.95927667e-07 3.72534879e+03 6.88621737e+03
5.96358697e-07 3.45872213e+03 6.66642357e+03
5.96789727e-07 3.52873524e+03 6.82400412e+03
5.97220758e-07 3.57642069e+03 7.05338128e+03
5.97651788e-07 3.90708921e+03 7.20371685e+03
5.98082818e-07 3.73102621e+03 6.86233506e+03
5.98513848e-07 3.61210834e+03 6.58788925e+03
5.98944879e-07 3.92639736e+03 6.74530122e+03
5.99375909e-07 4.03219624e+03 6.80492046e+03
5.99806939e-07 3.39806937e+03 6.55783977e+03
6.00237970e-07 3.61722746e+03 6.67182456e+03
6.00669000e-07 3.53613352e+03 6.50861106e+03
6.01100030e-07 3.38341084e+03 6.35044953e+03
6.01531061e-07 3.77084297e+03 6.50997778e+03
6.01962091e-07 3.97898222e+03 6.60670659e+03
6.02393121e-07 3.70312208e+03 6.45620684e+03
6.02824152e-07 4.06180199e+03 6.68933419e+03
6.03255182e-07 4.08371239e+03 6.75649637e+03
6.03686212e-07 3.69389478e+03 6.49126494e+03
6.04117242e-07 4.52178153e+03 6.86742219e+03
6.04548273e-07 4.19382583e+03 6.59459508e+03
6.04979303e-07 3.43745310e+03 6.23282208e+03
6.05410333e-07 4.34502486e+03 6.67975307e+03
6.05841364e-07 3.96322539e+03 6.54943257e+03
6.06272394e-07 4.07672414e+03 6.66878798e+03
6.06703424e-07 4.40622814e+03 6.71416450e+03
6.07134455e-07 4.24357686e+03 6.57808171e+03
6.07565485e-07 4.54444554e+03 6.63919368e+03
6.07996515e-07 4.37088788e+03 6.61090819e+03
6.08427545e-07 4.21274821e+03 6.50488634e+03
6.08858576e-07 3.78661446e+03 6.33264199e+03
6.09289606e-07 4.29078537e+03 6.62083728e+03
6.09720636e-07 3.51298238e+03 6.29013225e+03
6.10151667e-07 4.23405781e+03 6.52878709e+03
6.10582697e-07 4.44690596e+03 6.76682342e+03
6.11013727e-07 4.14206230e+03 6.56244743e+03
6.11444758e-07 3.77876633e+03 6.33498895e+03
6.11875788e-07 3.79185221e+03 6.33579742e+03
6.12306818e-07 4.15683798e+03 6.44388630e+03
6.12737848e-07 3.57024978e+03 6.22297984e+03
6.13168879e-07 3.41356053e+03 6.24050101e+03
6.13599909e-07 4.29135097e+03 6.85774565e+03
6.14030939e-07 3.93254196e+03 6.79238339e+03
6.14461970e-07 4.10179985e+03 6.79405077e+03
6.14893000e-07 4.28710548e+03 6.77939730e+03
6.15324030e-07 4.37103771e+03 6.83348539e+03
6.15755061e-07 4.59869218e+03 6.89059705e+03
6.16186091e-07 4.27674834e+03 6.61889147e+03
6.16617121e-07 3.91087102e+03 6.69294363e+03
6.17048152e-07 4.40559163e+03 7.06559676e+03
6.17479182e-07 4.40348422e+03 6.91663084e+03
6.17910212e-07 4.77532653e+03 6.99615361e+03
6.18341242e-07 4.23490315e+03 6.71301280e+03
6.18772273e-07 4.31004255e+03 6.76006311e+03
6.19203303e-07 4.33677342e+03 6.76360276e+03
6.19634333e-07 4.69978750e+03 7.00590022e+03
6.20065364e-07 4.19814287e+03 6.84993535e+03
6.20496394e-07 4.45750423e+03 6.90738369e+03
6.20927424e-07 4.92826481e+03 7.04932365e+03
6.21358455e-07 4.05525515e+03 6.73167892e+03
6.21789485e-07 3.83853778e+03 6.78220163e+03
6.22220515e-07 3.99549769e+03 6.80026363e+03
6.22651545e-07 4.55234022e+03 7.31225309e+03
6.23082576e-07 4.32310102e+03 8.07919881e+03
6.23513606e-07 4.62718576e+03 8.85048087e+03
6.23944636e-07 4.04145315e+03 8.10538537e+03
6.24375667e-07 4.29459463e+03 7.47821992e+03
6.24806697e-07 4.02096817e+03 7.04950772e+03
6.25237727e-07 4.27533236e+03 7.64890073e+03
6.25668758e-07 3.80167814e+03 8.07825569e+03
6.26099788e-07 4.42763759e+03 8.19171436e+03
6.26530818e-07 4.57515476e+03 7.76685134e+03
6.26961848e-07 4.03651653e+03 7.14497542e+03
6.27392879e-07 4.41493340e+03 7.09236663e+03
6.27823909e-07 4.44755515e+03 7.19191968e+03
6.28254939e-07 4.09218235e+03 7.59951146e+03
6.28685970e-07 4.45904318e+03 8.09143896e+03
6.29117000e-07 4.96013879e+03 1.03864681e+04
6.29548030e-07 5.53924919e+03 1.73200944e+04
6.29979061e-07 3.85926689e+03 1.98643836e+04
6.30410091e-07 2.77290187e+03 1.44346256e+04
6.30841121e-07 2.72271383e+03 8.90662233e+03
6.31272152e-07 3.49622620e+03 7.14836066e+03
6.31703182e-07 3.52067379e+03 6.99167025e+03
6.32134212e-07 4.46190891e+03 7.80440600e+03
6.32565242e-07 4.81935019e+03 8.34495495e+03
6.32996273e-07 4.38293431e+03 8.02355437e+03
6.33427303e-07 4.36045835e+03 7.39595356e+03
6.33858333e-07 4.47340348e+03 7.10193223e+03
6.34289364e-07 3.87712718e+03 6.92016918e+03
6.34720394e-07 3.87397040e+03 7.15477230e+03
6.35151424e-07 4.41069247e+03 7.74515643e+03
6.35582455e-07 4.13092610e+03 8.96326235e+03
6.36013485e-07 3.53228898e+03 1.07370466e+04
6.36444515e-07 3.42393803e+03 1.03749177e+04
6.36875545e-07 3.46031514e+03 8.11313180e+03
6.37306576e-07 3.62253614e+03 6.82974857e+03
6.37737606e-07 3.92203481e+03 6.87542193e+03
6.38168636e-07 4.35472713e+03 7.28799600e+03
6.38599667e-07 4.47416600e+03 7.31349715e+03
6.39030697e-07 4.24307566e+03 6.95376859e+03
6.39461727e-07 4.24324758e+03 6.75380506e+03
6.39892758e-07 4.03211462e+03 6.54275301e+03
6.40323788e-07 4.26162630e+03 6.66371665e+03
6.40754818e-07 4.87622843e+03 7.01746611e+03
6.41185848e-07 4.60229989e+03 6.93773174e+03
6.41616879e-07 4.38436357e+03 6.89702731e+03
6.42047909e-07 3.97014973e+03 6.72013222e+03
6.42478939e-07 4.56712852e+03 6.80096709e+03
6.42909970e-07 4.38637990e+03 6.75060569e+03
6.43341000e-07 3.90286691e+03 6.43232484e+03
6.43772030e-07 4.40263205e+03 6.63622901e+03
6.44203061e-07 4.16180131e+03 6.48826035e+03
6.44634091e-07 3.95146183e+03 6.51806578e+03
6.45065121e-07 4.57692483e+03 6.96071973e+03
6.45496152e-07 4.82343596e+03 7.27747808e+03
6.45927182e-07 4.44370465e+03 7.44983139e+03
6.46358212e-07 3.87813975e+03 7.77278854e+03
6.46789242e-07 4.24903129e+03 8.03315450e+03
6.47220273e-07 4.54736703e+03 7.73089941e+03
6.47651303e-07 4.80717519e+03 7.36855210e+03
6.48082333e-07 4.72529695e+03 6.95526569e+03
6.48513364e-07 4.39175800e+03 6.62951341e+03
6.48944394e-07 4.62398458e+03 7.01784132e+03
6.49375424e-07 4.94571899e+03 8.07382370e+03
6.49806455e-07 4.35904624e+03 8.46619353e+03
6.50237485e-07 4.08648623e+03 7.92243469e+03
6.50668515e-07 4.26224625e+03 7.27423112e+03
6.51099545e-07 4.60176332e+03 7.02224569e+03
6.51530576e-07 4.72654265e+03 7.06636919e+03
6.51961606e-07 4.62373839e+03 7.23139482e+03
6.52392636e-07 4.88538104e+03 7.51925246e+03
6.52823667e-07 4.68717061e+03 7.92212797e+03
6.53254697e-07 4.90993882e+03 8.29587964e+03
6.53685727e-07 5.01980479e+03 8.05350185e+03
6.54116758e-07 4.56616337e+03 7.67088151e+03
6.54547788e-07 4.93047956e+03 8.10045261e+03
6.54978818e-07 4.96916624e+03 8.60813377e+03
6.55409848e-07 4.64845028e+03 8.34237208e+03
6.55840879e-07 4.92244558e+03 7.81085443e+03
6.56271909e-07 4.98018320e+03 7.54868290e+03
6.56702939e-07 4.75775960e+03 7.65522274e+03
6.57133970e-07 4.67110359e+03 8.01903747e+03
6.57565000e-07 4.76057206e+03 8.23213786e+03
6.57996030e-07 5.24555340e+03 8.08837849e+03
6.58427061e-07 4.96266216e+03 7.32311271e+03
6.58858091e-07 4.63678913e+03 7.08151977e+03
6.59289121e-07 5.38966425e+03 7.57209278e+03
6.59720152e-07 5.08753246e+03 7.75374008e+03
6.60151182e-07 5.01033510e+03 7.80713602e+03
6.60582212e-07 5.79834443e+03 7.91449281e+03
6.61013242e-07 5.35357679e+03 7.46744727e+03
6.61444273e-07 4.87409750e+03 7.01678198e+03
6.61875303e-07 4.66464874e+03 6.86861609e+03
6.62306333e-07 4.30832305e+03 6.86465553e+03
6.62737364e-07 4.27550615e+03 6.99544886e+03
6.63168394e-07 4.64412349e+03 7.22757946e+03
6.63599424e-07 4.75571829e+03 7.22177660e+03
6.64030455e-07 5.10186844e+03 7.14168796e+03
6.64461485e-07 5.43302585e+03 7.27904656e+03
6.64892515e-07 4.98978221e+03 7.13208674e+03
6.65323545e-07 4.54765493e+03 6.90978879e+03
6.65754576e-07 4.53115604e+03 6.93846422e+03
6.66185606e-07 4.71460741e+03 7.03782340e+03
6.66616636e-07 5.38197207e+03 7.28553245e+03
6.67047667e-07 5.42734117e+03 7.29597548e+03
6.67478697e-07 5.82612454e+03 7.40201058e+03
6.67909727e-07 5.50771341e+03 7.20657940e+03
6.68340758e-07 5.35730569e+03 7.19757707e+03
6.68771788e-07 7.54899328e+03 8.26172517e+03
6.69202818e-07 9.77737912e+03 9.34189600e+03
6.69633848e-07 8.20053762e+03 8.60944307e+03
6.70064879e-07 6.09847028e+03 7.65830071e+03
6.70495909e-07 4.72478966e+03 7.00005960e+03
6.70926939e-07 5.39413710e+03 7.30421102e+03
6.71357970e-07 6.34658536e+03 7.66513793e+03
6.71789000e-07 6.24038485e+03 7.65683356e+03
6.72220030e-07 5.16697469e+03 7.12368938e+03
6.72651061e-07 5.07531834e+03 7.04927809e+03
6.73082091e-07 5.13766537e+03 7.05996188e+03
6.73513121e-07 5.36167316e+03 7.21201921e+03
6.73944152e-07 4.86836277e+03 7.04819726e+03
6.74375182e-07 4.77921015e+03 6.98847239e+03
6.74806212e-07 5.02872017e+03 7.03303676e+03
6.75237242e-07 5.20875151e+03 7.09130659e+03
6.75668273e-07 5.21092389e+03 7.06080347e+03
6.76099303e-07 5.05697205e+03 6.96674150e+03
6.76530333e-07 4.94266899e+03 6.89525671e+03
6.76961364e-07 5.11672187e+03 6.93998237e+03
6.77392394e-07 5.35137557e+03 7.09590884e+03
6.77823424e-07 4.72496122e+03 6.81000187e+03
6.78254455e-07 5.03861543e+03 6.97095622e+03
6.78685485e-07 5.28590958e+03 7.07374071e+03
6.79116515e-07 4.95925099e+03 6.86637863e+03
6.79547545e-07 5.52582123e+03 7.06752897e+03
6.79978576e-07 5.05275299e+03 6.89681145e+03
6.80409606e-07 5.06485262e+03 6.97200433e+03
6.80840636e-07 5.44076863e+03 7.15657543e+03
6.81271667e-07 4.55570692e+03 6.73000175e+03
6.81702697e-07 5.01134522e+03 7.10797553e+03
6.82133727e-07 4.81306300e+03 7.96957190e+03
6.82564758e-07 5.12016958e+03 1.02720746e+04
6.82995788e-07 5.19395716e+03 1.16945723e+04
6.83426818e-07 4.68097262e+03 1.04313460e+04
6.83857848e-07 4.65068210e+03 8.59386245e+03
6.84288879e-07 5.63735298e+03 8.02316046e+03
6.84719909e-07 6.23329359e+03 7.77638324e+03
6.85150939e-07 6.39889460e+03 7.78017230e+03
6.85581970e-07 5.24846084e+03 8.51477105e+03
6.86013000e-07 6.07034161e+03 1.14860252e+04
6.86444030e-07 5.97135895e+03 1.14392226e+04
6.86875061e-07 4.34358849e+03 8.13207983e+03
6.87306091e-07 3.63449770e+03 6.42477188e+03
6.87737121e-07 4.02453902e+03 6.68889775e+03
6.88168152e-07 4.40888084e+03 7.29125565e+03
6.88599182e-07 4.49344572e+03 7.49075141e+03
6.89030212e-07 4.83389391e+03 7.48258683e+03
6.89461242e-07 4.12399107e+03 6.96022043e+03
6.89892273e-07 4.09804210e+03 7.04594398e+03
6.90323303e-07 4.48182831e+03 7.30076059e+03
6.90754333e-07 4.71772202e+03 7.75296093e+03
6.91185364e-07 4.81330150e+03 8.18335979e+03
6.91616394e-07 4.81046876e+03 8.56201896e+03
6.92047424e-07 4.65341938e+03 9.19017859e+03
6.92478455e-07 4.77521896e+03 8.75245843e+03
6.92909485e-07 5.53241491e+03 8.01178635e+03
6.93340515e-07 5.58111812e+03 8.01279928e+03
6.93771545e-07 4.91634628e+03 8.30209102e+03
6.94202576e-07 4.47554485e+03 8.87811089e+03
6.94633606e-07 5.34011298e+03 1.00162974e+04
6.95064636e-07 5.39572704e+03 9.75633000e+03
6.95495667e-07 5.56301027e+03 8.35321379e+03
6.95926697e-07 5.31168821e+03 7.60169998e+03
6.96357727e-07 5.36275840e+03 7.94588829e+03
6.96788758e-07 5.03855362e+03 8.25220186e+03
6.97219788e-07 4.71624887e+03 8.63583789e+03
6.97650818e-07 5.19830469e+03 9.20774510e+03
6.98081848e-07 5.27005428e+03 8.62847298e+03
6.98512879e-07 4.01248857e+03 7.20837882e+03
6.98943909e-07 4.53866278e+03 7.02167186e+03
6.99374939e-07 5.08039305e+03 7.35306833e+03
6.99805970e-07 5.49109507e+03 7.76361587e+03
7.00237000e-07 4.61380958e+03 7.66242835e+03
7.00668030e-07 5.23479755e+03 8.05819764e+03
7.01099061e-07 5.08713488e+03 7.93153349e+03
7.01530091e-07 5.52697202e+03 7.60734225e+03
7.01961121e-07 4.91059449e+03 7.03906956e+03
7.02392152e-07 4.84663613e+03 6.89174718e+03
7.02823182e-07 4.50297909e+03 6.79568577e+03
7.03254212e-07 5.06123980e+03 9.14010526e+03
7.03685242e-07 5.29238827e+03 9.44456815e+03
7.04116273e-07 5.09787076e+03 9.96682670e+03
7.04547303e-07 5.76233167e+03 1.11872481e+04
7.04978333e-07 5.98551665e+03 8.65346086e+03
7.05409364e-07 5.39150832e+03 7.89160134e+03
7.05840394e-07 4.87580303e+03 7.37789153e+03
7.06271424e-07 5.64843368e+03 7.91051619e+03
7.06702455e-07 4.91478576e+03 7.70460556e+03
7.07133485e-07 4.83828401e+03 7.58528866e+03
7.07564515e-07 4.67102263e+03 7.56263906e+03
7.07995545e-07 5.49760993e+03 7.99669495e+03
7.08426576e-07 5.11674411e+03 7.84570612e+03
7.08857606e-07 5.22584046e+03 7.75888126e+03
7.09288636e-07 4.96312693e+03 7.46245495e+03
7.09719667e-07 5.81417500e+03 7.62506733e+03
7.10150697e-07 4.94493782e+03 7.12885902e+03
7.10581727e-07 5.74585626e+03 7.52623183e+03
7.11012758e-07 5.73497294e+03 7.48900513e+03
7.11443788e-07 5.13630294e+03 7.18689308e+03
7.11874818e-07 5.34166595e+03 7.32015877e+03
7.12305848e-07 5.04529689e+03 7.33587454e+03
7.12736879e-07 5.25604457e+03 7.59062991e+03
7.13167909e-07 5.57374221e+03 7.68799642e+03
7.13598939e-07 5.15057987e+03 7.57195746e+03
7.14029970e-07 4.89820841e+03 7.79830036e+03
7.14461000e-07 5.08219257e+03 8.03707330e+03
7.14892030e-07 5.65831137e+03 8.04521608e+03
7.15323061e-07 5.57298042e+03 7.77823702e+03
7.15754091e-07 4.87343069e+03 7.50391359e+03
7.16185121e-07 5.67838814e+03 7.90809600e+03
7.16616152e-07 5.07642970e+03 7.60007878e+03
7.17047182e-07 5.04179551e+03 7.56927059e+03
7.17478212e-07 5.14394863e+03 7.50655184e+03
7.17909242e-07 4.51126599e+03 7.18581494e+03
7.18340273e-07 4.55584602e+03 6.93644666e+03
7.18771303e-07 4.49981883e+03 6.71450672e+03
7.19202333e-07 4.69288955e+03 6.77218217e+03
7.19633364e-07 4.98343133e+03 6.92176593e+03
7.20064394e-07 4.77579623e+03 6.83092285e+03
7.20495424e-07 4.06671269e+03 6.36561114e+03
7.20926455e-07 4.27848759e+03 6.57245251e+03
7.21357485e-07 5.04961203e+03 6.98259681e+03
7.21788515e-07 4.67698968e+03 7.05404598e+03
7.22219545e-07 5.15107748e+03 7.35250630e+03
7.22650576e-07 4.53882036e+03 7.01628711e+03
7.23081606e-07 3.47994192e+03 7.54864731e+03
7.23512636e-07 2.07552907e+03 1.07828104e+04
7.23943667e-07 3.12915016e+03 1.61765566e+04
7.24374697e-07 5.30987314e+03 1.72311475e+04
7.24805727e-07 6.25338672e+03 1.33594303e+04
7.25236758e-07 5.16535017e+03 9.64181684e+03
7.25667788e-07 4.12589922e+03 7.82416548e+03
7.26098818e-07 4.53273452e+03 7.30764973e+03
7.26529848e-07 3.50521489e+03 7.40777719e+03
7.26960879e-07 1.72142788e+03 9.78201226e+03
7.27391909e-07 1.93255675e+03 1.45480456e+04
7.27822939e-07 5.50716601e+03 1.62954197e+04
7.28253970e-07 6.22064910e+03 1.33379557e+04
7.28685000e-07 4.92903069e+03 1.01562363e+04
7.29116030e-07 4.72367805e+03 8.48584057e+03
7.29547061e-07 4.17091517e+03 8.20163306e+03
7.29978091e-07 3.62035664e+03 8.48538268e+03
7.30409121e-07 3.72437294e+03 8.78760402e+03
7.30840152e-07 3.26210289e+03 9.41820504e+03
7.31271182e-07 2.41357048e+03 1.20854813e+04
7.31702212e-07 5.12616649e+03 1.35654740e+04
7.32133242e-07 6.63862941e+03 1.10854062e+04
7.32564273e-07 4.68722516e+03 9.76766642e+03
7.32995303e-07 3.95458716e+03 9.99206127e+03
7.33426333e-07 2.18410443e+03 1.06388979e+04
7.33857364e-07 2.46456302e+03 1.41125579e+04
7.34288394e-07 7.14399382e+03 1.50952364e+04
7.34719424e-07 7.14890084e+03 1.04450625e+04
7.35150455e-07 3.73729751e+03 8.09515978e+03
7.35581485e-07 3.59698042e+03 9.47844741e+03
7.36012515e-07 3.82545115e+03 1.01859416e+04
7.36443545e-07 2.06759172e+03 1.09376912e+04
7.36874576e-07 3.02554222e+03 1.27007959e+04
7.37305606e-07 6.54329064e+03 1.14438730e+04
7.37736636e-07 5.38865111e+03 8.00405426e+03
7.38167667e-07 4.03432340e+03 6.85554317e+03
7.38598697e-07 3.59725390e+03 7.55214541e+03
7.39029727e-07 3.26566675e+03 8.44404862e+03
7.39460758e-07 3.15061150e+03 9.13434975e+03
7.39891788e-07 3.16396114e+03 1.01282054e+04
7.40322818e-07 5.36079584e+03 1.04386634e+04
7.40753848e-07 6.44992123e+03 8.77799276e+03
7.41184879e-07 4.81506740e+03 7.11696800e+03
7.41615909e-07 4.61419551e+03 6.90973407e+03
7.42046939e-07 4.33478037e+03 6.72662390e+03
7.42477970e-07 3.40370331e+03 6.81614364e+03
7.42909000e-07 3.11281922e+03 7.44518072e+03
7.43340030e-07 3.47088859e+03 8.16229377e+03
7.43771061e-07 3.69138707e+03 8.46987365e+03
7.44202091e-07 5.23643173e+03 8.09669736e+03
7.44633121e-07 4.96425596e+03 6.91418381e+03
7.45064152e-07 4.30737217e+03 6.54239070e+03
7.45495182e-07 4.42881467e+03 6.64716406e+03
7.45926212e-07 3.54707129e+03 6.67716133e+03
7.46357242e-07 2.87010607e+03 6.99226484e+03
7.46788273e-07 3.10345954e+03 8.01846394e+03
7.47219303e-07 3.51093836e+03 8.76129793e+03
7.47650333e-07 3.43782369e+03 9.02370754e+03
7.48081364e-07 4.33279277e+03 9.48763830e+03
7.48512394e-07 5.43389215e+03 8.79212186e+03
7.48943424e-07 4.34218216e+03 7.35860910e+03
7.49374455e-07 4.31269435e+03 6.97771952e+03
7.49805485e-07 4.51732774e+03 6.72955184e+03
7.50236515e-07 4.46289817e+03 6.64277084e+03
7.50667545e-07 4.64024419e+03 6.69469777e+03
7.51098576e-07 3.61154802e+03 6.36952099e+03
7.51529606e-07 2.41777553e+03 6.96037303e+03
7.51960636e-07 1.24563312e+03 8.88762182e+03
7.52391667e-07 1.99567497e+03 1.05452380e+04
7.52822697e-07 7.60778165e+03 1.11989338e+04
7.53253727e-07 6.67916740e+03 8.83820789e+03
7.53684758e-07 3.84263444e+03 6.77424146e+03
7.54115788e-07 3.81582764e+03 6.58769749e+03
7.54546818e-07 4.04253498e+03 6.48982371e+03
7.54977848e-07 4.05046159e+03 6.58917690e+03
7.55408879e-07 3.70305288e+03 6.90452902e+03
7.55839909e-07 3.87235045e+03 7.14034298e+03
7.56270939e-07 3.47170723e+03 7.10768420e+03
7.56701970e-07 6.09477345e+02 1.02717968e+04
7.57133000e-07 3.00716662e+03 1.28197840e+04
7.57564030e-07 6.29836118e+03 1.28452071e+04
7.57995061e-07 4.39453877e+03 1.01919665e+04
7.58426091e-07 3.53106548e+03 7.02016633e+03
7.58857121e-07 4.46166997e+03 7.12978420e+03
7.59288152e-07 4.29168946e+03 6.32731572e+03
7.59719182e-07 2.63621897e+03 5.29332688e+03
7.60150212e-07 2.68470961e+03 4.62318282e+03
7.60581242e-07 9.41717681e+02 3.54187262e+03
7.61012273e-07 4.56165249e+02 3.68721374e+03
7.61443303e-07 2.84363850e+02 4.45763427e+03
7.61874333e-07 2.14644534e+03 5.88501507e+03
7.62305364e-07 2.99560795e+03 6.12511688e+03
7.62736394e-07 1.94310492e+03 5.58598990e+03
7.63167424e-07 2.81701322e+03 5.52874578e+03
7.63598455e-07 2.49484813e+03 4.92674309e+03
7.64029485e-07 2.20989224e+03 4.73400521e+03
7.64460515e-07 1.86024019e+03 4.76360509e+03
7.64891545e-07 2.74524557e+03 5.51492157e+03
7.65322576e-07 2.03484856e+03 5.57491253e+03
7.65753606e-07 2.76363208e+03 6.19613624e+03
7.66184636e-07 3.34122614e+03 6.61117743e+03
7.66615667e-07 3.95744590e+03 6.62111217e+03
7.67046697e-07 4.58175730e+03 6.42357076e+03
7.67477727e-07 3.89034679e+03 6.11410221e+03
7.67908758e-07 3.82615710e+03 6.51682426e+03
7.68339788e-07 4.01739980e+03 6.85095775e+03
7.68770818e-07 2.94991067e+03 6.69193178e+03
7.69201848e-07 3.90528940e+03 7.24259788e+03
7.69632879e-07 3.97238692e+03 7.39948649e+03
7.70063909e-07 4.75136217e+03 7.77752988e+03
7.70494939e-07 1.64263808e+02 7.61367082e+03
7.71788030e-07 1.09762459e+04 2.17606363e+04
7.72219061e-07 1.27535455e+04 1.63606765e+04
7.72650091e-07 8.05023696e+03 1.12372880e+04
7.73081121e-07 6.18745960e+03 9.19457194e+03
7.73512152e-07 4.10962093e+03 7.62703342e+03
7.73943182e-07 3.04664153e+03 7.61831709e+03
7.75236273e-07 6.61224172e+03 1.94838714e+04
7.75667303e-07 1.15440187e+04 1.69621196e+04
7.76098333e-07 7.47738561e+03 1.21958679e+04
7.76529364e-07 6.14506853e+03 1.01072755e+04
7.76960394e-07 1.10681294e+03 9.03296380e+03
7.77391424e-07 1.33210944e+03 1.02126933e+04
7.77822455e-07 5.24048839e+03 1.15169898e+04
7.78253485e-07 5.53536682e+03 1.05667520e+04
7.79546576e-07 4.86609269e+03 1.49057025e+04
7.79977606e-07 1.25068270e+04 1.41174040e+04
7.80408636e-07 3.20909320e+03 9.64301170e+03
7.80839667e-07 1.10942049e+03 9.60720951e+03
7.81270697e-07 3.18689672e+03 1.10425603e+04
7.82563788e-07 1.59914077e+04 1.75251814e+04
7.82994818e-07 1.10693181e+04 1.11112005e+04
7.83425848e-07 3.06857021e+03 7.94591456e+03
7.83856879e-07 1.40751332e+02 8.29562923e+03
7.84287909e-07 1.42696761e+03 9.62098086e+03
7.85581000e-07 5.39316307e+03 1.88884369e+04
7.86012030e-07 1.14075190e+04 1.70558294e+04
7.86443061e-07 5.89168959e+03 1.31377601e+04
7.86874091e-07 2.18823705e+03 1.21128721e+04
7.87305121e-07 4.21925447e+03 1.23215703e+04
7.87736152e-07 3.90030224e+03 1.17629731e+04
7.88167182e-07 1.98179012e+03 1.12664257e+04
7.88598212e-07 9.11586347e+02 1.20137279e+04
7.89029242e-07 4.06178166e+03 1.31592344e+04
7.89460273e-07 1.10326578e+04 1.27564599e+04
7.89891303e-07 8.41399109e+03 9.42312703e+03
7.90322333e-07 1.99332084e+03 7.45999542e+03
7.91615424e-07 3.27212592e+03 1.95417993e+04
7.92046455e-07 1.26976691e+04 1.89833053e+04
7.92477485e-07 1.01260420e+04 1.46641537e+04
7.92908515e-07 5.09072151e+03 1.17771789e+04
7.93339545e-07 6.27080763e+03 1.07736317e+04
7.93770576e-07 7.39741792e+03 9.45655019e+03
7.94201606e-07 1.10670570e+04 7.62182274e+03
7.94632636e-07 9.30894984e+03 8.46331256e+03
