1.39100000e-01
3.67455079e-07 3.82929474e+01 9.38900821e+01
3.67886158e-07 1.16287635e+01 1.00825544e+02
3.68317238e-07 4.63997960e+00 1.04793025e+02
3.69179396e-07 7.71731640e+00 9.95951589e+01
3.69610475e-07 6.03962245e+01 1.05951118e+02
3.70041554e-07 4.87185186e+00 1.34869248e+02
3.70472633e-07 1.09171069e+02 1.47478676e+02
3.71765871e-07 4.11468149e+01 1.39923137e+02
3.72628029e-07 3.73209401e+01 1.24989224e+02
3.75214504e-07 8.77205087e+01 1.57422567e+02
3.76507742e-07 2.70589801e+01 1.14112431e+02
3.76938821e-07 2.99264806e+01 1.34623647e+02
3.77369900e-07 5.31655322e+01 1.77450964e+02
3.77800979e-07 1.76033944e+02 1.40673628e+02
3.78232059e-07 3.74078046e+01 1.44007330e+02
3.78663138e-07 9.63177430e+01 1.58143787e+02
3.79094217e-07 7.22611013e+00 1.65526605e+02
3.80387455e-07 6.76291517e+01 1.48581009e+02
3.80818534e-07 4.33353891e+01 1.38714412e+02
3.81249613e-07 6.50279249e+01 1.55880913e+02
3.81680692e-07 9.38872219e+01 1.78940758e+02
3.82111771e-07 9.56144552e+01 1.79691815e+02
3.82542850e-07 5.28126573e+01 1.75219012e+02
3.82973930e-07 4.63625319e+01 2.19022728e+02
3.84267167e-07 1.07040234e+02 2.05288898e+02
3.84698246e-07 6.04027157e+01 2.03862394e+02
3.85991484e-07 8.78715774e+01 1.72504756e+02
3.86422563e-07 3.62141043e+01 1.80237825e+02
3.86853642e-07 5.68119131e+00 1.62292763e+02
3.87284721e-07 1.51401548e+02 1.62337125e+02
3.87715801e-07 8.63739428e+01 1.71330249e+02
3.88146880e-07 7.20767378e+01 1.58114205e+02
3.88577959e-07 1.01384747e+02 1.53841773e+02
3.89009038e-07 1.60512780e+01 1.60008585e+02
3.89440117e-07 2.01819210e+02 1.61032463e+02
3.89871196e-07 2.07400300e+02 1.71421496e+02
3.90302276e-07 7.17560290e+01 2.39049452e+02
3.90733355e-07 8.22371110e+01 2.81914009e+02
3.91164434e-07 7.32235178e+01 2.41498007e+02
3.91595513e-07 6.41125633e+01 2.65889565e+02
3.92026592e-07 1.71543713e+02 2.01344189e+02
3.92457672e-07 2.39491631e+02 2.08125699e+02
3.92888751e-07 1.26484267e+02 1.88947166e+02
3.93319830e-07 3.82009286e+01 1.71211478e+02
3.93750909e-07 3.70644829e+01 2.00707012e+02
3.94181988e-07 1.15246508e+02 2.36305856e+02
3.94613067e-07 1.51182031e+02 2.61694955e+02
3.95044147e-07 2.15809468e+02 2.18151421e+02
3.95475226e-07 5.53563994e+01 2.34972418e+02
3.96337384e-07 1.30254207e+02 1.86660045e+02
3.96768463e-07 3.24353031e+01 1.84799932e+02
3.97199543e-07 7.97842530e+00 2.04084490e+02
3.97630622e-07 4.42253372e+01 2.34915829e+02
3.98061701e-07 1.50536647e+02 2.53651802e+02
3.98492780e-07 1.66776594e+02 2.46193469e+02
3.98923859e-07 2.46936334e+02 2.39421087e+02
3.99354938e-07 8.69599161e+01 2.55711967e+02
3.99786018e-07 7.22609074e+01 2.48873508e+02
4.00648176e-07 2.49114311e+02 3.22926576e+02
4.01079255e-07 5.17723205e+01 3.36299348e+02
4.01510334e-07 2.00190732e+01 3.34796086e+02
4.01941413e-07 1.14426647e+02 3.10259476e+02
4.02372493e-07 7.11340502e+01 3.09567409e+02
4.02803572e-07 1.93477428e+02 2.96604566e+02
4.03665730e-07 9.36406819e+01 3.01613888e+02
4.04096809e-07 9.25597187e+00 3.45883038e+02
4.04958968e-07 1.39199937e+02 3.80918228e+02
4.05390047e-07 1.67888521e+02 3.41706413e+02
4.05821126e-07 1.99779009e+02 3.32032832e+02
4.06252205e-07 1.44337957e+02 3.76202916e+02
4.06683284e-07 2.83656441e+02 3.88077656e+02
4.07114364e-07 2.99717711e+02 3.87140100e+02
4.07545443e-07 1.23979793e+02 3.73804050e+02
4.07976522e-07 1.66625932e+01 3.80722471e+02
4.08407601e-07 9.09880496e+01 3.44047986e+02
4.08838680e-07 7.86106110e+01 3.51988412e+02
4.09269760e-07 1.36919941e+02 3.17374866e+02
4.09700839e-07 6.55854702e+01 3.35731112e+02
4.10131918e-07 1.14339549e+02 3.18149081e+02
4.10562997e-07 2.18975837e+02 3.13329278e+02
4.10994076e-07 1.55699776e+02 3.01859208e+02
4.11425155e-07 1.87214189e+02 3.17340147e+02
4.11856235e-07 2.14192601e+02 3.56420885e+02
4.12287314e-07 2.12184850e+02 3.35174420e+02
4.12718393e-07 2.15643913e+02 3.60307149e+02
4.13149472e-07 2.15567634e+02 3.60185950e+02
4.13580551e-07 2.57269874e+02 3.60159262e+02
4.14011630e-07 1.29331772e+02 3.89243296e+02
4.14442710e-07 1.55270132e+02 3.37477615e+02
4.14873789e-07 9.40116249e+01 3.48221319e+02
4.15304868e-07 1.28740125e+02 3.78180073e+02
4.15735947e-07 3.08403857e+02 4.02561829e+02
4.16167026e-07 2.11722771e+02 4.51409582e+02
4.16598106e-07 1.34859187e+02 4.46347185e+02
4.17029185e-07 2.37235677e+02 4.68857171e+02
4.17460264e-07 3.13425632e+02 4.54417558e+02
4.17891343e-07 3.10794499e+02 4.10907042e+02
4.18322422e-07 4.79392461e+02 3.77846070e+02
4.18753501e-07 2.44562252e+02 4.02280290e+02
4.19184581e-07 2.80930085e+02 3.98851734e+02
4.19615660e-07 2.23937258e+02 3.65239880e+02
4.20046739e-07 1.02350475e+02 3.65817522e+02
4.20477818e-07 3.12530169e+02 3.30448228e+02
4.20908897e-07 3.46731796e+02 3.56715873e+02
4.21339977e-07 2.05821027e+02 4.00293586e+02
4.21771056e-07 3.67198814e+02 3.59279760e+02
4.22202135e-07 1.61396302e+02 3.61834154e+02
4.22633214e-07 2.44642494e+02 3.39626826e+02
4.23064293e-07 4.26541499e+02 3.56090252e+02
4.23495372e-07 3.22309154e+02 3.81559359e+02
4.23926452e-07 4.29580335e+02 3.45812028e+02
4.24357531e-07 5.88828068e+02 3.75824730e+02
4.24788610e-07 6.79847143e+02 4.26375456e+02
4.25219689e-07 5.05098456e+02 4.28942455e+02
4.25650768e-07 3.18199874e+02 4.12226324e+02
4.26081848e-07 2.85894005e+02 4.09605283e+02
4.26512927e-07 3.42850636e+02 4.11894811e+02
4.26944006e-07 3.94488828e+02 4.25321141e+02
4.27375085e-07 4.34535213e+02 4.15963139e+02
4.27806164e-07 3.75225114e+02 4.39553782e+02
4.28237243e-07 2.90838205e+02 4.16525104e+02
4.28668323e-07 2.73628978e+02 4.01539863e+02
4.29099402e-07 5.12878991e+02 4.11209777e+02
4.29530481e-07 3.99378692e+02 4.00824621e+02
4.29961560e-07 3.70825248e+02 3.90112263e+02
4.30392639e-07 3.75206746e+02 3.75859150e+02
4.30823718e-07 6.21692885e+02 4.06393795e+02
4.31254798e-07 5.96833473e+02 4.57290245e+02
4.31685877e-07 4.15424441e+02 4.80394764e+02
4.32116956e-07 5.28275471e+02 4.61148168e+02
4.32548035e-07 3.70701986e+02 4.46460048e+02
4.32979114e-07 4.02883630e+02 4.53182337e+02
4.33410194e-07 3.91788962e+02 4.21858225e+02
4.33841273e-07 6.49736133e+02 4.29696411e+02
4.34272352e-07 7.10864223e+02 4.54669612e+02
4.34703431e-07 6.69316773e+02 4.35528985e+02
4.35134510e-07 6.41023999e+02 4.61890843e+02
4.35565589e-07 4.18074214e+02 5.03498999e+02
4.35996669e-07 4.13817569e+02 4.88160911e+02
4.36427748e-07 5.18354438e+02 4.95763058e+02
4.36858827e-07 3.32672631e+02 4.94382487e+02
4.37289906e-07 4.34327857e+02 4.73134663e+02
4.37720985e-07 4.82594960e+02 4.84634692e+02
4.38152065e-07 5.63122960e+02 4.89658724e+02
4.38583144e-07 8.09097668e+02 4.55668615e+02
4.39014223e-07 6.71306066e+02 4.70025794e+02
4.39445302e-07 5.67782675e+02 4.58149222e+02
4.39876381e-07 6.01568397e+02 5.13095229e+02
4.40307460e-07 7.58425870e+02 5.66509418e+02
4.40738540e-07 8.88346298e+02 6.16058595e+02
4.41169619e-07 8.60605699e+02 6.22737393e+02
4.41600698e-07 8.15901547e+02 6.07684257e+02
4.42031777e-07 7.39245490e+02 6.23594675e+02
4.42462856e-07 3.66611064e+02 6.00995885e+02
4.42893935e-07 4.61411357e+02 6.13153803e+02
4.43325015e-07 5.37689145e+02 5.88297980e+02
4.43756094e-07 6.44843109e+02 5.65045292e+02
4.44187173e-07 8.71646551e+02 5.39549355e+02
4.44618252e-07 8.47476266e+02 5.40460372e+02
4.45049331e-07 7.41481787e+02 5.35113263e+02
4.45480411e-07 6.02400754e+02 5.54356893e+02
4.45911490e-07 8.23122894e+02 5.58268603e+02
4.46342569e-07 9.42890856e+02 5.00732763e+02
4.46773648e-07 8.74070263e+02 5.04081418e+02
4.47204727e-07 5.98844200e+02 5.05032613e+02
4.47635806e-07 5.35886826e+02 5.53109190e+02
4.48066886e-07 5.55456789e+02 5.28636901e+02
4.48497965e-07 6.90013798e+02 5.26495490e+02
4.48929044e-07 8.16243437e+02 5.49373465e+02
4.49360123e-07 7.78555324e+02 5.45413219e+02
4.49791202e-07 7.68504951e+02 5.91807370e+02
4.50222282e-07 8.94069236e+02 5.79598287e+02
4.50653361e-07 9.37865936e+02 5.70733936e+02
4.51084440e-07 8.82310148e+02 6.03659034e+02
4.51515519e-07 8.31245228e+02 5.83762899e+02
4.51946598e-07 5.24906614e+02 6.12557689e+02
4.52377677e-07 6.37731961e+02 6.22654433e+02
4.52808757e-07 6.67379553e+02 6.30135320e+02
4.53239836e-07 9.64884137e+02 6.40551491e+02
4.53670915e-07 9.12399640e+02 7.01075486e+02
4.54101994e-07 1.15355698e+03 6.63388724e+02
4.54533073e-07 1.27133634e+03 7.08164275e+02
4.54964152e-07 1.26298789e+03 6.88624204e+02
4.55395232e-07 1.25254267e+03 6.55277448e+02
4.55826311e-07 1.08947210e+03 6.67292913e+02
4.56257390e-07 1.18580045e+03 6.70549064e+02
4.56688469e-07 1.06987624e+03 6.57256827e+02
4.57119548e-07 1.08233711e+03 6.81798399e+02
4.57550628e-07 1.15453993e+03 6.66399212e+02
4.57981707e-07 1.36862552e+03 6.87261475e+02
4.58412786e-07 1.05017165e+03 7.05484724e+02
4.58843865e-07 1.15027375e+03 6.96400311e+02
4.59274944e-07 1.02133105e+03 6.77407229e+02
4.59706023e-07 1.46885335e+03 6.66781210e+02
4.60137103e-07 1.60979096e+03 6.23856417e+02
4.60568182e-07 1.46219877e+03 6.51132303e+02
4.60999261e-07 1.39506735e+03 6.71666107e+02
4.61430340e-07 1.15872852e+03 6.66459375e+02
4.61861419e-07 1.26514399e+03 6.55781693e+02
4.62292499e-07 1.37440261e+03 6.72016899e+02
4.62723578e-07 1.31159885e+03 6.99203376e+02
4.63154657e-07 1.31302201e+03 6.91453530e+02
4.63585736e-07 1.40351437e+03 6.71851458e+02
4.64016815e-07 1.28672010e+03 6.78611511e+02
4.64447894e-07 9.81831767e+02 6.90624285e+02
4.64878974e-07 1.45444528e+03 6.72528515e+02
4.65310053e-07 1.23213416e+03 6.95528409e+02
4.65741132e-07 1.38562174e+03 7.07790016e+02
4.66172211e-07 1.43311635e+03 7.51503317e+02
4.66603290e-07 9.65896532e+02 7.44714699e+02
4.67034370e-07 1.11173832e+03 7.52983094e+02
4.67465449e-07 1.20492846e+03 7.69864047e+02
4.67896528e-07 1.28460551e+03 7.32880073e+02
4.68327607e-07 1.33245058e+03 7.73890328e+02
4.68758686e-07 1.59532126e+03 7.35409618e+02
4.69189765e-07 1.57488784e+03 7.50124370e+02
4.69620845e-07 1.44718266e+03 7.36637431e+02
4.70051924e-07 1.38963539e+03 7.26013982e+02
4.70483003e-07 1.29636722e+03 7.43467956e+02
4.70914082e-07 1.46746656e+03 7.53096961e+02
4.71345161e-07 1.70260266e+03 7.71930352e+02
4.71776240e-07 1.44408925e+03 8.08269348e+02
4.72207320e-07 1.45943723e+03 7.93430276e+02
4.72638399e-07 1.52600601e+03 7.62990961e+02
4.73069478e-07 1.39269512e+03 7.48766212e+02
4.73500557e-07 1.44648184e+03 7.03043306e+02
4.73931636e-07 1.87411486e+03 7.23445680e+02
4.74362716e-07 1.67982648e+03 7.35986447e+02
4.74793795e-07 1.41346958e+03 7.42979650e+02
4.75224874e-07 1.76524757e+03 7.57919612e+02
4.75655953e-07 1.79373305e+03 7.72410586e+02
4.76087032e-07 1.66280770e+03 7.18203942e+02
4.76518111e-07 1.92343922e+03 7.38018411e+02
4.76949191e-07 1.79611839e+03 7.68245179e+02
4.77380270e-07 1.97701713e+03 7.68042536e+02
4.77811349e-07 1.60398051e+03 8.25175086e+02
4.78242428e-07 1.56090183e+03 8.15993722e+02
4.78673507e-07 1.81621911e+03 8.20871389e+02
4.79104587e-07 1.85328161e+03 8.30141334e+02
4.79535666e-07 1.91387668e+03 8.17873894e+02
4.79966745e-07 1.83273806e+03 8.19386725e+02
4.80397824e-07 2.03093550e+03 7.95035179e+02
4.80828903e-07 2.02028016e+03 7.96280087e+02
4.81259982e-07 2.08564653e+03 8.35564087e+02
4.81691062e-07 2.00411660e+03 9.20564450e+02
4.82122141e-07 1.66610157e+03 9.56678226e+02
4.82553220e-07 1.87741176e+03 9.50275150e+02
4.82984299e-07 1.80472729e+03 9.46675802e+02
4.83415378e-07 1.82962461e+03 9.26817393e+02
4.83846457e-07 2.05838731e+03 9.77606154e+02
4.84277537e-07 1.75617082e+03 9.39162658e+02
4.84708616e-07 1.93742086e+03 8.76493895e+02
4.85139695e-07 1.91733856e+03 8.95864995e+02
4.85570774e-07 2.11757962e+03 8.20193894e+02
4.86001853e-07 2.11911745e+03 7.99759463e+02
4.86432933e-07 1.89981047e+03 7.42266925e+02
4.86864012e-07 2.04788221e+03 7.86278337e+02
4.87295091e-07 2.29193935e+03 7.98393996e+02
4.87726170e-07 2.06707849e+03 8.56600579e+02
4.88157249e-07 1.95366146e+03 9.45506794e+02
4.88588328e-07 1.72980520e+03 8.99610936e+02
4.89019408e-07 1.76430931e+03 8.69316427e+02
4.89450487e-07 1.83147556e+03 8.87809619e+02
4.89881566e-07 1.47864268e+03 9.05540568e+02
4.90312645e-07 1.71893636e+03 8.53340143e+02
4.90743724e-07 1.70884023e+03 8.51186015e+02
4.91174804e-07 1.86246086e+03 8.70018732e+02
4.91605883e-07 2.35049150e+03 8.25055243e+02
4.92036962e-07 2.22803984e+03 8.43249185e+02
4.92468041e-07 1.83884125e+03 8.62483961e+02
4.92899120e-07 1.96152062e+03 8.50675328e+02
4.93330199e-07 2.03680429e+03 8.31136286e+02
4.93761279e-07 1.99391928e+03 8.74298782e+02
4.94192358e-07 1.67927496e+03 8.98031474e+02
4.94623437e-07 1.86435395e+03 8.87009717e+02
4.95054516e-07 1.95542700e+03 9.01185346e+02
4.95485595e-07 2.22325835e+03 8.85198398e+02
4.95916674e-07 2.00459345e+03 9.56914926e+02
4.96347754e-07 2.27106388e+03 9.22542585e+02
4.96778833e-07 2.61862922e+03 9.56337745e+02
4.97209912e-07 2.37772529e+03 9.81783686e+02
4.97640991e-07 2.31950812e+03 9.36459075e+02
4.98072070e-07 2.32266811e+03 9.42397593e+02
4.98503150e-07 2.01800450e+03 9.14698164e+02
4.98934229e-07 2.48263216e+03 8.77075532e+02
4.99365308e-07 2.46303711e+03 9.81140200e+02
4.99796387e-07 2.28574354e+03 9.10525884e+02
5.00227466e-07 2.66789411e+03 9.77537597e+02
5.00658545e-07 2.68744525e+03 9.88973391e+02
5.01089625e-07 2.46265569e+03 9.50756583e+02
5.01520704e-07 2.63565694e+03 9.35485033e+02
5.01951783e-07 2.76222696e+03 9.07615083e+02
5.02382862e-07 2.43433348e+03 9.40965103e+02
5.02813941e-07 2.45461185e+03 9.75411663e+02
5.03245021e-07 2.47988926e+03 9.86140658e+02
5.03676100e-07 2.81482773e+03 9.88417743e+02
5.04107179e-07 2.74814358e+03 9.62523525e+02
5.04538258e-07 2.57634307e+03 9.57869939e+02
5.04969337e-07 2.84708343e+03 9.23057111e+02
5.05400416e-07 2.78579654e+03 9.62123805e+02
5.05831496e-07 2.71179848e+03 1.00348091e+03
5.06262575e-07 3.10799559e+03 9.82956452e+02
5.06693654e-07 3.21013098e+03 9.10977805e+02
5.07124733e-07 2.82005655e+03 9.59973056e+02
5.07555812e-07 2.83109305e+03 9.87603916e+02
5.07986891e-07 2.60907447e+03 9.45995388e+02
5.08417971e-07 3.07068268e+03 9.61811286e+02
5.08849050e-07 3.11879032e+03 9.89929939e+02
5.09280129e-07 2.81238932e+03 9.73904385e+02
5.09711208e-07 3.20850720e+03 9.59976148e+02
5.10142287e-07 2.94624787e+03 9.85925318e+02
5.10573367e-07 3.10988961e+03 9.94414691e+02
5.11004446e-07 3.10116466e+03 9.89916140e+02
5.11435525e-07 3.36232825e+03 9.49220986e+02
5.11866604e-07 2.92122815e+03 1.02929391e+03
5.12297683e-07 2.88862938e+03 1.00894894e+03
5.12728762e-07 3.41377739e+03 9.58254143e+02
5.13159842e-07 3.60996187e+03 1.08051121e+03
5.13590921e-07 3.71998239e+03 1.10905540e+03
5.14022000e-07 3.26834832e+03 1.06851191e+03
5.14453079e-07 3.46682305e+03 1.09058143e+03
5.14884158e-07 3.29477078e+03 1.07680015e+03
5.15315238e-07 3.37668644e+03 1.12989008e+03
5.15746317e-07 3.35727464e+03 1.13278424e+03
5.16177396e-07 3.02694136e+03 1.10770877e+03
5.16608475e-07 3.32288567e+03 1.01500147e+03
5.17039554e-07 3.24443195e+03 1.05020051e+03
5.17470633e-07 3.39407696e+03 1.07368097e+03
5.17901713e-07 3.31569866e+03 1.03600750e+03
5.18332792e-07 2.86244743e+03 1.05795807e+03
5.18763871e-07 3.53530771e+03 1.06541840e+03
5.19194950e-07 3.71964855e+03 1.21546770e+03
5.19626029e-07 3.74553484e+03 1.59546112e+03
5.20057109e-07 3.76269454e+03 1.65014443e+03
5.20488188e-07 3.67454407e+03 1.41725020e+03
5.20919267e-07 3.57823595e+03 1.19324679e+03
5.21350346e-07 3.69671257e+03 1.18224727e+03
5.21781425e-07 3.93460532e+03 1.18055154e+03
5.22212504e-07 3.90620520e+03 1.19723754e+03
5.22643584e-07 3.94834972e+03 1.19876843e+03
5.23074663e-07 4.12814486e+03 1.16106385e+03
5.23505742e-07 3.62769542e+03 1.18329834e+03
5.23936821e-07 3.55078880e+03 1.19162282e+03
5.24367900e-07 3.80119103e+03 1.20227172e+03
5.24798979e-07 4.14112823e+03 1.19067681e+03
5.25230059e-07 4.01467755e+03 1.17582686e+03
5.25661138e-07 4.08385766e+03 1.17857783e+03
5.26092217e-07 4.19214922e+03 1.11211934e+03
5.26523296e-07 3.88130692e+03 1.05690920e+03
5.26954375e-07 4.07166701e+03 1.07410460e+03
5.27385455e-07 4.16060865e+03 1.08127874e+03
5.27816534e-07 4.16339823e+03 1.16279863e+03
5.28247613e-07 4.07044312e+03 1.15990090e+03
5.28678692e-07 4.23756330e+03 1.11762300e+03
5.29109771e-07 3.89293028e+03 1.19168495e+03
5.29540850e-07 3.74843498e+03 1.17969251e+03
5.29971930e-07 3.65483208e+03 1.20396575e+03
5.30403009e-07 3.64136137e+03 1.21472680e+03
5.30834088e-07 4.26103298e+03 1.26024627e+03
5.31265167e-07 4.25515319e+03 1.26910281e+03
5.31696246e-07 3.95365592e+03 1.24222420e+03
5.32127326e-07 4.35729266e+03 1.24488280e+03
5.32558405e-07 3.92833111e+03 1.29541209e+03
5.32989484e-07 3.85990350e+03 1.27957605e+03
5.33420563e-07 4.00504212e+03 1.33299945e+03
5.33851642e-07 3.94390096e+03 1.24470874e+03
5.34282721e-07 4.07549583e+03 1.24541794e+03
5.34713801e-07 4.22498703e+03 1.25328925e+03
5.35144880e-07 4.23066471e+03 1.22928715e+03
5.35575959e-07 3.93187994e+03 1.28250520e+03
5.36007038e-07 4.21397559e+03 1.20679574e+03
5.36438117e-07 3.76586425e+03 1.24362101e+03
5.36869196e-07 3.52917961e+03 1.26573474e+03
5.37300276e-07 4.20803668e+03 1.27843423e+03
5.37731355e-07 4.46141143e+03 1.27334273e+03
5.38162434e-07 3.99947914e+03 1.25018887e+03
5.38593513e-07 4.24782138e+03 1.19817341e+03
5.39024592e-07 4.05737818e+03 1.20695995e+03
5.39455672e-07 4.43333848e+03 1.20717254e+03
5.39886751e-07 4.67091271e+03 1.15238493e+03
5.40317830e-07 4.48053671e+03 1.18435665e+03
5.40748909e-07 4.30180087e+03 1.19438379e+03
5.41179988e-07 4.58231126e+03 1.19369597e+03
5.41611067e-07 4.57421070e+03 1.17768399e+03
5.42042147e-07 4.33634127e+03 1.22473127e+03
5.42473226e-07 3.92248572e+03 1.24169688e+03
5.42904305e-07 4.40299456e+03 1.27734938e+03
5.43335384e-07 4.45998424e+03 1.19369477e+03
5.43766463e-07 4.58711782e+03 1.28599172e+03
5.44197543e-07 4.34926541e+03 1.27937600e+03
5.44628622e-07 4.54968807e+03 1.28872791e+03
5.45059701e-07 4.44830800e+03 1.27079311e+03
5.45490780e-07 4.11292664e+03 1.28802587e+03
5.45921859e-07 4.63730961e+03 1.29243824e+03
5.46352938e-07 4.52504111e+03 1.30699636e+03
5.46784018e-07 4.89771300e+03 1.28940230e+03
5.47215097e-07 4.70250468e+03 1.27654205e+03
5.47646176e-07 4.74128721e+03 1.30774920e+03
5.48077255e-07 4.97592482e+03 1.33753296e+03
5.48508334e-07 4.81201851e+03 1.30532861e+03
5.48939413e-07 4.71985697e+03 1.35817833e+03
5.49370493e-07 4.56823881e+03 1.29096424e+03
5.49801572e-07 4.57880712e+03 1.32863652e+03
5.50232651e-07 4.80989966e+03 1.35178782e+03
5.50663730e-07 4.64896990e+03 1.40761757e+03
5.51094809e-07 4.62314371e+03 1.40260843e+03
5.51525889e-07 4.46323787e+03 1.38017028e+03
5.51956968e-07 4.64167772e+03 1.43207720e+03
5.52388047e-07 4.78549370e+03 1.38845648e+03
5.52819126e-07 4.67256753e+03 1.35429448e+03
5.53250205e-07 4.58227029e+03 1.37258120e+03
5.53681284e-07 4.74485585e+03 1.43081490e+03
5.54112364e-07 4.89824161e+03 1.46474119e+03
5.54543443e-07 4.47695675e+03 1.47465104e+03
5.54974522e-07 4.46969713e+03 1.49419751e+03
5.55405601e-07 4.65078321e+03 1.42150027e+03
5.55836680e-07 4.89430289e+03 1.44127562e+03
5.56267760e-07 4.33111154e+03 1.50275850e+03
5.56698839e-07 4.88596800e+03 2.06895841e+03
5.57129918e-07 7.10323191e+03 1.18926298e+04
5.57560997e-07 7.27004124e+03 3.38416845e+04
5.57992076e-07 6.87706210e+03 3.45375117e+04
5.58423155e-07 8.35723574e+03 1.51897911e+04
5.58854235e-07 8.19345946e+03 4.13948824e+03
5.59285314e-07 5.87904828e+03 1.84076380e+03
5.59716393e-07 4.83671006e+03 1.53327286e+03
5.60147472e-07 5.16955441e+03 1.52742212e+03
5.60578551e-07 4.93571434e+03 1.55101317e+03
5.61009630e-07 4.93827919e+03 1.54680626e+03
5.61440710e-07 4.92126105e+03 1.51184928e+03
5.61871789e-07 4.73355406e+03 1.48520678e+03
5.62302868e-07 5.17987906e+03 1.47188501e+03
5.62733947e-07 5.09478516e+03 1.48855553e+03
5.63165026e-07 5.37530717e+03 1.45236636e+03
5.63596106e-07 5.42391889e+03 1.39259721e+03
5.64027185e-07 5.62287457e+03 1.48718892e+03
5.64458264e-07 5.36559144e+03 1.47458091e+03
5.64889343e-07 5.57078485e+03 1.46601237e+03
5.65320422e-07 5.47020611e+03 1.35238614e+03
5.65751501e-07 4.96959958e+03 1.38177538e+03
5.66182581e-07 5.16653938e+03 1.44065147e+03
5.66613660e-07 5.33593333e+03 1.50695716e+03
5.67044739e-07 5.13252407e+03 1.51230944e+03
5.67475818e-07 5.04641353e+03 1.47562630e+03
5.67906897e-07 4.90135802e+03 1.49189688e+03
5.68337977e-07 5.48107876e+03 1.45271562e+03
5.68769056e-07 5.45992195e+03 1.50647444e+03
5.69200135e-07 5.50855829e+03 1.51045356e+03
5.69631214e-07 5.41862549e+03 1.53341473e+03
5.70062293e-07 5.48377916e+03 1.60280027e+03
5.70493372e-07 5.39580910e+03 1.56397412e+03
5.70924452e-07 5.41654768e+03 1.47993656e+03
5.71355531e-07 5.24739175e+03 1.50141045e+03
5.71786610e-07 5.33928481e+03 1.58330165e+03
5.72217689e-07 5.30773479e+03 1.54959729e+03
5.72648768e-07 6.06902144e+03 1.51981078e+03
5.73079848e-07 5.29852327e+03 1.52829729e+03
5.73510927e-07 4.79872897e+03 1.55031288e+03
5.73942006e-07 4.57997155e+03 1.56617907e+03
5.74373085e-07 5.21825571e+03 1.54404786e+03
5.74804164e-07 5.52119373e+03 1.56546160e+03
5.75235243e-07 5.45560192e+03 1.56985003e+03
5.75666323e-07 5.60390894e+03 1.53264218e+03
5.76097402e-07 5.71266509e+03 1.55329789e+03
5.76528481e-07 5.47032133e+03 1.53690894e+03
5.76959560e-07 5.44232851e+03 1.53332046e+03
5.77390639e-07 5.27488276e+03 1.57600434e+03
5.77821718e-07 5.49017206e+03 1.48639976e+03
5.78252798e-07 5.59165751e+03 1.45052658e+03
5.78683877e-07 5.45076253e+03 1.44642702e+03
5.79114956e-07 5.60306380e+03 1.52197352e+03
5.79546035e-07 5.47475004e+03 1.55060367e+03
5.79977114e-07 5.95090436e+03 1.49837976e+03
5.80408194e-07 5.69968532e+03 1.58819809e+03
5.80839273e-07 5.60025143e+03 1.57619749e+03
5.81270352e-07 5.56550098e+03 1.53594112e+03
5.81701431e-07 5.63310635e+03 1.58904441e+03
5.82132510e-07 5.73751464e+03 1.57455910e+03
5.82563589e-07 5.66716724e+03 1.58602169e+03
5.82994669e-07 5.66463873e+03 1.59721121e+03
5.83425748e-07 5.13339052e+03 1.57088403e+03
5.83856827e-07 5.56238868e+03 1.56532036e+03
5.84287906e-07 5.58841376e+03 1.60186827e+03
5.84718985e-07 5.71722740e+03 1.58338755e+03
5.85150065e-07 5.91532003e+03 1.59653596e+03
5.85581144e-07 5.47270597e+03 1.54119935e+03
5.86012223e-07 5.41367493e+03 1.66150666e+03
5.86443302e-07 5.63968052e+03 1.93738679e+03
5.86874381e-07 5.79937355e+03 2.08717810e+03
5.87305460e-07 5.89300968e+03 1.88893041e+03
5.87736540e-07 5.79660680e+03 1.77906347e+03
5.88167619e-07 5.23293981e+03 1.99705176e+03
5.88598698e-07 4.89553365e+03 2.92532884e+03
5.89029777e-07 4.86864889e+03 3.73761315e+03
5.89460856e-07 4.96949269e+03 3.58015658e+03
5.89891935e-07 5.08604329e+03 2.73152356e+03
5.90323015e-07 5.46439774e+03 2.03330347e+03
5.90754094e-07 5.13171098e+03 1.77434197e+03
5.91185173e-07 5.48583666e+03 1.90204866e+03
5.91616252e-07 5.39566667e+03 1.97703886e+03
5.92047331e-07 5.92516935e+03 1.82557174e+03
5.92478411e-07 5.55776024e+03 1.91978305e+03
5.92909490e-07 6.03720596e+03 1.99935030e+03
5.93340569e-07 6.04381984e+03 2.06081990e+03
5.93771648e-07 5.76755996e+03 1.76786625e+03
5.94202727e-07 6.18372149e+03 1.73595128e+03
5.94633806e-07 6.42382498e+03 1.78376723e+03
5.95064886e-07 6.41335800e+03 1.96545030e+03
5.95495965e-07 5.88685987e+03 1.97926671e+03
5.95927044e-07 6.25648546e+03 1.82179475e+03
5.96358123e-07 6.55663186e+03 1.72807125e+03
5.96789202e-07 6.49484437e+03 1.70293712e+03
5.97220282e-07 6.37848542e+03 1.89801212e+03
5.97651361e-07 5.79684432e+03 1.99019143e+03
5.98082440e-07 6.77549079e+03 1.79136652e+03
5.98513519e-07 6.37754527e+03 1.66161659e+03
5.98944598e-07 6.18148043e+03 1.69505763e+03
5.99375677e-07 6.23618704e+03 1.76340286e+03
5.99806757e-07 6.03079396e+03 1.71430268e+03
6.00237836e-07 5.76223457e+03 1.79758526e+03
6.00668915e-07 5.64618018e+03 1.75479159e+03
6.01099994e-07 6.47922237e+03 1.67059727e+03
6.01531073e-07 6.26437219e+03 1.67952295e+03
6.01962152e-07 6.71563812e+03 1.63207228e+03
6.02393232e-07 6.70670048e+03 1.58256075e+03
6.02824311e-07 6.84444543e+03 1.60001117e+03
6.03255390e-07 7.23719777e+03 1.69670446e+03
6.03686469e-07 7.12844712e+03 1.62831028e+03
6.04117548e-07 7.23747408e+03 1.59396258e+03
6.04548628e-07 7.28536654e+03 1.60257173e+03
6.04979707e-07 7.23440031e+03 1.65196962e+03
6.05410786e-07 6.76128651e+03 1.67920710e+03
6.05841865e-07 6.48406737e+03 1.63501717e+03
6.06272944e-07 6.20186220e+03 1.66381372e+03
6.06704023e-07 6.45036362e+03 1.68413109e+03
6.07135103e-07 6.58599493e+03 1.69155694e+03
6.07566182e-07 7.43918826e+03 1.63788530e+03
6.07997261e-07 7.35973846e+03 1.58252382e+03
6.08428340e-07 6.89835674e+03 1.62434975e+03
6.08859419e-07 7.08085646e+03 1.63236640e+03
6.09290499e-07 7.59496237e+03 1.59876289e+03
6.09721578e-07 7.30498980e+03 1.65917707e+03
6.10152657e-07 7.47618412e+03 1.69745555e+03
6.10583736e-07 7.23006477e+03 1.70712733e+03
6.11014815e-07 7.32973613e+03 1.62738996e+03
6.11445894e-07 7.06531820e+03 1.67666885e+03
6.11876974e-07 6.49308672e+03 1.62539246e+03
6.12308053e-07 7.35557359e+03 1.59421333e+03
6.12739132e-07 7.77464394e+03 1.61798710e+03
6.13170211e-07 7.42501740e+03 1.69278547e+03
6.13601290e-07 7.22273479e+03 1.81221733e+03
6.14032370e-07 7.20763992e+03 1.85613380e+03
6.14463449e-07 6.88783339e+03 1.91732375e+03
6.14894528e-07 7.03443838e+03 1.85719518e+03
6.15325607e-07 7.08001838e+03 1.81253989e+03
6.15756686e-07 7.48647240e+03 1.77660879e+03
6.16187765e-07 6.89355422e+03 1.75485227e+03
6.16618845e-07 7.24109190e+03 1.76807099e+03
6.17049924e-07 7.31001662e+03 1.88368214e+03
6.17481003e-07 7.39743066e+03 1.88519310e+03
6.17912082e-07 7.93272563e+03 1.69365500e+03
6.18343161e-07 7.76702555e+03 1.64934246e+03
6.18774240e-07 7.53225215e+03 1.70271076e+03
6.19205320e-07 7.31453240e+03 1.71759327e+03
6.19636399e-07 7.47201971e+03 1.70375710e+03
6.20067478e-07 7.69083595e+03 1.77514503e+03
6.20498557e-07 7.30479860e+03 1.84313879e+03
6.20929636e-07 7.00356507e+03 1.82515517e+03
6.21360716e-07 7.48668566e+03 1.75920583e+03
6.21791795e-07 8.01585742e+03 1.83288580e+03
6.22222874e-07 7.63863851e+03 1.87623731e+03
6.22653953e-07 7.19594820e+03 1.87843803e+03
6.23085032e-07 7.80062779e+03 2.10731146e+03
6.23516111e-07 7.59283329e+03 2.71566145e+03
6.23947191e-07 7.32140123e+03 2.61213951e+03
6.24378270e-07 7.57061345e+03 2.19389424e+03
6.24809349e-07 7.98972907e+03 1.84345321e+03
6.25240428e-07 7.60280925e+03 2.12971295e+03
6.25671507e-07 8.43053594e+03 2.48277683e+03
6.26102587e-07 7.88678067e+03 2.50440793e+03
6.26533666e-07 7.55346152e+03 2.28898001e+03
6.26964745e-07 7.96202874e+03 1.90484958e+03
6.27395824e-07 7.80280028e+03 1.85510822e+03
6.27826903e-07 7.24892640e+03 1.79928117e+03
6.28257982e-07 7.10933501e+03 1.96901255e+03
6.28689062e-07 7.08743398e+03 2.22749699e+03
6.29120141e-07 8.44840057e+03 3.48458142e+03
6.29551220e-07 1.04484262e+04 1.23641110e+04
6.29982299e-07 8.36882254e+03 2.19620452e+04
6.30413378e-07 7.55331199e+03 1.70033197e+04
6.30844457e-07 8.63930160e+03 6.73662585e+03
6.31275537e-07 8.60114590e+03 2.48581541e+03
6.31706616e-07 7.93622425e+03 1.88547078e+03
6.32137695e-07 8.50034644e+03 1.95864046e+03
6.32568774e-07 8.70320451e+03 2.22281930e+03
6.32999853e-07 7.88633227e+03 2.40677170e+03
6.33430933e-07 7.95798655e+03 2.10226207e+03
6.33862012e-07 7.90156238e+03 1.76682710e+03
6.34293091e-07 7.76863798e+03 1.84422860e+03
6.34724170e-07 7.83180787e+03 1.92849781e+03
6.35155249e-07 8.03293344e+03 2.07784425e+03
6.35586328e-07 8.86073042e+03 3.21743450e+03
6.36017408e-07 8.40607169e+03 6.77062735e+03
6.36448487e-07 7.87327832e+03 8.62670464e+03
6.36879566e-07 7.40211219e+03 5.71741660e+03
6.37310645e-07 7.55393340e+03 2.75762776e+03
6.37741724e-07 7.90441850e+03 1.90529719e+03
6.38172804e-07 8.20593527e+03 1.96463685e+03
6.38603883e-07 8.37795896e+03 2.02295764e+03
6.39034962e-07 8.26317390e+03 1.87358839e+03
6.39466041e-07 7.99411081e+03 1.71167237e+03
6.39897120e-07 7.80448859e+03 1.67567802e+03
6.40328199e-07 8.08927517e+03 1.66098036e+03
6.40759279e-07 8.46938416e+03 1.64983748e+03
6.41190358e-07 8.02867918e+03 1.72286338e+03
6.41621437e-07 8.26956058e+03 1.82190285e+03
6.42052516e-07 8.26632215e+03 1.86853551e+03
6.42483595e-07 8.05882255e+03 1.80141335e+03
6.42914674e-07 8.36278234e+03 1.68250570e+03
6.43345754e-07 8.00628855e+03 1.78112437e+03
6.43776833e-07 8.15194075e+03 1.79427381e+03
6.44207912e-07 8.24131824e+03 1.68956268e+03
6.44638991e-07 8.44347314e+03 1.79454531e+03
6.45070070e-07 8.36153969e+03 1.82048454e+03
6.45501150e-07 7.95586237e+03 1.89928860e+03
6.45932229e-07 8.92386297e+03 2.07347563e+03
6.46363308e-07 8.48384178e+03 2.43333103e+03
6.46794387e-07 7.97019380e+03 2.54529130e+03
6.47225466e-07 8.25254698e+03 2.37420928e+03
6.47656545e-07 8.65538270e+03 2.06670455e+03
6.48087625e-07 8.57728481e+03 1.90217832e+03
6.48518704e-07 8.26990135e+03 1.65847191e+03
6.48949783e-07 8.31465556e+03 1.74303765e+03
6.49380862e-07 8.70395152e+03 2.17199073e+03
6.49811941e-07 7.95084916e+03 2.76951607e+03
6.50243021e-07 7.73685985e+03 2.75876893e+03
6.50674100e-07 8.53775479e+03 2.18698610e+03
6.51105179e-07 9.21036686e+03 1.98924079e+03
6.51536258e-07 9.39442205e+03 1.91841135e+03
6.51967337e-07 9.14171820e+03 1.83013899e+03
6.52398416e-07 9.31491378e+03 2.07482155e+03
6.52829496e-07 9.15371579e+03 2.32791136e+03
6.53260575e-07 8.89145684e+03 2.55131307e+03
6.53691654e-07 8.90960444e+03 2.40599189e+03
6.54122733e-07 9.40385205e+03 2.21810252e+03
6.54553812e-07 9.38540080e+03 2.21856196e+03
6.54984891e-07 9.10464752e+03 2.56667430e+03
6.55415971e-07 9.45796902e+03 2.71755457e+03
6.55847050e-07 9.29511103e+03 2.46944441e+03
6.56278129e-07 8.80678621e+03 2.34018976e+03
6.56709208e-07 8.85333595e+03 2.27462822e+03
6.57140287e-07 9.75781731e+03 2.34226634e+03
6.57571367e-07 9.84557227e+03 2.62051665e+03
6.58002446e-07 9.27907539e+03 2.35598709e+03
6.58433525e-07 9.35626146e+03 2.04669184e+03
6.58864604e-07 9.69252680e+03 1.91788248e+03
6.59295683e-07 9.94350838e+03 1.93746691e+03
6.59726762e-07 9.70042914e+03 2.04589947e+03
6.60157842e-07 9.63747682e+03 2.20827709e+03
6.60588921e-07 9.69273031e+03 2.10823900e+03
6.61020000e-07 9.97067619e+03 1.86792764e+03
6.61451079e-07 9.49639312e+03 1.82775547e+03
6.61882158e-07 9.83803361e+03 1.83785553e+03
6.62313238e-07 9.87937995e+03 1.90846040e+03
6.62744317e-07 1.03836653e+04 1.96130032e+03
6.63175396e-07 9.92738488e+03 1.98980274e+03
6.63606475e-07 1.04645862e+04 1.96153528e+03
6.64037554e-07 1.03010669e+04 1.81395284e+03
6.64468633e-07 1.01285474e+04 1.78612919e+03
6.64899713e-07 9.72740185e+03 1.88845359e+03
6.65330792e-07 1.00465444e+04 1.75700574e+03
6.65761871e-07 9.85739546e+03 1.83270315e+03
6.66192950e-07 9.55321037e+03 1.83593235e+03
6.66624029e-07 9.10122469e+03 1.95877901e+03
6.67055109e-07 9.47450600e+03 1.86266586e+03
6.67486188e-07 9.20599844e+03 1.89781572e+03
6.67917267e-07 9.53088330e+03 1.80627502e+03
6.68348346e-07 9.86707977e+03 1.69739561e+03
6.68779425e-07 1.01665485e+04 1.76588813e+03
6.69210504e-07 9.82822930e+03 1.79108493e+03
6.69641584e-07 1.00064527e+04 1.86737236e+03
6.70072663e-07 8.39937501e+03 1.85124338e+03
6.70503742e-07 8.65316137e+03 1.90899613e+03
6.70934821e-07 8.41759817e+03 1.84779614e+03
6.71365900e-07 8.04297686e+03 1.85535054e+03
6.71796979e-07 8.48034572e+03 1.86150655e+03
6.72228059e-07 8.57180555e+03 1.83327300e+03
6.72659138e-07 9.51569966e+03 1.79023815e+03
6.73090217e-07 1.00725624e+04 1.81573419e+03
6.73521296e-07 9.69553618e+03 1.81700650e+03
6.73952375e-07 9.36248332e+03 1.85013779e+03
6.74383455e-07 9.65391874e+03 1.83062620e+03
6.74814534e-07 9.69957002e+03 1.79540169e+03
6.75245613e-07 1.00835397e+04 1.78169970e+03
6.75676692e-07 9.99869621e+03 1.79362448e+03
6.76107771e-07 9.64111387e+03 1.76847384e+03
6.76538850e-07 9.61912598e+03 1.65790177e+03
6.76969930e-07 1.00355615e+04 1.76395454e+03
6.77401009e-07 9.79752206e+03 1.75746241e+03
6.77832088e-07 1.02008309e+04 1.70210967e+03
6.78263167e-07 9.77947961e+03 1.79277883e+03
6.78694246e-07 9.61905236e+03 1.79998369e+03
6.79125326e-07 9.94917551e+03 1.81332564e+03
6.79556405e-07 9.77058889e+03 1.76885775e+03
6.79987484e-07 9.06514190e+03 1.75474550e+03
6.80418563e-07 9.85222042e+03 1.68060445e+03
6.80849642e-07 1.02162675e+04 1.72530626e+03
6.81280721e-07 9.80628948e+03 1.70460335e+03
6.81711801e-07 9.49048981e+03 1.72257855e+03
6.82142880e-07 1.01534769e+04 1.98207222e+03
6.82573959e-07 1.04745300e+04 3.09478973e+03
6.83005038e-07 1.00484117e+04 4.39848994e+03
6.83436117e-07 9.67264253e+03 4.00564619e+03
6.83867196e-07 1.01479205e+04 3.11498995e+03
6.84298276e-07 9.55161747e+03 2.30525411e+03
6.84729355e-07 9.48311790e+03 1.97866857e+03
6.85160434e-07 9.63846375e+03 1.82779822e+03
6.85591513e-07 9.38539947e+03 2.14429341e+03
6.86022592e-07 1.03049513e+04 3.56009714e+03
6.86453672e-07 8.58997975e+03 4.24390140e+03
6.86884751e-07 7.80746718e+03 3.02576615e+03
6.87315830e-07 7.03550020e+03 1.93322277e+03
6.87746909e-07 8.01821966e+03 1.78656540e+03
6.88177988e-07 8.88681675e+03 2.05138603e+03
6.88609067e-07 9.36826958e+03 2.15045531e+03
6.89040147e-07 8.80715103e+03 2.24964259e+03
6.89471226e-07 8.98662087e+03 2.00920930e+03
6.89902305e-07 8.97136283e+03 2.08834206e+03
6.90333384e-07 9.15364661e+03 2.11048281e+03
6.90764463e-07 9.55842001e+03 2.18330381e+03
6.91195543e-07 9.89814783e+03 2.51520807e+03
6.91626622e-07 1.00072264e+04 2.60109030e+03
6.92057701e-07 1.00864932e+04 2.88433982e+03
6.92488780e-07 8.98111984e+03 3.14457977e+03
6.92919859e-07 8.71943163e+03 2.38231768e+03
6.93350938e-07 8.74963692e+03 1.97451600e+03
6.93782018e-07 9.09170723e+03 2.25429487e+03
6.94213097e-07 8.93535938e+03 2.59005827e+03
6.94644176e-07 9.37568249e+03 2.98724828e+03
6.95075255e-07 9.17842954e+03 3.03781725e+03
6.95506334e-07 9.29501747e+03 2.29881160e+03
6.95937413e-07 9.66111670e+03 2.01058861e+03
6.96368493e-07 9.27251445e+03 2.10012388e+03
6.96799572e-07 9.70369892e+03 2.29402459e+03
6.97230651e-07 1.03157617e+04 2.53415890e+03
6.97661730e-07 9.54487158e+03 2.82255528e+03
6.98092809e-07 9.56506748e+03 2.82474731e+03
6.98523889e-07 9.48079206e+03 2.15078061e+03
6.98954968e-07 8.66238925e+03 1.82708640e+03
6.99386047e-07 9.35107980e+03 1.76965225e+03
6.99817126e-07 9.29069456e+03 1.90771780e+03
7.00248205e-07 9.32694570e+03 2.08888348e+03
7.00679284e-07 9.55676091e+03 2.08088276e+03
7.01110364e-07 9.02761742e+03 2.19837060e+03
7.01541443e-07 8.93579921e+03 1.95967479e+03
7.01972522e-07 9.22701548e+03 1.71763104e+03
7.02403601e-07 9.04460169e+03 1.64813879e+03
7.02834680e-07 9.11794432e+03 1.60350097e+03
7.03265760e-07 9.07867113e+03 1.71800923e+03
7.03696839e-07 9.40792863e+03 1.70323131e+03
7.04127918e-07 9.57187618e+03 1.95044147e+03
7.04558997e-07 9.32515746e+03 2.22257867e+03
7.04990076e-07 9.19692316e+03 2.20888742e+03
7.05421155e-07 9.03367918e+03 2.08817192e+03
7.05852235e-07 9.12641115e+03 1.90440958e+03
7.06283314e-07 1.03709919e+04 1.90861078e+03
7.06714393e-07 1.04444412e+04 2.01841320e+03
7.07145472e-07 1.03478435e+04 1.96738066e+03
7.07576551e-07 9.74110507e+03 1.97533207e+03
7.08007630e-07 8.80223749e+03 1.96664273e+03
7.08438710e-07 9.28816484e+03 2.00004594e+03
7.08869789e-07 9.57908153e+03 2.00847987e+03
7.09300868e-07 9.56183493e+03 1.90364556e+03
7.09731947e-07 9.03748732e+03 1.75042312e+03
7.10163026e-07 8.74498160e+03 1.67570862e+03
7.10594106e-07 9.24755409e+03 1.68911144e+03
7.11025185e-07 9.45097588e+03 1.74452894e+03
7.11456264e-07 9.39517848e+03 1.75718022e+03
7.11887343e-07 9.54567081e+03 1.60479807e+03
7.12318422e-07 8.70790256e+03 1.71460355e+03
7.12749501e-07 8.73256477e+03 1.90269738e+03
7.13180581e-07 8.52042898e+03 1.87494518e+03
7.13611660e-07 9.23649697e+03 1.84849381e+03
7.14042739e-07 9.42327557e+03 2.00718021e+03
7.14473818e-07 9.16306116e+03 2.11017664e+03
7.14904897e-07 9.20668023e+03 1.97609790e+03
7.15335977e-07 8.97459634e+03 1.80549586e+03
7.15767056e-07 8.75809710e+03 1.87024088e+03
7.16198135e-07 8.33338549e+03 1.82860152e+03
7.16629214e-07 8.21429740e+03 1.67303111e+03
7.17060293e-07 7.73177180e+03 1.66900579e+03
7.17491372e-07 7.92613045e+03 1.60039249e+03
7.17922452e-07 8.00158892e+03 1.55394981e+03
7.18353531e-07 7.31038167e+03 1.40404858e+03
7.18784610e-07 6.82680998e+03 1.42088454e+03
7.19215689e-07 7.21689418e+03 1.38478063e+03
7.19646768e-07 6.84742992e+03 1.28135176e+03
7.20077848e-07 6.91106370e+03 1.21632993e+03
7.20508927e-07 7.40344001e+03 1.32369650e+03
7.20940006e-07 8.21812091e+03 1.43368046e+03
7.21371085e-07 8.28202314e+03 1.41953127e+03
7.21802164e-07 8.35599886e+03 1.49064896e+03
7.22233243e-07 8.77424131e+03 1.57674197e+03
7.22664323e-07 7.75568213e+03 1.67650866e+03
7.23095402e-07 6.71166421e+03 1.88113428e+03
7.23526481e-07 7.90995879e+03 3.32761798e+03
7.23957560e-07 6.82617240e+03 6.00300589e+03
7.24388639e-07 6.55947433e+03 6.75945364e+03
7.24819718e-07 7.31041313e+03 4.76010526e+03
7.25250798e-07 7.15828623e+03 2.99243754e+03
7.25681877e-07 7.39599797e+03 2.08584409e+03
7.26112956e-07 7.57177475e+03 1.74308503e+03
7.26544035e-07 7.59212967e+03 1.83177192e+03
7.26975114e-07 7.72934185e+03 2.93619306e+03
7.27406194e-07 7.31863757e+03 5.11975534e+03
7.27837273e-07 7.78449842e+03 5.88049454e+03
7.28268352e-07 6.94344575e+03 4.70080107e+03
7.28699431e-07 7.18984323e+03 3.39119118e+03
7.29130510e-07 7.59401708e+03 2.48571055e+03
7.29561589e-07 8.48039246e+03 2.31965464e+03
7.29992669e-07 7.82129747e+03 2.57922046e+03
7.30423748e-07 7.44334833e+03 2.64333750e+03
7.30854827e-07 6.87448510e+03 2.77149802e+03
7.31285906e-07 8.03603103e+03 4.47754667e+03
7.31716985e-07 8.09658771e+03 5.31245594e+03
7.32148065e-07 7.51435625e+03 3.75789327e+03
7.32579144e-07 8.87160848e+03 3.05413509e+03
7.33010223e-07 8.21212114e+03 3.34627396e+03
7.33441302e-07 7.58903658e+03 3.86639059e+03
7.33872381e-07 9.35362582e+03 5.57070191e+03
7.34303460e-07 9.04724663e+03 5.79951375e+03
7.34734540e-07 8.11636174e+03 3.31219599e+03
7.35165619e-07 8.24590556e+03 2.35147006e+03
7.35596698e-07 8.71007420e+03 3.07717453e+03
7.36027777e-07 8.87726634e+03 3.41680659e+03
7.36458856e-07 8.55851634e+03 3.96697930e+03
7.36889935e-07 8.90241338e+03 4.85675935e+03
7.37321015e-07 8.01479550e+03 3.98286184e+03
7.37752094e-07 8.44814214e+03 2.43412270e+03
7.38183173e-07 8.44676128e+03 1.92606028e+03
7.38614252e-07 8.84943747e+03 2.17687724e+03
7.39045331e-07 8.83220625e+03 2.65060669e+03
7.39476411e-07 8.36212481e+03 3.13311063e+03
7.39907490e-07 8.47116325e+03 3.66733276e+03
7.40338569e-07 8.32121701e+03 3.88618490e+03
7.40769648e-07 9.18794704e+03 2.70980962e+03
7.41200727e-07 9.21445265e+03 1.92991251e+03
7.41631806e-07 9.07985095e+03 1.89066806e+03
7.42062886e-07 9.16387136e+03 1.66069993e+03
7.42493965e-07 9.48121641e+03 1.94067971e+03
7.42925044e-07 8.74000331e+03 2.30549842e+03
7.43356123e-07 9.44318607e+03 2.75614573e+03
7.43787202e-07 9.23594457e+03 3.01555617e+03
7.44218282e-07 9.00616371e+03 2.57631076e+03
7.44649361e-07 9.35639323e+03 1.79170686e+03
7.45080440e-07 1.00129443e+04 1.67492545e+03
7.45511519e-07 1.03942606e+04 1.78744620e+03
7.45942598e-07 9.75036660e+03 2.03434832e+03
7.46373677e-07 9.94580954e+03 2.41069685e+03
7.46804757e-07 1.29597469e+04 2.90469926e+03
7.47235836e-07 1.61284254e+04 3.51933448e+03
7.47666915e-07 1.50832091e+04 3.73953873e+03
7.48097994e-07 1.11514528e+04 3.73984595e+03
7.48529073e-07 9.21991990e+03 3.20696860e+03
7.48960152e-07 9.47458084e+03 2.35510642e+03
7.49391232e-07 1.18115302e+04 2.08187364e+03
7.49822311e-07 1.35159677e+04 1.92632261e+03
7.50253390e-07 1.20192090e+04 1.83656025e+03
7.50684469e-07 9.94762924e+03 1.63834201e+03
7.51115548e-07 9.19284131e+03 1.68519375e+03
7.51546628e-07 9.64394144e+03 2.34573164e+03
7.51977707e-07 9.10034252e+03 3.95657194e+03
7.52408786e-07 8.69496651e+03 5.34073977e+03
7.52839865e-07 8.86190882e+03 4.54278590e+03
7.53270944e-07 9.36009147e+03 2.93167847e+03
7.53702023e-07 9.54070066e+03 2.22027118e+03
7.54133103e-07 9.36724437e+03 1.96225917e+03
7.54564182e-07 9.02792811e+03 1.73617698e+03
7.54995261e-07 9.05212679e+03 1.77896881e+03
7.55426340e-07 8.56274069e+03 2.25899809e+03
7.55857419e-07 9.06192360e+03 2.39021461e+03
7.56288499e-07 8.87058542e+03 2.15602656e+03
7.56719578e-07 7.97811104e+03 3.11317458e+03
7.57150657e-07 7.39039836e+03 4.14741303e+03
7.57581736e-07 8.92282282e+03 3.31297704e+03
7.58012815e-07 1.00590104e+04 2.21555732e+03
7.58443894e-07 9.76386577e+03 2.33692605e+03
7.58874974e-07 8.35907016e+03 2.39499827e+03
7.59306053e-07 6.29517869e+03 1.96277724e+03
7.59737132e-07 4.02566089e+03 1.69297984e+03
7.60168211e-07 2.46849473e+03 1.39914880e+03
7.60599290e-07 2.08626263e+03 1.00126430e+03
7.61030370e-07 2.85242420e+03 1.12975727e+03
7.61461449e-07 4.89915352e+03 1.60782948e+03
7.61892528e-07 6.05903278e+03 1.97697910e+03
7.62323607e-07 4.95957728e+03 1.97950832e+03
7.62754686e-07 4.20186707e+03 1.97500910e+03
7.63185765e-07 4.15461018e+03 1.69354627e+03
7.63616845e-07 4.66190065e+03 1.37808184e+03
7.64047924e-07 5.17359007e+03 1.34229882e+03
7.64479003e-07 5.68578838e+03 1.39962393e+03
7.64910082e-07 6.68146232e+03 1.58922059e+03
7.65341161e-07 7.48324207e+03 1.81617469e+03
7.65772240e-07 7.41723766e+03 1.92470866e+03
7.66203320e-07 7.83472263e+03 2.21459316e+03
7.66634399e-07 8.40279943e+03 1.95019268e+03
7.67065478e-07 8.69728894e+03 1.61118268e+03
7.67496557e-07 8.58416846e+03 1.59438792e+03
7.67927636e-07 7.92686220e+03 1.68512230e+03
7.68358716e-07 7.92373561e+03 1.94770684e+03
7.68789795e-07 7.55681719e+03 2.18327570e+03
7.69220874e-07 8.24121825e+03 2.25927014e+03
7.69651953e-07 8.58253997e+03 2.33834978e+03
7.70083032e-07 7.98897422e+03 2.17205720e+03
7.70514111e-07 7.32836685e+03 2.81689290e+03
7.70945191e-07 7.65085243e+03 5.77726731e+03
7.71376270e-07 8.13747624e+03 9.75288863e+03
7.71807349e-07 7.79646507e+03 8.90931443e+03
7.72238428e-07 8.52691301e+03 5.32806564e+03
7.72669507e-07 8.01957541e+03 3.47467015e+03
7.73100587e-07 7.76096118e+03 2.76742785e+03
7.73531666e-07 8.05991546e+03 2.44063215e+03
7.73962745e-07 7.14292554e+03 2.32280975e+03
7.74393824e-07 7.58352051e+03 3.74329474e+03
7.74824903e-07 7.35769761e+03 7.46715234e+03
7.75255982e-07 7.36562828e+03 8.25502492e+03
7.75687062e-07 9.67307749e+03 5.59238020e+03
7.76118141e-07 7.71572081e+03 4.24975368e+03
7.76549220e-07 7.80231491e+03 3.29799197e+03
7.76980299e-07 7.88416310e+03 3.84415067e+03
7.77411378e-07 6.97761157e+03 4.95978335e+03
7.77842457e-07 7.33458984e+03 4.46728811e+03
7.78273537e-07 7.36871011e+03 3.32723933e+03
7.78704616e-07 7.13675517e+03 3.57935861e+03
7.79135695e-07 7.02897046e+03 6.04557195e+03
7.79566774e-07 7.69483177e+03 6.60274114e+03
7.79997853e-07 8.37378673e+03 3.70820092e+03
7.80428933e-07 7.93625179e+03 3.17055946e+03
7.80860012e-07 7.00938115e+03 4.13620413e+03
7.81291091e-07 7.67164657e+03 3.90134592e+03
7.81722170e-07 8.08262968e+03 5.57750504e+03
7.82153249e-07 7.36860683e+03 7.99049752e+03
7.82584328e-07 8.66806125e+03 5.17071648e+03
7.83015408e-07 8.62045267e+03 2.40029387e+03
7.83446487e-07 7.66491676e+03 2.28849029e+03
7.83877566e-07 7.37447543e+03 3.33057898e+03
7.84308645e-07 6.63224337e+03 3.95953262e+03
7.84739724e-07 6.51763304e+03 4.97591883e+03
7.85170804e-07 6.91067519e+03 8.48932898e+03
7.85601883e-07 7.71707433e+03 8.95481020e+03
7.86032962e-07 8.38794908e+03 6.26801281e+03
7.86464041e-07 6.23998065e+03 5.22724016e+03
7.86895120e-07 6.77787813e+03 5.45607136e+03
7.87326199e-07 7.68009590e+03 5.16563175e+03
7.87757279e-07 7.23686832e+03 4.49281618e+03
7.88188358e-07 7.36549184e+03 4.54536036e+03
7.88619437e-07 7.60705254e+03 5.21389942e+03
7.89050516e-07 7.35757688e+03 5.39075231e+03
7.89481595e-07 7.03289231e+03 3.63068426e+03
7.89912674e-07 7.19777565e+03 2.04797095e+03
7.90343754e-07 9.94971028e+03 1.07265261e+03
7.90774833e-07 1.14286243e+04 2.96053022e+03
7.91205912e-07 7.53402973e+03 9.58658428e+03
7.91636991e-07 1.20732262e+04 9.90372245e+03
7.92068070e-07 3.83212222e+03 7.23260147e+03
