1.69210000e-01
3.63518000e-07 4.24684118e+01 1.32035377e+03
3.63949055e-07 8.66259105e+01 1.27702054e+03
3.64380109e-07 4.93230360e+01 1.25371990e+03
3.64811164e-07 3.63855739e+01 1.19929798e+03
3.65242219e-07 1.46965214e+02 1.25587710e+03
3.65673274e-07 8.07510184e+01 1.19458686e+03
3.66104328e-07 1.18771701e+01 1.25054539e+03
3.66966438e-07 1.73715410e+02 1.23643078e+03
3.67397493e-07 1.53759648e+02 1.16707428e+03
3.67828547e-07 9.18807167e+01 1.10444804e+03
3.68259602e-07 7.46903502e+01 1.11647963e+03
3.68690657e-07 1.89539307e+02 1.21379083e+03
3.69121712e-07 3.46752035e+02 1.34037593e+03
3.69552766e-07 1.32668273e+02 1.34738154e+03
3.69983821e-07 2.42066375e+02 1.60584818e+03
3.70414876e-07 1.48151555e+02 1.39938581e+03
3.71276985e-07 1.80223011e+02 1.50761431e+03
3.71708040e-07 1.87547794e+02 2.27227489e+03
3.72139095e-07 1.46744030e+02 2.18401125e+03
3.72570150e-07 9.99817411e+01 2.24310363e+03
3.73432259e-07 2.61456137e+02 1.93826888e+03
3.73863314e-07 1.91715858e+02 1.84839759e+03
3.74294369e-07 2.55527665e+02 1.93745349e+03
3.74725423e-07 1.54683069e+02 1.69697885e+03
3.75156478e-07 2.78460610e+02 1.77478845e+03
3.75587533e-07 1.65581976e+02 1.54299039e+03
3.76018587e-07 2.60269534e+02 1.62427304e+03
3.76449642e-07 2.88865075e+02 1.54653161e+03
3.76880697e-07 9.64578728e+01 1.45529004e+03
3.77311752e-07 8.47085132e+01 1.55574305e+03
3.77742806e-07 2.58178900e+02 1.64808988e+03
3.78173861e-07 2.82360042e+02 1.56738315e+03
3.78604916e-07 9.75519570e+01 1.49612006e+03
3.79467025e-07 1.60781025e+02 1.52856018e+03
3.79898080e-07 2.89826998e+02 1.56001353e+03
3.80329135e-07 8.57130153e+01 1.44661037e+03
3.80760190e-07 2.06898064e+02 1.58481832e+03
3.81191244e-07 2.24219650e+02 1.63585302e+03
3.81622299e-07 1.36721724e+01 1.60262159e+03
3.82053354e-07 1.81307329e+02 1.71621506e+03
3.82484409e-07 2.55673211e+02 1.94327387e+03
3.82915463e-07 1.78579394e+02 2.07559841e+03
3.83346518e-07 2.58723500e+02 2.08960019e+03
3.83777573e-07 2.81844825e+02 2.06629946e+03
3.84208628e-07 2.71015690e+02 2.04008375e+03
3.84639682e-07 3.67695765e+02 2.07769741e+03
3.85070737e-07 2.33312461e+02 1.79712205e+03
3.85501792e-07 4.13471077e+02 1.81616992e+03
3.85932847e-07 4.10905601e+02 1.84776533e+03
3.86363901e-07 3.35420836e+02 1.81030375e+03
3.86794956e-07 3.12093623e+02 1.74427689e+03
3.87226011e-07 3.28966993e+02 1.74644762e+03
3.87657065e-07 2.19918529e+02 1.58133459e+03
3.88088120e-07 2.45851315e+02 1.54016412e+03
3.88519175e-07 1.26863892e+02 1.48084276e+03
3.88950230e-07 3.23519776e+00 1.41402442e+03
3.89381284e-07 1.76670852e+02 1.58319172e+03
3.89812339e-07 3.94929655e+02 1.89132595e+03
3.90243394e-07 9.05509264e+01 1.83447758e+03
3.90674449e-07 4.77621781e+02 2.20529880e+03
3.91105503e-07 3.89803370e+02 2.19825550e+03
3.91536558e-07 5.59393813e+02 2.18922522e+03
3.91967613e-07 3.96727589e+02 1.98702372e+03
3.92398668e-07 2.19921627e+02 1.71903245e+03
3.92829722e-07 3.21025229e+02 1.74805468e+03
3.93260777e-07 3.43129563e+02 1.84308727e+03
3.93691832e-07 1.95398696e+02 1.85810435e+03
3.94122887e-07 2.75780119e+02 2.15586855e+03
3.94553941e-07 3.79098589e+02 2.09486382e+03
3.94984996e-07 3.13648832e+02 2.09224844e+03
3.95416051e-07 3.09031612e+02 1.91158793e+03
3.95847106e-07 2.65847896e+02 1.81616668e+03
3.96278160e-07 4.41892537e+02 1.86674665e+03
3.96709215e-07 3.10127342e+02 1.71180845e+03
3.97140270e-07 4.32904930e+02 1.88119755e+03
3.97571325e-07 4.11486098e+02 1.99421527e+03
3.98002379e-07 2.79514096e+02 1.91205940e+03
3.98433434e-07 2.08556331e+02 1.81636077e+03
3.98864489e-07 3.94890291e+02 1.94346331e+03
3.99295543e-07 4.17686475e+02 1.96622744e+03
3.99726598e-07 3.45470410e+02 1.87861548e+03
4.00157653e-07 4.05262788e+02 2.00365221e+03
4.00588708e-07 3.89653017e+02 2.15759984e+03
4.01019762e-07 3.77391443e+02 2.23005058e+03
4.01450817e-07 5.44593732e+02 2.33971392e+03
4.01881872e-07 4.80107733e+02 2.19343368e+03
4.02312927e-07 2.93608148e+02 1.99130495e+03
4.02743981e-07 2.50734960e+02 1.97552112e+03
4.03175036e-07 3.75628469e+02 2.03925201e+03
4.03606091e-07 3.84339539e+02 2.04649936e+03
4.04037146e-07 3.94372665e+02 2.29866195e+03
4.04468200e-07 4.82331549e+02 2.37069808e+03
4.04899255e-07 5.49165926e+02 2.30506308e+03
4.05330310e-07 4.34004229e+02 2.20504368e+03
4.05761365e-07 2.01443049e+02 2.12776254e+03
4.06192419e-07 4.16399950e+02 2.44002309e+03
4.06623474e-07 5.79016827e+02 3.77623310e+03
4.07054529e-07 5.34222673e+02 3.68155663e+03
4.07485584e-07 5.53266859e+02 3.67566454e+03
4.07916638e-07 6.63713792e+02 3.71654800e+03
4.08347693e-07 6.51752400e+02 2.40645319e+03
4.08778748e-07 5.01814987e+02 2.23358769e+03
4.09209803e-07 3.90969193e+02 2.14750715e+03
4.09640857e-07 4.18793979e+02 2.17817016e+03
4.10071912e-07 4.44565709e+02 2.03183214e+03
4.10502967e-07 3.65876295e+02 1.94629906e+03
4.10934022e-07 5.81838604e+02 2.10537459e+03
4.11365076e-07 4.86340605e+02 2.08451462e+03
4.11796131e-07 4.59268608e+02 2.14876410e+03
4.12227186e-07 4.13180233e+02 2.13883643e+03
4.12658240e-07 4.43927090e+02 2.22998775e+03
4.13089295e-07 3.31281160e+02 2.19783209e+03
4.13520350e-07 4.44060017e+02 2.22421490e+03
4.13951405e-07 4.93432927e+02 2.16388529e+03
4.14382459e-07 6.24788147e+02 2.25817611e+03
4.14813514e-07 2.56977011e+02 2.00940837e+03
4.15244569e-07 1.73660663e+02 2.02319247e+03
4.15675624e-07 3.42637729e+02 2.34459098e+03
4.16106678e-07 6.30529893e+02 2.68308675e+03
4.16537733e-07 3.32285701e+02 2.60186338e+03
4.16968788e-07 4.68569892e+02 2.69091095e+03
4.17399843e-07 5.96649410e+02 2.71114843e+03
4.17830897e-07 5.44099703e+02 2.57968682e+03
4.18261952e-07 4.56760904e+02 2.37045747e+03
4.18693007e-07 4.01776606e+02 2.21035480e+03
4.19124062e-07 5.33636965e+02 2.27996324e+03
4.19555116e-07 4.97168352e+02 2.17069244e+03
4.19986171e-07 4.63925861e+02 2.07992379e+03
4.20417226e-07 6.17814557e+02 2.24451849e+03
4.20848281e-07 7.47283877e+02 2.40768818e+03
4.21279335e-07 5.89967399e+02 2.27791283e+03
4.21710390e-07 6.07756078e+02 2.24272222e+03
4.22141445e-07 5.33741741e+02 2.14275285e+03
4.22572500e-07 5.25983870e+02 2.10654704e+03
4.23003554e-07 3.84902716e+02 2.00287046e+03
4.23434609e-07 3.49901543e+02 1.93932150e+03
4.23865664e-07 6.23590367e+02 2.14035582e+03
4.24296718e-07 4.79435889e+02 2.19714471e+03
4.24727773e-07 4.87308241e+02 2.30098449e+03
4.25158828e-07 5.60905289e+02 2.38430907e+03
4.25589883e-07 4.62715284e+02 2.32183361e+03
4.26020937e-07 4.36197431e+02 2.27515684e+03
4.26451992e-07 5.78098707e+02 2.37224863e+03
4.26883047e-07 6.60470691e+02 2.42230763e+03
4.27314102e-07 6.76765421e+02 2.40960804e+03
4.27745156e-07 5.08210016e+02 2.32813802e+03
4.28176211e-07 5.44742846e+02 2.31610886e+03
4.28607266e-07 5.03309980e+02 2.22402900e+03
4.29038321e-07 5.27049486e+02 2.24107909e+03
4.29469375e-07 5.10022949e+02 2.31765832e+03
4.29900430e-07 7.05678508e+02 2.42081514e+03
4.30331485e-07 6.21171980e+02 2.35309782e+03
4.30762540e-07 7.63613361e+02 2.61056688e+03
4.31193594e-07 7.13790308e+02 2.66120564e+03
4.31624649e-07 7.30316532e+02 2.67191953e+03
4.32055704e-07 7.03040831e+02 2.65343371e+03
4.32486759e-07 6.27026942e+02 2.50028075e+03
4.32917813e-07 5.55047834e+02 2.35150889e+03
4.33348868e-07 7.92591069e+02 2.55837045e+03
4.33779923e-07 4.98180743e+02 2.30132957e+03
4.34210978e-07 5.46538774e+02 2.35695121e+03
4.34642032e-07 5.02384290e+02 2.36196255e+03
4.35073087e-07 7.19033087e+02 2.51834352e+03
4.35504142e-07 8.57960967e+02 2.61244561e+03
4.35935196e-07 9.34261681e+02 4.28131470e+03
4.36366251e-07 5.86578166e+02 3.77542051e+03
4.36797306e-07 7.67985864e+02 3.90638469e+03
4.37228361e-07 6.20267696e+02 3.95862367e+03
4.37659415e-07 6.60735801e+02 2.54530249e+03
4.38090470e-07 2.84377089e+02 2.35206539e+03
4.38521525e-07 5.49543303e+02 2.49090759e+03
4.38952580e-07 5.52098399e+02 2.39805451e+03
4.39383634e-07 6.95567987e+02 2.57768949e+03
4.39814689e-07 6.82179142e+02 2.65545318e+03
4.40245744e-07 6.77395109e+02 2.83563517e+03
4.40676799e-07 5.84866426e+02 2.95963130e+03
4.41107853e-07 8.03709957e+02 3.11775919e+03
4.41538908e-07 1.24007824e+03 3.43420594e+03
4.41969963e-07 1.02202882e+03 3.20094360e+03
4.42401018e-07 8.38741385e+02 3.07028532e+03
4.42832072e-07 8.14414414e+02 2.98789594e+03
4.43263127e-07 9.20996720e+02 3.03129218e+03
4.43694182e-07 8.65595025e+02 2.91762825e+03
4.44125237e-07 9.52455655e+02 2.94347040e+03
4.44556291e-07 8.49605213e+02 2.84013959e+03
4.44987346e-07 5.34181257e+02 2.66223714e+03
4.45418401e-07 8.43834462e+02 2.77316543e+03
4.45849456e-07 8.87590868e+02 2.74758485e+03
4.46280510e-07 6.33264593e+02 2.54010711e+03
4.46711565e-07 7.46580470e+02 2.58035560e+03
4.47142620e-07 8.32219605e+02 2.76066344e+03
4.47573674e-07 5.86703326e+02 2.59992589e+03
4.48004729e-07 8.04577693e+02 2.77662872e+03
4.48435784e-07 5.86876743e+02 2.67431831e+03
4.48866839e-07 5.60470117e+02 2.66193865e+03
4.49297893e-07 7.13605049e+02 2.78349985e+03
4.49728948e-07 8.35845037e+02 2.85203298e+03
4.50160003e-07 9.28555077e+02 2.89669129e+03
4.50591058e-07 8.13436314e+02 2.82453344e+03
4.51022112e-07 8.24916746e+02 2.84544008e+03
4.51453167e-07 9.72717792e+02 3.04371200e+03
4.51884222e-07 1.09242467e+03 3.20429876e+03
4.52315277e-07 1.03789295e+03 3.26367455e+03
4.52746331e-07 8.86335666e+02 3.26002651e+03
4.53177386e-07 8.13786278e+02 3.34382780e+03
4.53608441e-07 8.50342319e+02 3.32243179e+03
4.54039496e-07 8.56718337e+02 3.31981484e+03
4.54470550e-07 9.23041922e+02 3.43346685e+03
4.54901605e-07 1.05429237e+03 3.39440060e+03
4.55332660e-07 1.01128039e+03 3.32964587e+03
4.55763715e-07 9.69404679e+02 3.26767791e+03
4.56194769e-07 9.28940434e+02 3.09530042e+03
4.56625824e-07 9.41089877e+02 3.07504915e+03
4.57056879e-07 1.15645433e+03 3.25587953e+03
4.57487934e-07 9.79049750e+02 3.28176885e+03
4.57918988e-07 9.33623868e+02 3.34905310e+03
4.58350043e-07 1.13522536e+03 3.52048497e+03
4.58781098e-07 8.81652986e+02 3.26104483e+03
4.59212152e-07 6.72113899e+02 3.06780830e+03
4.59643207e-07 7.53237791e+02 3.02396523e+03
4.60074262e-07 7.56179035e+02 3.04230651e+03
4.60505317e-07 7.42352648e+02 3.02718984e+03
4.60936371e-07 8.80222614e+02 3.14199496e+03
4.61367426e-07 1.04845205e+03 3.23850932e+03
4.61798481e-07 1.17904397e+03 3.34276345e+03
4.62229536e-07 1.03780336e+03 3.19696524e+03
4.62660590e-07 6.24653077e+02 3.01079112e+03
4.63091645e-07 8.50621267e+02 3.06771613e+03
4.63522700e-07 8.10793611e+02 3.05229216e+03
4.63953755e-07 7.90361570e+02 3.02362510e+03
4.64384809e-07 8.15371453e+02 3.02226743e+03
4.64815864e-07 8.65451200e+02 3.13556938e+03
4.65246919e-07 1.11673032e+03 3.38975773e+03
4.65677974e-07 1.23674824e+03 3.57717370e+03
4.66109028e-07 1.09275985e+03 3.53238327e+03
4.66540083e-07 8.92794639e+02 3.38096748e+03
4.66971138e-07 1.05638066e+03 3.44196841e+03
4.67402193e-07 1.16665362e+03 3.59903262e+03
4.67833247e-07 1.26427788e+03 3.74655553e+03
4.68264302e-07 7.61707282e+02 3.44622375e+03
4.68695357e-07 1.23990230e+03 3.66469252e+03
4.69126412e-07 1.31666459e+03 3.64678266e+03
4.69557466e-07 9.13296880e+02 3.40125564e+03
4.69988521e-07 1.21225414e+03 3.46566798e+03
4.70419576e-07 1.13822590e+03 3.52217973e+03
4.70850630e-07 1.13444138e+03 3.61575548e+03
4.71281685e-07 1.21480347e+03 3.61512213e+03
4.71712740e-07 1.17704075e+03 3.55577707e+03
4.72143795e-07 1.23815154e+03 3.60536819e+03
4.72574849e-07 1.24336104e+03 3.50087454e+03
4.73005904e-07 1.08549681e+03 3.35256640e+03
4.73436959e-07 1.14983188e+03 3.47131318e+03
4.73868014e-07 1.35617682e+03 3.59823438e+03
4.74299068e-07 1.30091776e+03 3.47898919e+03
4.74730123e-07 1.00717067e+03 3.35401495e+03
4.75161178e-07 1.27112126e+03 3.55777794e+03
4.75592233e-07 1.34768803e+03 3.61843738e+03
4.76023287e-07 1.16797418e+03 3.45031143e+03
4.76454342e-07 1.13255167e+03 3.51838076e+03
4.76885397e-07 1.22382194e+03 3.47477235e+03
4.77316452e-07 1.25436208e+03 3.52699132e+03
4.77747506e-07 1.28591639e+03 3.59088373e+03
4.78178561e-07 1.43346288e+03 3.63389977e+03
4.78609616e-07 1.09478220e+03 3.49636922e+03
4.79040671e-07 1.29193480e+03 3.66848154e+03
4.79471725e-07 1.14026308e+03 3.61321645e+03
4.79902780e-07 1.18762447e+03 3.61657954e+03
4.80333835e-07 1.34967463e+03 3.74721256e+03
4.80764890e-07 1.45605157e+03 3.83617806e+03
4.81195944e-07 1.40400049e+03 3.97061195e+03
4.81626999e-07 1.36903479e+03 4.08541268e+03
4.82058054e-07 1.44381243e+03 4.27975990e+03
4.82489109e-07 1.36022202e+03 4.29987116e+03
4.82920163e-07 1.59863314e+03 4.43543078e+03
4.83351218e-07 1.42092489e+03 4.36492970e+03
4.83782273e-07 1.67746622e+03 4.37709066e+03
4.84213327e-07 1.71908815e+03 4.42446643e+03
4.84644382e-07 1.51471862e+03 4.24293512e+03
4.85075437e-07 1.61495564e+03 4.07997335e+03
4.85506492e-07 1.29028988e+03 3.78913736e+03
4.85937546e-07 1.64297625e+03 3.96771294e+03
4.86368601e-07 1.50953140e+03 3.93849603e+03
4.86799656e-07 1.62464422e+03 3.82956305e+03
4.87230711e-07 1.71633128e+03 4.09287050e+03
4.87661765e-07 1.51045333e+03 4.06022501e+03
4.88092820e-07 1.05369106e+03 3.96868203e+03
4.88523875e-07 1.18987578e+03 3.96056411e+03
4.88954930e-07 1.32226692e+03 4.01051441e+03
4.89385984e-07 1.33963620e+03 3.98239800e+03
4.89817039e-07 1.48062763e+03 4.08522595e+03
4.90248094e-07 1.22187011e+03 3.84873230e+03
4.90679149e-07 1.58242898e+03 4.06993092e+03
4.91110203e-07 1.43455382e+03 3.99583042e+03
4.91541258e-07 1.54546579e+03 4.03944743e+03
4.91972313e-07 1.53577005e+03 3.99923195e+03
4.92403368e-07 1.65055148e+03 4.06133032e+03
4.92834422e-07 1.57543740e+03 4.04925591e+03
4.93265477e-07 1.59633738e+03 4.07785898e+03
4.93696532e-07 1.79007891e+03 4.16679374e+03
4.94127587e-07 1.29489960e+03 3.88109850e+03
4.94558641e-07 1.39972956e+03 4.02102346e+03
4.94989696e-07 1.53327873e+03 4.15896022e+03
4.95420751e-07 1.22991447e+03 3.93748452e+03
4.95851805e-07 1.39372232e+03 4.10856015e+03
4.96282860e-07 1.58315781e+03 4.24268726e+03
4.96713915e-07 1.63394084e+03 4.27576910e+03
4.97144970e-07 1.61001777e+03 4.32274037e+03
4.97576024e-07 1.50946494e+03 4.17538322e+03
4.98007079e-07 1.59562455e+03 4.24878624e+03
4.98438134e-07 1.69479086e+03 4.26154838e+03
4.98869189e-07 1.57758152e+03 4.28780190e+03
4.99300243e-07 1.79588623e+03 4.42538675e+03
4.99731298e-07 1.89369296e+03 4.54834284e+03
5.00162353e-07 1.81101197e+03 4.50204437e+03
5.00593408e-07 1.43104271e+03 6.74906729e+03
5.01024462e-07 1.91038589e+03 7.02595904e+03
5.01455517e-07 1.27003359e+03 6.49984735e+03
5.01886572e-07 1.20527880e+03 6.50587490e+03
5.02317627e-07 1.69462008e+03 4.31464267e+03
5.02748681e-07 1.70144859e+03 4.35651487e+03
5.03179736e-07 1.39423013e+03 4.11200385e+03
5.03610791e-07 1.31101724e+03 4.06270291e+03
5.04041846e-07 1.30687768e+03 4.05481061e+03
5.04472900e-07 1.49504033e+03 4.36019738e+03
5.04903955e-07 1.49693831e+03 4.19336183e+03
5.05335010e-07 1.61862642e+03 4.32066843e+03
5.05766065e-07 1.61836026e+03 4.32815850e+03
5.06197119e-07 1.53857215e+03 4.25367156e+03
5.06628174e-07 1.58603957e+03 4.28906678e+03
5.07059229e-07 1.64356897e+03 4.30707293e+03
5.07490283e-07 1.60354838e+03 4.27911893e+03
5.07921338e-07 1.55963260e+03 4.20722486e+03
5.08352393e-07 1.70045585e+03 4.32656822e+03
5.08783448e-07 1.61604163e+03 4.27088254e+03
5.09214502e-07 1.61475262e+03 4.31455078e+03
5.09645557e-07 1.84295344e+03 4.40010585e+03
5.10076612e-07 1.62397625e+03 4.29841914e+03
5.10507667e-07 2.02648769e+03 4.50502038e+03
5.10938721e-07 1.53799206e+03 4.33624540e+03
5.11369776e-07 1.81668366e+03 4.43387378e+03
5.11800831e-07 1.62504750e+03 4.46471480e+03
5.12231886e-07 1.70905261e+03 4.45869703e+03
5.12662940e-07 1.92290459e+03 4.57224565e+03
5.13093995e-07 1.69331726e+03 4.56728059e+03
5.13525050e-07 2.01725563e+03 4.98704662e+03
5.13956105e-07 1.75738286e+03 4.86672733e+03
5.14387159e-07 1.85779578e+03 4.91699875e+03
5.14818214e-07 2.15062327e+03 5.05286799e+03
5.15249269e-07 2.03586272e+03 5.02477850e+03
5.15680324e-07 1.89255462e+03 4.94674014e+03
5.16111378e-07 1.83305536e+03 4.92669805e+03
5.16542433e-07 1.79674851e+03 4.76592524e+03
5.16973488e-07 1.96505534e+03 4.69668087e+03
5.17404543e-07 1.99617545e+03 4.74819856e+03
5.17835597e-07 1.79858239e+03 4.62405948e+03
5.18266652e-07 2.10897785e+03 4.80739712e+03
5.18697707e-07 1.88535128e+03 4.69393682e+03
5.19128761e-07 2.01137168e+03 4.96677768e+03
5.19559816e-07 2.01104440e+03 5.49235581e+03
5.19990871e-07 1.94636289e+03 5.53132377e+03
5.20421926e-07 2.49304769e+03 5.36826201e+03
5.20852980e-07 1.97933231e+03 4.85440568e+03
5.21284035e-07 1.95512322e+03 4.83272880e+03
5.21715090e-07 2.47056607e+03 5.25161109e+03
5.22146145e-07 2.31167803e+03 5.19930392e+03
5.22577199e-07 1.95738357e+03 5.03544085e+03
5.23008254e-07 2.02137102e+03 4.98781339e+03
5.23439309e-07 2.24701276e+03 5.13188179e+03
5.23870364e-07 2.08371713e+03 5.02393776e+03
5.24301418e-07 2.01422242e+03 4.95480933e+03
5.24732473e-07 2.29024481e+03 5.04476822e+03
5.25163528e-07 2.19963309e+03 5.02858992e+03
5.25594583e-07 2.05786456e+03 4.98101381e+03
5.26025637e-07 2.16971212e+03 4.88302831e+03
5.26456692e-07 2.15188523e+03 4.80920692e+03
5.26887747e-07 2.45699220e+03 5.04050309e+03
5.27318802e-07 2.71810746e+03 5.30197859e+03
5.27749856e-07 2.52490522e+03 5.29848091e+03
5.28180911e-07 2.50481101e+03 5.26554102e+03
5.28611966e-07 2.44951555e+03 5.17385116e+03
5.29043021e-07 2.24954361e+03 5.20192087e+03
5.29474075e-07 2.23790273e+03 5.20787677e+03
5.29905130e-07 2.08804598e+03 5.14814753e+03
5.30336185e-07 2.20157933e+03 5.28735496e+03
5.30767239e-07 2.68673420e+03 5.59452598e+03
5.31198294e-07 2.28566381e+03 5.42094397e+03
5.31629349e-07 1.94560278e+03 5.25427777e+03
5.32060404e-07 2.27643486e+03 5.42726848e+03
5.32491458e-07 2.25120428e+03 5.49577690e+03
5.32922513e-07 2.44162159e+03 5.65994858e+03
5.33353568e-07 2.62970619e+03 5.69879525e+03
5.33784623e-07 2.75151980e+03 5.65624821e+03
5.34215677e-07 2.48442811e+03 5.54266912e+03
5.34646732e-07 2.49891960e+03 5.55818784e+03
5.35077787e-07 2.85475794e+03 5.73949051e+03
5.35508842e-07 2.48896828e+03 5.45850047e+03
5.35939896e-07 2.33827885e+03 5.34665864e+03
5.36370951e-07 2.39651634e+03 5.33785194e+03
5.36802006e-07 1.76045136e+03 5.17001475e+03
5.37233061e-07 1.97158330e+03 5.30256750e+03
5.37664115e-07 2.43905942e+03 5.48866018e+03
5.38095170e-07 2.52571897e+03 5.51152821e+03
5.38526225e-07 2.48404887e+03 5.47944597e+03
5.38957280e-07 2.55148161e+03 5.50531701e+03
5.39388334e-07 2.48084596e+03 5.38250896e+03
5.39819389e-07 2.47479595e+03 5.34470466e+03
5.40250444e-07 2.73651020e+03 5.42380050e+03
5.40681499e-07 2.52556786e+03 5.46725963e+03
5.41112553e-07 2.23238780e+03 5.28114627e+03
5.41543608e-07 2.33094537e+03 5.34245381e+03
5.41974663e-07 2.75149446e+03 5.52716099e+03
5.42405717e-07 2.84899864e+03 5.61365965e+03
5.42836772e-07 2.50130909e+03 5.39547700e+03
5.43267827e-07 2.29540861e+03 5.45600018e+03
5.43698882e-07 2.53325522e+03 5.59223188e+03
5.44129936e-07 2.61429822e+03 5.57795775e+03
5.44560991e-07 2.63097027e+03 5.60580423e+03
5.44992046e-07 2.40297387e+03 5.51468296e+03
5.45423101e-07 2.24994728e+03 5.45453150e+03
5.45854155e-07 2.49373734e+03 5.64482026e+03
5.46285210e-07 2.71126378e+03 5.73304896e+03
5.46716265e-07 2.28743260e+03 5.56055460e+03
5.47147320e-07 2.23974728e+03 5.54632001e+03
5.47578374e-07 1.95365334e+03 5.44036703e+03
5.48009429e-07 2.46845894e+03 5.53664717e+03
5.48440484e-07 2.63498334e+03 5.77757711e+03
5.48871539e-07 2.36342203e+03 5.52435095e+03
5.49302593e-07 2.55018094e+03 5.64158962e+03
5.49733648e-07 2.85745430e+03 5.95479900e+03
5.50164703e-07 2.54905856e+03 5.93635967e+03
5.50595758e-07 2.45491871e+03 5.89475048e+03
5.51026812e-07 2.59119719e+03 5.92497097e+03
5.51457867e-07 2.77071875e+03 6.07410645e+03
5.51888922e-07 2.95371129e+03 6.19939301e+03
5.52319977e-07 2.85099969e+03 6.03320310e+03
5.52751031e-07 2.88577614e+03 6.00282535e+03
5.53182086e-07 2.82359735e+03 5.99388261e+03
5.53613141e-07 2.77368764e+03 6.04359797e+03
5.54044196e-07 3.25449537e+03 6.41215737e+03
5.54475250e-07 3.18388197e+03 6.59855121e+03
5.54906305e-07 2.85013086e+03 6.37712475e+03
5.55337360e-07 2.87743675e+03 6.27900848e+03
5.55768414e-07 2.60488331e+03 9.09757496e+03
5.56199469e-07 1.86783314e+03 8.41917463e+03
5.56630524e-07 4.47227090e+03 1.28639867e+04
5.57061579e-07 3.53117062e+04 8.41757205e+04
5.57492633e-07 2.27667731e+04 1.98894799e+05
5.57923688e-07 1.68788115e+04 1.74388580e+05
5.58354743e-07 1.83553557e+04 6.42955870e+04
5.58785798e-07 8.05649184e+03 1.48776577e+04
5.59216852e-07 4.02989406e+03 7.26547097e+03
5.59647907e-07 3.30822171e+03 6.84055837e+03
5.60078962e-07 3.62356709e+03 6.87491762e+03
5.60510017e-07 3.12523184e+03 6.68393941e+03
5.60941071e-07 3.00231987e+03 6.54326793e+03
5.61372126e-07 3.12705944e+03 6.45428309e+03
5.61803181e-07 3.11418009e+03 6.43759515e+03
5.62234236e-07 2.96367059e+03 6.40645808e+03
5.62665290e-07 2.90565091e+03 6.22401050e+03
5.63096345e-07 3.12338233e+03 6.35419375e+03
5.63527400e-07 3.01564350e+03 6.32787308e+03
5.63958455e-07 2.69676528e+03 6.20579858e+03
5.64389509e-07 2.83666695e+03 6.26702884e+03
5.64820564e-07 2.97224264e+03 6.26068483e+03
5.65251619e-07 2.61258066e+03 5.99600211e+03
5.65682674e-07 2.38317734e+03 5.83158520e+03
5.66113728e-07 2.50398421e+03 5.93257887e+03
5.66544783e-07 2.56425778e+03 6.01825011e+03
5.66975838e-07 2.79729571e+03 6.19032676e+03
5.67406892e-07 2.56418046e+03 6.10821907e+03
5.67837947e-07 2.56519805e+03 6.18497155e+03
5.68269002e-07 2.86545968e+03 6.36048305e+03
5.68700057e-07 3.10922080e+03 6.56284034e+03
5.69131111e-07 2.68458241e+03 6.28963903e+03
5.69562166e-07 2.30862221e+03 6.24108715e+03
5.69993221e-07 2.85933523e+03 6.59678053e+03
5.70424276e-07 2.92210384e+03 6.57490071e+03
5.70855330e-07 3.11544519e+03 6.70613787e+03
5.71286385e-07 3.13132801e+03 6.63615405e+03
5.71717440e-07 2.94495078e+03 6.45616974e+03
5.72148495e-07 3.13132733e+03 9.80375246e+03
5.72579549e-07 3.13010767e+03 9.76088283e+03
5.73010604e-07 2.67344211e+03 9.22539105e+03
5.73441659e-07 3.26032489e+03 9.74858084e+03
5.73872714e-07 3.24683078e+03 6.62924817e+03
5.74303768e-07 2.97086826e+03 6.35079124e+03
5.74734823e-07 2.82018763e+03 6.29937842e+03
5.75165878e-07 2.79097081e+03 6.27937456e+03
5.75596933e-07 2.93401288e+03 6.40106222e+03
5.76027987e-07 2.72979043e+03 6.36017575e+03
5.76459042e-07 2.73616263e+03 6.45047043e+03
5.76890097e-07 3.21336142e+03 6.70065631e+03
5.77321152e-07 2.82904964e+03 6.45528687e+03
5.77752206e-07 2.91595833e+03 6.45091321e+03
5.78183261e-07 3.68221012e+03 6.81675296e+03
5.78614316e-07 3.42029063e+03 6.71358658e+03
5.79045370e-07 3.38848190e+03 6.82369016e+03
5.79476425e-07 3.58036203e+03 6.87051650e+03
5.79907480e-07 2.94632575e+03 6.56964441e+03
5.80338535e-07 2.61063064e+03 6.36648944e+03
5.80769589e-07 2.81150726e+03 6.41632392e+03
5.81200644e-07 2.99396524e+03 6.56588004e+03
5.81631699e-07 3.20471568e+03 6.66751584e+03
5.82062754e-07 3.21469268e+03 6.72306529e+03
5.82493808e-07 2.87957830e+03 6.45177823e+03
5.82924863e-07 2.60036472e+03 6.43250362e+03
5.83355918e-07 2.95551697e+03 6.52946081e+03
5.83786973e-07 3.08061564e+03 6.57894894e+03
5.84218027e-07 2.83181311e+03 6.50188349e+03
5.84649082e-07 2.82640357e+03 6.54299961e+03
5.85080137e-07 3.25509266e+03 6.62374486e+03
5.85511192e-07 3.54976803e+03 6.77752400e+03
5.85942246e-07 3.36594500e+03 7.00378728e+03
5.86373301e-07 2.68986067e+03 7.35659624e+03
5.86804356e-07 3.12474021e+03 7.74783788e+03
5.87235411e-07 3.22195547e+03 7.29778574e+03
5.87666465e-07 2.82602025e+03 6.80465097e+03
5.88097520e-07 4.04771266e+03 8.60587228e+03
5.88528575e-07 4.47624524e+03 1.34916164e+04
5.88959630e-07 4.36441663e+03 1.77262775e+04
5.89390684e-07 4.04592269e+03 1.63652716e+04
5.89821739e-07 4.08371118e+03 1.17719352e+04
5.90252794e-07 2.98639884e+03 8.09196800e+03
5.90683848e-07 3.15167377e+03 7.45799098e+03
5.91114903e-07 3.69008754e+03 7.87544173e+03
5.91545958e-07 3.05831182e+03 7.51794690e+03
5.91977013e-07 2.96491107e+03 7.26007596e+03
5.92408067e-07 3.65981997e+03 7.65805219e+03
5.92839122e-07 3.48038457e+03 7.83508011e+03
5.93270177e-07 2.95252194e+03 7.65076879e+03
5.93701232e-07 2.67964488e+03 7.24304307e+03
5.94132286e-07 3.19413578e+03 7.25362766e+03
5.94563341e-07 3.24411552e+03 7.31829091e+03
5.94994396e-07 3.46268958e+03 7.83048042e+03
5.95425451e-07 3.37106973e+03 7.79733148e+03
5.95856505e-07 3.67467793e+03 7.57224785e+03
5.96287560e-07 3.27135956e+03 7.26649899e+03
5.96718615e-07 2.85089488e+03 7.13405999e+03
5.97149670e-07 3.37492960e+03 7.58422602e+03
5.97580724e-07 3.52226706e+03 7.77387604e+03
5.98011779e-07 3.28925297e+03 7.47715744e+03
5.98442834e-07 3.19726355e+03 7.25985324e+03
5.98873889e-07 2.80713987e+03 6.76660246e+03
5.99304943e-07 3.25977245e+03 7.02677831e+03
5.99735998e-07 3.05766543e+03 7.04252769e+03
6.00167053e-07 3.03594539e+03 7.12039688e+03
6.00598108e-07 2.88449416e+03 6.83171156e+03
6.01029162e-07 2.86634841e+03 6.71295457e+03
6.01460217e-07 3.24275881e+03 6.85893453e+03
6.01891272e-07 3.27822959e+03 6.89137976e+03
6.02322326e-07 3.05756470e+03 6.73991811e+03
6.02753381e-07 2.86970662e+03 6.63976338e+03
6.03184436e-07 3.00882355e+03 6.87232423e+03
6.03615491e-07 3.38927658e+03 7.01578944e+03
6.04046545e-07 2.86591985e+03 6.67662731e+03
6.04477600e-07 2.75023295e+03 6.61638625e+03
6.04908655e-07 3.16748891e+03 6.71029329e+03
6.05339710e-07 3.49846339e+03 6.95771188e+03
6.05770764e-07 3.19610963e+03 6.77866243e+03
6.06201819e-07 3.08509000e+03 6.82530628e+03
6.06632874e-07 2.54733018e+03 6.54357995e+03
6.07063929e-07 2.65058542e+03 6.48100745e+03
6.07494983e-07 2.92274609e+03 6.59174844e+03
6.07926038e-07 3.28006309e+03 6.69969317e+03
6.08357093e-07 3.18528319e+03 6.67986188e+03
6.08788148e-07 3.22596783e+03 6.70429591e+03
6.09219202e-07 3.73230270e+03 7.04037213e+03
6.09650257e-07 3.30874125e+03 6.77666870e+03
6.10081312e-07 3.33660096e+03 6.85223117e+03
6.10512367e-07 2.96518459e+03 6.66081175e+03
6.10943421e-07 3.35728137e+03 6.80245067e+03
6.11374476e-07 3.04687134e+03 6.52341181e+03
6.11805531e-07 3.28664122e+03 6.73242342e+03
6.12236586e-07 3.57915753e+03 6.92560509e+03
6.12667640e-07 3.94241216e+03 7.07102987e+03
6.13098695e-07 3.79344692e+03 7.16887987e+03
6.13529750e-07 3.44510464e+03 7.06501747e+03
6.13960804e-07 3.00202815e+03 7.00882307e+03
6.14391859e-07 3.82749767e+03 7.37242952e+03
6.14822914e-07 3.54271636e+03 7.09966566e+03
6.15253969e-07 3.53334694e+03 7.06736312e+03
6.15685023e-07 2.79365736e+03 6.69891797e+03
6.16116078e-07 3.12794398e+03 6.80511720e+03
6.16547133e-07 2.79933452e+03 6.71517091e+03
6.16978188e-07 3.87216021e+03 7.40997640e+03
6.17409242e-07 3.52642805e+03 7.13911261e+03
6.17840297e-07 3.54297448e+03 6.97397364e+03
6.18271352e-07 3.77046910e+03 6.95778797e+03
6.18702407e-07 3.76075261e+03 7.07537716e+03
6.19133461e-07 3.18650780e+03 6.77634496e+03
6.19564516e-07 3.50887629e+03 6.93817296e+03
6.19995571e-07 3.65436262e+03 7.18963739e+03
6.20426626e-07 3.87552953e+03 7.30745855e+03
6.20857680e-07 4.14444620e+03 7.29419197e+03
6.21288735e-07 3.97760346e+03 7.20320252e+03
6.21719790e-07 3.47166237e+03 7.18569819e+03
6.22150845e-07 4.37638581e+03 7.65008985e+03
6.22581899e-07 3.73044563e+03 7.32117424e+03
6.23012954e-07 3.70823359e+03 8.10778437e+03
6.23444009e-07 3.63183174e+03 9.20202179e+03
6.23875064e-07 3.67276814e+03 8.91393600e+03
6.24306118e-07 3.82242844e+03 8.10161578e+03
6.24737173e-07 3.41016436e+03 7.20261478e+03
6.25168228e-07 4.20036322e+03 7.96672843e+03
6.25599283e-07 4.08057284e+03 8.89417735e+03
6.26030337e-07 3.42186029e+03 8.48956716e+03
6.26461392e-07 3.71676384e+03 8.02965085e+03
6.26892447e-07 3.81326407e+03 7.64671674e+03
6.27323501e-07 4.04095650e+03 7.45765694e+03
6.27754556e-07 3.65578208e+03 7.23597604e+03
6.28185611e-07 3.37787618e+03 7.57050449e+03
6.28616666e-07 4.18657168e+03 8.61189968e+03
6.29047720e-07 4.70159238e+03 1.00942109e+04
6.29478775e-07 7.32915899e+03 2.22261373e+04
6.29909830e-07 7.56027020e+03 3.42761640e+04
6.30340885e-07 4.85263548e+03 2.38785343e+04
6.30771939e-07 5.34303076e+03 1.25002298e+04
6.31202994e-07 3.52211538e+03 7.63824140e+03
6.31634049e-07 3.47763492e+03 7.18650878e+03
6.32065104e-07 4.19062694e+03 7.91245984e+03
6.32496158e-07 3.72171385e+03 8.19858574e+03
6.32927213e-07 3.34953196e+03 8.31214843e+03
6.33358268e-07 4.20633071e+03 7.93278859e+03
6.33789323e-07 3.57928335e+03 7.06638959e+03
6.34220377e-07 4.08958643e+03 7.46920824e+03
6.34651432e-07 3.83520553e+03 7.65412834e+03
6.35082487e-07 3.95384328e+03 7.99643355e+03
6.35513542e-07 4.80397253e+03 9.75084284e+03
6.35944596e-07 5.42041288e+03 1.44319569e+04
6.36375651e-07 4.34150271e+03 1.56731040e+04
6.36806706e-07 4.14451963e+03 1.08254220e+04
6.37237761e-07 4.82029363e+03 8.20974042e+03
6.37668815e-07 3.19100811e+03 7.00028245e+03
6.38099870e-07 4.02127031e+03 7.68464776e+03
6.38530925e-07 3.62848709e+03 7.64320327e+03
6.38961979e-07 3.54815779e+03 7.31657602e+03
6.39393034e-07 3.58312979e+03 6.92819302e+03
6.39824089e-07 3.63084697e+03 6.98430316e+03
6.40255144e-07 3.67356394e+03 6.93479264e+03
6.40686198e-07 3.65094975e+03 6.86432059e+03
6.41117253e-07 3.53392116e+03 7.04224735e+03
6.41548308e-07 3.94747646e+03 7.33951267e+03
6.41979363e-07 3.53663607e+03 7.09662929e+03
6.42410417e-07 3.76695110e+03 7.07434585e+03
6.42841472e-07 2.95180524e+03 6.60699490e+03
6.43272527e-07 3.89173538e+03 6.94682695e+03
6.43703582e-07 3.96484344e+03 6.89411389e+03
6.44134636e-07 3.96405729e+03 7.01165745e+03
6.44565691e-07 3.58617947e+03 7.04972866e+03
6.44996746e-07 4.21639013e+03 7.45147240e+03
6.45427801e-07 4.83067792e+03 7.99747413e+03
6.45858855e-07 4.15753484e+03 8.02288602e+03
6.46289910e-07 4.12120632e+03 8.64369122e+03
6.46720965e-07 4.12224757e+03 8.80204427e+03
6.47152020e-07 3.74749634e+03 8.08827099e+03
6.47583074e-07 4.20493515e+03 7.72828973e+03
6.48014129e-07 3.82111405e+03 7.15232685e+03
6.48445184e-07 4.04358050e+03 7.03048565e+03
6.48876239e-07 4.63457972e+03 1.09198378e+04
6.49307293e-07 4.31570287e+03 1.18369927e+04
6.49738348e-07 3.72590185e+03 1.29060872e+04
6.50169403e-07 3.33787658e+03 1.25088970e+04
6.50600457e-07 3.70134747e+03 7.78451930e+03
6.51031512e-07 3.92133167e+03 7.22745342e+03
6.51462567e-07 3.46581601e+03 7.04593180e+03
6.51893622e-07 4.25633928e+03 7.57346307e+03
6.52324676e-07 4.07967982e+03 7.58373831e+03
6.52755731e-07 4.18414538e+03 8.14325588e+03
6.53186786e-07 4.01583079e+03 8.58525839e+03
6.53617841e-07 3.77834045e+03 8.07012182e+03
6.54048895e-07 4.05139308e+03 7.95481339e+03
6.54479950e-07 4.33288367e+03 8.13818925e+03
6.54911005e-07 4.29758135e+03 8.70282262e+03
6.55342060e-07 4.42241638e+03 9.04415352e+03
6.55773114e-07 4.19654183e+03 8.26760767e+03
6.56204169e-07 4.06027898e+03 7.85458347e+03
6.56635224e-07 4.06528346e+03 7.94761625e+03
6.57066279e-07 4.29033659e+03 8.28011716e+03
6.57497333e-07 4.10340767e+03 8.64353592e+03
6.57928388e-07 3.92984310e+03 8.25422542e+03
6.58359443e-07 3.97291379e+03 7.52921398e+03
6.58790498e-07 3.51150902e+03 6.93035801e+03
6.59221552e-07 3.22167395e+03 7.09801507e+03
6.59652607e-07 4.00472017e+03 7.71226890e+03
6.60083662e-07 4.54529972e+03 8.13875049e+03
6.60514717e-07 4.04447037e+03 7.69734440e+03
6.60945771e-07 4.37150117e+03 7.45244379e+03
6.61376826e-07 4.24310921e+03 7.14093380e+03
6.61807881e-07 3.65074977e+03 6.84300494e+03
6.62238935e-07 3.99606943e+03 7.12266866e+03
6.62669990e-07 3.97073809e+03 7.32382063e+03
6.63101045e-07 4.06872206e+03 7.57113864e+03
6.63532100e-07 4.10349155e+03 7.44637856e+03
6.63963154e-07 3.79681019e+03 7.01179768e+03
6.64394209e-07 3.73009586e+03 6.85122530e+03
6.64825264e-07 4.09638334e+03 7.05193165e+03
6.65256319e-07 3.56609379e+03 6.87111895e+03
6.65687373e-07 3.87249102e+03 7.08176957e+03
6.66118428e-07 4.42368771e+03 7.39212482e+03
6.66549483e-07 3.65459619e+03 7.06056425e+03
6.66980538e-07 3.46642271e+03 6.86643591e+03
6.67411592e-07 3.72687627e+03 6.88616135e+03
6.67842647e-07 4.06025187e+03 6.94242595e+03
6.68273702e-07 4.11128415e+03 7.02389888e+03
6.68704757e-07 3.94452823e+03 7.03849755e+03
6.69135811e-07 3.90637544e+03 6.97562811e+03
6.69566866e-07 3.89967573e+03 7.08244340e+03
6.69997921e-07 4.39310749e+03 7.48990919e+03
6.70428976e-07 4.95993233e+03 7.61783787e+03
6.70860030e-07 4.40284860e+03 7.29000311e+03
6.71291085e-07 4.03981821e+03 7.12740691e+03
6.71722140e-07 4.22463581e+03 7.19377426e+03
6.72153195e-07 4.06568781e+03 7.05828266e+03
6.72584249e-07 3.48259985e+03 6.73984645e+03
6.73015304e-07 3.76649197e+03 6.95014539e+03
6.73446359e-07 4.19728671e+03 7.17151922e+03
6.73877413e-07 4.06303165e+03 7.24903832e+03
6.74308468e-07 3.99514818e+03 7.28373202e+03
6.74739523e-07 4.02787258e+03 7.11297432e+03
6.75170578e-07 4.01560050e+03 7.02852660e+03
6.75601632e-07 3.98948227e+03 6.88482328e+03
6.76032687e-07 4.00632194e+03 6.93748649e+03
6.76463742e-07 3.32675134e+03 6.68268476e+03
6.76894797e-07 3.85932669e+03 6.83744125e+03
6.77325851e-07 4.65349358e+03 7.18714763e+03
6.77756906e-07 4.27549233e+03 7.11095638e+03
6.78187961e-07 4.37293993e+03 7.05443702e+03
6.78619016e-07 4.01632155e+03 6.97541866e+03
6.79050070e-07 3.83399509e+03 6.69497065e+03
6.79481125e-07 3.82533002e+03 6.70763388e+03
6.79912180e-07 3.89305664e+03 6.82066195e+03
6.80343235e-07 3.91279056e+03 6.82510321e+03
6.80774289e-07 4.36978024e+03 7.03119846e+03
6.81205344e-07 4.19781817e+03 6.80650128e+03
6.81636399e-07 4.08793536e+03 6.77464744e+03
6.82067454e-07 4.79308123e+03 7.93826970e+03
6.82498508e-07 5.10915493e+03 1.05392032e+04
6.82929563e-07 4.52008738e+03 1.22457247e+04
6.83360618e-07 4.47243747e+03 1.15721878e+04
6.83791673e-07 5.47233783e+03 9.81612779e+03
6.84222727e-07 5.01404944e+03 8.29060647e+03
6.84653782e-07 4.42785066e+03 7.47580852e+03
6.85084837e-07 4.00224740e+03 7.13552983e+03
6.85515891e-07 4.60557586e+03 8.08802351e+03
6.85946946e-07 5.14466953e+03 1.12857719e+04
6.86378001e-07 3.55745583e+03 1.16959214e+04
6.86809056e-07 3.42827695e+03 8.26510965e+03
6.87240110e-07 3.81609366e+03 6.73875558e+03
6.87671165e-07 3.84509473e+03 7.04395426e+03
6.88102220e-07 3.64233391e+03 7.55491831e+03
6.88533275e-07 3.59065286e+03 7.55608704e+03
6.88964329e-07 3.37085240e+03 7.34267140e+03
6.89395384e-07 3.58405816e+03 7.10477363e+03
6.89826439e-07 3.38681272e+03 7.23666487e+03
6.90257494e-07 4.09698433e+03 7.49568842e+03
6.90688548e-07 4.02991908e+03 7.71037175e+03
6.91119603e-07 3.76876098e+03 8.19414715e+03
6.91550658e-07 4.99153008e+03 8.74970056e+03
6.91981713e-07 4.39044625e+03 9.32152372e+03
6.92412767e-07 4.03974422e+03 9.15866540e+03
6.92843822e-07 4.15501427e+03 7.52435952e+03
6.93274877e-07 4.36130705e+03 7.28937249e+03
6.93705932e-07 3.73828949e+03 8.03711327e+03
6.94136986e-07 4.87051380e+03 8.84409887e+03
6.94568041e-07 3.98841032e+03 9.56957026e+03
6.94999096e-07 4.40410449e+03 9.66871984e+03
6.95430151e-07 3.95993565e+03 7.79890305e+03
6.95861205e-07 4.03332722e+03 7.27050925e+03
6.96292260e-07 4.29465342e+03 7.68914421e+03
6.96723315e-07 4.26046120e+03 8.11089410e+03
6.97154370e-07 4.33975562e+03 8.63676856e+03
6.97585424e-07 3.69548977e+03 9.06877247e+03
6.98016479e-07 3.67078394e+03 8.54746165e+03
6.98447534e-07 3.72095056e+03 7.31614512e+03
6.98878588e-07 3.77968272e+03 6.97517571e+03
6.99309643e-07 3.71482703e+03 6.84824120e+03
6.99740698e-07 3.47621233e+03 6.99840134e+03
7.00171753e-07 3.98213272e+03 7.50270311e+03
7.00602807e-07 3.59530688e+03 7.58552411e+03
7.01033862e-07 3.07084783e+03 7.33646827e+03
7.01464917e-07 4.08966649e+03 7.21814675e+03
7.01895972e-07 3.71807987e+03 6.52445687e+03
7.02327026e-07 3.72368194e+03 6.61680910e+03
7.02758081e-07 3.37787974e+03 6.45593146e+03
7.03189136e-07 4.37178309e+03 6.93909221e+03
7.03620191e-07 4.10475358e+03 6.93196667e+03
7.04051245e-07 4.00973139e+03 7.43057190e+03
7.04482300e-07 3.86126224e+03 8.20318232e+03
7.04913355e-07 3.86686564e+03 8.47254065e+03
7.05344410e-07 3.56356488e+03 7.36119525e+03
7.05775464e-07 4.33788110e+03 7.42704640e+03
7.06206519e-07 4.37898541e+03 7.49211052e+03
7.06637574e-07 4.14342606e+03 7.53568377e+03
7.07068629e-07 3.98636788e+03 7.50992103e+03
7.07499683e-07 4.41340372e+03 7.74156464e+03
7.07930738e-07 3.74718320e+03 7.47350999e+03
7.08361793e-07 4.43570792e+03 7.84127554e+03
7.08792848e-07 3.82202316e+03 7.64212526e+03
7.09223902e-07 3.80608116e+03 7.24298101e+03
7.09654957e-07 4.08088420e+03 7.07381031e+03
7.10086012e-07 3.70763641e+03 6.74425174e+03
7.10517066e-07 3.45115345e+03 6.74890764e+03
7.10948121e-07 3.82783393e+03 6.83631982e+03
7.11379176e-07 3.89758526e+03 6.74446935e+03
7.11810231e-07 4.24077764e+03 7.00023691e+03
7.12241285e-07 4.66164601e+03 7.31037346e+03
7.12672340e-07 3.63482927e+03 7.00297079e+03
7.13103395e-07 3.70928802e+03 6.87562051e+03
7.13534450e-07 4.17249464e+03 7.18499584e+03
7.13965504e-07 3.76826872e+03 7.38572388e+03
7.14396559e-07 4.40313713e+03 8.08313880e+03
7.14827614e-07 3.38498110e+03 7.25153076e+03
7.15258669e-07 3.91233692e+03 7.07167729e+03
7.15689723e-07 3.35463675e+03 6.83229938e+03
7.16120778e-07 3.63155308e+03 6.95218691e+03
7.16551833e-07 3.33963085e+03 6.66399683e+03
7.16982888e-07 2.68190479e+03 6.16125637e+03
7.17413942e-07 3.00925987e+03 6.25153904e+03
7.17844997e-07 2.96872003e+03 6.15702189e+03
7.18276052e-07 2.34728339e+03 5.52237082e+03
7.18707107e-07 2.68993893e+03 5.43556155e+03
7.19138161e-07 3.17741561e+03 5.68231372e+03
7.19569216e-07 2.54713990e+03 5.46965704e+03
7.20000271e-07 2.92019089e+03 5.56442838e+03
7.20431326e-07 2.73354594e+03 5.46836061e+03
7.20862380e-07 3.10738582e+03 5.67817081e+03
7.21293435e-07 2.72535646e+03 5.76590506e+03
7.21724490e-07 2.87771446e+03 6.00656270e+03
7.22155544e-07 3.00910941e+03 6.41356358e+03
7.22586599e-07 3.02480345e+03 6.37747029e+03
7.23017654e-07 3.69466723e+03 7.02389233e+03
7.23448709e-07 3.10124538e+03 1.00778319e+04
7.23879763e-07 4.54854704e+03 1.62953518e+04
7.24310818e-07 4.10422122e+03 1.70949827e+04
7.24741873e-07 3.64767390e+03 1.27252827e+04
7.25172928e-07 4.60474041e+03 9.52668817e+03
7.25603982e-07 3.84748484e+03 7.80269932e+03
7.26035037e-07 2.81588298e+03 6.64146456e+03
7.26466092e-07 3.36247217e+03 7.09288971e+03
7.26897147e-07 3.12356466e+03 9.52547276e+03
7.27328201e-07 4.20906926e+03 1.50721058e+04
7.27759256e-07 3.21852126e+03 1.51611414e+04
7.28190311e-07 4.19244124e+03 1.30561829e+04
7.28621366e-07 4.14711309e+03 1.05137902e+04
7.29052420e-07 4.48176321e+03 8.57341499e+03
7.29483475e-07 3.75276004e+03 8.34631412e+03
7.29914530e-07 3.20880873e+03 8.57334586e+03
7.30345585e-07 3.56719041e+03 8.90103041e+03
7.30776639e-07 4.13198653e+03 9.41968424e+03
7.31207694e-07 3.95495286e+03 1.30834143e+04
7.31638749e-07 4.36976793e+03 1.45625816e+04
7.32069804e-07 4.10562732e+03 1.02470349e+04
7.32500858e-07 4.14299366e+03 1.02909322e+04
7.32931913e-07 3.76916135e+03 1.06194101e+04
7.33362968e-07 4.22557682e+03 1.13660913e+04
7.33794022e-07 4.58601033e+03 1.64335814e+04
7.34225077e-07 3.95105098e+03 1.54581695e+04
7.34656132e-07 5.34705440e+03 1.05396993e+04
7.35087187e-07 4.50845607e+03 9.07569336e+03
7.35518241e-07 4.16615554e+03 1.05853040e+04
7.35949296e-07 3.37201918e+03 1.06362692e+04
7.36380351e-07 5.44054164e+03 1.29241590e+04
7.36811406e-07 4.44151799e+03 1.48446439e+04
7.37242460e-07 4.37950425e+03 1.18220308e+04
7.37673515e-07 5.25317199e+03 8.83207148e+03
7.38104570e-07 4.73079541e+03 8.08524730e+03
7.38535625e-07 4.68198331e+03 8.76417802e+03
7.38966679e-07 3.57219605e+03 9.75060488e+03
7.39397734e-07 3.71527435e+03 1.07132175e+04
7.39828789e-07 4.43140866e+03 1.24643687e+04
7.40259844e-07 3.58083549e+03 1.19416490e+04
7.40690898e-07 5.29733006e+03 9.66209587e+03
7.41121953e-07 4.32389137e+03 7.94599614e+03
7.41553008e-07 3.99872503e+03 7.71940678e+03
7.41984063e-07 4.64543257e+03 7.94234595e+03
7.42415117e-07 4.18122364e+03 8.29758336e+03
7.42846172e-07 4.37543298e+03 9.18595502e+03
7.43277227e-07 4.67390697e+03 1.02434438e+04
7.43708282e-07 4.02147285e+03 1.04907434e+04
7.44139336e-07 3.99778236e+03 9.18663848e+03
7.44570391e-07 4.10825310e+03 7.91139873e+03
7.45001446e-07 4.34894411e+03 7.89273919e+03
7.45432500e-07 4.06609871e+03 7.62526704e+03
7.45863555e-07 4.19322315e+03 8.22064986e+03
7.46294610e-07 4.27274140e+03 9.22044195e+03
7.46725665e-07 4.65842144e+03 1.04588197e+04
7.47156719e-07 4.61369229e+03 1.12901556e+04
7.47587774e-07 4.78600278e+03 1.18036497e+04
7.48018829e-07 4.90373050e+03 1.20670161e+04
7.48449884e-07 4.82573216e+03 1.06262835e+04
7.48880938e-07 5.48024272e+03 9.51447304e+03
7.49311993e-07 4.80755087e+03 8.72687821e+03
7.49743048e-07 3.75407309e+03 8.13960282e+03
7.50174103e-07 4.18305637e+03 8.17725021e+03
7.50605157e-07 4.85367277e+03 8.24343415e+03
7.51036212e-07 4.35981269e+03 8.15006737e+03
7.51467267e-07 4.86992677e+03 9.44187595e+03
7.51898322e-07 5.68752199e+03 1.30682666e+04
7.52329376e-07 4.65783455e+03 1.50240875e+04
7.52760431e-07 5.69794679e+03 1.30497948e+04
7.53191486e-07 5.24074227e+03 1.03346730e+04
7.53622541e-07 4.41103921e+03 8.75589536e+03
7.54053595e-07 3.92646346e+03 8.11317924e+03
7.54484650e-07 4.49149902e+03 8.10382907e+03
7.54915705e-07 4.91066914e+03 8.42438216e+03
7.55346760e-07 3.42134689e+03 8.37209914e+03
7.55777814e-07 3.50352043e+03 8.46534081e+03
7.56208869e-07 4.94651679e+03 9.08458023e+03
7.56639924e-07 5.22770079e+03 1.11446730e+04
7.57070978e-07 4.18963769e+03 1.26153742e+04
7.57502033e-07 4.77613498e+03 1.04827652e+04
7.57933088e-07 4.78160640e+03 8.86626146e+03
7.58364143e-07 3.97915757e+03 8.96654344e+03
7.58795197e-07 3.53677522e+03 8.23238159e+03
7.59226252e-07 3.63052679e+03 7.26850633e+03
7.59657307e-07 2.43533916e+03 6.52663136e+03
7.60088362e-07 1.44801069e+03 5.32336239e+03
7.60519416e-07 1.57190974e+03 4.78718774e+03
7.60950471e-07 1.86976148e+03 5.30248550e+03
7.61381526e-07 2.47664786e+03 6.79326580e+03
7.61812581e-07 2.48413489e+03 7.58442139e+03
7.62243635e-07 2.66153340e+03 7.50753124e+03
7.62674690e-07 2.37020894e+03 7.39169331e+03
7.63105745e-07 2.30863718e+03 7.06142166e+03
7.63536800e-07 3.31739070e+03 6.85927264e+03
7.63967854e-07 3.00132917e+03 6.52742162e+03
7.64398909e-07 2.92401894e+03 6.71394903e+03
7.64829964e-07 2.93195196e+03 7.07750669e+03
7.65261019e-07 3.08969041e+03 7.61909389e+03
7.65692073e-07 3.86143904e+03 8.21673129e+03
7.66123128e-07 3.66678210e+03 8.60527044e+03
7.66554183e-07 3.75366159e+03 7.83509259e+03
7.66985238e-07 4.18379072e+03 7.67943655e+03
7.67416292e-07 5.26118869e+03 8.00359687e+03
7.67847347e-07 4.94383797e+03 8.32812270e+03
7.68278402e-07 4.22107934e+03 8.41603615e+03
7.68709457e-07 3.68513202e+03 8.72564529e+03
7.69140511e-07 4.22021712e+03 9.11050559e+03
7.69571566e-07 4.54644692e+03 9.50738500e+03
7.70002621e-07 4.83078823e+03 9.47370770e+03
7.70433675e-07 6.14234848e+03 1.07387995e+04
7.70864730e-07 6.99758740e+03 1.93591102e+04
7.71295785e-07 5.11606377e+03 2.83988537e+04
7.71726840e-07 6.20127140e+03 2.43915047e+04
7.72157894e-07 7.45044224e+03 1.72889338e+04
7.72588949e-07 5.44910792e+03 1.29372164e+04
7.73020004e-07 4.51474536e+03 1.04095481e+04
7.73451059e-07 4.69017482e+03 9.86057760e+03
7.73882113e-07 5.02218985e+03 9.49747509e+03
7.74313168e-07 6.40713969e+03 1.34817459e+04
7.74744223e-07 5.28898526e+03 2.30878023e+04
7.75175278e-07 5.89808020e+03 2.32774417e+04
7.75606332e-07 6.96609349e+03 1.73919027e+04
7.76037387e-07 4.92113001e+03 1.38668403e+04
7.76468442e-07 5.27988417e+03 1.10697522e+04
7.76899497e-07 4.79248331e+03 1.12623261e+04
7.77330551e-07 4.48807408e+03 1.25081047e+04
7.77761606e-07 4.80864083e+03 1.27020001e+04
7.78192661e-07 4.86935739e+03 1.17380112e+04
7.78623716e-07 7.66831153e+03 1.39340370e+04
7.79054770e-07 5.15967616e+03 1.96814769e+04
7.79485825e-07 3.62545863e+03 1.82739829e+04
7.79916880e-07 6.46463150e+03 1.27822507e+04
7.80347935e-07 6.08301336e+03 1.26891499e+04
7.80778989e-07 3.88509817e+03 1.34603230e+04
7.81210044e-07 5.97676342e+03 1.30812245e+04
7.81641099e-07 6.67127955e+03 1.93072451e+04
7.82072153e-07 3.96893857e+03 2.31697701e+04
7.82503208e-07 5.51014057e+03 1.61319603e+04
7.82934263e-07 5.64337525e+03 1.02926030e+04
7.83365318e-07 5.26591293e+03 1.00472224e+04
7.83796372e-07 4.88404062e+03 1.25833233e+04
7.84227427e-07 5.28527253e+03 1.28796078e+04
7.84658482e-07 6.88324933e+03 1.65533930e+04
7.85089537e-07 7.05607296e+03 2.52688971e+04
7.85520591e-07 7.10536253e+03 2.43166907e+04
7.85951646e-07 6.10748773e+03 1.80423087e+04
7.86382701e-07 6.66864072e+03 1.58661712e+04
7.86813756e-07 6.05567167e+03 1.68299039e+04
7.87244810e-07 7.33713886e+03 1.62862885e+04
7.87675865e-07 6.06503751e+03 1.53370518e+04
7.88106920e-07 6.54224871e+03 1.59566222e+04
7.88537975e-07 5.66430663e+03 1.73528318e+04
7.88969029e-07 4.56286590e+03 1.71457068e+04
7.89400084e-07 5.20792831e+03 1.30372815e+04
7.89831139e-07 4.94916261e+03 9.51376577e+03
7.90262194e-07 5.13406701e+03 9.74527162e+03
7.90693248e-07 6.82586898e+03 1.64628499e+04
7.91124303e-07 6.76721755e+03 2.66569971e+04
7.91555358e-07 7.33216943e+03 2.62667003e+04
7.91986413e-07 7.00592916e+03 2.05065451e+04
7.92417467e-07 8.49536545e+03 1.72704089e+04
