7.80200000e-02
3.64081000e-07 8.52216945e+01 3.36602143e+02
3.64512055e-07 1.41192730e+01 3.81211034e+02
3.64943109e-07 2.49986926e+01 2.47277640e+02
3.66236274e-07 1.55909196e+02 7.37803145e+02
3.66667328e-07 7.27961934e+00 3.36879197e+02
3.67098383e-07 8.38656646e+01 4.10035532e+02
3.67960493e-07 6.27433527e+01 2.82918684e+02
3.68822602e-07 1.35137909e+02 5.47420323e+02
3.69253657e-07 2.99899013e+01 3.07656712e+02
3.69684712e-07 9.03766713e+01 3.79829821e+02
3.70115766e-07 2.22716154e+02 7.39518250e+02
3.70546821e-07 1.98755402e+01 3.43041752e+02
3.71408931e-07 1.84606414e+01 3.23271964e+02
3.71839985e-07 1.91273036e+01 2.67165779e+02
3.72271040e-07 6.09752774e+00 2.59994273e+02
3.72702095e-07 9.27308134e+01 4.37258255e+02
3.73133150e-07 5.44589818e+01 3.87504100e+02
3.73564204e-07 6.52663407e+01 4.84178196e+02
3.73995259e-07 2.53005749e+01 4.26596578e+02
3.74426314e-07 5.59481715e+01 4.18310004e+02
3.74857369e-07 9.34886202e+01 4.99571217e+02
3.75288423e-07 9.53387998e+01 3.57226453e+02
3.75719478e-07 1.10340119e+02 3.76933999e+02
3.76150533e-07 8.53613793e+01 3.09932234e+02
3.77012642e-07 4.62088902e+01 3.50834303e+02
3.78305806e-07 7.52717406e+01 3.63058072e+02
3.78736861e-07 4.16008338e+01 3.14586570e+02
3.79167916e-07 5.45349285e+01 3.26354601e+02
3.79598971e-07 7.22814500e+01 3.21539271e+02
3.80461080e-07 7.04695324e+01 3.31627509e+02
3.80892135e-07 1.09567288e+02 4.02734071e+02
3.81323190e-07 2.69353682e+01 3.63637510e+02
3.82185299e-07 8.77693556e+01 4.14716753e+02
3.82616354e-07 4.22284363e+01 3.74104006e+02
3.83047409e-07 7.83198938e+01 3.99849438e+02
3.83478463e-07 1.19273095e+01 4.42347745e+02
3.83909518e-07 6.53815383e+01 4.49146373e+02
3.84340573e-07 6.04468150e+01 3.77105740e+02
3.84771628e-07 5.35778890e+01 4.07620220e+02
3.85202682e-07 5.23946396e+01 3.82201083e+02
3.85633737e-07 5.42173936e+01 3.71407595e+02
3.86064792e-07 2.89196438e+01 3.30344112e+02
3.86495847e-07 5.65231397e+01 3.77465017e+02
3.86926901e-07 1.24308495e+02 3.86790989e+02
3.87357956e-07 1.52562133e+02 3.93957935e+02
3.87789011e-07 3.41371228e+01 3.44300274e+02
3.88651120e-07 3.59398171e+01 3.62167584e+02
3.89082175e-07 3.17646611e+01 3.87787811e+02
3.90375339e-07 7.33641848e+01 4.70460814e+02
3.90806394e-07 6.14580834e+01 5.17608462e+02
3.91237449e-07 1.40520849e+02 5.42613610e+02
3.91668503e-07 7.95463006e+01 4.58916257e+02
3.92099558e-07 1.46543058e+02 4.43591145e+02
3.92530613e-07 5.15589806e+01 3.61581261e+02
3.92961668e-07 1.00000736e+02 3.82361896e+02
3.93392722e-07 9.82994494e+01 3.86331545e+02
3.93823777e-07 1.32200450e+02 4.58865724e+02
3.94254832e-07 2.18221860e+02 6.30612763e+02
3.94685887e-07 2.37952364e+02 6.46979801e+02
3.95116941e-07 3.48827946e+02 7.24517474e+02
3.95547996e-07 1.89994579e+02 6.05310580e+02
3.95979051e-07 2.47322261e+02 5.60228948e+02
3.96410106e-07 1.16649565e+02 4.48483305e+02
3.96841160e-07 2.44497503e+02 4.73947069e+02
3.97272215e-07 1.18046740e+02 4.55515965e+02
3.97703270e-07 1.26476078e+02 5.07268555e+02
3.98134325e-07 1.64769298e+02 5.36785777e+02
3.98565379e-07 1.39934817e+02 5.27503893e+02
3.98996434e-07 2.19830203e+02 5.52935203e+02
3.99427489e-07 8.49452710e+01 5.01945682e+02
3.99858543e-07 1.08622229e+02 5.56849471e+02
4.00289598e-07 1.98279573e+02 6.01807641e+02
4.00720653e-07 1.59528137e+02 6.08556998e+02
4.01151708e-07 4.75077006e+02 7.57784655e+02
4.01582762e-07 7.14865035e+02 8.45014502e+02
4.02013817e-07 7.77549042e+02 8.35434161e+02
4.02444872e-07 6.07917820e+02 7.64599714e+02
4.02875927e-07 2.76567286e+02 6.44199143e+02
4.03306981e-07 5.41585086e+01 5.63445737e+02
4.03738036e-07 1.71941173e+02 6.46708656e+02
4.04169091e-07 1.15721673e+02 6.72428877e+02
4.04600146e-07 2.56238538e+01 6.66650407e+02
4.05031200e-07 1.46384255e+02 6.80889488e+02
4.05462255e-07 1.61734704e+02 6.64688195e+02
4.05893310e-07 9.87038435e+01 5.32397882e+02
4.06324365e-07 1.50564219e+02 6.58596422e+02
4.06755419e-07 7.32388544e+01 7.03577122e+02
4.07186474e-07 2.43523271e+02 7.25606638e+02
4.07617529e-07 1.92382343e+02 6.76257215e+02
4.08048584e-07 1.35393789e+02 6.80912965e+02
4.08479638e-07 2.51072751e+02 7.22224491e+02
4.08910693e-07 1.22993116e+02 6.78292930e+02
4.09341748e-07 1.45868260e+02 6.73887772e+02
4.09772803e-07 1.69599320e+02 6.36864190e+02
4.10203857e-07 1.83863040e+02 6.50642391e+02
4.10634912e-07 2.02803973e+02 6.63039158e+02
4.11065967e-07 2.52581969e+02 7.08950301e+02
4.11497022e-07 2.14393808e+02 6.95513742e+02
4.11928076e-07 3.05015824e+02 7.22230859e+02
4.12359131e-07 1.32856699e+02 6.95785054e+02
4.12790186e-07 1.46093774e+01 6.60783989e+02
4.13221240e-07 1.44032939e+02 7.38480663e+02
4.13652295e-07 2.12695596e+02 7.47654626e+02
4.14083350e-07 1.41108062e+02 7.04041743e+02
4.14514405e-07 2.71601379e+02 7.49486481e+02
4.14945459e-07 1.46128461e+02 7.11746383e+02
4.15376514e-07 2.06661416e+02 7.71734325e+02
4.16238624e-07 6.88884043e+02 7.70693101e+02
4.16669678e-07 1.14173314e+03 8.36597722e+02
4.17100733e-07 3.43649522e+02 8.73819692e+02
4.17531788e-07 2.56907380e+02 8.28696408e+02
4.17962843e-07 1.50523452e+02 7.76040820e+02
4.18393897e-07 1.51444836e+02 7.70518510e+02
4.18824952e-07 2.02761024e+02 7.94687775e+02
4.19256007e-07 2.06902886e+02 7.47766804e+02
4.19687062e-07 1.97560258e+02 7.23541760e+02
4.20118116e-07 1.82932124e+02 7.47116477e+02
4.20549171e-07 1.25035606e+02 7.30836451e+02
4.20980226e-07 2.11572385e+02 7.81194513e+02
4.21411281e-07 3.70274088e+02 8.15622706e+02
4.21842335e-07 3.33588236e+02 7.75374532e+02
4.22273390e-07 5.95547070e+02 7.97539062e+02
4.22704445e-07 3.04688500e+02 7.80895635e+02
4.23135500e-07 3.06639458e+02 8.17817537e+02
4.23566554e-07 2.97913718e+02 7.96428460e+02
4.23997609e-07 2.31924956e+02 7.81790472e+02
4.24428664e-07 1.42587637e+02 7.84907887e+02
4.24859718e-07 1.85334963e+02 8.21622728e+02
4.25290773e-07 3.23922564e+02 8.80139206e+02
4.25721828e-07 3.13243253e+02 8.89085479e+02
4.26152883e-07 3.04317619e+02 8.48224121e+02
4.26583937e-07 3.65880989e+02 8.98727674e+02
4.27014992e-07 2.97056494e+02 8.79291337e+02
4.27446047e-07 2.67635579e+02 8.42253911e+02
4.27877102e-07 3.61124819e+02 8.82654560e+02
4.28308156e-07 1.73726795e+02 8.35325869e+02
4.28739211e-07 1.44118104e+02 8.40242983e+02
4.29170266e-07 2.63287581e+02 8.37986274e+02
4.29601321e-07 3.78978639e+02 8.81191618e+02
4.30032375e-07 3.28471889e+02 8.33303537e+02
4.30463430e-07 3.24263885e+02 8.47114346e+02
4.30894485e-07 4.06906288e+02 8.94264501e+02
4.31325540e-07 3.24763702e+02 9.32612477e+02
4.31756594e-07 2.95623856e+02 9.45156374e+02
4.32187649e-07 4.58815889e+02 9.79806998e+02
4.32618704e-07 4.70448793e+02 9.13960171e+02
4.33049759e-07 3.87836978e+02 9.30436101e+02
4.33480813e-07 4.26610154e+02 9.58873827e+02
4.33911868e-07 3.93833128e+02 9.15125962e+02
4.34342923e-07 3.98805048e+02 9.98635063e+02
4.34773978e-07 4.42836031e+02 1.04145956e+03
4.35205032e-07 4.01625291e+02 1.02320851e+03
4.35636087e-07 4.02988248e+02 1.03587566e+03
4.36067142e-07 3.58728166e+02 1.01015631e+03
4.36498196e-07 4.67199274e+02 1.03526890e+03
4.36929251e-07 5.06398389e+02 1.06898704e+03
4.37360306e-07 4.86417849e+02 1.05766389e+03
4.37791361e-07 3.44711906e+02 1.02168187e+03
4.38222415e-07 4.12541640e+02 9.87394954e+02
4.38653470e-07 4.12971402e+02 9.74464672e+02
4.39084525e-07 2.87603609e+02 9.94405224e+02
4.39515580e-07 5.61094173e+02 1.08282727e+03
4.39946634e-07 4.46647604e+02 1.09600719e+03
4.40377689e-07 4.99180264e+02 1.17455022e+03
4.40808744e-07 4.42060692e+02 1.17682511e+03
4.41239799e-07 3.62328758e+02 1.19201839e+03
4.41670853e-07 2.97128683e+02 1.15799993e+03
4.42101908e-07 2.97099090e+02 1.17018985e+03
4.42532963e-07 4.06095516e+02 1.22701399e+03
4.42964018e-07 2.42459952e+02 1.09509339e+03
4.43395072e-07 4.67005973e+02 1.20391005e+03
4.43826127e-07 4.87307416e+02 1.18213104e+03
4.44257182e-07 5.06307537e+02 1.21557115e+03
4.44688237e-07 4.05969595e+02 1.16899859e+03
4.45119291e-07 3.75114109e+02 1.10957726e+03
4.45550346e-07 3.65242440e+02 1.08932431e+03
4.45981401e-07 4.10827946e+02 1.10390518e+03
4.46412456e-07 4.96129663e+02 1.11960032e+03
4.46843510e-07 5.52911574e+02 1.19697997e+03
4.47274565e-07 6.01954717e+02 1.21175418e+03
4.47705620e-07 4.26407760e+02 1.15294627e+03
4.48136674e-07 4.65469819e+02 1.18719840e+03
4.48567729e-07 5.12049279e+02 1.21135628e+03
4.48998784e-07 4.64615508e+02 1.21324748e+03
4.49429839e-07 4.55933961e+02 1.20393248e+03
4.49860893e-07 5.50782720e+02 1.21878768e+03
4.50291948e-07 5.21195726e+02 1.26205738e+03
4.50723003e-07 4.10311063e+02 1.26873617e+03
4.51154058e-07 4.01696497e+02 1.21732984e+03
4.51585112e-07 4.71448538e+02 1.26026622e+03
4.52016167e-07 5.70742698e+02 1.29776116e+03
4.52447222e-07 4.14927274e+02 1.28960944e+03
4.52878277e-07 4.10687869e+02 1.28359648e+03
4.53309331e-07 5.10237410e+02 1.35556456e+03
4.53740386e-07 5.44126346e+02 1.43911988e+03
4.54171441e-07 4.93965992e+02 1.39598658e+03
4.54602496e-07 5.84144155e+02 1.40943527e+03
4.55033550e-07 4.13061980e+02 1.33107584e+03
4.55464605e-07 4.15768610e+02 1.31836496e+03
4.55895660e-07 5.19836181e+02 1.37697990e+03
4.56326715e-07 4.76632417e+02 1.33541070e+03
4.56757769e-07 4.76924700e+02 1.35163873e+03
4.57188824e-07 5.76894166e+02 1.39166727e+03
4.57619879e-07 5.21827983e+02 1.39916375e+03
4.58050934e-07 4.86475039e+02 1.38591770e+03
4.58481988e-07 5.90262870e+02 1.40486280e+03
4.58913043e-07 6.35589443e+02 1.39642161e+03
4.59344098e-07 5.71852707e+02 1.37925273e+03
4.59775152e-07 7.33114603e+02 1.47137684e+03
4.60206207e-07 4.98732348e+02 1.37511581e+03
4.60637262e-07 4.79654877e+02 1.34651970e+03
4.61068317e-07 5.13675935e+02 1.39701855e+03
4.61499371e-07 4.62556727e+02 1.38229370e+03
4.61930426e-07 5.00701889e+02 1.41352321e+03
4.62361481e-07 7.11356413e+02 1.48621801e+03
4.62792536e-07 6.66335166e+02 1.47105154e+03
4.63223590e-07 6.84890239e+02 1.50069091e+03
4.63654645e-07 5.67512351e+02 1.41087423e+03
4.64085700e-07 4.68274078e+02 1.42451351e+03
4.64516755e-07 5.03014145e+02 1.42187941e+03
4.64947809e-07 5.27485177e+02 1.40326309e+03
4.65378864e-07 5.11934749e+02 1.45691586e+03
4.65809919e-07 6.78958224e+02 1.52933769e+03
4.66240974e-07 5.98696999e+02 1.56826523e+03
4.67965193e-07 9.79631182e+02 1.71472640e+03
4.68396247e-07 7.77072937e+02 1.62504553e+03
4.68827302e-07 5.31453401e+02 1.51486042e+03
4.69258357e-07 4.89397275e+02 1.52394246e+03
4.69689412e-07 5.34443784e+02 1.47232080e+03
4.70120466e-07 6.76425298e+02 1.54516117e+03
4.70551521e-07 6.17819510e+02 1.55022755e+03
4.70982576e-07 6.34158897e+02 1.53308208e+03
4.71413630e-07 5.28695654e+02 1.54255037e+03
4.71844685e-07 5.31386689e+02 1.57851006e+03
4.72275740e-07 6.89610736e+02 1.63545511e+03
4.72706795e-07 7.72407615e+02 1.60901179e+03
4.73137849e-07 6.57222364e+02 1.56519488e+03
4.73568904e-07 6.92707449e+02 1.55604496e+03
4.73999959e-07 7.64005230e+02 1.61277567e+03
4.74431014e-07 7.65589769e+02 1.63537330e+03
4.74862068e-07 8.03213074e+02 1.64023201e+03
4.75293123e-07 6.90913931e+02 1.60199823e+03
4.75724178e-07 6.58948695e+02 1.56943909e+03
4.76155233e-07 5.88312285e+02 1.55747796e+03
4.76586287e-07 6.95318124e+02 1.60322860e+03
4.77017342e-07 7.81115924e+02 1.67465480e+03
4.77448397e-07 7.72980783e+02 1.66427836e+03
4.77879452e-07 7.63673993e+02 1.70108227e+03
4.78310506e-07 7.14936366e+02 1.69876272e+03
4.78741561e-07 5.98920335e+02 1.66806839e+03
4.79172616e-07 6.30937607e+02 1.70732351e+03
4.79603671e-07 6.97943448e+02 1.70514724e+03
4.80034725e-07 6.46215619e+02 1.69006107e+03
4.80465780e-07 7.80962434e+02 1.74029487e+03
4.80896835e-07 6.96487633e+02 1.70556470e+03
4.81327890e-07 8.07372311e+02 1.79528341e+03
4.81758944e-07 8.60853338e+02 1.84547993e+03
4.82189999e-07 7.58003281e+02 1.84620940e+03
4.82621054e-07 7.46701407e+02 1.83228263e+03
4.83052109e-07 6.43606790e+02 1.84921296e+03
4.83483163e-07 6.41415914e+02 1.83602968e+03
4.83914218e-07 7.34212206e+02 1.78404541e+03
4.84345273e-07 6.59025995e+02 1.80691706e+03
4.84776327e-07 7.21511752e+02 1.78931355e+03
4.85207382e-07 7.90649127e+02 1.77647348e+03
4.85638437e-07 9.31560980e+02 1.70943221e+03
4.86069492e-07 7.04638724e+02 1.66849356e+03
4.86500546e-07 8.24885204e+02 1.70232256e+03
4.86931601e-07 8.18588420e+02 1.73410435e+03
4.87362656e-07 9.33120082e+02 1.78725282e+03
4.87793711e-07 7.24795542e+02 1.79112941e+03
4.88224765e-07 5.48573396e+02 1.76313680e+03
4.88655820e-07 6.36793855e+02 1.78805727e+03
4.89086875e-07 9.95325476e+02 1.89834189e+03
4.89517930e-07 9.05306194e+02 1.87110985e+03
4.89948984e-07 9.87221100e+02 1.85542461e+03
4.90380039e-07 7.75590433e+02 1.88200105e+03
4.90811094e-07 7.69540089e+02 1.85862955e+03
4.91242149e-07 9.46932164e+02 1.86044867e+03
4.91673203e-07 9.43980589e+02 1.85451870e+03
4.92104258e-07 6.98488204e+02 1.76833622e+03
4.92535313e-07 9.70004276e+02 1.91405434e+03
4.92966368e-07 7.75899400e+02 1.90249372e+03
4.93397422e-07 1.00546527e+03 1.96030876e+03
4.93828477e-07 7.10063965e+02 1.86775532e+03
4.94259532e-07 9.35801510e+02 1.92159359e+03
4.94690587e-07 9.38431434e+02 1.96301394e+03
4.95121641e-07 9.42102660e+02 2.02368765e+03
4.95552696e-07 9.32455515e+02 1.96288234e+03
4.95983751e-07 9.31908228e+02 1.92802119e+03
4.96414805e-07 1.11049159e+03 2.07784223e+03
4.96845860e-07 9.04879317e+02 2.02122949e+03
4.97276915e-07 8.64530962e+02 2.02278464e+03
4.97707970e-07 9.27731429e+02 1.98372874e+03
4.98139024e-07 1.02197225e+03 1.91323174e+03
4.98570079e-07 7.97438510e+02 1.93593305e+03
4.99001134e-07 6.44837163e+02 1.95005253e+03
4.99432189e-07 8.89789282e+02 2.03618064e+03
4.99863243e-07 8.79718896e+02 1.95922915e+03
5.00294298e-07 1.04255075e+03 1.99971245e+03
5.00725353e-07 9.43027613e+02 1.97657009e+03
5.01156408e-07 9.99310638e+02 1.99040213e+03
5.01587462e-07 9.85860275e+02 1.94967597e+03
5.02018517e-07 1.14008612e+03 2.04556529e+03
5.02449572e-07 1.09803818e+03 2.07582611e+03
5.02880627e-07 1.05580374e+03 2.06546201e+03
5.03311681e-07 1.02553759e+03 2.05029128e+03
5.03742736e-07 1.05952824e+03 2.02015655e+03
5.04173791e-07 1.14988270e+03 2.04611164e+03
5.04604846e-07 1.13043745e+03 2.06002315e+03
5.05035900e-07 6.73350999e+02 1.97285165e+03
5.05466955e-07 1.02895113e+03 2.07247097e+03
5.05898010e-07 9.70282915e+02 2.07714806e+03
5.06329065e-07 9.32140212e+02 2.07626572e+03
5.06760119e-07 1.06583578e+03 2.09950826e+03
5.07191174e-07 1.24353911e+03 2.17439166e+03
5.07622229e-07 1.11101050e+03 2.08510460e+03
5.08053283e-07 9.22640536e+02 2.05358010e+03
5.08484338e-07 1.16290758e+03 2.15417114e+03
5.08915393e-07 1.03787901e+03 2.14033602e+03
5.09346448e-07 8.99045713e+02 2.10195377e+03
5.09777502e-07 1.11653279e+03 2.12032728e+03
5.10208557e-07 8.02645875e+02 2.02232351e+03
5.10639612e-07 1.01728644e+03 2.11651913e+03
5.11070667e-07 1.18554820e+03 2.20446987e+03
5.11501721e-07 1.12195317e+03 2.19029338e+03
5.11932776e-07 1.09241228e+03 2.14739640e+03
5.12363831e-07 1.04930670e+03 2.14275300e+03
5.12794886e-07 1.00261083e+03 2.15617474e+03
5.13225940e-07 1.05093305e+03 2.23999080e+03
5.13656995e-07 1.16742218e+03 2.25851267e+03
5.14088050e-07 1.05352225e+03 2.26825688e+03
5.14519105e-07 1.23661943e+03 2.31538169e+03
5.14950159e-07 1.24744055e+03 2.32035132e+03
5.15381214e-07 1.11932655e+03 2.31824724e+03
5.15812269e-07 1.12352724e+03 2.31088708e+03
5.16243324e-07 1.09266130e+03 2.21218247e+03
5.16674378e-07 1.14239280e+03 2.10875434e+03
5.17105433e-07 9.91889968e+02 2.05561963e+03
5.17536488e-07 9.47163688e+02 2.09295383e+03
5.17967543e-07 7.87212101e+02 2.09836621e+03
5.18398597e-07 8.49978896e+02 2.15344469e+03
5.18829652e-07 9.66011331e+02 2.39369258e+03
5.19260707e-07 7.72251314e+02 2.55156313e+03
5.19691761e-07 8.32450619e+02 3.01349480e+03
5.20122816e-07 9.72964697e+02 3.01970017e+03
5.20553871e-07 1.09858156e+03 2.50856952e+03
5.20984926e-07 8.03800890e+02 2.24850704e+03
5.21415980e-07 1.16418172e+03 2.37394222e+03
5.21847035e-07 9.53269435e+02 2.46025545e+03
5.22278090e-07 8.40595665e+02 2.43158635e+03
5.22709145e-07 1.17877981e+03 2.41688842e+03
5.23140199e-07 1.07503662e+03 2.41119806e+03
5.23571254e-07 1.59016444e+03 2.71722030e+03
5.24002309e-07 2.02886914e+03 2.92094022e+03
5.24433364e-07 1.95070322e+03 2.79422854e+03
5.24864418e-07 1.41662565e+03 2.60227060e+03
5.25295473e-07 1.04213216e+03 2.58613195e+03
5.25726528e-07 1.06427085e+03 2.60023088e+03
5.26157583e-07 1.34465181e+03 2.56366142e+03
5.26588637e-07 1.60291487e+03 2.49423358e+03
5.27019692e-07 1.31378143e+03 2.50515848e+03
5.27450747e-07 1.46755409e+03 2.69147171e+03
5.27881802e-07 1.42033007e+03 2.59020277e+03
5.28312856e-07 1.17377157e+03 2.44453303e+03
5.28743911e-07 1.13937701e+03 2.46699504e+03
5.29174966e-07 1.09261627e+03 2.53315928e+03
5.29606021e-07 9.41219864e+02 2.45191281e+03
5.30037075e-07 1.22013061e+03 2.62330188e+03
5.30468130e-07 1.09616377e+03 2.57479429e+03
5.30899185e-07 1.21708928e+03 2.62737570e+03
5.31330239e-07 1.13573259e+03 2.64043402e+03
5.31761294e-07 1.06136564e+03 2.58146664e+03
5.32192349e-07 1.22609712e+03 2.59615731e+03
5.32623404e-07 1.44156700e+03 2.66780880e+03
5.33054458e-07 1.25108341e+03 2.60993482e+03
5.33485513e-07 1.34336395e+03 2.63029207e+03
5.33916568e-07 1.45006472e+03 2.64815796e+03
5.34347623e-07 1.62856405e+03 2.79593737e+03
5.34778677e-07 2.34256217e+03 3.06297518e+03
5.35209732e-07 1.43805195e+03 2.70874905e+03
5.35640787e-07 1.23015274e+03 2.65849340e+03
5.36071842e-07 1.11168411e+03 2.56965075e+03
5.36502896e-07 1.06332164e+03 2.60645276e+03
5.36933951e-07 1.02129211e+03 2.49635703e+03
5.37365006e-07 1.20102258e+03 2.60832855e+03
5.37796061e-07 1.14798261e+03 2.57403483e+03
5.38227115e-07 1.32240981e+03 2.68237151e+03
5.38658170e-07 1.32148177e+03 2.61582726e+03
5.39089225e-07 1.46660828e+03 2.62366507e+03
5.39520280e-07 3.04077695e+03 3.15245259e+03
5.39951334e-07 3.12803917e+03 3.13490048e+03
5.40382389e-07 1.79298403e+03 2.71293900e+03
5.40813444e-07 1.33550140e+03 2.57499410e+03
5.41244499e-07 1.35888510e+03 2.62019468e+03
5.41675553e-07 1.11791644e+03 2.55669256e+03
5.42106608e-07 1.07364593e+03 2.51720154e+03
5.42537663e-07 1.04345317e+03 2.46572166e+03
5.42968717e-07 1.27996954e+03 2.60189557e+03
5.43399772e-07 1.34948114e+03 2.70378365e+03
5.43830827e-07 1.32204611e+03 2.70043112e+03
5.44261882e-07 1.33719158e+03 2.68982248e+03
5.44692936e-07 1.39886591e+03 2.72953081e+03
5.45123991e-07 1.14201698e+03 2.65164573e+03
5.45555046e-07 1.33240337e+03 2.80671793e+03
5.45986101e-07 1.24819606e+03 2.82288445e+03
5.46417155e-07 1.35408271e+03 2.80672561e+03
5.46848210e-07 8.58598488e+02 2.65143915e+03
5.47279265e-07 1.49442576e+03 2.84179614e+03
5.47710320e-07 1.43729219e+03 2.75874787e+03
5.48141374e-07 1.39527757e+03 2.83116557e+03
5.48572429e-07 1.41102928e+03 2.88218000e+03
5.49003484e-07 1.16725483e+03 2.77523190e+03
5.49434539e-07 1.28103298e+03 2.82267983e+03
5.49865593e-07 1.48857972e+03 2.89467325e+03
5.50296648e-07 1.43142033e+03 2.95743724e+03
5.50727703e-07 1.05914155e+03 2.74465100e+03
5.51158758e-07 1.16077518e+03 2.78540142e+03
5.51589812e-07 1.21387987e+03 2.89259026e+03
5.52020867e-07 1.28312947e+03 2.93201881e+03
5.52451922e-07 9.16552426e+02 2.83583857e+03
5.52882977e-07 1.12255786e+03 2.82372575e+03
5.53314031e-07 1.49737705e+03 2.89786249e+03
5.53745086e-07 1.52370605e+03 3.07799935e+03
5.54176141e-07 7.25049796e+02 3.06488406e+03
5.54607196e-07 1.22315840e+03 3.18851296e+03
5.55038250e-07 1.42764670e+03 3.11452867e+03
5.55469305e-07 1.30037596e+03 2.95355474e+03
5.55900360e-07 9.69766606e+02 3.03613654e+03
5.56331414e-07 1.46073069e+03 3.26690110e+03
5.56762469e-07 3.10846472e+03 4.78044680e+03
5.57624579e-07 9.19736571e+02 4.29089507e+04
5.58486688e-07 1.08354825e+03 4.48978624e+03
5.58917743e-07 1.56941047e+03 3.25529378e+03
5.59348798e-07 8.98925019e+02 3.00485802e+03
5.59779852e-07 1.18319214e+03 3.12358379e+03
5.60210907e-07 1.50779880e+03 3.40956708e+03
5.60641962e-07 1.52076586e+03 3.41990574e+03
5.61073017e-07 1.54752601e+03 3.14222634e+03
5.61504071e-07 1.48866157e+03 3.20001403e+03
5.61935126e-07 1.25532361e+03 3.18745541e+03
5.62366181e-07 1.41166096e+03 3.33798610e+03
5.62797236e-07 1.61533164e+03 3.19055935e+03
5.63228290e-07 1.06529091e+03 2.92445044e+03
5.63659345e-07 1.48294637e+03 3.15091601e+03
5.64090400e-07 1.38514312e+03 3.20233554e+03
5.64521455e-07 1.40154240e+03 3.30119917e+03
5.64952509e-07 1.39102765e+03 3.16314205e+03
5.65383564e-07 1.36193538e+03 3.06118122e+03
5.65814619e-07 1.27964526e+03 3.01572761e+03
5.66245674e-07 1.29738389e+03 3.08387871e+03
5.66676728e-07 1.19736740e+03 3.17752596e+03
5.67107783e-07 1.77581739e+03 3.29829788e+03
5.67538838e-07 1.20200979e+03 3.15005337e+03
5.67969892e-07 1.30807007e+03 3.22474091e+03
5.68400947e-07 1.03788914e+03 3.08763420e+03
5.68832002e-07 1.43638479e+03 3.21253865e+03
5.69263057e-07 1.34799054e+03 3.27777081e+03
5.69694111e-07 1.32559623e+03 3.23955128e+03
5.70125166e-07 1.21219199e+03 3.18354835e+03
5.70556221e-07 1.47051235e+03 3.21420648e+03
5.70987276e-07 1.59216375e+03 3.22348191e+03
5.71418330e-07 1.64067979e+03 3.30975992e+03
5.71849385e-07 1.37029558e+03 3.21824487e+03
5.72280440e-07 1.71861632e+03 3.40083977e+03
5.72711495e-07 1.28338880e+03 3.29484199e+03
5.73142549e-07 1.44016812e+03 3.22119321e+03
5.73573604e-07 1.63747427e+03 3.26805181e+03
5.74004659e-07 1.54400609e+03 3.21541942e+03
5.74435714e-07 1.01308070e+03 3.10801412e+03
5.74866768e-07 1.31948424e+03 3.18777173e+03
5.75297823e-07 1.43599931e+03 3.22043439e+03
5.75728878e-07 1.50496016e+03 3.20537043e+03
5.76159933e-07 1.55908336e+03 3.26256659e+03
5.76590987e-07 1.41155324e+03 3.25474092e+03
5.77022042e-07 1.27445530e+03 3.25712414e+03
5.77453097e-07 1.47557362e+03 3.32262521e+03
5.77884152e-07 1.12758994e+03 3.12857807e+03
5.78315206e-07 1.60915328e+03 3.22563962e+03
5.78746261e-07 1.49050463e+03 3.27606907e+03
5.79177316e-07 1.36081529e+03 3.23565766e+03
5.79608370e-07 1.24431164e+03 3.24135130e+03
5.80039425e-07 1.45468870e+03 3.34169565e+03
5.80470480e-07 1.70865619e+03 3.34582619e+03
5.80901535e-07 1.47919943e+03 3.30384841e+03
5.81332589e-07 1.42544150e+03 3.32760106e+03
5.81763644e-07 1.42978176e+03 3.34257988e+03
5.82194699e-07 1.32118344e+03 3.30358600e+03
5.82625754e-07 1.16905142e+03 3.30448969e+03
5.83056808e-07 1.13088331e+03 3.28524703e+03
5.83487863e-07 1.82295315e+03 3.64830396e+03
5.83918918e-07 1.61378482e+03 3.43432426e+03
5.84349973e-07 1.79209062e+03 3.45217239e+03
5.84781027e-07 1.56867861e+03 3.47875208e+03
5.85212082e-07 1.95052558e+03 3.59233269e+03
5.85643137e-07 1.51628592e+03 3.42253194e+03
5.86074192e-07 1.23125690e+03 3.91746325e+03
5.86505246e-07 1.32238039e+03 4.92111692e+03
5.86936301e-07 1.36435783e+03 4.83046017e+03
5.87367356e-07 1.35212329e+03 4.04680561e+03
5.87798411e-07 1.34167533e+03 3.73233006e+03
5.88229465e-07 1.91865913e+03 4.98263365e+03
5.88660520e-07 1.28286828e+03 9.72022796e+03
5.89091575e-07 9.85759771e+02 1.17399373e+04
5.89522630e-07 1.50946877e+03 8.82556219e+03
5.89953684e-07 1.24126279e+03 5.27349389e+03
5.90384739e-07 1.21737180e+03 4.06303346e+03
5.90815794e-07 1.15675022e+03 4.12480623e+03
5.91246848e-07 1.61924972e+03 4.67705795e+03
5.91677903e-07 1.14664072e+03 4.50776686e+03
5.92108958e-07 1.62773536e+03 4.19479639e+03
5.92540013e-07 1.48499941e+03 4.33619957e+03
5.92971067e-07 1.69613311e+03 4.85752306e+03
5.93402122e-07 1.27975759e+03 4.77228446e+03
5.93833177e-07 1.17533796e+03 3.84887502e+03
5.94264232e-07 1.40493609e+03 3.93309579e+03
5.94695286e-07 1.34210504e+03 4.33375735e+03
5.95126341e-07 1.22645559e+03 4.75388190e+03
5.95557396e-07 1.31515729e+03 4.39234313e+03
5.95988451e-07 1.27593414e+03 3.81136578e+03
5.96419505e-07 1.31091257e+03 3.74779959e+03
5.96850560e-07 1.10469623e+03 3.94668084e+03
5.97281615e-07 1.28471222e+03 4.28731900e+03
5.97712670e-07 1.40793761e+03 4.42444466e+03
5.98143724e-07 1.54309625e+03 3.90489643e+03
5.98574779e-07 1.12296955e+03 3.50788101e+03
5.99005834e-07 1.05729322e+03 3.48252893e+03
5.99436889e-07 1.39826769e+03 3.73205206e+03
5.99867943e-07 1.72781688e+03 4.09968952e+03
6.00298998e-07 1.49330505e+03 4.03521563e+03
6.00730053e-07 1.35855516e+03 3.66814005e+03
6.01161108e-07 1.48539971e+03 3.51060019e+03
6.01592162e-07 1.72032032e+03 3.62582071e+03
6.02023217e-07 1.69548705e+03 3.58654630e+03
6.02454272e-07 1.58417927e+03 3.69631099e+03
6.02885326e-07 1.62931228e+03 3.73714480e+03
6.03316381e-07 1.23340806e+03 3.65025229e+03
6.03747436e-07 1.66876064e+03 3.64145395e+03
6.04178491e-07 1.57845256e+03 3.53191625e+03
6.04609545e-07 2.04980896e+03 3.65281357e+03
6.05040600e-07 1.59176742e+03 3.52098039e+03
6.05471655e-07 1.39785757e+03 3.46144359e+03
6.05902710e-07 1.85879359e+03 3.69424644e+03
6.06333764e-07 1.61402219e+03 3.75257292e+03
6.06764819e-07 1.70758858e+03 3.68991562e+03
6.07195874e-07 1.68433969e+03 3.52681934e+03
6.07626929e-07 1.41788587e+03 3.43659792e+03
6.08057983e-07 1.33839914e+03 3.49091151e+03
6.08489038e-07 1.45669879e+03 3.42611261e+03
6.08920093e-07 1.64548138e+03 3.47102505e+03
6.09351148e-07 1.70148743e+03 3.49215032e+03
6.09782202e-07 1.82340119e+03 3.67153460e+03
6.10213257e-07 1.74436297e+03 3.65461608e+03
6.10644312e-07 1.80304137e+03 3.63715586e+03
6.11075367e-07 1.69149747e+03 3.53366270e+03
6.11506421e-07 1.48038156e+03 3.42061694e+03
6.11937476e-07 1.54570712e+03 3.40956209e+03
6.12368531e-07 1.48996160e+03 3.39671876e+03
6.12799586e-07 1.53260355e+03 3.47078387e+03
6.13230640e-07 1.57579403e+03 3.64411021e+03
6.13661695e-07 1.52650486e+03 3.98395609e+03
6.14092750e-07 1.71082547e+03 4.15801495e+03
6.14523804e-07 1.94477988e+03 4.02256106e+03
6.14954859e-07 1.58328829e+03 3.61851995e+03
6.15385914e-07 1.68577434e+03 3.59291496e+03
6.15816969e-07 1.93117107e+03 3.60189620e+03
6.16248023e-07 1.80034880e+03 3.51633599e+03
6.16679078e-07 1.61513080e+03 4.02422960e+03
6.17110133e-07 1.71397342e+03 4.20131654e+03
6.17541188e-07 1.79635733e+03 3.83421755e+03
6.17972242e-07 1.71688152e+03 3.72437045e+03
6.18403297e-07 1.75080840e+03 3.68689556e+03
6.18834352e-07 1.52337391e+03 3.64551171e+03
6.19265407e-07 1.23438304e+03 3.57681334e+03
6.19696461e-07 1.64110364e+03 3.83804980e+03
6.20127516e-07 1.61142530e+03 4.10364067e+03
6.20558571e-07 1.51975377e+03 3.82971528e+03
6.20989626e-07 1.39048260e+03 3.63238312e+03
6.21420680e-07 1.65787554e+03 3.76200024e+03
6.21851735e-07 2.02945017e+03 4.11873250e+03
6.22282790e-07 1.64741754e+03 3.97612188e+03
6.22713845e-07 1.49225189e+03 3.90875099e+03
6.23144899e-07 1.12236155e+03 5.80102669e+03
6.23575954e-07 1.61928267e+03 7.25115030e+03
6.24007009e-07 1.78622291e+03 5.90619390e+03
6.24438064e-07 1.07436750e+03 4.41654951e+03
6.24869118e-07 1.80850257e+03 4.03010962e+03
6.25300173e-07 1.53711170e+03 5.05635977e+03
6.25731228e-07 1.03218177e+03 6.20048577e+03
6.26162283e-07 1.88066419e+03 5.60282754e+03
6.26593337e-07 1.37046297e+03 4.72863477e+03
6.27024392e-07 1.28174079e+03 4.13209231e+03
6.27455447e-07 1.37445348e+03 4.02266396e+03
6.27886501e-07 1.99818507e+03 4.05869905e+03
6.28317556e-07 1.20359956e+03 4.97129259e+03
6.28748611e-07 9.94020993e+02 5.29898243e+03
6.29179666e-07 4.42055769e+03 8.02014952e+03
6.30472830e-07 2.96119409e+03 1.68519311e+04
6.30903885e-07 3.64964459e+02 5.00331269e+03
6.31334939e-07 1.63690725e+03 3.91798345e+03
6.31765994e-07 1.47007506e+03 4.23432651e+03
6.32197049e-07 1.49672993e+03 4.72906506e+03
6.32628104e-07 6.64037716e+02 5.44551079e+03
6.33059158e-07 1.53449045e+03 5.52471281e+03
6.33490213e-07 1.63225874e+03 4.07484014e+03
6.33921268e-07 1.59613261e+03 3.72471586e+03
6.34352323e-07 1.37655376e+03 3.98826705e+03
6.34783377e-07 1.46113201e+03 4.37713550e+03
6.35214432e-07 1.38255541e+03 4.78645354e+03
6.35645487e-07 2.01372858e+03 7.53435844e+03
6.36507596e-07 2.50089206e+03 1.28821802e+04
6.37369706e-07 1.44115327e+03 3.63064192e+03
6.37800761e-07 1.53143159e+03 4.08540466e+03
6.38231815e-07 1.45518809e+03 4.39577768e+03
6.38662870e-07 1.53640667e+03 4.41015205e+03
6.39093925e-07 1.49289805e+03 3.88046331e+03
6.39524979e-07 1.20094809e+03 3.45680516e+03
6.39956034e-07 1.57186204e+03 3.55364629e+03
6.40387089e-07 1.67095882e+03 3.60855448e+03
6.40818144e-07 1.35570554e+03 3.52866112e+03
6.41249198e-07 1.79291636e+03 3.80664929e+03
6.41680253e-07 1.60518531e+03 3.96677572e+03
6.42111308e-07 1.43272003e+03 3.77247169e+03
6.42542363e-07 1.37046952e+03 3.61032274e+03
6.42973417e-07 1.76554145e+03 3.48357873e+03
6.43404472e-07 1.35487423e+03 3.47232386e+03
6.43835527e-07 1.51492379e+03 3.48132004e+03
6.44266582e-07 1.61395918e+03 3.56833867e+03
6.44697636e-07 1.81055667e+03 3.72793734e+03
6.45128691e-07 1.92671713e+03 3.87712569e+03
6.45559746e-07 1.43174214e+03 4.01463935e+03
6.45990801e-07 1.26635651e+03 4.88347737e+03
6.46421855e-07 1.69923575e+03 6.25159977e+03
6.46852910e-07 1.84776006e+03 6.25064799e+03
6.47283965e-07 1.63931195e+03 4.97750717e+03
6.47715020e-07 1.13678589e+03 3.95618697e+03
6.48146074e-07 1.79997391e+03 3.85588579e+03
6.48577129e-07 1.22033342e+04 3.34771790e+03
6.51163457e-07 8.71524678e+02 4.66406779e+03
6.51594512e-07 1.84726431e+03 4.07217157e+03
6.52025567e-07 1.95464486e+03 4.52300564e+03
6.52456622e-07 1.96288787e+03 4.66552328e+03
6.52887676e-07 1.77853978e+03 5.48015704e+03
6.53318731e-07 1.84594632e+03 6.01318455e+03
6.53749786e-07 1.03504525e+03 4.61108516e+03
6.54180841e-07 1.90051555e+03 4.97410933e+03
6.54611895e-07 6.08572531e+02 4.78413929e+03
6.55042950e-07 1.81042851e+03 6.24186793e+03
6.55474005e-07 1.97313859e+03 6.30619566e+03
6.55905060e-07 1.57503138e+03 4.86957135e+03
6.56336114e-07 1.74563945e+03 4.88239413e+03
6.56767169e-07 1.34479994e+03 4.64484363e+03
6.57198224e-07 1.76006155e+03 5.33554634e+03
6.57629279e-07 2.06641995e+03 6.05817845e+03
6.58060333e-07 1.42042324e+03 4.71689345e+03
6.58491388e-07 1.67430065e+03 3.79459653e+03
6.58922443e-07 1.71789980e+03 3.87136258e+03
6.59353498e-07 1.76624142e+03 4.30213378e+03
6.59784552e-07 1.79151208e+03 4.72491517e+03
6.60215607e-07 1.95007588e+03 5.14775362e+03
6.60646662e-07 1.75853985e+03 4.53203441e+03
6.61077717e-07 1.83438833e+03 3.81899957e+03
6.61508771e-07 1.68465521e+03 3.57053420e+03
6.61939826e-07 1.78031951e+03 3.64692179e+03
6.62370881e-07 1.95231846e+03 3.99223042e+03
6.62801935e-07 9.62548314e+02 3.90837419e+03
6.63232990e-07 1.49667142e+03 4.37497564e+03
6.63664045e-07 1.56899065e+03 4.06335792e+03
6.64095100e-07 1.28486182e+03 3.56534503e+03
6.64526154e-07 1.96406303e+03 3.67625487e+03
6.64957209e-07 1.71353393e+03 3.63752230e+03
6.65388264e-07 1.52818940e+03 3.58566941e+03
6.65819319e-07 1.59605583e+03 3.73659601e+03
6.66250373e-07 1.90930873e+03 3.98285624e+03
6.66681428e-07 1.91621893e+03 4.06950846e+03
6.67112483e-07 1.38013075e+03 3.69284388e+03
6.67543538e-07 1.95145565e+03 3.61730837e+03
6.67974592e-07 1.97161184e+03 3.64478370e+03
6.68405647e-07 1.58272634e+03 3.60448842e+03
6.68836702e-07 1.62084547e+03 3.68893427e+03
6.69267757e-07 1.65489103e+03 3.64513948e+03
6.69698811e-07 1.42099934e+03 3.73596365e+03
6.70129866e-07 1.78480914e+03 3.92627362e+03
6.70560921e-07 1.64699903e+03 3.75713079e+03
6.70991976e-07 1.17859135e+03 3.55214129e+03
6.71423030e-07 1.43752266e+03 3.60922306e+03
6.71854085e-07 1.53216232e+03 3.62741987e+03
6.72285140e-07 1.32124450e+03 3.53458950e+03
6.72716195e-07 1.55638441e+03 3.53476953e+03
6.73147249e-07 1.65301355e+03 3.59825069e+03
6.73578304e-07 1.84106564e+03 3.71866710e+03
6.74009359e-07 1.86401441e+03 3.91339114e+03
6.74440413e-07 1.74034264e+03 3.79063270e+03
6.74871468e-07 1.61420524e+03 3.57038272e+03
6.75302523e-07 1.54628856e+03 3.51870940e+03
6.75733578e-07 1.72896462e+03 3.56802702e+03
6.76164632e-07 1.49992761e+03 3.48943035e+03
6.76595687e-07 1.79670653e+03 3.52790568e+03
6.77026742e-07 1.43900467e+03 3.50357661e+03
6.77457797e-07 1.58060190e+03 3.51224844e+03
6.77888851e-07 1.84735117e+03 3.60457040e+03
6.78319906e-07 1.81059989e+03 3.65225787e+03
6.78750961e-07 1.72012116e+03 3.59204149e+03
6.79182016e-07 1.67397648e+03 3.51965148e+03
6.79613070e-07 1.98285214e+03 3.64314429e+03
6.80044125e-07 2.00791190e+03 3.59368015e+03
6.80475180e-07 1.77668989e+03 3.55383456e+03
6.80906235e-07 1.60594484e+03 3.54186313e+03
6.81337289e-07 1.81192363e+03 3.50900459e+03
6.81768344e-07 1.21618905e+03 3.41173922e+03
6.82199399e-07 1.90920782e+03 5.44271896e+03
6.82630454e-07 1.74205505e+03 1.02660923e+04
6.83061508e-07 1.49118965e+03 1.18419237e+04
6.83492563e-07 1.38765539e+03 8.82983670e+03
6.83923618e-07 1.86651312e+03 5.83594243e+03
6.84354673e-07 1.56548174e+03 4.44131201e+03
6.84785727e-07 1.63129035e+03 3.79725462e+03
6.85216782e-07 1.20410404e+03 3.66155785e+03
6.85647837e-07 1.70998543e+03 5.65889672e+03
6.86078891e-07 9.14810234e+02 1.04065074e+04
6.86509946e-07 1.13867362e+03 9.57567002e+03
6.86941001e-07 1.39913641e+03 4.87123923e+03
6.87372056e-07 1.23957336e+03 3.52549333e+03
6.87803110e-07 1.19034345e+03 4.08933030e+03
6.88234165e-07 1.47936447e+03 4.58769948e+03
6.88665220e-07 1.18652015e+03 4.97806814e+03
6.89096275e-07 1.02281940e+03 4.51363045e+03
6.89527329e-07 1.56847435e+03 4.14311642e+03
6.89958384e-07 1.06026953e+03 4.24116092e+03
6.90389439e-07 1.31364056e+03 4.08054645e+03
6.90820494e-07 1.09086815e+03 5.13064652e+03
6.91251548e-07 9.22842592e+02 5.73763130e+03
6.91682603e-07 1.51678333e+03 5.80842504e+03
6.92113658e-07 1.31728316e+03 7.25220505e+03
6.92544713e-07 1.87022219e+03 6.04302854e+03
6.92975767e-07 1.49626726e+03 3.97711779e+03
6.93406822e-07 1.37445986e+03 4.59511083e+03
6.93837877e-07 6.27947794e+02 5.82809268e+03
6.94268932e-07 1.33565117e+03 6.76116030e+03
6.94699986e-07 9.67728437e+02 8.52872500e+03
6.95131041e-07 1.45622993e+03 7.11996840e+03
6.95562096e-07 1.62980377e+03 4.16507042e+03
6.95993151e-07 1.46207264e+03 3.79999635e+03
6.96424205e-07 1.03536595e+03 4.53163458e+03
6.96855260e-07 1.35907134e+03 5.51882537e+03
6.97286315e-07 1.63464374e+03 6.46957924e+03
6.97717370e-07 1.56107842e+03 7.04169804e+03
6.98148424e-07 1.52124013e+03 5.40379659e+03
6.98579479e-07 1.12809337e+03 3.71450646e+03
6.99010534e-07 1.38212991e+03 3.56477888e+03
6.99441588e-07 1.83974230e+03 3.87815821e+03
6.99872643e-07 1.38754779e+03 4.23002389e+03
7.00303698e-07 1.57403530e+03 4.84197222e+03
7.00734753e-07 1.75086805e+03 5.19503033e+03
7.01165807e-07 1.38840550e+03 4.86090460e+03
7.01596862e-07 1.08507947e+03 3.71087428e+03
7.02027917e-07 1.18013345e+03 3.32929005e+03
7.02458972e-07 1.48339612e+03 3.44621025e+03
7.02890026e-07 1.70933187e+03 3.47023353e+03
7.03321081e-07 1.92136918e+03 3.59331328e+03
7.03752136e-07 1.65212142e+03 3.92177216e+03
7.04183191e-07 1.18915070e+03 4.60436360e+03
7.04614245e-07 2.00840558e+03 5.31292446e+03
7.05045300e-07 1.79972869e+03 4.76527274e+03
7.05476355e-07 1.16120401e+03 3.89469509e+03
7.05907410e-07 1.33692069e+03 3.76572320e+03
7.06338464e-07 1.47050905e+03 3.98387321e+03
7.06769519e-07 2.40035601e+03 4.39652531e+03
7.07200574e-07 5.24997696e+03 5.20333525e+03
7.07631629e-07 6.16362373e+03 5.43594659e+03
7.08062683e-07 2.84435965e+03 4.56338319e+03
7.08493738e-07 1.49900080e+03 4.30462599e+03
7.08924793e-07 1.90796868e+03 4.23893616e+03
7.09355848e-07 2.41081261e+03 3.94866501e+03
7.09786902e-07 2.38361396e+03 3.82407087e+03
7.10217957e-07 1.79887689e+03 3.61031938e+03
7.10649012e-07 1.28467018e+03 3.47272711e+03
7.11080066e-07 1.38185053e+03 3.53967266e+03
7.11511121e-07 1.58559535e+03 3.52628430e+03
7.11942176e-07 1.65497585e+03 3.53954759e+03
7.12373231e-07 1.68759093e+03 3.76643868e+03
7.12804285e-07 1.37766990e+03 3.86787169e+03
7.13235340e-07 1.95460295e+03 3.97328325e+03
7.13666395e-07 1.60189275e+03 3.95965594e+03
7.14097450e-07 1.28652030e+03 4.13067976e+03
7.14528504e-07 1.35605575e+03 4.15104505e+03
7.14959559e-07 1.69651262e+03 3.91688111e+03
7.15390614e-07 1.41071428e+03 3.65011665e+03
7.15821669e-07 1.26360745e+03 3.68708565e+03
7.16252723e-07 1.63225406e+03 3.85271669e+03
7.16683778e-07 1.48368119e+03 3.78463917e+03
7.17114833e-07 9.23005101e+02 3.59309416e+03
7.17545888e-07 1.03725354e+03 3.58714997e+03
7.17976942e-07 1.56197085e+03 3.45913349e+03
7.18407997e-07 1.26341146e+03 3.13635611e+03
7.18839052e-07 1.07161136e+03 3.00324259e+03
7.19270107e-07 1.16436645e+03 2.97391198e+03
7.19701161e-07 1.44414210e+03 3.11502506e+03
7.20132216e-07 1.28526071e+03 3.12131482e+03
7.20563271e-07 1.46943663e+03 3.19694068e+03
7.20994326e-07 1.51231774e+03 3.09000247e+03
7.21425380e-07 1.48997912e+03 3.21569393e+03
7.21856435e-07 1.48556451e+03 3.32258679e+03
7.22287490e-07 1.44295575e+03 3.54687326e+03
7.22718544e-07 9.78928528e+02 3.47870479e+03
7.23580654e-07 5.27305931e+02 1.29082151e+04
7.24011709e-07 3.69693235e+03 2.05665408e+04
7.24442763e-07 2.29042847e+03 1.68592353e+04
7.24873818e-07 6.16030549e+02 9.05299070e+03
7.25304873e-07 1.44697794e+03 5.97538314e+03
7.25735928e-07 1.60309031e+03 4.59440046e+03
7.26166982e-07 9.43029434e+02 3.76279885e+03
7.27460147e-07 3.28428990e+03 1.80374330e+04
7.27891201e-07 1.12733138e+03 1.47203083e+04
7.28322256e-07 1.47821366e+03 1.00652630e+04
7.28753311e-07 5.92604974e+02 6.43826622e+03
7.29184366e-07 6.29090521e+02 5.17721734e+03
7.29615420e-07 8.55704926e+02 5.78400057e+03
7.30046475e-07 1.27789892e+03 6.64362020e+03
7.31339639e-07 3.42536934e+03 1.41424335e+04
7.31770694e-07 9.60007585e+02 1.15644130e+04
7.32632804e-07 2.36060751e+03 8.22104946e+03
7.33925968e-07 3.70062039e+03 1.67766878e+04
7.34357022e-07 8.16266720e+02 1.09514867e+04
7.34788077e-07 2.82652123e+02 4.87511744e+03
7.35219132e-07 6.36446882e+02 5.55631509e+03
7.35650187e-07 1.21114892e+03 7.99224170e+03
7.36512296e-07 1.10305993e+03 1.13286529e+04
7.36943351e-07 1.86374996e+03 1.21479052e+04
7.37805460e-07 5.19750288e+02 3.37498314e+03
7.38236515e-07 8.10937464e+02 3.53762449e+03
7.38667570e-07 1.17936117e+03 5.13723058e+03
7.39098625e-07 3.36800712e+02 6.49130627e+03
7.39529679e-07 1.01698074e+02 7.54304682e+03
7.39960734e-07 2.08949134e+03 9.47912510e+03
7.40391789e-07 1.99309580e+03 7.60030627e+03
7.40822844e-07 1.39981723e+03 3.88253153e+03
7.41253898e-07 1.09863598e+03 3.14772141e+03
7.41684953e-07 9.55466061e+02 3.14060967e+03
7.42116008e-07 1.19669078e+03 3.52151308e+03
7.42547063e-07 1.01092202e+03 4.41616818e+03
7.42978117e-07 7.38885622e+02 5.29357325e+03
7.43409172e-07 1.65886477e+03 6.18328753e+03
7.43840227e-07 1.74807226e+03 6.18075844e+03
7.44271282e-07 1.22441932e+03 4.07214202e+03
7.44702336e-07 1.05897386e+03 2.85423170e+03
7.45133391e-07 8.40452940e+02 2.89712927e+03
7.45564446e-07 7.76284320e+02 3.37542096e+03
7.45995500e-07 1.52729429e+03 4.46812607e+03
7.46426555e-07 1.10090894e+03 5.56081983e+03
7.46857610e-07 5.86482052e+02 6.53853981e+03
7.47288665e-07 9.20074344e+02 7.28220439e+03
7.47719719e-07 1.12337451e+03 7.36112197e+03
7.48150774e-07 1.73529209e+03 7.02591241e+03
7.48581829e-07 1.33161628e+03 5.15261121e+03
7.49012884e-07 1.16148199e+03 3.86164921e+03
7.49443938e-07 1.00856464e+03 3.44052154e+03
7.49874993e-07 1.11448685e+03 3.14973712e+03
7.50306048e-07 1.09210973e+03 2.86875324e+03
7.50737103e-07 9.70011579e+02 2.88005353e+03
7.51168157e-07 8.39032721e+01 3.32108911e+03
7.52030267e-07 1.21690575e+03 9.49476553e+03
7.52461322e-07 1.86825051e+03 1.04039846e+04
7.52892376e-07 1.79386765e+03 6.90608510e+03
7.53323431e-07 1.20149325e+03 4.31320082e+03
7.53754486e-07 1.03651503e+03 3.57637232e+03
7.54185541e-07 1.18785326e+03 3.31893819e+03
7.54616595e-07 7.59305198e+02 3.15496247e+03
7.55047650e-07 1.19364499e+03 3.65544457e+03
7.55478705e-07 1.18878640e+03 4.25468495e+03
7.55909760e-07 9.56077814e+01 4.16877874e+03
7.56771869e-07 1.65503750e+03 7.13268842e+03
7.57202924e-07 1.44240506e+03 7.62626535e+03
7.57633978e-07 5.02653471e+02 4.91085568e+03
7.58065033e-07 7.31280643e+02 4.07280802e+03
7.58496088e-07 1.44980382e+03 4.66808114e+03
7.58927143e-07 3.99998944e+02 3.62212933e+03
7.59358197e-07 5.35324513e+02 2.83288994e+03
7.59789252e-07 4.94927950e+02 2.33121342e+03
7.61082416e-07 3.40082417e+02 2.41705758e+03
7.61513471e-07 7.03731156e+02 3.52834531e+03
7.61944526e-07 4.63697796e+02 3.73913034e+03
7.62375581e-07 6.14851983e+01 3.21467535e+03
7.62806635e-07 2.80225801e+02 2.97706599e+03
7.63237690e-07 3.37000769e+02 2.43553127e+03
7.63668745e-07 4.15941788e+02 2.08668398e+03
7.64099800e-07 4.16818983e+02 2.22787390e+03
7.64530854e-07 4.69743165e+02 2.56623341e+03
7.64961909e-07 1.46610676e+02 3.17202222e+03
7.65392964e-07 3.18557071e+01 3.86070699e+03
7.65824019e-07 1.39147625e+03 4.56174207e+03
7.66255073e-07 1.35538990e+03 4.48128398e+03
7.66686128e-07 1.07440575e+03 3.58846314e+03
7.67117183e-07 7.60693867e+02 2.97505613e+03
7.67548238e-07 9.28726646e+02 3.22829397e+03
7.67979292e-07 1.06585025e+03 3.69457616e+03
7.68410347e-07 9.89394582e+02 4.21047356e+03
7.68841402e-07 9.15422437e+02 4.54847754e+03
7.69272457e-07 8.65968284e+02 4.57766665e+03
7.71427730e-07 1.65502966e+03 2.60488182e+04
7.71858785e-07 2.33670441e+03 1.82348354e+04
7.72289840e-07 1.24389326e+03 1.00284157e+04
7.72720894e-07 4.17783202e+02 6.87409136e+03
7.73151949e-07 1.24144475e+03 5.41702650e+03
7.73583004e-07 2.70287477e+02 5.34583511e+03
7.74445113e-07 7.99059782e+02 1.40216917e+04
7.74876168e-07 2.46613346e+03 2.08109479e+04
7.75307223e-07 1.02081251e+03 1.71512547e+04
7.75738278e-07 4.76488957e+02 1.06999157e+04
7.76169332e-07 5.95550442e+02 8.24092309e+03
7.76600387e-07 1.09648285e+02 6.05182327e+03
7.77031442e-07 3.06186930e+02 6.85123576e+03
7.77462497e-07 4.44391230e+02 7.94211099e+03
7.78755661e-07 1.35342506e+03 1.06282823e+04
7.79186716e-07 1.36862305e+03 1.35420635e+04
7.79617770e-07 6.19895651e+02 1.13398961e+04
7.80048825e-07 3.39517739e+01 6.60567904e+03
7.82204099e-07 7.92791114e+03 2.17196348e+05
7.82635153e-07 8.96263357e+02 3.94366320e+04
7.83497263e-07 5.19876377e+02 5.30007643e+03
7.85652537e-07 1.23357298e+02 4.40677969e+03
7.86514646e-07 1.75431115e+03 4.20027579e+04
7.87376756e-07 1.57830353e+02 4.90399298e+04
7.87807810e-07 1.24490261e+01 1.80532812e+05
7.88238865e-07 2.51616019e+03 1.00206843e+05
7.88669920e-07 1.24533412e+03 9.27023646e+03
7.89100975e-07 6.88571484e+02 9.19638015e+03
7.91256248e-07 6.39602609e+02 2.46597533e+04
7.91687303e-07 1.68652792e+03 2.11973785e+04
7.92118358e-07 4.21322397e+02 1.40138582e+04
7.92549413e-07 1.31711728e+03 1.05235148e+04
7.92980467e-07 6.53363355e+02 9.44376961e+03
7.93411522e-07 9.00719569e+02 7.81212274e+03
7.93842577e-07 8.89114087e+02 5.64559992e+03
7.94273631e-07 1.11238104e+03 6.46115614e+03
7.94704686e-07 5.00367220e+02 8.30777312e+03
7.98153124e-07 2.37632458e+04 1.10539175e+04
7.98584179e-07 3.12544201e+04 1.10814301e+04
7.99015234e-07 1.73334910e+04 5.55344453e+03
7.99877343e-07 1.38558658e+03 1.25991857e+00
