1.49620000e-01
3.61217000e-07 1.81168613e+01 4.11456133e+02
3.61648030e-07 5.36293505e+01 4.36369517e+02
3.62079061e-07 8.70458516e+01 4.61183948e+02
3.62510091e-07 8.18008058e+01 4.34461472e+02
3.63372152e-07 4.67992641e+01 4.49342451e+02
3.63803182e-07 7.33851250e+00 4.45584983e+02
3.64234212e-07 7.73298266e+01 4.75126124e+02
3.65096273e-07 1.12913774e+01 4.50171772e+02
3.65958333e-07 3.20042625e+00 4.65486518e+02
3.66389364e-07 5.94262560e+01 4.52771531e+02
3.66820394e-07 4.10266247e+01 4.58227367e+02
3.67251424e-07 5.08315614e+01 4.60910464e+02
3.68113485e-07 5.52401035e+01 4.30260004e+02
3.68544515e-07 3.18438601e+01 4.50035501e+02
3.68975545e-07 4.62626576e+01 4.58321802e+02
3.69406576e-07 7.24440986e+01 4.63866008e+02
3.69837606e-07 5.92473775e+01 5.31317363e+02
3.70268636e-07 6.26357713e+01 4.94389206e+02
3.70699667e-07 8.86571783e+01 5.12766317e+02
3.71130697e-07 2.05885249e+01 4.92630997e+02
3.71992758e-07 2.26559363e+01 4.56444710e+02
3.72423788e-07 3.50753161e+01 4.73881276e+02
3.72854818e-07 3.41309524e+01 4.78728654e+02
3.73285848e-07 1.80228061e+01 5.21753829e+02
3.73716879e-07 1.22134449e+02 5.82029547e+02
3.74147909e-07 9.46536703e+01 5.81314732e+02
3.74578939e-07 6.92242915e+00 5.17666529e+02
3.75009970e-07 5.84405068e+00 4.93640324e+02
3.76303061e-07 3.64096539e+01 4.98516993e+02
3.76734091e-07 5.70982730e+01 4.95586477e+02
3.77165121e-07 7.04764431e+01 4.87790076e+02
3.77596152e-07 5.07644732e+01 5.21188628e+02
3.78889242e-07 4.69559106e+01 5.09384738e+02
3.79320273e-07 6.07466416e+01 5.35553343e+02
3.79751303e-07 1.81441864e+02 5.67564429e+02
3.80182333e-07 3.06898444e+01 4.76241432e+02
3.80613364e-07 1.11042872e+02 5.38786854e+02
3.81044394e-07 3.58474846e+01 5.14946003e+02
3.81475424e-07 6.62058626e+01 5.38939116e+02
3.81906455e-07 4.96513523e+01 5.44752909e+02
3.82768515e-07 1.63281058e+02 5.81097606e+02
3.83630576e-07 2.94431623e+01 5.57577149e+02
3.84061606e-07 4.46410641e+01 5.73966259e+02
3.84492636e-07 8.95405218e+01 5.85439343e+02
3.85354697e-07 1.29055340e+01 5.22292650e+02
3.85785727e-07 3.31461053e+01 5.41977492e+02
3.86216758e-07 9.69071885e+01 5.43354794e+02
3.86647788e-07 5.83655858e+01 5.26560380e+02
3.87078818e-07 6.15788388e+01 5.34465228e+02
3.87509848e-07 5.61174672e+01 5.32869073e+02
3.87940879e-07 7.27940423e+01 5.15708150e+02
3.88371909e-07 1.73423814e+01 4.98027293e+02
3.88802939e-07 7.39158583e+00 5.13456733e+02
3.89665000e-07 4.29290796e+01 5.39539079e+02
3.90096030e-07 8.42126740e+01 5.66316638e+02
3.90527061e-07 2.13733294e+02 6.64810879e+02
3.90958091e-07 1.81130220e+02 7.16632957e+02
3.91820152e-07 2.42415257e+01 6.04797917e+02
3.92251182e-07 9.62677296e+01 5.83871888e+02
3.92682212e-07 1.13514140e+02 5.55146531e+02
3.93113242e-07 1.36912080e+02 5.56970331e+02
3.93544273e-07 1.34763516e+02 5.80586457e+02
3.93975303e-07 8.36140014e+01 6.03040587e+02
3.94406333e-07 9.10470758e+01 6.45542736e+02
3.94837364e-07 1.11008343e+02 6.85147025e+02
3.95268394e-07 7.52859009e+01 6.31552420e+02
3.95699424e-07 8.37436303e+01 5.99047484e+02
3.96130455e-07 1.28531511e+02 6.03876942e+02
3.96561485e-07 8.85446451e+01 5.57026072e+02
3.96992515e-07 3.72700858e+01 5.33325401e+02
3.97423545e-07 1.44419754e+02 6.14394062e+02
3.97854576e-07 1.60207028e+02 6.86695624e+02
3.98285606e-07 8.55509098e+01 6.60019859e+02
3.98716636e-07 5.88509669e+01 6.26880950e+02
3.99147667e-07 1.32315625e+02 6.85597492e+02
3.99578697e-07 9.87322417e+01 6.67461915e+02
4.00009727e-07 4.68567456e+01 6.58241201e+02
4.00440758e-07 1.27769424e+02 7.27392610e+02
4.00871788e-07 1.63990857e+02 7.73094156e+02
4.01302818e-07 1.07850426e+02 7.28987964e+02
4.01733848e-07 1.38242642e+02 7.74704750e+02
4.02164879e-07 1.27512482e+02 7.50751687e+02
4.02595909e-07 1.03211083e+02 7.49176675e+02
4.03026939e-07 7.15865549e+01 7.15563937e+02
4.03889000e-07 2.92608306e+01 7.22676798e+02
4.04320030e-07 1.38751331e+02 7.52198330e+02
4.04751061e-07 1.23895545e+02 7.81934785e+02
4.05182091e-07 8.76434360e+01 7.44720661e+02
4.05613121e-07 1.29124979e+02 7.34409731e+02
4.06044152e-07 8.45550432e+01 1.05647488e+03
4.06475182e-07 1.28411163e+02 1.16573951e+03
4.06906212e-07 9.20777309e+01 1.13464284e+03
4.07337242e-07 5.87783061e+01 1.09576089e+03
4.07768273e-07 1.59134925e+02 8.22579352e+02
4.08199303e-07 1.15569296e+02 7.90019907e+02
4.08630333e-07 1.84883986e+02 8.31451033e+02
4.09061364e-07 1.52177448e+02 7.93008331e+02
4.09492394e-07 1.86763357e+02 8.09160091e+02
4.09923424e-07 3.08724941e+01 7.06108042e+02
4.10354455e-07 1.34613753e+02 7.40021063e+02
4.10785485e-07 3.42992104e+01 7.11512362e+02
4.11216515e-07 9.76709560e+01 7.65816675e+02
4.11647545e-07 1.57391703e+02 7.75898393e+02
4.12078576e-07 6.52801232e+01 7.77268628e+02
4.12509606e-07 6.15062043e+01 7.68566635e+02
4.12940636e-07 1.67063026e+02 8.25798944e+02
4.13371667e-07 2.03556148e+02 8.34663883e+02
4.13802697e-07 1.87856066e+02 8.07396520e+02
4.14233727e-07 1.54818036e+02 7.85630028e+02
4.14664758e-07 1.32222740e+02 7.85568579e+02
4.15095788e-07 5.25769640e+01 7.71457683e+02
4.15526818e-07 8.11536942e+01 8.34690597e+02
4.15957848e-07 1.45442311e+02 8.62392582e+02
4.16388879e-07 7.21653267e+01 8.63132708e+02
4.16819909e-07 9.33787372e+01 9.00297812e+02
4.17250939e-07 1.43485359e+02 8.80282905e+02
4.17681970e-07 1.38510614e+02 9.00301814e+02
4.18113000e-07 1.49195111e+02 8.65294928e+02
4.18544030e-07 1.67582034e+02 8.45427364e+02
4.18975061e-07 1.21994268e+02 8.29631351e+02
4.19406091e-07 9.93076156e+01 8.11513995e+02
4.19837121e-07 9.09561329e+01 7.99945013e+02
4.20268152e-07 7.94186486e+01 7.79257886e+02
4.20699182e-07 1.23982933e+02 8.10889011e+02
4.21130212e-07 1.27668716e+02 8.40813569e+02
4.21561242e-07 1.33314799e+02 8.29788276e+02
4.21992273e-07 1.84747379e+02 8.29751126e+02
4.22423303e-07 2.30506405e+02 8.33070370e+02
4.22854333e-07 1.33441724e+02 7.71574146e+02
4.23285364e-07 9.02937519e+01 7.92503666e+02
4.23716394e-07 1.57359571e+02 8.27916018e+02
4.24147424e-07 4.27724363e+01 7.94880886e+02
4.24578455e-07 3.04581958e+01 8.20797829e+02
4.25009485e-07 5.83883582e+01 8.33115426e+02
4.25440515e-07 1.40882249e+02 8.53654631e+02
4.25871545e-07 1.30053360e+02 8.55285159e+02
4.26302576e-07 1.20965474e+02 8.40342118e+02
4.26733606e-07 1.65811784e+02 8.88933492e+02
4.27164636e-07 2.22549291e+02 8.76193981e+02
4.27595667e-07 2.76274844e+02 8.99140131e+02
4.28026697e-07 3.94926047e+02 9.62642579e+02
4.28457727e-07 6.57254137e+02 1.03273157e+03
4.28888758e-07 6.98264089e+02 1.04338484e+03
4.29319788e-07 3.41768119e+02 9.21419155e+02
4.29750818e-07 2.26656998e+02 8.62142609e+02
4.30181848e-07 1.84167287e+02 8.27845589e+02
4.30612879e-07 2.17184312e+02 8.49971830e+02
4.31043909e-07 2.41453502e+02 8.74040577e+02
4.31474939e-07 1.96057517e+02 9.41833896e+02
4.31905970e-07 3.25079719e+02 1.02456533e+03
4.32337000e-07 2.77556901e+02 9.90722105e+02
4.32768030e-07 2.21271038e+02 9.59621619e+02
4.33199061e-07 2.76838545e+02 9.62027963e+02
4.33630091e-07 1.49572979e+02 8.94262353e+02
4.34061121e-07 3.10871207e+02 9.61893649e+02
4.34492152e-07 2.40058538e+02 9.29568655e+02
4.34923182e-07 2.61836383e+02 9.83379669e+02
4.35354212e-07 2.16426473e+02 9.78415963e+02
4.35785242e-07 2.85994193e+02 9.98265871e+02
4.36216273e-07 2.09407658e+02 9.76494632e+02
4.36647303e-07 7.73649177e+01 9.18334328e+02
4.37078333e-07 1.81476972e+02 9.68702261e+02
4.37509364e-07 1.34740549e+02 9.62027663e+02
4.37940394e-07 2.27905488e+02 9.76450891e+02
4.38371424e-07 2.95739376e+02 9.94011742e+02
4.38802455e-07 3.05194151e+02 1.02878371e+03
4.39233485e-07 3.27936857e+02 9.96305949e+02
4.39664515e-07 3.71632104e+02 1.06927123e+03
4.40095545e-07 3.14776050e+02 1.05010807e+03
4.40526576e-07 1.53083227e+02 1.02859733e+03
4.40957606e-07 1.08820003e+02 1.05315433e+03
4.41388636e-07 1.35712706e+02 1.06384381e+03
4.41819667e-07 3.74782729e+02 1.16722111e+03
4.42250697e-07 2.70178484e+02 1.12430419e+03
4.42681727e-07 4.27263882e+02 1.16993845e+03
4.43112758e-07 3.57703407e+02 1.10509012e+03
4.43543788e-07 2.38851946e+02 1.08691227e+03
4.43974818e-07 3.75865151e+02 1.15088577e+03
4.44405848e-07 1.84364074e+02 1.04379726e+03
4.44836879e-07 3.15689103e+02 1.09585367e+03
4.45267909e-07 1.78050254e+02 1.03487920e+03
4.45698939e-07 2.59847746e+02 1.01305984e+03
4.46129970e-07 2.52067099e+02 1.03649708e+03
4.46561000e-07 2.37254688e+02 1.05655740e+03
4.46992030e-07 6.19399926e+01 1.02517352e+03
4.47423061e-07 2.64229736e+02 1.09365876e+03
4.47854091e-07 3.53218905e+02 1.09041750e+03
4.48285121e-07 3.41152084e+02 1.10862460e+03
4.48716152e-07 3.67469511e+02 1.12780418e+03
4.49147182e-07 3.01618840e+02 1.10527909e+03
4.49578212e-07 1.33255208e+02 1.75579846e+03
4.50009242e-07 3.54272059e+02 1.89126998e+03
4.50440273e-07 4.09831783e+02 1.91706919e+03
4.50871303e-07 4.41459521e+02 1.92793540e+03
4.51302333e-07 2.93255878e+02 1.16676624e+03
4.51733364e-07 2.66074081e+02 1.18596982e+03
4.52164394e-07 3.00817355e+02 1.17993719e+03
4.52595424e-07 2.96287112e+02 1.17215033e+03
4.53026455e-07 3.90522614e+02 1.21640201e+03
4.53457485e-07 2.50964458e+02 1.21273424e+03
4.53888515e-07 2.77793083e+02 1.20243841e+03
4.54319545e-07 3.59825703e+02 1.26503153e+03
4.54750576e-07 2.59627036e+02 1.26382148e+03
4.55181606e-07 2.11533829e+02 1.19861632e+03
4.55612636e-07 3.38568805e+02 1.22326503e+03
4.56043667e-07 2.50514011e+02 1.17582621e+03
4.56474697e-07 7.80375890e+01 1.11428128e+03
4.56905727e-07 3.15884989e+02 1.21026024e+03
4.57336758e-07 3.58544984e+02 1.25767752e+03
4.57767788e-07 3.43799603e+02 1.27040121e+03
4.58198818e-07 2.88199682e+02 1.25406565e+03
4.58629848e-07 2.27807384e+02 1.23723807e+03
4.59060879e-07 1.94249610e+02 1.21459117e+03
4.59491909e-07 3.08539152e+02 1.24155390e+03
4.59922939e-07 4.07013675e+02 1.25845576e+03
4.60353970e-07 3.92763653e+02 1.26473925e+03
4.60785000e-07 3.81227923e+02 1.29632308e+03
4.61216030e-07 4.26112642e+02 1.28646130e+03
4.61647061e-07 4.95951225e+02 1.29070028e+03
4.62078091e-07 5.01652372e+02 1.33269747e+03
4.62509121e-07 4.73757198e+02 1.30747040e+03
4.62940152e-07 4.93766635e+02 1.32119025e+03
4.63371182e-07 4.97536107e+02 1.29752282e+03
4.63802212e-07 5.41077536e+02 1.32737662e+03
4.64233242e-07 5.80058335e+02 1.35388215e+03
4.64664273e-07 4.57524565e+02 1.26403702e+03
4.65095303e-07 3.37001206e+02 1.25098671e+03
4.65526333e-07 4.19821288e+02 1.34480944e+03
4.65957364e-07 5.74969384e+02 1.39713965e+03
4.66388394e-07 4.65741033e+02 1.37793038e+03
4.66819424e-07 4.42096783e+02 1.35720286e+03
4.67250455e-07 4.63934044e+02 1.41243973e+03
4.67681485e-07 4.76931653e+02 1.38499927e+03
4.68112515e-07 3.87585471e+02 1.34241868e+03
4.68543545e-07 3.99974707e+02 1.37555556e+03
4.68974576e-07 6.39774724e+02 1.43880767e+03
4.69405606e-07 5.19481702e+02 1.38628971e+03
4.69836636e-07 4.72521984e+02 1.35616944e+03
4.70267667e-07 5.50816922e+02 1.36195669e+03
4.70698697e-07 4.30366403e+02 1.34288045e+03
4.71129727e-07 4.97664699e+02 1.38911508e+03
4.71560758e-07 4.19462074e+02 1.37881063e+03
4.71991788e-07 3.88989375e+02 1.35867189e+03
4.72422818e-07 3.99866736e+02 1.34241279e+03
4.72853848e-07 5.76196389e+02 1.39911264e+03
4.73284879e-07 6.23878897e+02 1.42163901e+03
4.73715909e-07 2.92247668e+02 1.34815152e+03
4.74146939e-07 3.87437401e+02 1.38521230e+03
4.74577970e-07 4.81024081e+02 1.40874315e+03
4.75009000e-07 4.72742013e+02 1.42226992e+03
4.75440030e-07 4.85164731e+02 1.39533333e+03
4.75871061e-07 4.88486065e+02 1.37083412e+03
4.76302091e-07 5.03243021e+02 1.39385825e+03
4.76733121e-07 7.03372739e+02 1.51487147e+03
4.77164152e-07 6.20879464e+02 1.45868204e+03
4.77595182e-07 6.18403951e+02 1.46265214e+03
4.78026212e-07 5.16249767e+02 1.44262278e+03
4.78457242e-07 4.91114783e+02 1.42012719e+03
4.78888273e-07 5.42821586e+02 1.43404715e+03
4.79319303e-07 4.13479414e+02 1.41144628e+03
4.79750333e-07 4.30789732e+02 1.42358308e+03
4.80181364e-07 6.36289017e+02 1.51952005e+03
4.80612394e-07 6.18388779e+02 1.47503203e+03
4.81043424e-07 6.42403286e+02 1.53006835e+03
4.81474455e-07 5.92021032e+02 1.56933951e+03
4.81905485e-07 5.35309595e+02 1.56332234e+03
4.82336515e-07 3.52200253e+02 1.50059735e+03
4.82767545e-07 5.70616486e+02 1.58692971e+03
4.83198576e-07 6.35769658e+02 1.62463673e+03
4.83629606e-07 4.15735643e+02 1.56482331e+03
4.84060636e-07 6.07253619e+02 1.60070257e+03
4.84491667e-07 6.58762893e+02 1.57688450e+03
4.84922697e-07 8.02485032e+02 1.59110120e+03
4.85353727e-07 5.58799347e+02 1.50046670e+03
4.85784758e-07 4.51986024e+02 1.41265727e+03
4.86215788e-07 4.46600017e+02 1.39736640e+03
4.86646818e-07 6.78204147e+02 1.54593766e+03
4.87077848e-07 5.54801069e+02 1.46698752e+03
4.87508879e-07 6.38412077e+02 1.51940548e+03
4.87939909e-07 4.80978603e+02 1.51854312e+03
4.88370939e-07 6.57936790e+02 1.58202023e+03
4.88801970e-07 4.85547308e+02 1.52917391e+03
4.89233000e-07 7.26261683e+02 1.58136235e+03
4.89664030e-07 6.77211891e+02 1.60040685e+03
4.90095061e-07 7.04680000e+02 1.64740337e+03
4.90526091e-07 5.57670559e+02 1.56458322e+03
4.90957121e-07 6.42256391e+02 1.57435994e+03
4.91388152e-07 5.69822043e+02 1.51616407e+03
4.91819182e-07 6.89458083e+02 1.58474610e+03
4.92250212e-07 3.95317250e+02 1.46789422e+03
4.92681242e-07 5.89963745e+02 1.58314953e+03
4.93112273e-07 6.50759448e+02 1.59646482e+03
4.93543303e-07 7.01711063e+02 1.55793694e+03
4.93974333e-07 8.03212246e+02 1.68509908e+03
4.94405364e-07 5.74311095e+02 1.62257405e+03
4.94836394e-07 4.85327818e+02 1.55185948e+03
4.95267424e-07 3.07499888e+02 1.50262023e+03
4.95698455e-07 4.95198662e+02 1.56836302e+03
4.96129485e-07 7.01396610e+02 1.67830255e+03
4.96560515e-07 7.80454435e+02 1.73842696e+03
4.96991545e-07 6.96474582e+02 1.67046716e+03
4.97422576e-07 6.41650232e+02 1.66657110e+03
4.97853606e-07 7.39195191e+02 1.70100175e+03
4.98284636e-07 4.86312306e+02 1.59936284e+03
4.98715667e-07 7.36593230e+02 1.69637005e+03
4.99146697e-07 6.39639646e+02 1.66289204e+03
4.99577727e-07 4.53864437e+02 1.60328276e+03
5.00008758e-07 5.65863976e+02 1.60915658e+03
5.00439788e-07 7.03738602e+02 1.64054964e+03
5.00870818e-07 8.32026133e+02 1.72724368e+03
5.01301848e-07 6.84227287e+02 1.71622957e+03
5.01732879e-07 6.70409779e+02 1.68976725e+03
5.02163909e-07 7.12825180e+02 1.66241408e+03
5.02594939e-07 7.92901412e+02 1.71517150e+03
5.03025970e-07 8.59360612e+02 1.75362128e+03
5.03457000e-07 6.02683642e+02 1.60628109e+03
5.03888030e-07 7.75472279e+02 1.68540637e+03
5.04319061e-07 6.80449116e+02 1.67681538e+03
5.04750091e-07 8.15409140e+02 1.73889386e+03
5.05181121e-07 6.36334519e+02 1.69470457e+03
5.05612152e-07 7.56256695e+02 1.72399997e+03
5.06043182e-07 7.75279252e+02 1.73742044e+03
5.06474212e-07 6.81194567e+02 1.71137791e+03
5.06905242e-07 7.33532065e+02 1.72908010e+03
5.07336273e-07 8.14829971e+02 1.78019102e+03
5.07767303e-07 7.33693167e+02 1.67921144e+03
5.08198333e-07 6.87702688e+02 1.64630007e+03
5.08629364e-07 8.90107535e+02 1.75730426e+03
5.09060394e-07 7.45457282e+02 1.72964243e+03
5.09491424e-07 8.24655915e+02 1.76495333e+03
5.09922455e-07 7.38296751e+02 1.73916942e+03
5.10353485e-07 7.37946688e+02 1.77177116e+03
5.10784515e-07 6.90764874e+02 1.71199019e+03
5.11215545e-07 1.00000439e+03 1.81475495e+03
5.11646576e-07 6.67674877e+02 1.73312723e+03
5.12077606e-07 6.90488807e+02 1.71432731e+03
5.12508636e-07 7.81000229e+02 1.75171737e+03
5.12939667e-07 9.41225683e+02 1.84255091e+03
5.13370697e-07 6.35307942e+02 1.76736551e+03
5.13801727e-07 7.13469683e+02 1.79808751e+03
5.14232758e-07 1.11581855e+03 1.93921044e+03
5.14663788e-07 7.81550939e+02 1.80640958e+03
5.15094818e-07 8.64513079e+02 1.82819504e+03
5.15525848e-07 9.51531422e+02 1.90541369e+03
5.15956879e-07 1.17337910e+03 2.00373725e+03
5.16387909e-07 1.15569190e+03 1.90517402e+03
5.16818939e-07 8.36202253e+02 1.74440630e+03
5.17249970e-07 8.29582350e+02 1.70324783e+03
5.17681000e-07 1.24679652e+03 1.90113643e+03
5.18112030e-07 1.11027131e+03 1.86109701e+03
5.18543061e-07 8.10242539e+02 1.78058663e+03
5.18974091e-07 9.02743245e+02 1.87140778e+03
5.19405121e-07 9.85830310e+02 2.03162038e+03
5.19836152e-07 1.16285701e+03 2.17540469e+03
5.20267182e-07 8.43794506e+02 2.06388488e+03
5.20698212e-07 8.39473106e+02 1.90004774e+03
5.21129242e-07 9.73608329e+02 1.89956880e+03
5.21560273e-07 9.48829625e+02 1.90083805e+03
5.21991303e-07 1.11382744e+03 2.04220042e+03
5.22422333e-07 1.04097204e+03 1.96950254e+03
5.22853364e-07 9.25385885e+02 1.92549247e+03
5.23284394e-07 9.56392258e+02 1.93568794e+03
5.23715424e-07 9.38232012e+02 1.96974804e+03
5.24146455e-07 1.00192338e+03 1.96413920e+03
5.24577485e-07 1.14873295e+03 2.01220523e+03
5.25008515e-07 1.03702483e+03 1.99344178e+03
5.25439545e-07 7.44868642e+02 1.91307755e+03
5.25870576e-07 1.14497072e+03 2.02035094e+03
5.26301606e-07 9.12774607e+02 1.89384799e+03
5.26732636e-07 8.37470566e+02 1.80805226e+03
5.27163667e-07 1.02355125e+03 1.90261061e+03
5.27594697e-07 9.14365907e+02 1.91164120e+03
5.28025727e-07 1.01255516e+03 1.97178396e+03
5.28456758e-07 1.23872556e+03 2.01389973e+03
5.28887788e-07 9.60550599e+02 1.93960025e+03
5.29318818e-07 1.10466518e+03 2.00370515e+03
5.29749848e-07 1.08823503e+03 1.99957949e+03
5.30180879e-07 9.18745003e+02 1.98571913e+03
5.30611909e-07 9.63830027e+02 2.05182412e+03
5.31042939e-07 1.13811419e+03 2.08480548e+03
5.31473970e-07 1.11865049e+03 2.05762864e+03
5.31905000e-07 1.16468234e+03 2.09829656e+03
5.32336030e-07 9.21019835e+02 2.00132640e+03
5.32767061e-07 1.00244609e+03 2.04255267e+03
5.33198091e-07 8.57938855e+02 1.99540053e+03
5.33629121e-07 8.26605421e+02 1.98930077e+03
5.34060152e-07 9.38599800e+02 2.00400922e+03
5.34491182e-07 9.38502437e+02 2.00070400e+03
5.34922212e-07 1.14024727e+03 2.09925104e+03
5.35353242e-07 1.10376689e+03 2.05945274e+03
5.35784273e-07 1.38975053e+03 2.15637403e+03
5.36215303e-07 1.18411068e+03 2.04563623e+03
5.36646333e-07 1.35422389e+03 2.10425576e+03
5.37077364e-07 9.81221572e+02 2.03689494e+03
5.37508394e-07 9.71991638e+02 2.06397919e+03
5.37939424e-07 1.09520107e+03 2.07455598e+03
5.38370455e-07 9.82307566e+02 2.02514734e+03
5.38801485e-07 1.20048719e+03 2.06638536e+03
5.39232515e-07 9.70275312e+02 2.01644827e+03
5.39663545e-07 1.13114703e+03 2.04432808e+03
5.40094576e-07 1.28038146e+03 2.10046112e+03
5.40525606e-07 9.47372586e+02 1.97445533e+03
5.40956636e-07 1.05735436e+03 2.04527763e+03
5.41387667e-07 1.46267918e+03 2.16029956e+03
5.41818697e-07 1.07988256e+03 2.03895700e+03
5.42249727e-07 1.27101780e+03 2.15992022e+03
5.42680758e-07 1.07485087e+03 2.07174281e+03
5.43111788e-07 1.15317659e+03 2.11220259e+03
5.43542818e-07 1.26602695e+03 2.15212664e+03
5.43973848e-07 1.73942776e+03 2.34285788e+03
5.44404879e-07 1.30908335e+03 2.21390968e+03
5.44835909e-07 1.28897078e+03 2.22431840e+03
5.45266939e-07 1.44807206e+03 2.24051816e+03
5.45697970e-07 1.17946564e+03 2.18434308e+03
5.46129000e-07 1.05686440e+03 2.14602464e+03
5.46560030e-07 9.22562507e+02 2.12525593e+03
5.46991061e-07 9.18435826e+02 2.10375091e+03
5.47422091e-07 1.19506250e+03 2.17202266e+03
5.47853121e-07 9.63086705e+02 2.06797790e+03
5.48284152e-07 1.09327608e+03 2.20749012e+03
5.48715182e-07 1.36917067e+03 2.26014566e+03
5.49146212e-07 1.12379951e+03 2.23002128e+03
5.49577242e-07 1.45852506e+03 2.29292510e+03
5.50008273e-07 1.15378831e+03 2.25740769e+03
5.50439303e-07 1.13040820e+03 2.28039441e+03
5.50870333e-07 1.03513697e+03 2.20745103e+03
5.51301364e-07 1.20287086e+03 2.28950221e+03
5.51732394e-07 1.23623817e+03 2.25204328e+03
5.52163424e-07 1.15824021e+03 2.25135411e+03
5.52594455e-07 1.16582007e+03 2.21998831e+03
5.53025485e-07 1.18786794e+03 2.21754781e+03
5.53456515e-07 1.60285628e+03 2.40294766e+03
5.53887545e-07 9.44372200e+02 2.31394952e+03
5.54318576e-07 1.16355567e+03 2.40218321e+03
5.54749606e-07 1.06870006e+03 2.36937706e+03
5.55180636e-07 9.40163458e+02 2.29147961e+03
5.55611667e-07 1.08997256e+03 2.32661500e+03
5.56042697e-07 1.36882507e+03 2.45991198e+03
5.56473727e-07 9.58199645e+02 2.46455470e+03
5.57766818e-07 6.41915826e+03 3.36600691e+04
5.58628879e-07 9.98830323e+02 3.58397951e+03
5.59059909e-07 1.44997763e+03 2.50826289e+03
5.59490939e-07 1.05773594e+03 2.35861171e+03
5.59921970e-07 7.64550563e+02 2.18426623e+03
5.60353000e-07 8.14332839e+02 2.32785598e+03
5.60784030e-07 9.18977982e+02 2.37788885e+03
5.61215061e-07 1.11379610e+03 2.32731554e+03
5.61646091e-07 1.07908082e+03 2.28863655e+03
5.62077121e-07 7.94302924e+02 2.26120472e+03
5.62508152e-07 1.26911338e+03 2.38413953e+03
5.62939182e-07 1.56792130e+03 2.47774259e+03
5.63370212e-07 1.12434047e+03 2.32853014e+03
5.63801242e-07 9.59341834e+02 2.27155944e+03
5.64232273e-07 1.04124133e+03 2.33659007e+03
5.64663303e-07 1.24019334e+03 2.42720081e+03
5.65094333e-07 1.09947448e+03 2.33247450e+03
5.65525364e-07 1.26774208e+03 2.35661943e+03
5.65956394e-07 1.07897190e+03 2.34189660e+03
5.66387424e-07 1.35701934e+03 2.40382176e+03
5.66818455e-07 1.15834388e+03 2.39165072e+03
5.67249485e-07 1.15320070e+03 2.40256574e+03
5.67680515e-07 1.10052636e+03 2.42458322e+03
5.68111545e-07 1.38438357e+03 2.47137824e+03
5.68542576e-07 1.48493035e+03 2.53673683e+03
5.68973606e-07 1.30357903e+03 2.46023249e+03
5.69404636e-07 1.17924837e+03 2.41751174e+03
5.69835667e-07 1.26690138e+03 2.47553043e+03
5.70266697e-07 1.36066717e+03 2.47502972e+03
5.70697727e-07 1.39849485e+03 2.49633526e+03
5.71128758e-07 1.67770224e+03 2.58055404e+03
5.71559788e-07 1.58111309e+03 2.57421956e+03
5.71990818e-07 1.25259084e+03 2.46951306e+03
5.72421848e-07 1.13443879e+03 2.49331135e+03
5.72852879e-07 1.32310375e+03 2.50797363e+03
5.73283909e-07 1.09714547e+03 2.40711211e+03
5.73714939e-07 1.22621902e+03 2.47271352e+03
5.74145970e-07 1.51890821e+03 2.55993733e+03
5.74577000e-07 1.22924513e+03 2.46473964e+03
5.75008030e-07 1.37510136e+03 2.54607297e+03
5.75439061e-07 1.66563139e+03 2.60017442e+03
5.75870091e-07 1.63292889e+03 2.53804631e+03
5.76301121e-07 1.40471249e+03 2.49000189e+03
5.76732152e-07 1.31030493e+03 2.51234038e+03
5.77163182e-07 1.31297406e+03 2.51532733e+03
5.77594212e-07 1.28561135e+03 2.45016930e+03
5.78025242e-07 1.14710348e+03 2.42739187e+03
5.78456273e-07 1.52466219e+03 2.53649502e+03
5.78887303e-07 1.35703913e+03 2.52506199e+03
5.79318333e-07 1.38188179e+03 2.50659781e+03
5.79749364e-07 1.26866542e+03 2.44025408e+03
5.80180394e-07 1.28513927e+03 2.49154718e+03
5.80611424e-07 1.31293353e+03 2.48178135e+03
5.81042455e-07 1.41393860e+03 2.56439319e+03
5.81473485e-07 1.45236022e+03 2.57944676e+03
5.81904515e-07 1.09976415e+03 2.48811651e+03
5.82335545e-07 1.38219376e+03 2.58093826e+03
5.82766576e-07 1.53656774e+03 2.56358976e+03
5.83197606e-07 1.59203608e+03 2.60089294e+03
5.83628636e-07 1.67300688e+03 2.66008034e+03
5.84059667e-07 1.54960400e+03 2.57671422e+03
5.84490697e-07 1.42350664e+03 2.53383964e+03
5.84921727e-07 1.02474746e+03 2.44389467e+03
5.85352758e-07 1.48383636e+03 2.59489250e+03
5.85783788e-07 1.79004632e+03 2.67610057e+03
5.86214818e-07 1.53747544e+03 2.78548953e+03
5.86645848e-07 1.54533919e+03 3.00884848e+03
5.87076879e-07 1.49212420e+03 2.96058779e+03
5.87507909e-07 1.50178068e+03 2.78184787e+03
5.87938939e-07 1.30732529e+03 2.65956909e+03
5.88369970e-07 1.40063247e+03 3.30239144e+03
5.88801000e-07 1.38092322e+03 5.00565482e+03
5.89232030e-07 1.51540616e+03 5.52047832e+03
5.89663061e-07 1.70882011e+03 4.51544133e+03
5.90094091e-07 1.47440288e+03 3.25778550e+03
5.90525121e-07 1.35966057e+03 2.74458245e+03
5.90956152e-07 1.36909300e+03 2.75732994e+03
5.91387182e-07 1.52925659e+03 2.92827618e+03
5.91818212e-07 1.57253868e+03 2.90561027e+03
5.92249242e-07 1.32163459e+03 2.78845294e+03
5.92680273e-07 1.30539950e+03 2.79624427e+03
5.93111303e-07 1.64995564e+03 3.01490081e+03
5.93542333e-07 1.33178340e+03 2.95359548e+03
5.93973364e-07 1.21339896e+03 2.65182428e+03
5.94404394e-07 1.39342283e+03 2.69664684e+03
5.94835424e-07 1.75747290e+03 2.96992976e+03
5.95266455e-07 2.20286958e+03 3.24891534e+03
5.95697485e-07 2.05445877e+03 3.09500526e+03
5.96128515e-07 1.61930097e+03 2.77657172e+03
5.96559545e-07 1.62284902e+03 2.79403717e+03
5.96990576e-07 1.39106877e+03 2.83061870e+03
5.97421606e-07 1.82663655e+03 3.00029797e+03
5.97852636e-07 1.49584991e+03 2.91174233e+03
5.98283667e-07 1.41466754e+03 2.76729233e+03
5.98714697e-07 1.54937723e+03 2.68798266e+03
5.99145727e-07 1.63177954e+03 2.72393443e+03
5.99576758e-07 1.83635104e+03 2.88318308e+03
6.00007788e-07 1.49581871e+03 2.80657743e+03
6.00438818e-07 1.49069481e+03 2.78941235e+03
6.00869848e-07 1.51451641e+03 2.72795264e+03
6.01300879e-07 1.46311382e+03 2.63248512e+03
6.01731909e-07 1.27904063e+03 2.57033167e+03
6.02162939e-07 1.64935566e+03 2.66696464e+03
6.02593970e-07 1.72979301e+03 2.73884680e+03
6.03025000e-07 1.87068953e+03 2.83086738e+03
6.03456030e-07 1.68853741e+03 2.76864738e+03
6.03887061e-07 1.76683017e+03 2.76740123e+03
6.04318091e-07 1.48371040e+03 2.68209521e+03
6.04749121e-07 1.31570657e+03 2.60130205e+03
6.05180152e-07 1.64579654e+03 2.67475932e+03
6.05611182e-07 1.71211315e+03 2.70381610e+03
6.06042212e-07 1.61210591e+03 2.71695489e+03
6.06473242e-07 1.64906143e+03 2.73666029e+03
6.06904273e-07 1.67863370e+03 2.73258804e+03
6.07335303e-07 1.88507851e+03 2.73545776e+03
6.07766333e-07 1.83706444e+03 2.71382809e+03
6.08197364e-07 1.72084414e+03 2.66511352e+03
6.08628394e-07 1.86596849e+03 2.70599384e+03
6.09059424e-07 1.81306484e+03 2.72856375e+03
6.09490455e-07 1.74029232e+03 2.74181535e+03
6.09921485e-07 1.69017666e+03 2.73373773e+03
6.10352515e-07 1.81058924e+03 2.73188240e+03
6.10783545e-07 1.90202784e+03 2.71053085e+03
6.11214576e-07 1.64791339e+03 2.66081715e+03
6.11645606e-07 1.69716759e+03 2.68323705e+03
6.12076636e-07 1.81408214e+03 2.69356101e+03
6.12507667e-07 1.66965770e+03 2.63391305e+03
6.12938697e-07 1.51722535e+03 2.59582840e+03
6.13369727e-07 1.71668377e+03 2.72456865e+03
6.13800758e-07 1.89105760e+03 2.85158465e+03
6.14231788e-07 1.96137447e+03 2.87530340e+03
6.14662818e-07 1.94766336e+03 2.88840098e+03
6.15093848e-07 1.67024755e+03 2.75343642e+03
6.15524879e-07 1.72479402e+03 2.74735169e+03
6.15955909e-07 1.80607593e+03 2.75779527e+03
6.16386939e-07 1.71407716e+03 2.66756123e+03
6.16817970e-07 1.79657640e+03 2.82813231e+03
6.17249000e-07 1.92771201e+03 2.96963585e+03
6.17680030e-07 1.78334279e+03 2.85721037e+03
6.18111061e-07 1.80112995e+03 2.73473721e+03
6.18542091e-07 1.65518766e+03 2.69243045e+03
6.18973121e-07 1.63934852e+03 2.67706815e+03
6.19404152e-07 1.45946625e+03 2.67666382e+03
6.19835182e-07 1.62212744e+03 2.74894620e+03
6.20266212e-07 1.55715266e+03 2.80442991e+03
6.20697242e-07 1.53646608e+03 2.76196026e+03
6.21128273e-07 1.81845572e+03 2.80011317e+03
6.21559303e-07 1.84756990e+03 2.81405238e+03
6.21990333e-07 1.51868551e+03 2.82287301e+03
6.22421364e-07 1.48110847e+03 2.84807820e+03
6.22852394e-07 1.92770504e+03 2.95162830e+03
6.23283424e-07 1.85051749e+03 3.48986652e+03
6.23714455e-07 1.74457996e+03 3.69127455e+03
6.24145485e-07 1.83777191e+03 3.35548397e+03
6.24576515e-07 1.68938745e+03 2.94276414e+03
6.25007545e-07 1.86173285e+03 2.87330393e+03
6.25438576e-07 2.21227040e+03 3.35609709e+03
6.25869606e-07 1.70459883e+03 3.58869642e+03
6.26300636e-07 1.59816094e+03 3.24236060e+03
6.26731667e-07 1.64967950e+03 3.04053959e+03
6.27162697e-07 1.70038540e+03 2.91840606e+03
6.27593727e-07 1.43376341e+03 2.78498916e+03
6.28024758e-07 1.65659917e+03 2.91419390e+03
6.28455788e-07 1.99870783e+03 3.25193674e+03
6.28886818e-07 1.55183073e+03 3.31654693e+03
6.29317848e-07 1.53785812e+03 4.53506858e+03
6.29748879e-07 1.68702957e+03 9.56952104e+03
6.30179909e-07 2.60573041e+03 1.14414412e+04
6.30610939e-07 1.98772659e+03 5.92657336e+03
6.31041970e-07 1.45932888e+03 3.13207839e+03
6.31473000e-07 1.82561191e+03 2.82219981e+03
6.31904030e-07 1.83585860e+03 2.98934884e+03
6.32335061e-07 1.93495315e+03 3.21925032e+03
6.32766091e-07 1.98415622e+03 3.45616311e+03
6.33197121e-07 1.96965612e+03 3.40835287e+03
6.33628152e-07 1.84444726e+03 2.92242742e+03
6.34059182e-07 2.13247587e+03 2.92578519e+03
6.34490212e-07 1.69424139e+03 2.86902882e+03
6.34921242e-07 1.84308891e+03 3.02003269e+03
6.35352273e-07 1.75403311e+03 3.23857794e+03
6.35783303e-07 2.03235273e+03 4.17065706e+03
6.36214333e-07 1.70894967e+03 5.58554341e+03
6.36645364e-07 2.09052600e+03 5.21747424e+03
6.37076394e-07 2.22168610e+03 3.33865024e+03
6.37507424e-07 1.98207680e+03 2.85348594e+03
6.37938455e-07 2.00379450e+03 2.95525700e+03
6.38369485e-07 2.13990647e+03 3.18019467e+03
6.38800515e-07 1.83549359e+03 3.05669108e+03
6.39231545e-07 1.83433122e+03 2.87252712e+03
6.39662576e-07 2.17281290e+03 2.90054618e+03
6.40093606e-07 2.38184387e+03 2.97506424e+03
6.40524636e-07 1.94803653e+03 2.84894362e+03
6.40955667e-07 2.02962931e+03 2.88614488e+03
6.41386697e-07 2.02012047e+03 2.91286240e+03
6.41817727e-07 1.91577933e+03 2.91357544e+03
6.42248758e-07 1.79620051e+03 2.84577632e+03
6.42679788e-07 2.05768958e+03 2.81618933e+03
6.43110818e-07 1.96291533e+03 2.78400162e+03
6.43541848e-07 1.93727477e+03 2.82434027e+03
6.43972879e-07 1.98050471e+03 2.79437940e+03
6.44403909e-07 2.11571855e+03 2.83769691e+03
6.44834939e-07 2.05901519e+03 2.90535296e+03
6.45265970e-07 1.83949988e+03 2.97128060e+03
6.45697000e-07 2.21868116e+03 3.06001691e+03
6.46128030e-07 2.31939657e+03 3.33819837e+03
6.46559061e-07 1.67146100e+03 3.41491909e+03
6.46990091e-07 2.26350824e+03 3.54693812e+03
6.47421121e-07 2.01257333e+03 3.17701942e+03
6.47852152e-07 1.56891946e+03 2.86892521e+03
6.48283182e-07 2.11119355e+03 2.83853178e+03
6.48714212e-07 1.81863180e+03 2.72381663e+03
6.49145242e-07 2.14642921e+03 3.00638705e+03
6.49576273e-07 1.54744083e+03 3.36561252e+03
6.50007303e-07 1.82548050e+03 3.73244786e+03
6.50438333e-07 2.06607975e+03 3.37885394e+03
6.50869364e-07 2.12110227e+03 3.06900276e+03
6.51300394e-07 1.97470977e+03 2.89459289e+03
6.51731424e-07 1.81352101e+03 2.82658447e+03
6.52162455e-07 2.41175305e+03 3.21755213e+03
6.52593485e-07 2.27783392e+03 3.18769966e+03
6.53024515e-07 2.14931322e+03 3.47083443e+03
6.53455545e-07 2.06790607e+03 3.52338389e+03
6.53886576e-07 2.00237530e+03 3.12100357e+03
6.54317606e-07 2.04536437e+03 3.16595348e+03
6.54748636e-07 2.11402306e+03 3.24560652e+03
6.55179667e-07 2.20823413e+03 3.61350518e+03
6.55610697e-07 2.43217576e+03 3.57600148e+03
6.56041727e-07 2.29147391e+03 3.13647476e+03
6.56472758e-07 2.21155587e+03 3.09771978e+03
6.56903788e-07 1.96494440e+03 3.10006842e+03
6.57334818e-07 2.01619805e+03 3.34706744e+03
6.57765848e-07 2.69324762e+03 3.73031135e+03
6.58196879e-07 2.29222980e+03 3.23475541e+03
6.58627909e-07 2.29679135e+03 2.98536131e+03
6.59058939e-07 2.40183178e+03 3.03578276e+03
6.59489970e-07 2.21331394e+03 3.09188298e+03
6.59921000e-07 2.05773724e+03 3.14656605e+03
6.60352030e-07 2.39876430e+03 3.33479743e+03
6.60783061e-07 2.39155215e+03 3.12907823e+03
6.61214091e-07 2.08906686e+03 2.90333988e+03
6.61645121e-07 2.29059694e+03 2.95749774e+03
6.62076152e-07 2.20176688e+03 2.99088300e+03
6.62507182e-07 2.13360707e+03 2.96166700e+03
6.62938212e-07 2.14237810e+03 3.02265478e+03
6.63369242e-07 2.57437123e+03 3.18915753e+03
6.63800273e-07 2.15301738e+03 2.97134081e+03
6.64231303e-07 1.80331731e+03 2.88131122e+03
6.64662333e-07 2.02440386e+03 2.97106505e+03
6.65093364e-07 2.10860602e+03 2.93829603e+03
6.65524394e-07 2.13294994e+03 2.96395630e+03
6.65955424e-07 1.85731164e+03 2.86780207e+03
6.66386455e-07 2.13016618e+03 2.97113924e+03
6.66817485e-07 2.49795080e+03 3.08536520e+03
6.67248515e-07 2.53383790e+03 3.06080748e+03
6.67679545e-07 2.34927527e+03 2.95307840e+03
6.68110576e-07 2.08133175e+03 2.89073494e+03
6.68541606e-07 2.46460561e+03 2.99626985e+03
6.68972636e-07 2.46960245e+03 3.02153873e+03
6.69403667e-07 2.64139776e+03 3.10780434e+03
6.69834697e-07 2.22427548e+03 2.97098354e+03
6.70265727e-07 2.27382774e+03 2.99925754e+03
6.70696758e-07 2.15092049e+03 2.98196852e+03
6.71127788e-07 2.29635443e+03 2.94779051e+03
6.71558818e-07 2.42241926e+03 2.96260496e+03
6.71989848e-07 2.26555022e+03 2.96724523e+03
6.72420879e-07 2.56793732e+03 3.03062210e+03
6.72851909e-07 2.41649239e+03 2.97768696e+03
6.73282939e-07 2.28251416e+03 2.98018230e+03
6.73713970e-07 2.32354991e+03 2.96195326e+03
6.74145000e-07 2.40289984e+03 2.94945098e+03
6.74576030e-07 2.47134824e+03 3.04505809e+03
6.75007061e-07 2.40570574e+03 2.98675054e+03
6.75438091e-07 2.34483455e+03 2.93048889e+03
6.75869121e-07 2.50785565e+03 3.02224647e+03
6.76300152e-07 2.40761267e+03 2.96037831e+03
6.76731182e-07 1.93085868e+03 2.79551971e+03
6.77162212e-07 1.71876963e+03 2.68623622e+03
6.77593242e-07 1.99584154e+03 2.78351499e+03
6.78024273e-07 1.97017697e+03 2.82553621e+03
6.78455303e-07 2.18971053e+03 2.91403984e+03
6.78886333e-07 2.33210855e+03 2.91220504e+03
6.79317364e-07 2.36934161e+03 2.93756619e+03
6.79748394e-07 2.06832498e+03 2.86384276e+03
6.80179424e-07 2.35894602e+03 2.88700753e+03
6.80610455e-07 2.43034054e+03 2.92803305e+03
6.81041485e-07 2.55204206e+03 2.94580332e+03
6.81472515e-07 2.51599883e+03 2.95239000e+03
6.81903545e-07 2.20188851e+03 2.88253218e+03
6.82334576e-07 2.25417977e+03 3.46840497e+03
6.82765606e-07 2.35253859e+03 4.66667079e+03
6.83196636e-07 1.99538323e+03 4.99108378e+03
6.83627667e-07 2.16333893e+03 4.26131567e+03
6.84058697e-07 2.48027565e+03 3.54984097e+03
6.84489727e-07 2.47729289e+03 3.21453460e+03
6.84920758e-07 2.45413984e+03 3.02504850e+03
6.85351788e-07 2.01516466e+03 2.90533874e+03
6.85782818e-07 2.23939462e+03 3.64615273e+03
6.86213848e-07 2.13433238e+03 4.97146667e+03
6.86644879e-07 1.21424188e+03 4.27960450e+03
6.87075909e-07 1.40394099e+03 2.86010878e+03
6.87506939e-07 1.90274342e+03 2.69292517e+03
6.87937970e-07 2.34857084e+03 3.01569950e+03
6.88369000e-07 2.02099328e+03 3.15647852e+03
6.88800030e-07 1.91218206e+03 3.15114687e+03
6.89231061e-07 2.05746269e+03 3.07597132e+03
6.89662091e-07 2.06887325e+03 2.98660979e+03
6.90093121e-07 1.74345603e+03 2.98335603e+03
6.90524152e-07 2.32329274e+03 3.06102234e+03
6.90955182e-07 2.41874235e+03 3.33747172e+03
6.91386212e-07 2.10935062e+03 3.39710705e+03
6.91817242e-07 2.44417715e+03 3.65702131e+03
6.92248273e-07 1.85940537e+03 3.89557121e+03
6.92679303e-07 1.70295668e+03 3.42649311e+03
6.93110333e-07 2.14777401e+03 2.88937813e+03
6.93541364e-07 2.01516501e+03 3.07099475e+03
6.93972394e-07 2.01708823e+03 3.35018223e+03
6.94403424e-07 2.42356818e+03 3.67771979e+03
6.94834455e-07 2.29649371e+03 4.18754067e+03
6.95265485e-07 2.09997888e+03 3.70630955e+03
6.95696515e-07 2.33844198e+03 3.06486965e+03
6.96127545e-07 2.59184794e+03 3.09317507e+03
6.96558576e-07 2.18891999e+03 3.17016044e+03
6.96989606e-07 2.12939557e+03 3.40899419e+03
6.97420636e-07 2.83084196e+03 3.80241884e+03
6.97851667e-07 2.39012538e+03 3.83257840e+03
6.98282697e-07 2.01131920e+03 3.30258730e+03
6.98713727e-07 2.14259193e+03 2.91069831e+03
6.99144758e-07 2.18185969e+03 2.86151763e+03
6.99575788e-07 2.21819276e+03 2.90093229e+03
7.00006818e-07 2.46959971e+03 3.11356942e+03
7.00437848e-07 2.43216004e+03 3.20268285e+03
7.00868879e-07 2.31221462e+03 3.24500659e+03
7.01299909e-07 2.44465970e+03 3.22146501e+03
7.01730939e-07 2.22321308e+03 2.85026391e+03
7.02161970e-07 2.02651584e+03 2.76136446e+03
7.02593000e-07 2.39061898e+03 2.85734877e+03
7.03024030e-07 2.40594437e+03 2.89989303e+03
7.03455061e-07 2.17070711e+03 2.85432152e+03
7.03886091e-07 2.25036492e+03 2.93359689e+03
7.04317121e-07 2.44910273e+03 3.22928184e+03
7.04748152e-07 2.27441257e+03 3.42051371e+03
7.05179182e-07 2.45082664e+03 3.30787919e+03
7.05610212e-07 2.38685058e+03 3.06098328e+03
7.06041242e-07 2.23024878e+03 3.02131629e+03
7.06472273e-07 2.12357152e+03 3.05108256e+03
7.06903303e-07 2.39747646e+03 3.18121786e+03
7.07334333e-07 2.52572225e+03 3.18512726e+03
7.07765364e-07 2.04672715e+03 3.04882033e+03
7.08196394e-07 1.86854303e+03 2.99759662e+03
7.08627424e-07 2.06271403e+03 3.11960119e+03
7.09058455e-07 1.78389455e+03 2.99010289e+03
7.09489485e-07 1.97961575e+03 2.92207218e+03
7.09920515e-07 1.74211780e+03 2.76106450e+03
7.10351545e-07 1.76500171e+03 2.82490512e+03
7.10782576e-07 2.47286676e+03 2.98836388e+03
7.11213606e-07 2.39154213e+03 2.94526345e+03
7.11644636e-07 2.49630126e+03 3.00114565e+03
7.12075667e-07 2.12979145e+03 2.91990352e+03
7.12506697e-07 2.13106046e+03 2.91329178e+03
7.12937727e-07 2.20267784e+03 3.08031355e+03
7.13368758e-07 2.53062376e+03 3.11431705e+03
7.13799788e-07 2.57097372e+03 3.14204345e+03
7.14230818e-07 2.24904266e+03 3.18899450e+03
7.14661848e-07 1.91213651e+03 3.10070740e+03
7.15092879e-07 1.82333860e+03 2.92939386e+03
7.15523909e-07 2.27248197e+03 2.95057028e+03
7.15954939e-07 2.52106633e+03 3.09864816e+03
7.16385970e-07 2.05386872e+03 2.96088605e+03
7.16817000e-07 1.71866218e+03 2.72785642e+03
7.17248030e-07 2.04597742e+03 2.71994443e+03
7.17679061e-07 1.87444174e+03 2.68282011e+03
7.18110091e-07 1.48152063e+03 2.54471786e+03
7.18541121e-07 1.62634201e+03 2.42625287e+03
7.18972152e-07 1.96581273e+03 2.45107948e+03
7.19403182e-07 1.95347447e+03 2.51180353e+03
7.19834212e-07 1.61789320e+03 2.37017230e+03
7.20265242e-07 1.53662734e+03 2.38528852e+03
7.20696273e-07 1.61437605e+03 2.47886596e+03
7.21127303e-07 1.70088678e+03 2.56878651e+03
7.21558333e-07 2.27334058e+03 2.77254260e+03
7.21989364e-07 2.30496038e+03 2.84991847e+03
7.22420394e-07 1.82222281e+03 2.75130947e+03
7.22851424e-07 1.89188999e+03 2.78509961e+03
7.23282455e-07 2.09206297e+03 3.29104389e+03
7.23713485e-07 1.85270764e+03 5.28296167e+03
7.24144515e-07 1.63574905e+03 7.22384730e+03
7.24575545e-07 1.33391945e+03 6.14485201e+03
7.25006576e-07 1.53022429e+03 4.12209250e+03
7.25437606e-07 1.10595337e+03 3.04722842e+03
7.25868636e-07 1.68249572e+03 2.93226418e+03
7.26299667e-07 1.76046978e+03 2.83093066e+03
7.26730697e-07 2.03729081e+03 3.19978429e+03
7.27161727e-07 1.54837313e+03 4.73081551e+03
7.27592758e-07 1.87143302e+03 6.76147036e+03
7.28023788e-07 1.95367905e+03 5.97696673e+03
7.28454818e-07 1.60941466e+03 4.65352470e+03
7.28885848e-07 1.98896259e+03 3.74364640e+03
7.29316879e-07 2.01641377e+03 3.32309314e+03
7.29747909e-07 1.85019635e+03 3.55058800e+03
7.30178939e-07 1.87722463e+03 3.78237183e+03
7.30609970e-07 1.58438149e+03 3.56103340e+03
7.31041000e-07 1.53007474e+03 4.09849691e+03
7.31472030e-07 1.68373694e+03 6.00262835e+03
7.31903061e-07 1.92545231e+03 5.38919048e+03
7.32334091e-07 2.04477476e+03 3.86901810e+03
7.32765121e-07 1.74073468e+03 4.18063580e+03
7.33196152e-07 1.94344365e+03 4.29560826e+03
7.33627182e-07 1.84920541e+03 5.34335374e+03
7.34058212e-07 1.49400145e+03 6.97067925e+03
7.34489242e-07 1.76816833e+03 5.23670684e+03
7.34920273e-07 2.24373191e+03 3.56901189e+03
7.35351303e-07 2.71427675e+03 3.95797899e+03
7.35782333e-07 1.62043727e+03 4.28919782e+03
7.36213364e-07 2.15629840e+03 4.46218055e+03
7.36644394e-07 1.66954228e+03 5.35145562e+03
7.37075424e-07 1.90230644e+03 5.61692540e+03
7.37506455e-07 2.02027231e+03 3.92097738e+03
7.37937485e-07 2.26229838e+03 3.16765649e+03
7.38368515e-07 2.50905692e+03 3.16413057e+03
7.38799545e-07 2.53939554e+03 3.81748968e+03
7.39230576e-07 2.64787040e+03 4.33947260e+03
7.39661606e-07 2.53444231e+03 4.49353628e+03
7.40092636e-07 2.17997144e+03 5.17018332e+03
7.40523667e-07 2.06736900e+03 4.38467205e+03
7.40954697e-07 2.41232404e+03 3.37762762e+03
7.41385727e-07 2.50318864e+03 3.22387407e+03
7.41816758e-07 2.24994649e+03 3.12128262e+03
7.42247788e-07 2.63872470e+03 3.31259333e+03
7.42678818e-07 2.90490652e+03 3.70199161e+03
7.43109848e-07 2.62904996e+03 3.85535251e+03
7.43540879e-07 2.49437619e+03 4.13968621e+03
7.43971909e-07 1.94575137e+03 3.99738052e+03
7.44402939e-07 2.31926724e+03 3.46137457e+03
7.44833970e-07 2.70761445e+03 3.21244382e+03
7.45265000e-07 2.43120064e+03 3.11683044e+03
7.45696030e-07 2.07074847e+03 3.20488979e+03
7.46127061e-07 2.11434197e+03 3.41877766e+03
7.46558091e-07 2.44770853e+03 3.93165785e+03
7.46989121e-07 2.65554830e+03 4.39665862e+03
7.47420152e-07 2.29124758e+03 4.47483009e+03
7.47851182e-07 2.46444343e+03 4.64914347e+03
7.48282212e-07 2.37712877e+03 4.53859132e+03
7.48713242e-07 2.42258603e+03 3.87094382e+03
7.49144273e-07 2.40204008e+03 3.42072849e+03
7.49575303e-07 2.28490522e+03 3.32365758e+03
7.50006333e-07 2.39404330e+03 3.26741492e+03
7.50437364e-07 2.51522467e+03 3.23099691e+03
7.50868394e-07 2.64951583e+03 3.25645755e+03
7.51299424e-07 2.75652469e+03 3.43380223e+03
7.51730455e-07 2.47308247e+03 4.16893955e+03
7.52161485e-07 2.72489194e+03 5.89165911e+03
7.52592515e-07 2.82950773e+03 6.17321480e+03
7.53023545e-07 2.76208981e+03 4.67176246e+03
7.53454576e-07 3.68937878e+03 4.13632215e+03
7.53885606e-07 6.28799729e+03 4.77242473e+03
7.54316636e-07 9.25395453e+03 5.68627664e+03
7.54747667e-07 6.83506499e+03 4.75055802e+03
7.55178697e-07 3.37457645e+03 3.72354355e+03
7.55609727e-07 2.87256133e+03 3.82890789e+03
7.56040758e-07 3.56013498e+03 4.02015291e+03
7.56471788e-07 4.68387294e+03 4.54714200e+03
7.56902818e-07 4.71741138e+03 5.63868753e+03
7.57333848e-07 3.81815282e+03 5.52646340e+03
7.57764879e-07 2.68403040e+03 3.92161707e+03
7.58195909e-07 2.39436794e+03 3.54602753e+03
7.58626939e-07 1.92344145e+03 3.63376374e+03
7.59057970e-07 1.96619811e+03 3.25395875e+03
7.59489000e-07 1.06960121e+03 2.59549059e+03
7.59920030e-07 5.19388569e+02 2.30408228e+03
7.60351061e-07 7.54279300e+02 1.92564997e+03
7.60782091e-07 7.60216289e+02 1.83462059e+03
7.61213121e-07 1.24471379e+03 2.29887353e+03
7.61644152e-07 1.39629929e+03 2.95751341e+03
7.62075182e-07 1.49518972e+03 3.04943421e+03
7.62506212e-07 1.07088094e+03 2.87482082e+03
7.62937242e-07 9.04996311e+02 2.76528870e+03
7.63368273e-07 1.11395236e+03 2.48881922e+03
7.63799303e-07 1.44228831e+03 2.42995852e+03
7.64230333e-07 1.34794294e+03 2.40566030e+03
7.64661364e-07 2.26329785e+03 2.81707181e+03
7.65092394e-07 2.05425671e+03 2.98206217e+03
7.65523424e-07 1.83503510e+03 3.05493683e+03
7.65954455e-07 2.03230880e+03 3.31949763e+03
7.66385485e-07 2.17824289e+03 3.41680035e+03
7.66816515e-07 1.71551525e+03 2.99250805e+03
7.67247545e-07 2.19247029e+03 2.99435548e+03
7.67678576e-07 2.54194025e+03 3.22116835e+03
7.68109606e-07 2.69026953e+03 3.39191626e+03
7.68540636e-07 2.41258436e+03 3.44536804e+03
7.68971667e-07 2.32686570e+03 3.53702276e+03
7.69402697e-07 2.33737667e+03 3.63683302e+03
7.69833727e-07 2.05853529e+03 3.52094897e+03
7.70264758e-07 2.68417429e+03 3.74011720e+03
7.70695788e-07 3.18675185e+03 5.35645898e+03
7.71126818e-07 2.92776275e+03 9.23220456e+03
7.71557848e-07 2.51527213e+03 1.07941795e+04
7.71988879e-07 2.76062670e+03 7.95026018e+03
7.72419909e-07 3.01741688e+03 5.53504659e+03
7.72850939e-07 2.77726855e+03 4.56501434e+03
7.73281970e-07 3.62923772e+03 4.26390795e+03
7.73713000e-07 3.16954484e+03 3.91697383e+03
7.74144030e-07 3.52845992e+03 4.35807848e+03
7.74575061e-07 2.94965750e+03 6.94558354e+03
7.75006091e-07 3.22123610e+03 9.82550304e+03
7.75437121e-07 2.17501355e+03 7.90533072e+03
7.75868152e-07 2.04826484e+03 5.82113632e+03
7.76299182e-07 2.47627746e+03 4.88756743e+03
7.76730212e-07 2.35682506e+03 4.20739374e+03
7.77161242e-07 2.67501693e+03 5.12390156e+03
7.77592273e-07 2.47620197e+03 5.43225856e+03
7.78023303e-07 1.51947830e+03 4.75456669e+03
7.78454333e-07 2.40282450e+03 4.62990978e+03
7.78885364e-07 2.13482326e+03 5.82001013e+03
7.79316394e-07 3.05655357e+03 8.19668165e+03
7.79747424e-07 1.75997522e+03 6.14428382e+03
7.80178455e-07 1.92570075e+03 4.21485906e+03
7.80609485e-07 2.81544303e+03 5.18355061e+03
7.81040515e-07 2.68692415e+03 5.31802559e+03
7.81471545e-07 2.72849285e+03 5.61148595e+03
7.81902576e-07 2.60116510e+03 8.31718176e+03
7.82333606e-07 1.25860065e+03 7.84072700e+03
7.82764636e-07 1.85135853e+03 4.74245175e+03
7.83195667e-07 2.24222856e+03 3.58994643e+03
7.83626697e-07 2.48413030e+03 4.32727923e+03
7.84057727e-07 2.15208230e+03 5.09392134e+03
7.84488758e-07 3.29891035e+03 5.80494260e+03
7.84919788e-07 3.17757089e+03 8.02989666e+03
7.85350818e-07 2.14161715e+03 9.92672790e+03
7.85781848e-07 1.94714663e+03 7.93501744e+03
7.86212879e-07 3.01140013e+03 6.36909152e+03
7.86643909e-07 2.53617104e+03 6.31383667e+03
7.87074939e-07 1.88496004e+03 6.39767054e+03
7.87505970e-07 1.96502421e+03 5.70118491e+03
7.87937000e-07 2.62243658e+03 5.81849423e+03
7.88368030e-07 2.17763148e+03 6.00034516e+03
7.88799061e-07 2.36299349e+03 6.70225199e+03
7.89230091e-07 2.19723798e+03 5.89560114e+03
7.89661121e-07 2.21825950e+03 4.06268150e+03
7.90092152e-07 1.91756257e+03 3.51030424e+03
7.90523182e-07 3.29867497e+03 4.87220103e+03
7.90954212e-07 2.98420867e+03 8.31897110e+03
7.91385242e-07 2.23895625e+03 1.09151372e+04
7.91816273e-07 1.30446616e+03 8.65005969e+03
7.92247303e-07 1.60659824e+03 6.33824060e+03
7.92678333e-07 2.26660214e+03 5.61042615e+03
7.93109364e-07 2.35204260e+03 5.50010538e+03
7.93540394e-07 2.83461736e+03 4.83461501e+03
7.93971424e-07 2.32303664e+03 3.76830609e+03
7.94402455e-07 2.01125596e+03 4.22360971e+03
7.94833485e-07 1.89910720e+03 4.84843038e+03
7.95264515e-07 2.56692134e+03 4.40366500e+03
7.95695545e-07 2.84657241e+03 4.52729688e+03
7.96126576e-07 2.84404370e+03 7.17687707e+03
7.96557606e-07 2.73113143e+03 8.44414259e+03
7.96988636e-07 2.58961585e+03 5.80615800e+03
7.97419667e-07 2.55222054e+03 4.98917523e+03
7.97850697e-07 2.56341665e+03 5.93046808e+03
