9.00400000e-02
3.63518000e-07 2.08789554e+02 4.68352174e+02
3.63949055e-07 1.98051352e+02 4.67518700e+02
3.64380109e-07 1.25219182e+02 4.19523771e+02
3.64811164e-07 9.89548930e+01 3.80179012e+02
3.65242219e-07 1.07184998e+02 3.84054827e+02
3.65673274e-07 1.42094146e+02 4.02362122e+02
3.66104328e-07 1.33280651e+02 3.95200103e+02
3.66535383e-07 1.97267474e+02 4.30322864e+02
3.66966438e-07 1.56284652e+02 3.97123339e+02
3.67397493e-07 1.57150082e+02 3.72640133e+02
3.67828547e-07 1.59416400e+02 4.03730770e+02
3.68259602e-07 8.38742373e+01 3.76929171e+02
3.68690657e-07 5.16991479e+01 3.35841851e+02
3.69121712e-07 5.94412845e+01 3.50023828e+02
3.69552766e-07 1.64292406e+02 4.16896368e+02
3.69983821e-07 1.52241944e+02 4.51204163e+02
3.70414876e-07 2.30074482e+02 5.05166337e+02
3.70845931e-07 2.74947295e+02 4.87597772e+02
3.71276985e-07 1.62804040e+02 4.42401572e+02
3.71708040e-07 1.58952545e+02 4.22089947e+02
3.72139095e-07 1.79191913e+02 4.11233397e+02
3.72570150e-07 1.48427463e+02 4.13137736e+02
3.73001204e-07 1.96821574e+02 4.63195253e+02
3.73432259e-07 2.83115303e+02 5.25625300e+02
3.73863314e-07 2.44157436e+02 5.22256229e+02
3.74294369e-07 3.02986446e+02 5.43458971e+02
3.74725423e-07 1.81230402e+02 4.71558540e+02
3.75156478e-07 2.76799080e+02 5.13777883e+02
3.75587533e-07 1.59628477e+02 4.75874913e+02
3.76018587e-07 2.40302572e+02 4.81180606e+02
3.76449642e-07 2.57668936e+02 4.66043905e+02
3.76880697e-07 2.76246873e+02 4.76502004e+02
3.77311752e-07 1.37866202e+02 4.26618912e+02
3.77742806e-07 2.71446518e+02 4.71192202e+02
3.78173861e-07 3.09097719e+02 4.86478239e+02
3.78604916e-07 1.82651940e+02 4.42843508e+02
3.79035971e-07 1.86072028e+02 4.61372560e+02
3.79467025e-07 9.12289165e+01 4.20344284e+02
3.79898080e-07 1.61836749e+02 4.48155149e+02
3.80329135e-07 1.80131179e+02 4.28749699e+02
3.80760190e-07 2.25476804e+02 4.59418493e+02
3.81191244e-07 3.00066769e+02 4.98691630e+02
3.81622299e-07 2.90284751e+02 4.90239524e+02
3.82053354e-07 2.08945794e+02 4.61516536e+02
3.82484409e-07 1.75199093e+02 4.59553270e+02
3.82915463e-07 2.45178234e+02 5.29357491e+02
3.83346518e-07 2.54943517e+02 5.61848004e+02
3.83777573e-07 2.17420967e+02 5.42747344e+02
3.84208628e-07 2.67859451e+02 5.29770869e+02
3.84639682e-07 2.37828662e+02 5.13672312e+02
3.85070737e-07 2.82415160e+02 5.17131674e+02
3.85501792e-07 3.47886202e+02 5.28616368e+02
3.85932847e-07 3.20490325e+02 5.16030030e+02
3.86363901e-07 2.70862917e+02 4.98366826e+02
3.86794956e-07 2.91960666e+02 5.02998292e+02
3.87226011e-07 2.92302052e+02 4.89192932e+02
3.87657065e-07 2.22757356e+02 4.76332068e+02
3.88088120e-07 3.14913056e+02 4.97095076e+02
3.88519175e-07 3.57239053e+02 5.14957972e+02
3.88950230e-07 3.05367480e+02 4.88672978e+02
3.89381284e-07 1.87924776e+02 4.63037258e+02
3.89812339e-07 2.33251569e+02 4.88619109e+02
3.90243394e-07 2.76243463e+02 5.53635328e+02
3.90674449e-07 2.46970818e+02 5.65777246e+02
3.91105503e-07 2.55818910e+02 5.78483929e+02
3.91536558e-07 3.15255960e+02 5.98724102e+02
3.91967613e-07 2.37499098e+02 5.11952521e+02
3.92398668e-07 2.22585508e+02 4.85656198e+02
3.92829722e-07 2.42977375e+02 4.90691743e+02
3.93260777e-07 2.35532942e+02 4.73416592e+02
3.93691832e-07 3.09006378e+02 5.28259939e+02
3.94122887e-07 3.90626746e+02 5.77945918e+02
3.94553941e-07 3.45676101e+02 5.82033874e+02
3.94984996e-07 4.13037245e+02 5.87436301e+02
3.95416051e-07 4.71558865e+02 5.98597802e+02
3.95847106e-07 3.87831152e+02 5.65387379e+02
3.96278160e-07 3.95654633e+02 5.34128048e+02
3.96709215e-07 2.43004168e+02 4.93285181e+02
3.97140270e-07 4.06228204e+02 5.36228081e+02
3.97571325e-07 3.66286634e+02 5.76966256e+02
3.98002379e-07 2.98205573e+02 5.58926513e+02
3.98433434e-07 4.43677889e+02 6.15985747e+02
3.98864489e-07 4.59287150e+02 6.13559898e+02
3.99295543e-07 5.88304257e+02 6.65994322e+02
3.99726598e-07 4.71611843e+02 6.22484164e+02
4.00157653e-07 4.69443476e+02 6.47690019e+02
4.00588708e-07 4.94656568e+02 6.75098727e+02
4.01019762e-07 5.10009600e+02 6.90993134e+02
4.01450817e-07 3.97627801e+02 6.50111369e+02
4.01881872e-07 4.42798404e+02 6.56631572e+02
4.02312927e-07 3.91234936e+02 6.34958531e+02
4.02743981e-07 4.02528227e+02 6.22856675e+02
4.03175036e-07 5.08249658e+02 6.53847705e+02
4.03606091e-07 4.88474605e+02 6.57062448e+02
4.04037146e-07 3.41662290e+02 6.35590017e+02
4.04468200e-07 4.81692134e+02 6.98972104e+02
4.04899255e-07 5.32871649e+02 7.01393735e+02
4.05330310e-07 5.07640780e+02 6.82579271e+02
4.05761365e-07 6.06654541e+02 7.56813793e+02
4.06192419e-07 7.16779129e+02 7.87939603e+02
4.06623474e-07 6.25259753e+02 7.64713876e+02
4.07054529e-07 4.81132534e+02 7.16677677e+02
4.07485584e-07 3.65113706e+02 6.59771331e+02
4.07916638e-07 3.46455624e+02 6.52028504e+02
4.08347693e-07 4.14241050e+02 6.63242309e+02
4.08778748e-07 4.57217234e+02 6.78477529e+02
4.09209803e-07 5.01483496e+02 6.92562631e+02
4.09640857e-07 3.93722781e+02 6.49103726e+02
4.10071912e-07 4.06010932e+02 6.34683289e+02
4.10502967e-07 3.98883938e+02 6.50470641e+02
4.10934022e-07 5.13517897e+02 6.76844371e+02
4.11365076e-07 4.99548533e+02 6.85429109e+02
4.11796131e-07 5.94548135e+02 7.33773682e+02
4.12227186e-07 6.51755992e+02 7.49144461e+02
4.12658240e-07 5.64991245e+02 7.52817893e+02
4.13089295e-07 4.21518738e+02 6.94319071e+02
4.13520350e-07 4.12590248e+02 6.84712512e+02
4.13951405e-07 4.20915913e+02 6.85728326e+02
4.14382459e-07 4.64229522e+02 7.01371788e+02
4.14813514e-07 4.69152331e+02 6.93737625e+02
4.15244569e-07 5.16337726e+02 7.32334451e+02
4.15675624e-07 5.09097541e+02 7.50811897e+02
4.16106678e-07 5.66212135e+02 7.90092773e+02
4.16537733e-07 4.97885978e+02 7.77968301e+02
4.16968788e-07 3.19175791e+02 7.26646987e+02
4.17399843e-07 3.58677828e+02 7.19650011e+02
4.17830897e-07 3.65783672e+02 6.97639748e+02
4.18261952e-07 2.45445093e+02 6.39437806e+02
4.18693007e-07 4.22138441e+02 6.89268679e+02
4.19124062e-07 5.30640373e+02 7.33892030e+02
4.19555116e-07 5.06871664e+02 7.10805282e+02
4.19986171e-07 4.62880538e+02 6.89097824e+02
4.20417226e-07 5.54352375e+02 7.25216186e+02
4.20848281e-07 6.44172562e+02 7.47417652e+02
4.21279335e-07 6.40901560e+02 7.60046892e+02
4.21710390e-07 5.20490654e+02 6.92994385e+02
4.22141445e-07 5.83611646e+02 7.30532105e+02
4.22572500e-07 4.94559582e+02 6.85349576e+02
4.23003554e-07 6.07847339e+02 7.28185502e+02
4.23434609e-07 5.40024889e+02 7.20433972e+02
4.23865664e-07 5.75349584e+02 7.40872688e+02
4.24296718e-07 6.34152784e+02 7.57376368e+02
4.24727773e-07 7.57715624e+02 8.08794366e+02
4.25158828e-07 6.17370733e+02 7.75104609e+02
4.25589883e-07 6.81451204e+02 8.00273946e+02
4.26020937e-07 7.38354330e+02 8.21871470e+02
4.26451992e-07 7.43157439e+02 8.09592665e+02
4.26883047e-07 7.44151196e+02 8.16065796e+02
4.27314102e-07 6.00594269e+02 7.49634723e+02
4.27745156e-07 5.72040003e+02 7.49416987e+02
4.28176211e-07 4.29793437e+02 6.99376857e+02
4.28607266e-07 3.15753931e+02 6.56109159e+02
4.29038321e-07 3.65582511e+02 6.89051503e+02
4.29469375e-07 5.11150816e+02 7.29623377e+02
4.29900430e-07 6.26197411e+02 7.50630285e+02
4.30331485e-07 6.62149459e+02 7.56715051e+02
4.30762540e-07 7.75657612e+02 8.08243372e+02
4.31193594e-07 7.94913333e+02 1.33142367e+03
4.31624649e-07 7.24854597e+02 1.33951401e+03
4.32055704e-07 5.44994788e+02 1.21645983e+03
4.32486759e-07 5.14218404e+02 1.19012465e+03
4.32917813e-07 8.42940512e+02 8.60677944e+02
4.33348868e-07 6.93531829e+02 8.14774989e+02
4.33779923e-07 8.08539473e+02 8.45809657e+02
4.34210978e-07 9.94175609e+02 9.08753003e+02
4.34642032e-07 9.49728805e+02 9.12420733e+02
4.35073087e-07 1.03578613e+03 9.29767367e+02
4.35504142e-07 1.07860833e+03 9.91446090e+02
4.35935196e-07 1.00764961e+03 9.74084451e+02
4.36366251e-07 1.08015938e+03 9.86875270e+02
4.36797306e-07 1.11510942e+03 9.73810491e+02
4.37228361e-07 1.08038537e+03 9.80929219e+02
4.37659415e-07 1.17377829e+03 1.02456417e+03
4.38090470e-07 1.30335249e+03 1.03856442e+03
4.38521525e-07 1.19656669e+03 9.94803093e+02
4.38952580e-07 1.18828959e+03 1.02343558e+03
4.39383634e-07 1.23911755e+03 1.02588593e+03
4.39814689e-07 1.13789975e+03 1.02620911e+03
4.40245744e-07 1.16877533e+03 1.07026811e+03
4.40676799e-07 1.27073518e+03 1.13556927e+03
4.41107853e-07 1.28407287e+03 1.14911318e+03
4.41538908e-07 1.17342404e+03 1.11492307e+03
4.41969963e-07 1.14135468e+03 1.10089812e+03
4.42401018e-07 1.27056469e+03 1.13470294e+03
4.42832072e-07 1.31682419e+03 1.16474257e+03
4.43263127e-07 1.25924745e+03 1.11906980e+03
4.43694182e-07 1.00445487e+03 1.06483665e+03
4.44125237e-07 1.08671806e+03 1.06594444e+03
4.44556291e-07 1.25907219e+03 1.13048494e+03
4.44987346e-07 1.23919348e+03 1.09440610e+03
4.45418401e-07 1.23541084e+03 1.09009549e+03
4.45849456e-07 1.25605968e+03 1.08959383e+03
4.46280510e-07 1.19543386e+03 1.08820987e+03
4.46711565e-07 1.19343725e+03 1.08113366e+03
4.47142620e-07 1.19790612e+03 1.08289167e+03
4.47573674e-07 1.27420680e+03 1.11976294e+03
4.48004729e-07 1.30853741e+03 1.13459027e+03
4.48435784e-07 1.35471638e+03 1.17210859e+03
4.48866839e-07 1.50805877e+03 1.20885707e+03
4.49297893e-07 1.31220605e+03 1.15796829e+03
4.49728948e-07 1.19339941e+03 1.14174040e+03
4.50160003e-07 1.35013501e+03 1.18249461e+03
4.50591058e-07 1.29863016e+03 1.17064880e+03
4.51022112e-07 1.30475632e+03 1.20880037e+03
4.51453167e-07 1.40692575e+03 1.20541835e+03
4.51884222e-07 1.40331041e+03 1.21729143e+03
4.52315277e-07 1.36375403e+03 1.23692310e+03
4.52746331e-07 1.32501051e+03 1.20636833e+03
4.53177386e-07 1.50420489e+03 1.28900893e+03
4.53608441e-07 1.44585839e+03 1.29441050e+03
4.54039496e-07 1.36335483e+03 1.27046046e+03
4.54470550e-07 1.43352362e+03 1.29301432e+03
4.54901605e-07 1.45528553e+03 1.29210039e+03
4.55332660e-07 1.32377599e+03 1.22281862e+03
4.55763715e-07 1.55568754e+03 1.29981781e+03
4.56194769e-07 1.33209197e+03 1.22774012e+03
4.56625824e-07 1.56747181e+03 1.31402780e+03
4.57056879e-07 1.39240668e+03 1.23832318e+03
4.57487934e-07 1.54097377e+03 1.30178814e+03
4.57918988e-07 1.53688093e+03 1.32335959e+03
4.58350043e-07 1.61078138e+03 1.35075394e+03
4.58781098e-07 1.64443431e+03 1.36403912e+03
4.59212152e-07 1.79665275e+03 1.40099967e+03
4.59643207e-07 1.60178509e+03 1.32118586e+03
4.60074262e-07 1.81680279e+03 1.38893774e+03
4.60505317e-07 1.35020160e+03 1.25671639e+03
4.60936371e-07 1.54600164e+03 1.30316059e+03
4.61367426e-07 1.67521245e+03 1.35651492e+03
4.61798481e-07 1.73858363e+03 1.37102386e+03
4.62229536e-07 1.65773925e+03 1.33585915e+03
4.62660590e-07 1.87288998e+03 1.41616914e+03
4.63091645e-07 1.64924624e+03 1.35466286e+03
4.63522700e-07 1.41230557e+03 1.27254624e+03
4.63953755e-07 1.74110622e+03 1.39193832e+03
4.64384809e-07 1.75541251e+03 1.38606979e+03
4.64815864e-07 1.77208732e+03 1.41255482e+03
4.65246919e-07 1.88769351e+03 1.45847482e+03
4.65677974e-07 1.72698020e+03 1.42839380e+03
4.66109028e-07 1.56695582e+03 1.39528729e+03
4.66540083e-07 1.64285841e+03 1.38760506e+03
4.66971138e-07 1.68042365e+03 1.41448951e+03
4.67402193e-07 1.78068376e+03 1.44495246e+03
4.67833247e-07 1.57209845e+03 1.37829509e+03
4.68264302e-07 1.45468490e+03 1.35599000e+03
4.68695357e-07 1.52076534e+03 1.38419709e+03
4.69126412e-07 1.51046353e+03 1.37268118e+03
4.69557466e-07 1.44066026e+03 1.36211220e+03
4.69988521e-07 1.69220281e+03 1.39780509e+03
4.70419576e-07 1.76146355e+03 1.44258125e+03
4.70850630e-07 1.90223603e+03 1.50037861e+03
4.71281685e-07 2.06636383e+03 1.54776440e+03
4.71712740e-07 2.01379298e+03 1.54108433e+03
4.72143795e-07 1.98869332e+03 1.52517865e+03
4.72574849e-07 1.99189958e+03 1.54024412e+03
4.73005904e-07 2.02682723e+03 1.51643419e+03
4.73436959e-07 2.01550041e+03 1.53314816e+03
4.73868014e-07 1.97997107e+03 1.53416260e+03
4.74299068e-07 1.93290908e+03 1.53322041e+03
4.74730123e-07 2.05513760e+03 1.57493073e+03
4.75161178e-07 2.26010758e+03 1.64453164e+03
4.75592233e-07 2.25927003e+03 1.62956556e+03
4.76023287e-07 2.21172944e+03 1.60917548e+03
4.76454342e-07 2.29906020e+03 1.63098219e+03
4.76885397e-07 2.29106267e+03 1.62943181e+03
4.77316452e-07 2.08108517e+03 1.58249559e+03
4.77747506e-07 2.03687437e+03 1.55533279e+03
4.78178561e-07 1.99560663e+03 1.56016664e+03
4.78609616e-07 1.93648122e+03 1.54696487e+03
4.79040671e-07 2.02179916e+03 1.57520789e+03
4.79471725e-07 2.12690392e+03 1.64413383e+03
4.79902780e-07 2.19104811e+03 1.67203096e+03
4.80333835e-07 2.24383146e+03 1.68853447e+03
4.80764890e-07 2.48306326e+03 1.77149764e+03
4.81195944e-07 2.55831900e+03 1.82843672e+03
4.81626999e-07 2.49815696e+03 1.84508340e+03
4.82058054e-07 2.28339557e+03 1.77201911e+03
4.82489109e-07 2.30854402e+03 1.80063683e+03
4.82920163e-07 2.34118788e+03 1.82248217e+03
4.83351218e-07 2.33845478e+03 1.84795254e+03
4.83782273e-07 2.58747108e+03 1.92169944e+03
4.84213327e-07 2.55577961e+03 1.88113668e+03
4.84644382e-07 2.55516990e+03 1.85439279e+03
4.85075437e-07 2.59961835e+03 1.86058486e+03
4.85506492e-07 2.38755063e+03 1.75962681e+03
4.85937546e-07 2.37111702e+03 1.75029994e+03
4.86368601e-07 2.45189384e+03 1.77912436e+03
4.86799656e-07 2.54558220e+03 1.77315199e+03
4.87230711e-07 2.52927959e+03 1.81933630e+03
4.87661765e-07 2.77743472e+03 1.89676222e+03
4.88092820e-07 2.83747627e+03 1.96504286e+03
4.88523875e-07 2.87411776e+03 1.95259015e+03
4.88954930e-07 2.86571306e+03 1.97445280e+03
4.89385984e-07 2.65264066e+03 1.90336700e+03
4.89817039e-07 2.76630771e+03 1.93686801e+03
4.90248094e-07 2.88871595e+03 1.99244701e+03
4.90679149e-07 2.87166757e+03 1.96758605e+03
4.91110203e-07 2.80724967e+03 1.93931842e+03
4.91541258e-07 3.00667581e+03 1.99431976e+03
4.91972313e-07 3.17536275e+03 2.05096187e+03
4.92403368e-07 2.97375536e+03 2.00328248e+03
4.92834422e-07 3.09178283e+03 2.05073637e+03
4.93265477e-07 2.75923402e+03 1.95329227e+03
4.93696532e-07 2.64548388e+03 1.94592691e+03
4.94127587e-07 2.89211121e+03 1.99713865e+03
4.94558641e-07 2.80962889e+03 1.99874224e+03
4.94989696e-07 2.98135809e+03 2.02514724e+03
4.95420751e-07 3.10728109e+03 2.06866493e+03
4.95851805e-07 3.11718234e+03 2.09482768e+03
4.96282860e-07 3.24440928e+03 2.13508733e+03
4.96713915e-07 3.33960989e+03 2.17438703e+03
4.97144970e-07 3.16623503e+03 2.14018150e+03
4.97576024e-07 3.10309977e+03 2.16181935e+03
4.98007079e-07 3.45781910e+03 2.22727013e+03
4.98438134e-07 3.42402965e+03 2.18715653e+03
4.98869189e-07 3.27047070e+03 2.18973252e+03
4.99300243e-07 3.27235717e+03 2.18024807e+03
4.99731298e-07 3.19273646e+03 2.18645246e+03
5.00162353e-07 3.29493785e+03 2.18950586e+03
5.00593408e-07 3.11391935e+03 2.13030595e+03
5.01024462e-07 3.12241427e+03 2.14958955e+03
5.01455517e-07 3.40951092e+03 2.22612475e+03
5.01886572e-07 3.46736154e+03 2.24474966e+03
5.02317627e-07 3.70651380e+03 2.31223596e+03
5.02748681e-07 3.79253580e+03 2.34060724e+03
5.03179736e-07 3.60891446e+03 2.29429964e+03
5.03610791e-07 3.68623829e+03 2.30108825e+03
5.04041846e-07 3.51104950e+03 2.23469245e+03
5.04472900e-07 3.26404058e+03 2.17641763e+03
5.04903955e-07 3.59396024e+03 2.27967132e+03
5.05335010e-07 3.63844605e+03 2.30676388e+03
5.05766065e-07 3.66608939e+03 2.34338831e+03
5.06197119e-07 3.38699994e+03 2.25908168e+03
5.06628174e-07 3.54553987e+03 2.26868701e+03
5.07059229e-07 3.44137382e+03 2.25590552e+03
5.07490283e-07 3.45161466e+03 2.24216630e+03
5.07921338e-07 3.52823496e+03 2.26422684e+03
5.08352393e-07 3.68394000e+03 2.34234694e+03
5.08783448e-07 3.53587976e+03 2.30549931e+03
5.09214502e-07 3.45225838e+03 2.26105582e+03
5.09645557e-07 3.58975203e+03 2.31485179e+03
5.10076612e-07 3.80703222e+03 2.39399734e+03
5.10507667e-07 3.49731438e+03 2.29834503e+03
5.10938721e-07 3.45026977e+03 2.29339906e+03
5.11369776e-07 3.72852197e+03 2.35623427e+03
5.11800831e-07 3.83629547e+03 2.41381801e+03
5.12231886e-07 3.61901589e+03 2.35763330e+03
5.12662940e-07 3.67457888e+03 2.40080563e+03
5.13093995e-07 3.63300266e+03 2.39587465e+03
5.13525050e-07 3.87111501e+03 2.46005924e+03
5.13956105e-07 3.96390766e+03 2.50200759e+03
5.14387159e-07 4.02007804e+03 2.53853679e+03
5.14818214e-07 3.81164837e+03 2.49673129e+03
5.15249269e-07 3.97604217e+03 2.53812832e+03
5.15680324e-07 3.90077432e+03 2.52612600e+03
5.16111378e-07 3.67916563e+03 2.43268564e+03
5.16542433e-07 3.79253210e+03 2.41899354e+03
5.16973488e-07 4.14910047e+03 2.51202973e+03
5.17404543e-07 4.01611190e+03 2.46903380e+03
5.17835597e-07 4.13346482e+03 2.51204081e+03
5.18266652e-07 4.17970890e+03 2.54673293e+03
5.18697707e-07 4.13836880e+03 2.57597446e+03
5.19128761e-07 3.81240051e+03 2.54633782e+03
5.19559816e-07 4.00055086e+03 2.82517472e+03
5.19990871e-07 3.89846536e+03 2.83837802e+03
5.20421926e-07 4.15459789e+03 2.76641587e+03
5.20852980e-07 4.10919675e+03 2.61310720e+03
5.21284035e-07 4.25351763e+03 2.62691251e+03
5.21715090e-07 3.81217091e+03 2.49380760e+03
5.22146145e-07 4.06490893e+03 2.63548433e+03
5.22577199e-07 3.91514189e+03 2.56754523e+03
5.23008254e-07 4.22811871e+03 2.62601415e+03
5.23439309e-07 4.30963583e+03 2.68906078e+03
5.23870364e-07 4.22198589e+03 2.68437589e+03
5.24301418e-07 4.36830823e+03 2.71926648e+03
5.24732473e-07 4.31701838e+03 2.67841163e+03
5.25163528e-07 4.57609576e+03 2.82201239e+03
5.25594583e-07 4.12302738e+03 2.67928734e+03
5.26025637e-07 4.25212786e+03 2.66185139e+03
5.26456692e-07 4.34898490e+03 2.61696363e+03
5.26887747e-07 4.34434451e+03 2.65176927e+03
5.27318802e-07 4.10301850e+03 2.62960150e+03
5.27749856e-07 4.24536660e+03 2.66439552e+03
5.28180911e-07 4.44743719e+03 2.73830393e+03
5.28611966e-07 4.35813202e+03 2.72538506e+03
5.29043021e-07 4.15668805e+03 2.67006254e+03
5.29474075e-07 4.00399462e+03 2.62383165e+03
5.29905130e-07 4.05113530e+03 2.61190988e+03
5.30336185e-07 3.74687182e+03 2.56550739e+03
5.30767239e-07 4.12595491e+03 2.70505059e+03
5.31198294e-07 4.35933551e+03 2.78025424e+03
5.31629349e-07 4.24199722e+03 2.73168723e+03
5.32060404e-07 4.20617471e+03 2.70072617e+03
5.32491458e-07 4.15127726e+03 2.72484044e+03
5.32922513e-07 3.91602722e+03 2.61339543e+03
5.33353568e-07 4.44949212e+03 2.79972545e+03
5.33784623e-07 4.60442761e+03 2.83979313e+03
5.34215677e-07 4.42649201e+03 2.77834468e+03
5.34646732e-07 4.59080915e+03 2.84946616e+03
5.35077787e-07 4.59117412e+03 2.85250077e+03
5.35508842e-07 4.51281646e+03 2.82002914e+03
5.35939896e-07 4.61853607e+03 2.82583753e+03
5.36370951e-07 4.10543503e+03 2.67982423e+03
5.36802006e-07 4.35633701e+03 2.76455551e+03
5.37233061e-07 4.63083811e+03 2.85993884e+03
5.37664115e-07 4.57916391e+03 2.82741049e+03
5.38095170e-07 4.68984689e+03 2.86458170e+03
5.38526225e-07 4.52536030e+03 2.83023414e+03
5.38957280e-07 4.26549745e+03 2.76085087e+03
5.39388334e-07 4.45053537e+03 2.76235780e+03
5.39819389e-07 4.47358153e+03 2.80266523e+03
5.40250444e-07 4.73272698e+03 2.85715679e+03
5.40681499e-07 4.71871926e+03 2.82014600e+03
5.41112553e-07 4.74235118e+03 2.86490814e+03
5.41543608e-07 4.78966333e+03 2.89475240e+03
5.41974663e-07 4.65090586e+03 2.85868571e+03
5.42405717e-07 4.40751079e+03 2.82042071e+03
5.42836772e-07 4.06796968e+03 2.69141695e+03
5.43267827e-07 4.25210613e+03 2.78290529e+03
5.43698882e-07 4.45856419e+03 2.84020071e+03
5.44129936e-07 4.53744229e+03 2.89093288e+03
5.44560991e-07 4.41902869e+03 2.83963048e+03
5.44992046e-07 4.63058744e+03 2.90799273e+03
5.45423101e-07 4.46246182e+03 2.92793286e+03
5.45854155e-07 4.29075494e+03 2.93124388e+03
5.46285210e-07 4.70916664e+03 3.02961350e+03
5.46716265e-07 4.40403286e+03 2.95329975e+03
5.47147320e-07 4.54764343e+03 2.91039144e+03
5.47578374e-07 4.38454556e+03 2.90390755e+03
5.48009429e-07 4.61547059e+03 2.96960971e+03
5.48440484e-07 4.66566680e+03 3.01007420e+03
5.48871539e-07 4.83558652e+03 3.06006962e+03
5.49302593e-07 4.41940876e+03 2.91720835e+03
5.49733648e-07 4.65147254e+03 3.01575180e+03
5.50164703e-07 4.48151471e+03 2.99775487e+03
5.50595758e-07 4.53248068e+03 3.04223999e+03
5.51026812e-07 5.13235607e+03 3.22590809e+03
5.51457867e-07 5.15511576e+03 3.21878600e+03
5.51888922e-07 4.76678352e+03 3.13945562e+03
5.52319977e-07 4.88079575e+03 3.16757956e+03
5.52751031e-07 4.60736239e+03 3.06583446e+03
5.53182086e-07 4.58748326e+03 3.07510775e+03
5.53613141e-07 4.61510441e+03 3.13369449e+03
5.54044196e-07 4.82036738e+03 3.25058024e+03
5.54475250e-07 4.89558316e+03 3.31723197e+03
5.54906305e-07 4.72668989e+03 3.27296657e+03
5.55337360e-07 4.95495801e+03 3.26695907e+03
5.55768414e-07 4.75049549e+03 3.22196781e+03
5.56199469e-07 4.51414575e+03 3.13280115e+03
5.56630524e-07 4.20695297e+03 3.81391782e+03
5.57061579e-07 4.13193993e+03 1.13665956e+04
5.57492633e-07 6.39243055e+03 2.42582572e+04
5.57923688e-07 7.22135311e+03 2.24234152e+04
5.58354743e-07 7.73939173e+03 1.16772166e+04
5.58785798e-07 6.31118269e+03 5.37605502e+03
5.59216852e-07 5.07741468e+03 3.58332687e+03
5.59647907e-07 4.66115668e+03 3.26409750e+03
5.60078962e-07 4.51220231e+03 3.28981936e+03
5.60510017e-07 4.57740532e+03 3.36332035e+03
5.60941071e-07 4.40197332e+03 3.22373187e+03
5.61372126e-07 4.30096058e+03 3.10148968e+03
5.61803181e-07 4.71434705e+03 3.29353678e+03
5.62234236e-07 4.79915209e+03 3.32310538e+03
5.62665290e-07 4.62744579e+03 3.26526701e+03
5.63096345e-07 4.65719116e+03 3.22748047e+03
5.63527400e-07 4.30378447e+03 3.13036925e+03
5.63958455e-07 4.07233638e+03 3.09120183e+03
5.64389509e-07 4.30338459e+03 3.16385053e+03
5.64820564e-07 4.26227661e+03 3.12008089e+03
5.65251619e-07 4.45930409e+03 3.16398349e+03
5.65682674e-07 4.38833068e+03 3.13645256e+03
5.66113728e-07 4.51553706e+03 3.17770459e+03
5.66544783e-07 5.11985192e+03 3.43443811e+03
5.66975838e-07 4.75402872e+03 3.35687905e+03
5.67406892e-07 4.53884917e+03 3.28724041e+03
5.67837947e-07 4.76925609e+03 3.32479413e+03
5.68269002e-07 5.08356240e+03 3.45018594e+03
5.68700057e-07 5.10180647e+03 3.47966907e+03
5.69131111e-07 5.38089069e+03 3.61866540e+03
5.69562166e-07 5.30933136e+03 3.58017576e+03
5.69993221e-07 4.93582299e+03 3.47910300e+03
5.70424276e-07 5.28183684e+03 3.53845045e+03
5.70855330e-07 5.38325261e+03 3.56986267e+03
5.71286385e-07 5.31415229e+03 3.57867420e+03
5.71717440e-07 5.27595589e+03 3.59422692e+03
5.72148495e-07 5.86659721e+03 3.72700494e+03
5.72579549e-07 5.46049816e+03 3.66810228e+03
5.73010604e-07 5.17369015e+03 3.54653836e+03
5.73441659e-07 4.89172066e+03 3.45936085e+03
5.73872714e-07 4.82470100e+03 3.41140695e+03
5.74303768e-07 5.02065516e+03 3.48831651e+03
5.74734823e-07 4.97143940e+03 3.45721245e+03
5.75165878e-07 5.48955119e+03 3.60470550e+03
5.75596933e-07 5.87523074e+03 3.77352862e+03
5.76027987e-07 5.81130489e+03 3.72755224e+03
5.76459042e-07 5.85839389e+03 3.77283302e+03
5.76890097e-07 5.94984790e+03 3.79110891e+03
5.77321152e-07 5.82285080e+03 3.74679815e+03
5.77752206e-07 5.85546355e+03 3.77805084e+03
5.78183261e-07 5.99329362e+03 3.79576374e+03
5.78614316e-07 6.20198686e+03 3.86925703e+03
5.79045370e-07 6.04811510e+03 3.82964783e+03
5.79476425e-07 5.97444290e+03 3.86251191e+03
5.79907480e-07 5.91300681e+03 3.80972191e+03
5.80338535e-07 6.13829641e+03 3.86513745e+03
5.80769589e-07 6.07259999e+03 3.87023150e+03
5.81200644e-07 5.74518765e+03 3.80093338e+03
5.81631699e-07 5.90179550e+03 3.85319717e+03
5.82062754e-07 6.04689732e+03 3.93339811e+03
5.82493808e-07 5.80587648e+03 3.87203695e+03
5.82924863e-07 5.52022480e+03 3.78232753e+03
5.83355918e-07 6.03705628e+03 3.91643337e+03
5.83786973e-07 6.09184047e+03 3.97903292e+03
5.84218027e-07 6.13586262e+03 3.96247721e+03
5.84649082e-07 6.14199757e+03 3.92730918e+03
5.85080137e-07 6.14829145e+03 3.93180425e+03
5.85511192e-07 6.09558507e+03 3.98020134e+03
5.85942246e-07 6.14236304e+03 4.13526775e+03
5.86373301e-07 6.16269769e+03 4.45953613e+03
5.86804356e-07 6.19051006e+03 4.50197257e+03
5.87235411e-07 6.17024181e+03 4.33984694e+03
5.87666465e-07 5.79286174e+03 4.16313738e+03
5.88097520e-07 5.42919691e+03 4.99004390e+03
5.88528575e-07 5.90521380e+03 8.54581993e+03
5.88959630e-07 5.61507176e+03 1.18628982e+04
5.89390684e-07 6.76643403e+03 1.14335098e+04
5.89821739e-07 6.93240619e+03 8.28572127e+03
5.90252794e-07 6.73744533e+03 5.69182531e+03
5.90683848e-07 6.52440244e+03 4.73755278e+03
5.91114903e-07 6.33917141e+03 4.66250664e+03
5.91545958e-07 6.08187588e+03 4.54188799e+03
5.91977013e-07 6.03388445e+03 4.44187072e+03
5.92408067e-07 6.04597077e+03 4.45913904e+03
5.92839122e-07 6.06710195e+03 4.62258912e+03
5.93270177e-07 6.02548702e+03 4.62464489e+03
5.93701232e-07 6.21100304e+03 4.51654520e+03
5.94132286e-07 6.23523172e+03 4.37228281e+03
5.94563341e-07 5.97659805e+03 4.36357103e+03
5.94994396e-07 5.98385405e+03 4.57967605e+03
5.95425451e-07 6.03216624e+03 4.58248078e+03
5.95856505e-07 5.86313378e+03 4.37162669e+03
5.96287560e-07 6.13350309e+03 4.34955424e+03
5.96718615e-07 6.29208097e+03 4.43403164e+03
5.97149670e-07 6.00330878e+03 4.46693164e+03
5.97580724e-07 6.05056262e+03 4.49545917e+03
5.98011779e-07 6.38702544e+03 4.47657493e+03
5.98442834e-07 6.68288269e+03 4.42590185e+03
5.98873889e-07 6.18894490e+03 4.24035396e+03
5.99304943e-07 6.21697686e+03 4.29145518e+03
5.99735998e-07 6.20322502e+03 4.34338035e+03
6.00167053e-07 6.08983266e+03 4.30508693e+03
6.00598108e-07 6.41805190e+03 4.33002206e+03
6.01029162e-07 6.60122362e+03 4.29404293e+03
6.01460217e-07 6.55503640e+03 4.25909752e+03
6.01891272e-07 6.43008740e+03 4.15633281e+03
6.02322326e-07 6.36769076e+03 4.13911768e+03
6.02753381e-07 6.32729260e+03 4.19967617e+03
6.03184436e-07 6.15592000e+03 4.20021263e+03
6.03615491e-07 6.20698835e+03 4.15901839e+03
6.04046545e-07 6.41452758e+03 4.16961132e+03
6.04477600e-07 6.51225603e+03 4.16637903e+03
6.04908655e-07 6.79628974e+03 4.24634851e+03
6.05339710e-07 6.72747036e+03 4.19059997e+03
6.05770764e-07 6.62165998e+03 4.15990465e+03
6.06201819e-07 6.46901334e+03 4.15480450e+03
6.06632874e-07 6.55538927e+03 4.13661491e+03
6.07063929e-07 6.61067706e+03 4.13422313e+03
6.07494983e-07 6.60018932e+03 4.06389941e+03
6.07926038e-07 6.38769437e+03 4.03670005e+03
6.08357093e-07 6.21030374e+03 3.96541726e+03
6.08788148e-07 6.33916152e+03 4.04217581e+03
6.09219202e-07 6.34716453e+03 4.04039589e+03
6.09650257e-07 6.28771268e+03 4.09442390e+03
6.10081312e-07 6.43002905e+03 4.13236116e+03
6.10512367e-07 6.44887198e+03 4.11917702e+03
6.10943421e-07 6.61892910e+03 4.15578916e+03
6.11374476e-07 6.81349338e+03 4.17259655e+03
6.11805531e-07 6.62221439e+03 4.14894549e+03
6.12236586e-07 6.63264353e+03 4.09688810e+03
6.12667640e-07 6.61472783e+03 6.08186696e+03
6.13098695e-07 6.47949046e+03 6.02729177e+03
6.13529750e-07 6.25601773e+03 6.10432562e+03
6.13960804e-07 6.51425001e+03 6.33421200e+03
6.14391859e-07 6.51817197e+03 4.23045698e+03
6.14822914e-07 6.88525931e+03 4.22630055e+03
6.15253969e-07 7.06957880e+03 4.21230420e+03
6.15685023e-07 7.02626519e+03 4.17898384e+03
6.16116078e-07 6.84977831e+03 4.17637853e+03
6.16547133e-07 6.93482242e+03 4.32918427e+03
6.16978188e-07 6.86905319e+03 4.43962529e+03
6.17409242e-07 6.98303565e+03 4.43737332e+03
6.17840297e-07 6.54734411e+03 4.17335230e+03
6.18271352e-07 7.06353227e+03 4.23233368e+03
6.18702407e-07 6.91933027e+03 4.27966401e+03
6.19133461e-07 6.95780492e+03 4.26229467e+03
6.19564516e-07 6.60626573e+03 4.18845026e+03
6.19995571e-07 6.56158109e+03 4.32453636e+03
6.20426626e-07 6.89302454e+03 4.39339996e+03
6.20857680e-07 6.99751106e+03 4.35421688e+03
6.21288735e-07 6.63343204e+03 4.23920400e+03
6.21719790e-07 6.57067093e+03 4.31226423e+03
6.22150845e-07 6.43029590e+03 4.31616770e+03
6.22581899e-07 6.51799239e+03 4.29939271e+03
6.23012954e-07 6.45763527e+03 4.69404857e+03
6.23444009e-07 6.72019051e+03 5.35259447e+03
6.23875064e-07 7.10335384e+03 5.34643989e+03
6.24306118e-07 7.13065558e+03 4.88657907e+03
6.24737173e-07 7.13422395e+03 4.61452639e+03
6.25168228e-07 6.80783239e+03 4.78055351e+03
6.25599283e-07 7.59764274e+03 5.38944460e+03
6.26030337e-07 7.23136795e+03 5.27660207e+03
6.26461392e-07 7.19692636e+03 4.99554492e+03
6.26892447e-07 7.34504944e+03 4.78084863e+03
6.27323501e-07 6.97198513e+03 4.56653784e+03
6.27754556e-07 7.00221643e+03 4.54861243e+03
6.28185611e-07 6.91875593e+03 4.73654479e+03
6.28616666e-07 6.75596002e+03 4.95482140e+03
6.29047720e-07 6.94279653e+03 5.79553040e+03
6.29478775e-07 6.06962462e+03 1.04660176e+04
6.29909830e-07 6.58886967e+03 1.53355519e+04
6.30340885e-07 8.51292961e+03 1.25128536e+04
6.30771939e-07 8.08109432e+03 7.54644972e+03
6.31202994e-07 7.61367833e+03 5.22156034e+03
6.31634049e-07 7.31738802e+03 4.74256356e+03
6.32065104e-07 7.22690648e+03 4.88553356e+03
6.32496158e-07 7.57225447e+03 5.22065966e+03
6.32927213e-07 7.39013995e+03 5.24827809e+03
6.33358268e-07 6.85836160e+03 4.77926404e+03
6.33789323e-07 7.21388637e+03 4.59304319e+03
6.34220377e-07 7.24313736e+03 4.58877146e+03
6.34651432e-07 6.92573802e+03 4.56702120e+03
6.35082487e-07 6.94694738e+03 4.77982410e+03
6.35513542e-07 6.95362166e+03 5.46709754e+03
6.35944596e-07 7.30733707e+03 7.46559967e+03
6.36375651e-07 7.91356064e+03 8.25168243e+03
6.36806706e-07 7.69038163e+03 6.45202279e+03
6.37237761e-07 7.63137538e+03 5.02292025e+03
6.37668815e-07 6.97702531e+03 4.50389793e+03
6.38099870e-07 7.53416365e+03 4.76232449e+03
6.38530925e-07 6.89407139e+03 4.62436852e+03
6.38961979e-07 7.03909332e+03 4.51473849e+03
6.39393034e-07 7.39702374e+03 4.43886892e+03
6.39824089e-07 7.55290379e+03 4.45843184e+03
6.40255144e-07 7.52253181e+03 4.42673618e+03
6.40686198e-07 6.92068626e+03 4.28410612e+03
6.41117253e-07 6.70170858e+03 4.25771746e+03
6.41548308e-07 6.62224433e+03 4.27726595e+03
6.41979363e-07 5.94759644e+03 4.09360529e+03
6.42410417e-07 5.68933306e+03 3.93411192e+03
6.42841472e-07 6.03780291e+03 3.99357071e+03
6.43272527e-07 6.41261580e+03 4.06350740e+03
6.43703582e-07 7.51890609e+03 4.38143677e+03
6.44134636e-07 7.42706703e+03 4.40950078e+03
6.44565691e-07 7.35400228e+03 4.39601573e+03
6.44996746e-07 7.70902154e+03 4.54415759e+03
6.45427801e-07 7.10221148e+03 4.46745447e+03
6.45858855e-07 7.26177579e+03 4.76171754e+03
6.46289910e-07 7.43814484e+03 5.12902310e+03
6.46720965e-07 7.23344406e+03 5.26187170e+03
6.47152020e-07 7.50642396e+03 5.10014591e+03
6.47583074e-07 7.44176198e+03 4.77892191e+03
6.48014129e-07 7.19236480e+03 4.44079250e+03
6.48445184e-07 7.45410211e+03 4.44229034e+03
6.48876239e-07 7.08554232e+03 4.35359960e+03
6.49307293e-07 7.63556626e+03 5.02955922e+03
6.49738348e-07 7.90521163e+03 5.69841256e+03
6.50169403e-07 8.21175371e+03 5.66907660e+03
6.50600457e-07 7.99265569e+03 5.13161978e+03
6.51031512e-07 7.74995134e+03 4.73306478e+03
6.51462567e-07 8.03905769e+03 4.70889524e+03
6.51893622e-07 7.69674986e+03 4.69457955e+03
6.52324676e-07 7.37494224e+03 4.67155148e+03
6.52755731e-07 7.56858219e+03 5.02969815e+03
6.53186786e-07 7.91876155e+03 5.45110678e+03
6.53617841e-07 7.22814886e+03 5.04991731e+03
6.54048895e-07 7.42189697e+03 4.95982758e+03
6.54479950e-07 7.74797808e+03 5.05559783e+03
6.54911005e-07 7.50536600e+03 5.25340960e+03
6.55342060e-07 7.12726100e+03 5.35084289e+03
6.55773114e-07 7.82698632e+03 5.20203913e+03
6.56204169e-07 7.59427012e+03 4.87370266e+03
6.56635224e-07 7.43421785e+03 4.87537253e+03
6.57066279e-07 7.94763680e+03 5.18512089e+03
6.57497333e-07 8.03224425e+03 5.47062006e+03
6.57928388e-07 7.94459831e+03 5.28844490e+03
6.58359443e-07 8.45659154e+03 4.98693822e+03
6.58790498e-07 8.30735058e+03 4.81534692e+03
6.59221552e-07 8.29468154e+03 4.88228973e+03
6.59652607e-07 7.91271980e+03 4.86435184e+03
6.60083662e-07 7.93649776e+03 5.03860404e+03
6.60514717e-07 8.05847963e+03 5.05455789e+03
6.60945771e-07 8.24054832e+03 4.87250562e+03
6.61376826e-07 8.10501433e+03 4.66443944e+03
6.61807881e-07 8.01970743e+03 4.68080342e+03
6.62238935e-07 7.89718703e+03 4.62891802e+03
6.62669990e-07 7.77215879e+03 4.65184490e+03
6.63101045e-07 8.07472703e+03 4.82836910e+03
6.63532100e-07 8.03668204e+03 4.79808397e+03
6.63963154e-07 7.98652606e+03 4.67755496e+03
6.64394209e-07 7.81274999e+03 4.57953145e+03
6.64825264e-07 7.71048107e+03 4.54849058e+03
6.65256319e-07 8.16840621e+03 4.70285769e+03
6.65687373e-07 7.77347165e+03 4.56415072e+03
6.66118428e-07 7.76643428e+03 4.60167785e+03
6.66549483e-07 7.71309449e+03 4.60015060e+03
6.66980538e-07 7.94772091e+03 4.64999579e+03
6.67411592e-07 8.20676264e+03 4.67603797e+03
6.67842647e-07 7.81759964e+03 4.57688135e+03
6.68273702e-07 7.90773125e+03 4.59675469e+03
6.68704757e-07 7.86694653e+03 4.59033483e+03
6.69135811e-07 7.90959329e+03 4.65962480e+03
6.69566866e-07 7.78039783e+03 4.60818235e+03
6.69997921e-07 8.00538479e+03 4.74852692e+03
6.70428976e-07 7.88490112e+03 4.66213502e+03
6.70860030e-07 7.70756176e+03 4.63088351e+03
6.71291085e-07 7.43898109e+03 4.53420298e+03
6.71722140e-07 7.15188636e+03 4.44427602e+03
6.72153195e-07 6.69817984e+03 4.22898783e+03
6.72584249e-07 7.12619623e+03 4.39566240e+03
6.73015304e-07 7.59664128e+03 6.51880148e+03
6.73446359e-07 7.61048287e+03 6.56869350e+03
6.73877413e-07 7.86900826e+03 6.61093518e+03
6.74308468e-07 7.33005830e+03 6.43751682e+03
6.74739523e-07 7.58579660e+03 6.51413583e+03
6.75170578e-07 7.45492363e+03 4.46090061e+03
6.75601632e-07 7.73034667e+03 4.50923671e+03
6.76032687e-07 7.81478125e+03 4.57230331e+03
6.76463742e-07 7.67460522e+03 4.50680261e+03
6.76894797e-07 7.55627363e+03 4.51799994e+03
6.77325851e-07 7.55124009e+03 4.45421196e+03
6.77756906e-07 7.17103638e+03 4.39631725e+03
6.78187961e-07 7.35534414e+03 4.41700525e+03
6.78619016e-07 7.56362927e+03 4.45465816e+03
6.79050070e-07 7.18890242e+03 4.36837030e+03
6.79481125e-07 7.42597326e+03 4.42379126e+03
6.79912180e-07 7.40527636e+03 4.38803929e+03
6.80343235e-07 6.86294893e+03 4.22651116e+03
6.80774289e-07 6.97273685e+03 4.24803220e+03
6.81205344e-07 7.06088154e+03 4.29106202e+03
6.81636399e-07 6.98909746e+03 4.34842472e+03
6.82067454e-07 6.89690167e+03 4.69711339e+03
6.82498508e-07 7.22394510e+03 6.09288060e+03
6.82929563e-07 7.32362072e+03 7.28769570e+03
6.83360618e-07 7.41985873e+03 7.00275840e+03
6.83791673e-07 7.62815982e+03 5.89912008e+03
6.84222727e-07 7.40301554e+03 5.07589415e+03
6.84653782e-07 7.26131917e+03 4.60789324e+03
6.85084837e-07 7.48230876e+03 4.57077459e+03
6.85515891e-07 7.45081204e+03 5.06651071e+03
6.85946946e-07 6.66133245e+03 6.33196141e+03
6.86378001e-07 6.24400543e+03 6.86305427e+03
6.86809056e-07 6.24736734e+03 5.51483956e+03
6.87240110e-07 6.11764141e+03 4.29046216e+03
6.87671165e-07 6.24336158e+03 4.26421216e+03
6.88102220e-07 6.57030920e+03 4.57479704e+03
6.88533275e-07 6.41602148e+03 4.71334075e+03
6.88964329e-07 6.31571598e+03 4.65446109e+03
6.89395384e-07 6.90645508e+03 4.72914274e+03
6.89826439e-07 6.69607543e+03 4.67277416e+03
6.90257494e-07 6.73914922e+03 4.60724101e+03
6.90688548e-07 6.77580442e+03 4.74268603e+03
6.91119603e-07 7.11080730e+03 5.23617431e+03
6.91550658e-07 7.56136834e+03 5.44581844e+03
6.91981713e-07 6.97540410e+03 5.77506183e+03
6.92412767e-07 7.18539235e+03 5.79252032e+03
6.92843822e-07 6.80856145e+03 4.82948873e+03
6.93274877e-07 7.36589125e+03 4.77525008e+03
6.93705932e-07 8.00213143e+03 5.33255010e+03
6.94136986e-07 7.74993090e+03 5.65897478e+03
6.94568041e-07 7.40343282e+03 6.19425368e+03
6.94999096e-07 6.97149823e+03 5.98999019e+03
6.95430151e-07 7.20419482e+03 5.21158738e+03
6.95861205e-07 7.46602633e+03 4.69340689e+03
6.96292260e-07 7.16281613e+03 4.72299503e+03
6.96723315e-07 7.37880815e+03 5.12716048e+03
6.97154370e-07 7.83124167e+03 5.56159599e+03
6.97585424e-07 7.47328718e+03 5.84191683e+03
6.98016479e-07 7.60489419e+03 5.59818198e+03
6.98447534e-07 7.29716373e+03 4.84028413e+03
6.98878588e-07 7.26964904e+03 4.56767018e+03
6.99309643e-07 6.84050453e+03 4.38849293e+03
6.99740698e-07 7.35951763e+03 4.68690497e+03
7.00171753e-07 7.47837860e+03 4.91109864e+03
7.00602807e-07 7.30295810e+03 4.97440413e+03
7.01033862e-07 7.56411514e+03 5.09208341e+03
7.01464917e-07 7.00905224e+03 4.63871852e+03
7.01895972e-07 6.88016199e+03 4.35569491e+03
7.02327026e-07 7.19682294e+03 4.42093010e+03
7.02758081e-07 7.14522384e+03 4.38083597e+03
7.03189136e-07 7.44531287e+03 4.48084785e+03
7.03620191e-07 7.30870625e+03 4.47243400e+03
7.04051245e-07 7.06632249e+03 4.64358914e+03
7.04482300e-07 7.59524126e+03 5.17661040e+03
7.04913355e-07 7.48730582e+03 5.17487628e+03
7.05344410e-07 7.72366136e+03 5.02865161e+03
7.05775464e-07 7.74022636e+03 4.81915444e+03
7.06206519e-07 7.15874215e+03 4.74004345e+03
7.06637574e-07 7.60207963e+03 4.92350753e+03
7.07068629e-07 7.45554966e+03 4.79981464e+03
7.07499683e-07 7.25562468e+03 4.74905219e+03
7.07930738e-07 6.74562082e+03 4.61199191e+03
7.08361793e-07 6.93464734e+03 4.68686718e+03
7.08792848e-07 6.79197489e+03 4.70570818e+03
7.09223902e-07 7.20302879e+03 4.70273193e+03
7.09654957e-07 7.18435516e+03 4.56007717e+03
7.10086012e-07 7.01268551e+03 4.46424891e+03
7.10517066e-07 7.38869643e+03 4.54778885e+03
7.10948121e-07 7.16289435e+03 4.44982931e+03
7.11379176e-07 7.19514587e+03 4.43828409e+03
7.11810231e-07 6.98273495e+03 4.34925322e+03
7.12241285e-07 7.11498019e+03 4.52117537e+03
7.12672340e-07 7.26857095e+03 4.64731498e+03
7.13103395e-07 7.16805678e+03 4.62330398e+03
7.13534450e-07 6.92437985e+03 4.54152894e+03
7.13965504e-07 7.24015536e+03 4.75797538e+03
7.14396559e-07 7.31782980e+03 4.88868649e+03
7.14827614e-07 6.25646060e+03 7.07883432e+03
7.15258669e-07 6.33747368e+03 6.82699861e+03
7.15689723e-07 6.42270867e+03 6.99372654e+03
7.16120778e-07 6.53109947e+03 6.96807561e+03
7.16551833e-07 6.84099548e+03 4.47211227e+03
7.16982888e-07 6.47694238e+03 4.28292243e+03
7.17413942e-07 6.70866188e+03 4.31743886e+03
7.17844997e-07 6.30781769e+03 4.17257588e+03
7.18276052e-07 6.01890388e+03 3.97981664e+03
7.18707107e-07 5.73697843e+03 3.74094006e+03
7.19138161e-07 5.90562134e+03 3.78233474e+03
7.19569216e-07 5.85135535e+03 3.73880732e+03
7.20000271e-07 6.06128255e+03 3.83837088e+03
7.20431326e-07 5.53585334e+03 3.69085629e+03
7.20862380e-07 5.97168872e+03 3.86482629e+03
7.21293435e-07 6.24352999e+03 3.99347906e+03
7.21724490e-07 6.02597724e+03 3.95480005e+03
7.22155544e-07 6.37350984e+03 4.16374487e+03
7.22586599e-07 5.62639174e+03 3.92265205e+03
7.23017654e-07 5.88898844e+03 4.36110613e+03
7.23448709e-07 5.57136194e+03 6.09601456e+03
7.23879763e-07 5.47536370e+03 9.14110525e+03
7.24310818e-07 4.87866947e+03 9.79791336e+03
7.24741873e-07 5.55157174e+03 7.75593072e+03
7.25172928e-07 5.72013050e+03 5.63321314e+03
7.25603982e-07 5.43904106e+03 4.69812074e+03
7.26035037e-07 6.05167702e+03 4.47075594e+03
7.26466092e-07 5.78540456e+03 4.36161878e+03
7.26897147e-07 5.70662934e+03 5.72302510e+03
7.27328201e-07 5.53765115e+03 8.67079575e+03
7.27759256e-07 5.82818539e+03 9.70277494e+03
7.28190311e-07 5.49655922e+03 7.79025038e+03
7.28621366e-07 5.60812631e+03 6.23412224e+03
7.29052420e-07 5.49972339e+03 5.01255099e+03
7.29483475e-07 5.29516536e+03 4.82700191e+03
7.29914530e-07 6.03127250e+03 5.39269178e+03
7.30345585e-07 6.07650985e+03 5.63063587e+03
7.30776639e-07 5.14347787e+03 5.40554233e+03
7.31207694e-07 5.97969081e+03 7.46607540e+03
7.31638749e-07 5.48437992e+03 8.35522148e+03
7.32069804e-07 5.84113324e+03 6.34795978e+03
7.32500858e-07 6.01324568e+03 5.75781540e+03
7.32931913e-07 5.54293078e+03 6.09367593e+03
7.33362968e-07 6.80170386e+03 6.87469686e+03
7.33794022e-07 6.34801292e+03 9.22430552e+03
7.34225077e-07 5.86010688e+03 9.13578869e+03
7.34656132e-07 6.20017532e+03 6.08907611e+03
7.35087187e-07 6.12082274e+03 5.06146415e+03
7.35518241e-07 5.84921262e+03 5.79397640e+03
7.35949296e-07 5.36627413e+03 6.11049662e+03
7.36380351e-07 5.85770710e+03 6.93782556e+03
7.36811406e-07 5.34378443e+03 8.08518154e+03
7.37242460e-07 5.93975535e+03 6.95183228e+03
7.37673515e-07 6.30930249e+03 5.02455068e+03
7.38104570e-07 6.31638729e+03 4.54248158e+03
7.38535625e-07 6.33739178e+03 4.91386137e+03
7.38966679e-07 5.63736206e+03 5.44198076e+03
7.39397734e-07 6.27735607e+03 5.93361300e+03
7.39828789e-07 6.16166635e+03 6.74375667e+03
7.40259844e-07 5.46108241e+03 6.64557966e+03
7.40690898e-07 6.50991727e+03 5.43712891e+03
7.41121953e-07 6.39223028e+03 4.61431190e+03
7.41553008e-07 5.99484911e+03 4.39795304e+03
7.41984063e-07 6.37378983e+03 4.52072906e+03
7.42415117e-07 6.25923257e+03 4.68860363e+03
7.42846172e-07 6.13629668e+03 5.11557482e+03
7.43277227e-07 6.14535797e+03 5.45991379e+03
7.43708282e-07 5.74520645e+03 5.69038631e+03
7.44139336e-07 6.26767637e+03 5.39809922e+03
7.44570391e-07 6.36659964e+03 4.58332739e+03
7.45001446e-07 6.30903675e+03 4.31121283e+03
7.45432500e-07 6.45922683e+03 4.51866726e+03
7.45863555e-07 6.61684824e+03 4.86501185e+03
7.46294610e-07 6.25751599e+03 5.13172554e+03
7.46725665e-07 5.94402559e+03 5.55248548e+03
7.47156719e-07 5.91891647e+03 6.11259341e+03
7.47587774e-07 6.28270395e+03 6.31145450e+03
7.48018829e-07 6.13263740e+03 6.57924543e+03
7.48449884e-07 5.73001631e+03 5.73033428e+03
7.48880938e-07 5.79075753e+03 4.90930570e+03
7.49311993e-07 5.97129170e+03 4.79958839e+03
7.49743048e-07 6.41156634e+03 4.66070996e+03
7.50174103e-07 6.51962587e+03 4.55853762e+03
7.50605157e-07 6.29765305e+03 4.41273876e+03
7.51036212e-07 6.60016761e+03 4.47778785e+03
7.51467267e-07 6.55889350e+03 5.05009304e+03
7.51898322e-07 7.10397191e+03 7.01681017e+03
7.52329376e-07 6.18348686e+03 8.41756925e+03
7.52760431e-07 6.42644063e+03 7.36969867e+03
7.53191486e-07 5.88335905e+03 5.50956105e+03
7.53622541e-07 5.88886626e+03 4.85909326e+03
7.54053595e-07 6.60311462e+03 4.84385162e+03
7.54484650e-07 6.72496953e+03 4.69701694e+03
7.54915705e-07 6.50681176e+03 4.68674352e+03
7.55346760e-07 6.31976391e+03 5.01883457e+03
7.55777814e-07 5.58860070e+03 4.93955319e+03
7.56208869e-07 6.02779810e+03 4.92249766e+03
7.56639924e-07 6.41406479e+03 5.94317643e+03
7.57070978e-07 5.70873146e+03 6.93851602e+03
7.57502033e-07 6.41495004e+03 6.12078054e+03
7.57933088e-07 6.18032697e+03 4.96376703e+03
7.58364143e-07 6.01811710e+03 5.13965207e+03
7.58795197e-07 5.52407310e+03 4.77497947e+03
7.59226252e-07 4.31516458e+03 3.88068807e+03
7.59657307e-07 1.93186845e+03 4.97728013e+03
7.60088362e-07 6.81390946e+02 3.76407449e+03
7.60519416e-07 6.31955735e+02 3.10366803e+03
7.60950471e-07 2.09385318e+03 2.38545926e+03
7.61381526e-07 3.22389262e+03 3.33523684e+03
7.61812581e-07 3.54588750e+03 3.82321256e+03
7.62243635e-07 3.28613319e+03 3.64264490e+03
7.62674690e-07 2.81276795e+03 3.50947104e+03
7.63105745e-07 2.95202387e+03 3.40806152e+03
7.63536800e-07 3.40401315e+03 3.14487140e+03
7.63967854e-07 3.33237885e+03 2.98262859e+03
7.64398909e-07 3.72490361e+03 3.19039592e+03
7.64829964e-07 4.11906934e+03 3.53431601e+03
7.65261019e-07 4.92069072e+03 4.04039660e+03
7.65692073e-07 4.85491173e+03 4.26077965e+03
7.66123128e-07 4.67315060e+03 4.44392908e+03
7.66554183e-07 5.60762588e+03 4.50173282e+03
7.66985238e-07 5.47992334e+03 4.05495217e+03
7.67416292e-07 5.48587915e+03 4.02786327e+03
7.67847347e-07 5.81613620e+03 4.35014246e+03
7.68278402e-07 5.96814398e+03 4.66255223e+03
7.68709457e-07 5.97380178e+03 4.83903836e+03
7.69140511e-07 6.05860575e+03 5.00557241e+03
7.69571566e-07 5.85498829e+03 4.91857082e+03
7.70002621e-07 5.57336609e+03 4.74206975e+03
7.70433675e-07 6.53156172e+03 5.54331959e+03
7.70864730e-07 7.67635699e+03 9.50628145e+03
7.71295785e-07 5.60089978e+03 1.36868763e+04
7.71726840e-07 5.60129799e+03 1.25988123e+04
7.72157894e-07 6.10650239e+03 8.58841833e+03
7.72588949e-07 5.10701432e+03 6.33775659e+03
7.73020004e-07 5.20266476e+03 5.30407197e+03
7.73451059e-07 4.73797379e+03 4.68224453e+03
7.73882113e-07 5.23828292e+03 4.66232310e+03
7.74313168e-07 6.75158835e+03 6.74408530e+03
7.74744223e-07 5.16522718e+03 1.11338842e+04
7.75175278e-07 5.35820045e+03 1.21884976e+04
7.75606332e-07 6.69323266e+03 9.26423477e+03
7.76037387e-07 5.26242291e+03 7.15995203e+03
7.76468442e-07 5.22774037e+03 5.64556537e+03
7.76899497e-07 4.83270339e+03 5.30835683e+03
7.77330551e-07 4.70602843e+03 5.93637374e+03
7.77761606e-07 5.05051409e+03 6.43267477e+03
7.78192661e-07 5.14455016e+03 6.05746881e+03
7.78623716e-07 5.31736553e+03 6.56687694e+03
7.79054770e-07 5.69707089e+03 9.60301143e+03
7.79485825e-07 4.81541252e+03 9.85103734e+03
7.79916880e-07 5.84354717e+03 6.82513922e+03
7.80347935e-07 5.28927341e+03 6.11798991e+03
7.80778989e-07 4.93518227e+03 6.88794201e+03
7.81210044e-07 5.60983689e+03 6.79559594e+03
7.81641099e-07 6.98967704e+03 9.38650593e+03
7.82072153e-07 4.72295937e+03 1.15637045e+04
7.82503208e-07 5.30256740e+03 8.46141873e+03
7.82934263e-07 5.59461148e+03 5.25030068e+03
7.83365318e-07 5.15563601e+03 5.08117846e+03
7.83796372e-07 5.48148380e+03 6.29009680e+03
7.84227427e-07 5.25450626e+03 6.65288491e+03
7.84658482e-07 5.78825385e+03 8.30327588e+03
7.85089537e-07 5.24377388e+03 1.24278497e+04
7.85520591e-07 5.25549702e+03 1.27043500e+04
7.85951646e-07 5.71863719e+03 9.46889955e+03
7.86382701e-07 5.23282172e+03 8.11219096e+03
7.86813756e-07 4.24785975e+03 8.65652406e+03
7.87244810e-07 5.28485117e+03 8.31803523e+03
7.87675865e-07 4.96775062e+03 7.68248225e+03
7.88106920e-07 5.34765721e+03 7.74263407e+03
7.88537975e-07 6.16021407e+03 8.56931135e+03
7.88969029e-07 5.31618388e+03 8.73799114e+03
7.89400084e-07 5.12141347e+03 6.42100249e+03
7.89831139e-07 4.99251948e+03 4.80501255e+03
7.90262194e-07 5.63170082e+03 4.94611681e+03
7.90693248e-07 6.22064682e+03 7.95629086e+03
7.91124303e-07 5.17981667e+03 1.33989849e+04
7.91555358e-07 6.05429869e+03 1.44088008e+04
7.91986413e-07 5.63421908e+03 1.05864836e+04
7.92417467e-07 6.44708383e+03 8.08060276e+03
7.92848522e-07 4.62796524e+03 7.29161117e+03
7.93279577e-07 4.82530390e+03 1.06297912e+04
