1.78130000e-01
3.63519000e-07 1.23476536e+01 6.35229718e+02
3.64812161e-07 9.25655109e+01 6.16427908e+02
3.66105323e-07 5.78159872e+01 5.85311102e+02
3.66536376e-07 6.71542352e+01 6.06996705e+02
3.66967430e-07 4.58908579e+00 5.82661401e+02
3.67398484e-07 8.07980231e+01 5.94237596e+02
3.67829538e-07 1.43950177e+02 6.59040727e+02
3.68260591e-07 4.92242790e+01 5.39582871e+02
3.69122699e-07 1.83023766e+01 5.33705367e+02
3.70415860e-07 5.01241980e+01 6.87286163e+02
3.70846914e-07 7.90457213e+01 7.07929683e+02
3.71277968e-07 5.59790822e+00 6.60172727e+02
3.72140075e-07 2.49790874e+01 5.86310747e+02
3.73002183e-07 6.25006796e+01 7.37659753e+02
3.73433237e-07 1.05841284e+02 8.17630663e+02
3.73864290e-07 1.04226430e+02 8.74555191e+02
3.74295344e-07 8.70781110e+01 8.63863478e+02
3.74726398e-07 1.12675926e+02 8.35910275e+02
3.75157452e-07 1.00468034e+02 7.91165957e+02
3.75588505e-07 1.36043670e+01 7.11172375e+02
3.76019559e-07 4.33527553e+01 6.67542452e+02
3.76450613e-07 1.07586937e+02 7.08618784e+02
3.76881667e-07 6.88838855e+01 7.08544828e+02
3.77312720e-07 6.45352984e+01 7.28602833e+02
3.78174828e-07 1.14119138e+02 7.61326821e+02
3.78605882e-07 1.03674662e+02 7.58278219e+02
3.79036935e-07 4.88067613e-01 6.93357469e+02
3.79899043e-07 8.74475052e+01 7.41007433e+02
3.80330097e-07 8.51779089e+01 7.39753577e+02
3.81192204e-07 1.63195987e+01 7.13555237e+02
3.81623258e-07 1.43553884e+02 7.99738371e+02
3.82054312e-07 7.00582955e+01 7.60482854e+02
3.82485366e-07 2.51793560e+01 8.09325855e+02
3.82916419e-07 5.11096763e+01 8.99025981e+02
3.83347473e-07 3.64893401e+01 9.15435723e+02
3.83778527e-07 2.40551876e+01 8.66896164e+02
3.84209581e-07 8.18161346e+01 8.96016986e+02
3.84640634e-07 1.65386808e+02 9.21076650e+02
3.85071688e-07 1.91644122e+02 8.95309087e+02
3.85502742e-07 1.26413492e+02 8.09622408e+02
3.85933796e-07 3.09110610e+00 7.20608276e+02
3.86364849e-07 1.53290585e+02 7.88333503e+02
3.86795903e-07 6.10231811e+01 7.55971938e+02
3.87226957e-07 1.38885571e+02 7.56126555e+02
3.87658011e-07 1.63626189e+01 7.22024542e+02
3.88089065e-07 2.36872205e+02 7.81647998e+02
3.88520118e-07 2.31311077e+02 7.74735200e+02
3.88951172e-07 1.40003203e+02 7.37938827e+02
3.89382226e-07 1.42086499e+02 7.45261681e+02
3.89813280e-07 3.37677580e+01 7.41490570e+02
3.90244333e-07 1.76593370e+02 8.44598026e+02
3.90675387e-07 1.35077982e+02 8.78220090e+02
3.91537495e-07 9.14334378e+01 9.00073386e+02
3.91968548e-07 5.81817445e+01 8.50412143e+02
3.92399602e-07 1.92049329e+02 8.48957315e+02
3.92830656e-07 1.83845186e+02 8.37306896e+02
3.93261710e-07 2.18876270e+02 8.27400357e+02
3.93692763e-07 1.47128397e+02 8.73719110e+02
3.94123817e-07 2.30369727e+02 1.00453838e+03
3.94554871e-07 1.95980210e+02 9.67295151e+02
3.94985925e-07 1.73402412e+02 9.31165159e+02
3.95416978e-07 2.22657726e+02 9.30100559e+02
3.95848032e-07 1.34854903e+02 8.65569324e+02
3.96279086e-07 5.20143207e+01 7.80429760e+02
3.96710140e-07 1.96090116e+02 8.00574398e+02
3.97141194e-07 2.04654871e+02 8.72535454e+02
3.97572247e-07 2.50919438e+02 9.47931696e+02
3.98003301e-07 2.46007306e+02 9.33945199e+02
3.98434355e-07 2.19892213e+02 9.14374127e+02
3.98865409e-07 2.10263293e+02 9.13405049e+02
3.99296462e-07 1.42825398e+02 8.83630433e+02
3.99727516e-07 2.17283216e+02 9.51372753e+02
4.00158570e-07 2.19190975e+02 9.53553589e+02
4.00589624e-07 7.18656673e+01 9.50843400e+02
4.01020677e-07 7.25493977e+01 9.76827113e+02
4.01451731e-07 1.95353354e+02 1.04270398e+03
4.01882785e-07 2.28103186e+02 1.00408627e+03
4.02313839e-07 5.41307856e+01 9.03623621e+02
4.02744892e-07 8.13464581e+01 9.26293578e+02
4.03175946e-07 1.42833675e+02 9.42674514e+02
4.03607000e-07 1.42227154e+02 9.86001573e+02
4.04038054e-07 1.84158400e+02 1.03845717e+03
4.04469108e-07 2.03718110e+02 1.08200838e+03
4.04900161e-07 1.70431918e+02 1.05559745e+03
4.05331215e-07 1.63993002e+02 1.05453658e+03
4.05762269e-07 3.08867596e+02 1.09177001e+03
4.06193323e-07 2.69206936e+02 1.17371532e+03
4.06624376e-07 2.17079880e+02 1.18821912e+03
4.07055430e-07 2.54375365e+02 1.17247082e+03
4.07486484e-07 3.24406143e+02 1.13383910e+03
4.07917538e-07 3.27097563e+02 1.14601821e+03
4.08348591e-07 2.13924242e+02 1.05216502e+03
4.08779645e-07 1.05348952e+02 9.85364871e+02
4.09210699e-07 2.55161890e+02 1.03995800e+03
4.09641753e-07 2.44942750e+02 1.00386662e+03
4.10072806e-07 1.91297425e+02 9.69395702e+02
4.10503860e-07 1.94495378e+02 9.51895028e+02
4.10934914e-07 2.83439979e+02 1.02487109e+03
4.11365968e-07 3.30847810e+02 1.02919913e+03
4.11797022e-07 2.52227617e+02 1.02232520e+03
4.12228075e-07 2.33721305e+02 1.06480962e+03
4.12659129e-07 3.21240835e+02 1.13530183e+03
4.13090183e-07 2.65570802e+02 1.11666688e+03
4.13521237e-07 2.97818499e+02 1.10782905e+03
4.13952290e-07 2.01985902e+02 1.05212888e+03
4.14383344e-07 9.36550160e+01 9.64055876e+02
4.14814398e-07 1.15027147e+02 9.85589584e+02
4.15245452e-07 2.85205580e+02 1.10279999e+03
4.15676505e-07 3.65469554e+02 1.25554796e+03
4.16107559e-07 2.60015585e+02 1.25230666e+03
4.16538613e-07 2.43813227e+02 1.27634345e+03
4.16969667e-07 3.67255348e+02 1.37023828e+03
4.17400720e-07 2.14574500e+02 1.26685518e+03
4.17831774e-07 1.50252809e+02 1.15206622e+03
4.18262828e-07 1.28338396e+02 1.12400996e+03
4.18693882e-07 1.99128009e+02 1.11041490e+03
4.19124935e-07 3.63185651e+02 1.14574183e+03
4.19555989e-07 2.47091793e+02 1.05159759e+03
4.19987043e-07 2.37398808e+02 1.03408774e+03
4.20418097e-07 2.44210613e+02 1.09265754e+03
4.20849151e-07 2.30434843e+02 1.08428162e+03
4.21280204e-07 3.32763933e+02 1.10704129e+03
4.21711258e-07 2.87773021e+02 1.09984782e+03
4.22142312e-07 2.67827826e+02 1.05502542e+03
4.22573366e-07 2.65171053e+02 1.01170401e+03
4.23004419e-07 3.14201136e+02 1.03312397e+03
4.23435473e-07 2.33813776e+02 9.63016102e+02
4.23866527e-07 3.46331024e+02 1.05386121e+03
4.24297581e-07 3.62903423e+02 1.12195988e+03
4.24728634e-07 2.77222542e+02 1.10853572e+03
4.25159688e-07 3.68946776e+02 1.15207504e+03
4.25590742e-07 3.10546596e+02 1.16064300e+03
4.26021796e-07 2.22437239e+02 1.11454124e+03
4.26452849e-07 3.84406700e+02 1.17825115e+03
4.26883903e-07 3.80580002e+02 1.22937888e+03
4.27314957e-07 4.32459203e+02 1.21957547e+03
4.27746011e-07 3.60873677e+02 1.16859227e+03
4.28177065e-07 2.63760422e+02 1.10658804e+03
4.28608118e-07 2.44023204e+02 1.10299280e+03
4.29039172e-07 3.16322765e+02 1.14732407e+03
4.29470226e-07 4.20240936e+02 1.18947537e+03
4.29901280e-07 3.84210985e+02 1.17267128e+03
4.30332333e-07 3.89248208e+02 1.16572824e+03
4.30763387e-07 1.85357873e+02 1.17890102e+03
4.31194441e-07 2.80420174e+02 1.88008806e+03
4.31625495e-07 3.39746363e+02 2.04753201e+03
4.32056548e-07 4.04499547e+02 1.96388949e+03
4.32487602e-07 4.10129672e+02 1.29577071e+03
4.32918656e-07 2.91942389e+02 1.21868318e+03
4.33349710e-07 3.69089455e+02 1.24332530e+03
4.33780763e-07 3.94788868e+02 1.21571787e+03
4.34211817e-07 2.90283008e+02 1.20124250e+03
4.34642871e-07 3.98264144e+02 1.25540298e+03
4.35073925e-07 3.43806591e+02 1.27068832e+03
4.35504978e-07 4.43291000e+02 1.30754240e+03
4.35936032e-07 4.32639898e+02 1.30489242e+03
4.36367086e-07 4.77908157e+02 1.33414722e+03
4.36798140e-07 4.98916943e+02 1.32011336e+03
4.37229194e-07 3.06239456e+02 1.30165144e+03
4.37660247e-07 4.64922583e+02 1.35357991e+03
4.38091301e-07 6.00032327e+02 1.40324493e+03
4.38522355e-07 5.64741600e+02 1.37503045e+03
4.38953409e-07 5.70142976e+02 1.40156002e+03
4.39384462e-07 6.68458846e+02 1.47830574e+03
4.39815516e-07 6.92020555e+02 1.50517806e+03
4.40246570e-07 3.37482860e+02 1.42403614e+03
4.40677624e-07 3.51963764e+02 1.50998684e+03
4.41108677e-07 4.10139714e+02 1.58712048e+03
4.41539731e-07 3.88861262e+02 1.58455954e+03
4.41970785e-07 3.34660564e+02 1.53043935e+03
4.42401839e-07 5.08498246e+02 1.59023017e+03
4.42832892e-07 5.61971992e+02 1.59526187e+03
4.43263946e-07 5.07669036e+02 1.53139007e+03
4.43695000e-07 4.61731666e+02 1.50362756e+03
4.44126054e-07 4.30323492e+02 1.52711066e+03
4.44557108e-07 4.23711862e+02 1.46850993e+03
4.44988161e-07 3.33323516e+02 1.42998192e+03
4.45419215e-07 4.96413362e+02 1.42930091e+03
4.45850269e-07 5.07207089e+02 1.43669315e+03
4.46281323e-07 4.64138939e+02 1.45006410e+03
4.46712376e-07 4.31677648e+02 1.44208294e+03
4.47143430e-07 4.26186299e+02 1.44340327e+03
4.47574484e-07 4.07045364e+02 1.45936552e+03
4.48005538e-07 6.12425000e+02 1.51113590e+03
4.48436591e-07 6.05882057e+02 1.53323861e+03
4.48867645e-07 5.68620913e+02 1.57958304e+03
4.49298699e-07 5.78270773e+02 1.53863464e+03
4.49729753e-07 5.82251867e+02 1.55592137e+03
4.50160806e-07 4.94041510e+02 1.57146373e+03
4.50591860e-07 5.84523990e+02 1.61959917e+03
4.51022914e-07 4.82687407e+02 1.59138698e+03
4.51453968e-07 3.72798839e+02 1.55282277e+03
4.51885022e-07 4.91225871e+02 1.60468460e+03
4.52316075e-07 4.70475031e+02 1.63277604e+03
4.52747129e-07 5.98487840e+02 1.75599752e+03
4.53178183e-07 5.98788173e+02 1.76273475e+03
4.53609237e-07 6.10913997e+02 1.81376410e+03
4.54040290e-07 6.32142438e+02 1.85356159e+03
4.54471344e-07 7.11177709e+02 1.88101102e+03
4.54902398e-07 5.08332753e+02 1.76144360e+03
4.55333452e-07 3.83459750e+02 1.67550655e+03
4.55764505e-07 5.60518888e+02 1.72376484e+03
4.56195559e-07 4.44108671e+02 1.72677729e+03
4.56626613e-07 5.21903217e+02 1.71558147e+03
4.57057667e-07 7.77901050e+02 1.83976904e+03
4.57488720e-07 7.05781934e+02 1.80955156e+03
4.57919774e-07 4.61052135e+02 1.78608418e+03
4.58350828e-07 5.38850432e+02 1.82724938e+03
4.58781882e-07 5.71771314e+02 1.83234508e+03
4.59212935e-07 7.36442925e+02 1.86360880e+03
4.59643989e-07 5.52153938e+02 1.74355932e+03
4.60075043e-07 7.43739716e+02 1.82429007e+03
4.60506097e-07 6.16653706e+02 1.81306240e+03
4.60937151e-07 7.48345972e+02 1.86660695e+03
4.61368204e-07 7.05568190e+02 1.87319229e+03
4.61799258e-07 6.47046769e+02 1.80567229e+03
4.62230312e-07 9.13579777e+02 1.96222758e+03
4.62661366e-07 5.94942672e+02 1.82306058e+03
4.63092419e-07 4.32520453e+02 1.70913658e+03
4.63523473e-07 6.40385388e+02 1.78172339e+03
4.63954527e-07 5.22968381e+02 1.77330057e+03
4.64385581e-07 7.62803352e+02 1.83006448e+03
4.64816634e-07 6.73454651e+02 1.80999471e+03
4.65247688e-07 4.60225757e+02 1.77728171e+03
4.65678742e-07 6.08078203e+02 1.93682095e+03
4.66109796e-07 6.65600922e+02 1.98141181e+03
4.66540849e-07 8.62911286e+02 2.02062988e+03
4.66971903e-07 4.29417809e+02 1.90632933e+03
4.67402957e-07 6.94520145e+02 2.00986171e+03
4.67834011e-07 6.30322498e+02 1.97952749e+03
4.68265065e-07 6.31977074e+02 1.99982336e+03
4.68696118e-07 7.14213929e+02 2.02125923e+03
4.69127172e-07 6.66200132e+02 2.00441275e+03
4.69558226e-07 6.87979128e+02 2.00465060e+03
4.69989280e-07 9.79992308e+02 2.09988629e+03
4.70420333e-07 9.33838311e+02 2.07269814e+03
4.70851387e-07 1.04340900e+03 2.18441051e+03
4.71282441e-07 8.28610680e+02 2.08067896e+03
4.71713495e-07 8.13072601e+02 2.08905984e+03
4.72144548e-07 8.59088305e+02 2.12352138e+03
4.72575602e-07 1.06645406e+03 2.14746563e+03
4.73006656e-07 9.10637354e+02 2.02604892e+03
4.73437710e-07 8.82776212e+02 2.06560226e+03
4.73868763e-07 1.03088452e+03 2.18407388e+03
4.74299817e-07 7.81461861e+02 2.00453661e+03
4.74730871e-07 7.59802702e+02 2.01580324e+03
4.75161925e-07 1.10656696e+03 2.18860680e+03
4.75592978e-07 8.52546899e+02 2.09061235e+03
4.76024032e-07 9.72972423e+02 2.10775038e+03
4.76455086e-07 1.31114907e+03 2.25904030e+03
4.76886140e-07 1.15276313e+03 2.18151825e+03
4.77317194e-07 9.75832892e+02 2.14639487e+03
4.77748247e-07 7.16114268e+02 2.00830127e+03
4.78179301e-07 1.01474518e+03 2.17059735e+03
4.78610355e-07 1.16065378e+03 2.25454106e+03
4.79041409e-07 1.08171012e+03 2.24833071e+03
4.79472462e-07 9.28841199e+02 2.23306143e+03
4.79903516e-07 9.61152391e+02 2.22354091e+03
4.80334570e-07 7.67043525e+02 2.11900159e+03
4.80765624e-07 8.90590832e+02 2.25221600e+03
4.81196677e-07 8.91928394e+02 2.30005844e+03
4.81627731e-07 8.50382646e+02 2.40941773e+03
4.82058785e-07 9.58892354e+02 2.45170994e+03
4.82489839e-07 8.31872355e+02 2.42583088e+03
4.82920892e-07 7.36244187e+02 2.35026923e+03
4.83351946e-07 8.03399496e+02 2.42057994e+03
4.83783000e-07 8.64855637e+02 2.43253433e+03
4.84214054e-07 7.57673177e+02 2.37255252e+03
4.84645108e-07 7.96908363e+02 2.33981631e+03
4.85076161e-07 8.83793196e+02 2.36276637e+03
4.85507215e-07 8.07407133e+02 2.28149217e+03
4.85938269e-07 9.23804276e+02 2.25360326e+03
4.86369323e-07 1.05829022e+03 2.34152244e+03
4.86800376e-07 1.11680961e+03 2.36244812e+03
4.87231430e-07 1.16458282e+03 2.42377833e+03
4.87662484e-07 1.28081349e+03 2.49666702e+03
4.88093538e-07 1.16220810e+03 2.51751248e+03
4.88524591e-07 1.17885213e+03 2.48815215e+03
4.88955645e-07 1.14429155e+03 2.49414744e+03
4.89386699e-07 1.18579875e+03 2.51253505e+03
4.89817753e-07 1.18402473e+03 2.52452605e+03
4.90248806e-07 1.23194716e+03 2.51243839e+03
4.90679860e-07 1.23158937e+03 2.52456539e+03
4.91110914e-07 1.37456375e+03 2.57855427e+03
4.91541968e-07 1.25560643e+03 2.44473032e+03
4.91973022e-07 1.10068664e+03 2.45424535e+03
4.92404075e-07 1.16562504e+03 2.51068964e+03
4.92835129e-07 1.08802766e+03 2.45002406e+03
4.93266183e-07 1.32980811e+03 2.54757371e+03
4.93697237e-07 1.13326939e+03 2.49119188e+03
4.94128290e-07 1.16731183e+03 2.53701692e+03
4.94559344e-07 1.23937070e+03 2.57040877e+03
4.94990398e-07 1.11898746e+03 2.49659657e+03
4.95421452e-07 1.19966484e+03 2.56915245e+03
4.95852505e-07 1.15925513e+03 2.55313221e+03
4.96283559e-07 1.11671557e+03 2.55561884e+03
4.96714613e-07 1.28809704e+03 2.70458070e+03
4.97145667e-07 1.39300077e+03 2.74218620e+03
4.97576720e-07 1.26673312e+03 2.70551882e+03
4.98007774e-07 1.23542275e+03 2.66211810e+03
4.98438828e-07 1.29806492e+03 2.65280349e+03
4.98869882e-07 1.05365369e+03 2.57582915e+03
4.99300935e-07 1.26766087e+03 2.73434443e+03
4.99731989e-07 1.29568982e+03 2.78194718e+03
5.00163043e-07 1.18834329e+03 2.68520373e+03
5.00594097e-07 1.19809086e+03 2.69458371e+03
5.01025151e-07 1.38870279e+03 2.77881746e+03
5.01456204e-07 1.45843437e+03 2.81801791e+03
5.01887258e-07 1.41387611e+03 2.75723718e+03
5.02318312e-07 1.06712329e+03 2.63079964e+03
5.02749366e-07 1.34319926e+03 2.75962614e+03
5.03180419e-07 1.49421500e+03 2.85237537e+03
5.03611473e-07 1.49284553e+03 2.82217749e+03
5.04042527e-07 1.34835806e+03 2.75579700e+03
5.04473581e-07 1.24336407e+03 2.63083736e+03
5.04904634e-07 1.38264389e+03 2.66768025e+03
5.05335688e-07 1.22035150e+03 2.67642829e+03
5.05766742e-07 1.14971565e+03 2.67985314e+03
5.06197796e-07 1.14590334e+03 2.62511368e+03
5.06628849e-07 1.20941831e+03 2.67873244e+03
5.07059903e-07 1.17358670e+03 2.69048437e+03
5.07490957e-07 9.99816652e+02 2.55553796e+03
5.07922011e-07 1.25900407e+03 2.67922657e+03
5.08353065e-07 1.48207078e+03 2.83967015e+03
5.08784118e-07 1.56452380e+03 2.85881426e+03
5.09215172e-07 1.39317866e+03 2.80412459e+03
5.09646226e-07 1.22472192e+03 2.70448289e+03
5.10077280e-07 1.33866751e+03 2.81294779e+03
5.10508333e-07 1.31469735e+03 2.77930722e+03
5.10939387e-07 1.41679577e+03 2.77686807e+03
5.11370441e-07 1.56781023e+03 2.88845262e+03
5.11801495e-07 1.29760937e+03 2.75007166e+03
5.12232548e-07 1.18686514e+03 2.73357560e+03
5.12663602e-07 1.32980817e+03 2.79835073e+03
5.13094656e-07 1.39175612e+03 2.91215415e+03
5.13525710e-07 1.64103095e+03 3.10658474e+03
5.13956763e-07 1.83026524e+03 3.27518531e+03
5.14387817e-07 1.51192981e+03 3.17425992e+03
5.14818871e-07 1.53427385e+03 3.12634072e+03
5.15249925e-07 1.46706646e+03 3.06744400e+03
5.15680978e-07 1.24541241e+03 2.99245341e+03
5.16112032e-07 1.38726919e+03 3.01456711e+03
5.16543086e-07 1.56920847e+03 3.02319343e+03
5.16974140e-07 1.58239179e+03 2.94624807e+03
5.17405194e-07 1.39527982e+03 2.88718746e+03
5.17836247e-07 1.30018867e+03 2.85127506e+03
5.18267301e-07 1.39936804e+03 2.90558547e+03
5.18698355e-07 1.35996662e+03 2.92317333e+03
5.19129409e-07 1.28168607e+03 3.05622863e+03
5.19560462e-07 1.30525539e+03 3.29135337e+03
5.19991516e-07 1.56743499e+03 3.42285375e+03
5.20422570e-07 1.53870322e+03 3.24234604e+03
5.20853624e-07 1.41621611e+03 3.10193410e+03
5.21284677e-07 1.54686150e+03 3.12146371e+03
5.21715731e-07 1.42626449e+03 3.16245077e+03
5.22146785e-07 1.59478184e+03 3.33310344e+03
5.22577839e-07 1.43822801e+03 3.16484757e+03
5.23008892e-07 1.60564665e+03 3.23913770e+03
5.23439946e-07 1.69419371e+03 3.29292872e+03
5.23871000e-07 1.76008267e+03 3.30474978e+03
5.24302054e-07 1.73952131e+03 3.24283529e+03
5.24733108e-07 1.67883491e+03 3.16975279e+03
5.25164161e-07 1.64154454e+03 3.22696308e+03
5.25595215e-07 1.54992625e+03 3.21318386e+03
5.26026269e-07 1.68910295e+03 3.20618206e+03
5.26457323e-07 1.68438181e+03 3.11162426e+03
5.26888376e-07 1.95198242e+03 3.27358140e+03
5.27319430e-07 1.76000303e+03 3.26141484e+03
5.27750484e-07 1.64926769e+03 3.24953532e+03
5.28181538e-07 1.70045167e+03 3.21195279e+03
5.28612591e-07 1.80418901e+03 3.30271538e+03
5.29043645e-07 1.83467093e+03 3.37540253e+03
5.29474699e-07 1.73691528e+03 3.35911087e+03
5.29905753e-07 2.07023623e+03 3.50305503e+03
5.30336806e-07 1.77243505e+03 3.37556420e+03
5.30767860e-07 1.80224117e+03 3.49267402e+03
5.31198914e-07 2.07495315e+03 3.65560190e+03
5.31629968e-07 1.81680439e+03 3.51036737e+03
5.32061022e-07 1.83453457e+03 3.50462593e+03
5.32492075e-07 1.97442733e+03 3.58467900e+03
5.32923129e-07 2.09663365e+03 3.67113998e+03
5.33354183e-07 1.55729420e+03 3.42498276e+03
5.33785237e-07 1.46795179e+03 3.32036649e+03
5.34216290e-07 1.71218103e+03 3.41161917e+03
5.34647344e-07 2.06901001e+03 3.62379642e+03
5.35078398e-07 1.68727517e+03 3.42964903e+03
5.35509452e-07 1.58074292e+03 3.33274583e+03
5.35940505e-07 1.60458427e+03 3.32828968e+03
5.36371559e-07 1.91070552e+03 3.47932758e+03
5.36802613e-07 1.95295782e+03 3.47650494e+03
5.37233667e-07 1.73728437e+03 3.43614127e+03
5.37664720e-07 1.82529491e+03 3.52094400e+03
5.38095774e-07 2.09879029e+03 3.61655868e+03
5.38526828e-07 1.94393641e+03 3.55740130e+03
5.38957882e-07 1.82815258e+03 3.45673970e+03
5.39388935e-07 1.82024959e+03 3.40523741e+03
5.39819989e-07 1.84557768e+03 3.41086568e+03
5.40251043e-07 1.85011266e+03 3.44379115e+03
5.40682097e-07 1.73471935e+03 3.32165328e+03
5.41113151e-07 1.74270768e+03 3.32148249e+03
5.41544204e-07 2.05476334e+03 3.52539485e+03
5.41975258e-07 1.89778066e+03 3.47728419e+03
5.42406312e-07 1.75554502e+03 3.42713441e+03
5.42837366e-07 2.01350200e+03 3.56274118e+03
5.43268419e-07 2.32048243e+03 3.76073865e+03
5.43699473e-07 1.79477381e+03 3.54460272e+03
5.44130527e-07 1.69194089e+03 3.47380994e+03
5.44561581e-07 2.05545881e+03 3.63990773e+03
5.44992634e-07 2.16762973e+03 3.68532213e+03
5.45423688e-07 2.34078455e+03 3.81036228e+03
5.45854742e-07 2.41222875e+03 3.94882574e+03
5.46285796e-07 2.16529895e+03 3.78275648e+03
5.46716849e-07 2.18688082e+03 3.72212501e+03
5.47147903e-07 2.38945133e+03 3.86037166e+03
5.47578957e-07 2.11983376e+03 3.67004444e+03
5.48010011e-07 1.84550705e+03 3.59307385e+03
5.48441065e-07 1.80012815e+03 3.64735228e+03
5.48872118e-07 1.86944487e+03 3.67079473e+03
5.49303172e-07 2.10432130e+03 3.80905840e+03
5.49734226e-07 2.04318521e+03 3.79341210e+03
5.50165280e-07 2.26680287e+03 3.92273829e+03
5.50596333e-07 2.58066892e+03 4.02810452e+03
5.51027387e-07 2.04383129e+03 3.81588975e+03
5.51458441e-07 1.90707657e+03 3.80257313e+03
5.51889495e-07 1.84168819e+03 3.87804129e+03
5.52320548e-07 2.22464680e+03 4.02748973e+03
5.52751602e-07 2.04550456e+03 3.84725766e+03
5.53182656e-07 2.12960752e+03 3.87536144e+03
5.53613710e-07 1.93409031e+03 3.88433030e+03
5.54044763e-07 2.14424905e+03 4.04728354e+03
5.54475817e-07 2.48211892e+03 4.24433939e+03
5.54906871e-07 2.29850545e+03 4.10643308e+03
5.55337925e-07 2.26949210e+03 4.02094123e+03
5.55768978e-07 2.16980460e+03 4.05806332e+03
5.56200032e-07 2.13308041e+03 4.01722203e+03
5.56631086e-07 2.48869996e+03 6.08297129e+03
5.57062140e-07 5.48510322e+03 3.20642572e+04
5.57493194e-07 2.65343851e+03 7.39565142e+04
5.57924247e-07 1.71401153e+03 6.77852429e+04
5.58355301e-07 4.42227352e+03 2.98240105e+04
5.58786355e-07 2.65747726e+03 8.88576846e+03
5.59217409e-07 2.42734149e+03 4.57675476e+03
5.59648462e-07 2.45886301e+03 4.28187949e+03
5.60079516e-07 1.73831715e+03 4.06190355e+03
5.60510570e-07 2.17472344e+03 4.24403636e+03
5.60941624e-07 2.36269606e+03 4.26477089e+03
5.61372677e-07 2.09517966e+03 3.99854123e+03
5.61803731e-07 2.02036433e+03 4.04859581e+03
5.62234785e-07 2.40757733e+03 4.24906919e+03
5.62665839e-07 2.50356556e+03 4.30035428e+03
5.63096892e-07 2.30775283e+03 4.12216316e+03
5.63527946e-07 2.35074153e+03 4.12603348e+03
5.63959000e-07 2.68830532e+03 4.25392904e+03
5.64390054e-07 2.61493153e+03 4.26310343e+03
5.64821108e-07 2.30530072e+03 4.16461846e+03
5.65252161e-07 2.44428226e+03 4.13027104e+03
5.65683215e-07 2.42987994e+03 4.13060575e+03
5.66114269e-07 2.52205656e+03 4.20070037e+03
5.66545323e-07 2.45468549e+03 4.17799627e+03
5.66976376e-07 2.39307907e+03 4.18079127e+03
5.67407430e-07 2.18601483e+03 4.17530452e+03
5.67838484e-07 2.35627796e+03 4.28347588e+03
5.68269538e-07 2.39829976e+03 4.25022045e+03
5.68700591e-07 2.47507266e+03 4.35249803e+03
5.69131645e-07 2.40393952e+03 4.33144603e+03
5.69562699e-07 2.37285726e+03 4.33462490e+03
5.69993753e-07 2.26023504e+03 4.30655716e+03
5.70424806e-07 2.49211681e+03 4.39484633e+03
5.70855860e-07 2.33452241e+03 4.31519258e+03
5.71286914e-07 2.27180516e+03 4.24977720e+03
5.71717968e-07 2.32032217e+03 4.34367206e+03
5.72149022e-07 2.29392542e+03 4.44237450e+03
5.72580075e-07 2.39090876e+03 4.37076729e+03
5.73011129e-07 2.51683671e+03 4.39767526e+03
5.73442183e-07 2.48380985e+03 4.31344814e+03
5.73873237e-07 1.99140491e+03 4.11395038e+03
5.74304290e-07 2.34351756e+03 4.23312122e+03
5.74735344e-07 2.57686818e+03 4.32678841e+03
5.75166398e-07 2.10527625e+03 4.16111648e+03
5.75597452e-07 2.12640959e+03 4.19227910e+03
5.76028505e-07 2.31517808e+03 4.27891470e+03
5.76459559e-07 2.20590591e+03 4.26767648e+03
5.76890613e-07 2.27784280e+03 4.36555664e+03
5.77321667e-07 2.61486269e+03 4.49412696e+03
5.77752720e-07 2.59526645e+03 4.46925795e+03
5.78183774e-07 2.89766733e+03 4.67407169e+03
5.78614828e-07 2.76763284e+03 4.56149120e+03
5.79045882e-07 2.25409517e+03 4.27396775e+03
5.79476935e-07 2.39550455e+03 4.38038963e+03
5.79907989e-07 2.45002877e+03 4.41965358e+03
5.80339043e-07 2.52621109e+03 4.48272419e+03
5.80770097e-07 2.56528220e+03 4.50749365e+03
5.81201151e-07 2.59883881e+03 4.40627832e+03
5.81632204e-07 2.50669285e+03 4.39464647e+03
5.82063258e-07 2.48661332e+03 4.36558524e+03
5.82494312e-07 2.36289498e+03 4.39713038e+03
5.82925366e-07 2.78068834e+03 4.61163699e+03
5.83356419e-07 2.81337169e+03 4.63245778e+03
5.83787473e-07 2.58535770e+03 4.49597597e+03
5.84218527e-07 2.52323841e+03 4.50476736e+03
5.84649581e-07 2.88813133e+03 4.70167716e+03
5.85080634e-07 3.10954735e+03 4.74564712e+03
5.85511688e-07 2.56243909e+03 4.46534316e+03
5.85942742e-07 2.43300985e+03 4.55773686e+03
5.86373796e-07 2.49734966e+03 5.00398562e+03
5.86804849e-07 2.51687448e+03 5.16405864e+03
5.87235903e-07 2.12764590e+03 4.78069752e+03
5.87666957e-07 2.10987148e+03 4.60958610e+03
5.88098011e-07 2.42816664e+03 5.71614912e+03
5.88529065e-07 2.15618988e+03 9.26044259e+03
5.88960118e-07 2.42226881e+03 1.30005097e+04
5.89391172e-07 2.48246005e+03 1.22892515e+04
5.89822226e-07 2.62195846e+03 8.82310196e+03
5.90253280e-07 3.06773654e+03 6.27915503e+03
5.90684333e-07 2.82462261e+03 5.20438079e+03
5.91115387e-07 2.38445955e+03 5.06882610e+03
5.91546441e-07 2.39940206e+03 5.13896081e+03
5.91977495e-07 2.52098545e+03 5.10473157e+03
5.92408548e-07 2.84202315e+03 5.22213521e+03
5.92839602e-07 2.58468798e+03 5.21312847e+03
5.93270656e-07 2.47903022e+03 5.22275515e+03
5.93701710e-07 2.88812558e+03 5.12105948e+03
5.94132763e-07 2.78193299e+03 4.90484056e+03
5.94563817e-07 2.73880768e+03 5.11202326e+03
5.94994871e-07 2.77403177e+03 5.30631989e+03
5.95425925e-07 2.93555022e+03 5.34201014e+03
5.95856978e-07 3.06266289e+03 5.24619693e+03
5.96288032e-07 2.74685420e+03 5.04795847e+03
5.96719086e-07 2.62012975e+03 4.99751298e+03
5.97150140e-07 2.63245472e+03 5.15627414e+03
5.97581194e-07 2.67119932e+03 5.11378919e+03
5.98012247e-07 2.59090061e+03 4.98015944e+03
5.98443301e-07 2.45599369e+03 4.72062935e+03
5.98874355e-07 2.62110306e+03 4.79194513e+03
5.99305409e-07 2.59260615e+03 4.83585936e+03
5.99736462e-07 2.70085290e+03 4.89086615e+03
6.00167516e-07 2.76601255e+03 4.96091861e+03
6.00598570e-07 2.76725165e+03 4.78978721e+03
6.01029624e-07 2.87456519e+03 4.77694920e+03
6.01460677e-07 2.86724504e+03 4.71663256e+03
6.01891731e-07 2.83346136e+03 4.69522122e+03
6.02322785e-07 2.74400352e+03 4.61335635e+03
6.02753839e-07 2.78347219e+03 4.69950327e+03
6.03184892e-07 2.87120767e+03 4.73118744e+03
6.03615946e-07 2.83375706e+03 4.68470013e+03
6.04047000e-07 2.46430689e+03 4.49316270e+03
6.04478054e-07 2.72232258e+03 4.61108220e+03
6.04909108e-07 2.85271401e+03 4.61273741e+03
6.05340161e-07 2.63903802e+03 4.56528388e+03
6.05771215e-07 2.78046501e+03 4.60724001e+03
6.06202269e-07 2.72085927e+03 4.57203773e+03
6.06633323e-07 2.78854681e+03 4.58544896e+03
6.07064376e-07 2.82019058e+03 4.58480938e+03
6.07495430e-07 2.69012652e+03 4.46585995e+03
6.07926484e-07 2.54322156e+03 4.42616236e+03
6.08357538e-07 2.93128233e+03 4.66098038e+03
6.08788591e-07 2.70341290e+03 4.50431123e+03
6.09219645e-07 2.34241836e+03 4.30876524e+03
6.09650699e-07 2.41056040e+03 4.33463790e+03
6.10081753e-07 2.68047444e+03 4.46121059e+03
6.10512806e-07 2.97104721e+03 4.64981345e+03
6.10943860e-07 2.91046259e+03 4.55717625e+03
6.11374914e-07 2.78239389e+03 4.48979781e+03
6.11805968e-07 2.67502231e+03 4.43795380e+03
6.12237022e-07 2.82389393e+03 4.39170027e+03
6.12668075e-07 2.64340744e+03 4.39652030e+03
6.13099129e-07 3.08810002e+03 4.59301542e+03
6.13530183e-07 3.04435549e+03 4.68742678e+03
6.13961237e-07 3.00155095e+03 4.77340629e+03
6.14392290e-07 2.50247652e+03 4.48709903e+03
6.14823344e-07 2.92461497e+03 4.61401973e+03
6.15254398e-07 2.72121552e+03 4.52548956e+03
6.15685452e-07 2.93973939e+03 4.53910943e+03
6.16116505e-07 2.99560340e+03 4.51043223e+03
6.16547559e-07 2.93805674e+03 4.61721992e+03
6.16978613e-07 2.81690176e+03 4.73152579e+03
6.17409667e-07 3.06713059e+03 4.72331072e+03
6.17840720e-07 3.02686250e+03 4.54187128e+03
6.18271774e-07 2.70480282e+03 4.43653420e+03
6.18702828e-07 2.93968028e+03 4.49858981e+03
6.19133882e-07 3.08841449e+03 4.54197723e+03
6.19564935e-07 2.67607679e+03 4.42046392e+03
6.19995989e-07 2.75982893e+03 4.63051054e+03
6.20427043e-07 2.78949231e+03 4.59096898e+03
6.20858097e-07 2.74668788e+03 4.47207761e+03
6.21289151e-07 2.69529110e+03 4.44810739e+03
6.21720204e-07 2.74693773e+03 4.54839494e+03
6.22151258e-07 2.90638140e+03 4.68430191e+03
6.22582312e-07 3.31838563e+03 4.86696225e+03
6.23013366e-07 3.06111308e+03 5.32392833e+03
6.23444419e-07 3.05890579e+03 5.98750370e+03
6.23875473e-07 3.37715591e+03 5.96806038e+03
6.24306527e-07 3.62707041e+03 5.41935790e+03
6.24737581e-07 3.25848602e+03 4.98598638e+03
6.25168634e-07 3.00881819e+03 5.12138094e+03
6.25599688e-07 3.45034476e+03 5.71351201e+03
6.26030742e-07 3.50076550e+03 5.80777175e+03
6.26461796e-07 3.42963107e+03 5.35089536e+03
6.26892849e-07 3.16244195e+03 4.88633376e+03
6.27323903e-07 3.23097693e+03 4.91490592e+03
6.27754957e-07 2.83143956e+03 4.62305914e+03
6.28186011e-07 2.83389728e+03 4.99265569e+03
6.28617065e-07 3.34374892e+03 5.54475739e+03
6.29048118e-07 2.25995051e+03 5.89603982e+03
6.29479172e-07 1.85316275e+03 1.04415807e+04
6.29910226e-07 3.65207009e+03 1.61254687e+04
6.30341280e-07 3.71701034e+03 1.30421376e+04
6.30772333e-07 3.42236819e+03 7.60258418e+03
6.31203387e-07 3.36269857e+03 5.26741584e+03
6.31634441e-07 3.69465278e+03 5.07063604e+03
6.32065495e-07 2.96000662e+03 4.97404200e+03
6.32496548e-07 2.95740992e+03 5.22695150e+03
6.32927602e-07 3.03323597e+03 5.51183631e+03
6.33358656e-07 3.01599087e+03 5.05451025e+03
6.33789710e-07 2.98964660e+03 4.70870449e+03
6.34220763e-07 3.57560917e+03 4.95822905e+03
6.34651817e-07 3.06985891e+03 4.89541423e+03
6.35082871e-07 3.29543432e+03 5.13598842e+03
6.35513925e-07 2.98649838e+03 5.86653550e+03
6.35944978e-07 2.86109993e+03 7.56552619e+03
6.36376032e-07 3.36350185e+03 8.33623255e+03
6.36807086e-07 3.39543540e+03 6.54594553e+03
6.37238140e-07 3.34688600e+03 5.06264371e+03
6.37669194e-07 3.36284179e+03 4.82788674e+03
6.38100247e-07 2.92398579e+03 4.80917246e+03
6.38531301e-07 3.19361960e+03 4.98543691e+03
6.38962355e-07 3.32187252e+03 4.84432207e+03
6.39393409e-07 3.48353222e+03 4.72569174e+03
6.39824462e-07 3.57387914e+03 4.64661003e+03
6.40255516e-07 3.10212949e+03 4.48708282e+03
6.40686570e-07 3.17971162e+03 4.51518816e+03
6.41117624e-07 3.31161228e+03 4.67318128e+03
6.41548677e-07 3.36454210e+03 4.80785022e+03
6.41979731e-07 3.47116359e+03 4.79445418e+03
6.42410785e-07 3.50025895e+03 4.65401485e+03
6.42841839e-07 2.94778898e+03 4.40914052e+03
6.43272892e-07 3.68261429e+03 4.70533055e+03
6.43703946e-07 3.39294866e+03 4.55369123e+03
6.44135000e-07 3.41347678e+03 4.54758452e+03
6.44566054e-07 3.17126774e+03 4.53815351e+03
6.44997108e-07 3.92113757e+03 4.92679442e+03
6.45428161e-07 3.91442510e+03 5.04706513e+03
6.45859215e-07 3.58479561e+03 5.12045718e+03
6.46290269e-07 3.24174514e+03 5.26627914e+03
6.46721323e-07 3.48644034e+03 5.62963997e+03
6.47152376e-07 3.49737918e+03 5.34266028e+03
6.47583430e-07 3.94390657e+03 5.14264882e+03
6.48014484e-07 4.24842887e+03 4.99840733e+03
6.48445538e-07 4.17782687e+03 4.86844559e+03
6.48876591e-07 3.16359113e+03 4.51907179e+03
6.49307645e-07 3.35763192e+03 5.17443449e+03
6.49738699e-07 3.83669506e+03 5.80776669e+03
6.50169753e-07 3.85435506e+03 5.77646746e+03
6.50600806e-07 3.68916462e+03 5.20487324e+03
6.51031860e-07 4.09511973e+03 4.99906523e+03
6.51462914e-07 3.82998814e+03 4.83519911e+03
6.51893968e-07 3.58390005e+03 4.89451262e+03
6.52325022e-07 3.58955044e+03 5.04317999e+03
6.52756075e-07 3.95876966e+03 5.39170873e+03
6.53187129e-07 3.98058566e+03 5.74319546e+03
6.53618183e-07 3.64385961e+03 5.45393888e+03
6.54049237e-07 3.72888098e+03 5.23037740e+03
6.54480290e-07 3.65165038e+03 5.22400140e+03
6.54911344e-07 3.60768341e+03 5.53106878e+03
6.55342398e-07 3.39459402e+03 5.55375750e+03
6.55773452e-07 3.17039628e+03 5.21108018e+03
6.56204505e-07 3.75550125e+03 5.20681234e+03
6.56635559e-07 4.06721399e+03 5.32892078e+03
6.57066613e-07 3.92116151e+03 5.41996592e+03
6.57497667e-07 3.43160022e+03 5.49572808e+03
6.57928720e-07 3.50597210e+03 5.31118800e+03
6.58359774e-07 3.72063960e+03 4.94759285e+03
6.58790828e-07 4.03235760e+03 4.92894351e+03
6.59221882e-07 3.88295020e+03 4.93466190e+03
6.59652935e-07 3.66100209e+03 5.00607750e+03
6.60083989e-07 3.64397036e+03 5.12020422e+03
6.60515043e-07 3.58583480e+03 5.05930053e+03
6.60946097e-07 3.56725806e+03 4.75228520e+03
6.61377151e-07 3.96702866e+03 4.80968148e+03
6.61808204e-07 3.84568175e+03 4.71452473e+03
6.62239258e-07 3.47010748e+03 4.68219591e+03
6.62670312e-07 3.58041264e+03 4.83435559e+03
6.63101366e-07 3.95581761e+03 4.99192158e+03
6.63532419e-07 4.28760190e+03 5.16520411e+03
6.63963473e-07 3.76607012e+03 4.85709592e+03
6.64394527e-07 3.82718724e+03 4.80319784e+03
6.64825581e-07 4.17917281e+03 4.83956809e+03
6.65256634e-07 3.86420866e+03 4.82797774e+03
6.65687688e-07 4.10802060e+03 4.88075335e+03
6.66118742e-07 4.17749876e+03 4.93322881e+03
6.66549796e-07 3.86639035e+03 4.85416468e+03
6.66980849e-07 3.63954139e+03 4.73111314e+03
6.67411903e-07 3.68717886e+03 4.67653805e+03
6.67842957e-07 3.66534154e+03 4.63721121e+03
6.68274011e-07 3.88528073e+03 4.73703251e+03
6.68705065e-07 4.31177615e+03 4.90396785e+03
6.69136118e-07 4.22331316e+03 4.93320996e+03
6.69567172e-07 3.74571471e+03 4.81922961e+03
6.69998226e-07 4.12808590e+03 5.01880136e+03
6.70429280e-07 4.09807421e+03 4.99431870e+03
6.70860333e-07 4.20357897e+03 4.96000174e+03
6.71291387e-07 3.97003309e+03 4.85712433e+03
6.71722441e-07 3.88137698e+03 4.81004350e+03
6.72153495e-07 4.02718604e+03 4.82645976e+03
6.72584548e-07 3.88256894e+03 4.70972576e+03
6.73015602e-07 4.14914853e+03 4.87897288e+03
6.73446656e-07 4.14685324e+03 4.92140874e+03
6.73877710e-07 3.92562299e+03 4.84532699e+03
6.74308763e-07 3.95723428e+03 4.89299368e+03
6.74739817e-07 3.94142899e+03 4.85800286e+03
6.75170871e-07 4.13441657e+03 4.82379631e+03
6.75601925e-07 4.10113343e+03 4.85134343e+03
6.76032978e-07 4.26274721e+03 4.84009973e+03
6.76464032e-07 4.31422232e+03 4.85317502e+03
6.76895086e-07 4.18983737e+03 4.75137321e+03
6.77326140e-07 3.96461067e+03 4.69861158e+03
6.77757194e-07 3.88262058e+03 4.70953121e+03
6.78188247e-07 3.81430294e+03 4.66418986e+03
6.78619301e-07 3.70025940e+03 4.62428952e+03
6.79050355e-07 4.03773352e+03 4.75830793e+03
6.79481409e-07 4.03050225e+03 4.72942882e+03
6.79912462e-07 4.00264798e+03 4.72658483e+03
6.80343516e-07 3.88542641e+03 4.70445961e+03
6.80774570e-07 3.66402749e+03 4.58186789e+03
6.81205624e-07 3.91175523e+03 4.67766827e+03
6.81636677e-07 3.83714378e+03 4.58667377e+03
6.82067731e-07 3.57828538e+03 5.14334285e+03
6.82498785e-07 3.82920335e+03 6.62626364e+03
6.82929839e-07 3.76581950e+03 7.81235926e+03
6.83360892e-07 4.31593051e+03 7.67477097e+03
6.83791946e-07 4.41790025e+03 6.36716854e+03
6.84223000e-07 4.36949849e+03 5.50356669e+03
6.84654054e-07 4.23226081e+03 5.09274565e+03
6.85085108e-07 4.27101815e+03 5.02504993e+03
6.85516161e-07 4.76820246e+03 5.78106159e+03
6.85947215e-07 4.16718360e+03 7.04501082e+03
6.86378269e-07 3.73901817e+03 7.59370214e+03
6.86809323e-07 3.79795189e+03 6.03572111e+03
6.87240376e-07 2.86426048e+03 4.44919868e+03
6.87671430e-07 3.20964811e+03 4.54276876e+03
6.88102484e-07 3.82474144e+03 5.09461153e+03
6.88533538e-07 3.84114667e+03 5.25113190e+03
6.88964591e-07 3.48807032e+03 5.07356092e+03
6.89395645e-07 3.52752147e+03 4.99301381e+03
6.89826699e-07 3.57589523e+03 4.91501248e+03
6.90257753e-07 3.85258621e+03 4.97093361e+03
6.90688806e-07 3.92997401e+03 5.21907140e+03
6.91119860e-07 3.97571388e+03 5.59175248e+03
6.91550914e-07 3.97965117e+03 5.72876277e+03
6.91981968e-07 3.79500425e+03 6.08284575e+03
6.92413022e-07 4.37804755e+03 6.40614815e+03
6.92844075e-07 3.92052588e+03 5.26602756e+03
6.93275129e-07 3.94784824e+03 5.02801526e+03
6.93706183e-07 4.29978515e+03 5.63166016e+03
6.94137237e-07 3.74260319e+03 5.72772285e+03
6.94568290e-07 3.34127850e+03 6.11396632e+03
6.94999344e-07 3.75294445e+03 6.34409814e+03
6.95430398e-07 3.55681808e+03 5.35243343e+03
6.95861452e-07 4.33466372e+03 5.10421424e+03
6.96292505e-07 3.90520509e+03 5.09755618e+03
6.96723559e-07 3.97638534e+03 5.48408462e+03
6.97154613e-07 4.15476931e+03 5.89077591e+03
6.97585667e-07 3.40763571e+03 5.96211405e+03
6.98016720e-07 4.11221978e+03 5.98647488e+03
6.98447774e-07 3.77570042e+03 5.00517599e+03
6.98878828e-07 3.93443880e+03 4.87348564e+03
6.99309882e-07 3.83639815e+03 4.75674915e+03
6.99740935e-07 3.82540681e+03 4.92527415e+03
7.00171989e-07 3.78804660e+03 5.04653408e+03
7.00603043e-07 3.69401423e+03 5.23517917e+03
7.01034097e-07 4.09293432e+03 5.38454295e+03
7.01465151e-07 4.19540858e+03 5.14657559e+03
7.01896204e-07 3.76187602e+03 4.64153171e+03
7.02327258e-07 3.99299360e+03 4.67150825e+03
7.02758312e-07 3.98805318e+03 4.64913156e+03
7.03189366e-07 4.03939236e+03 4.77628548e+03
7.03620419e-07 3.47838857e+03 4.63547835e+03
7.04051473e-07 3.94891150e+03 5.09385411e+03
7.04482527e-07 3.91245531e+03 5.61891329e+03
7.04913581e-07 3.88864175e+03 5.68240483e+03
7.05344634e-07 3.84384477e+03 5.22936933e+03
7.05775688e-07 4.71280448e+03 5.32140906e+03
7.06206742e-07 4.29365741e+03 5.19905637e+03
7.06637796e-07 4.42276865e+03 5.39264732e+03
7.07068849e-07 4.83674910e+03 5.45611726e+03
7.07499903e-07 4.07799176e+03 5.20695268e+03
7.07930957e-07 4.08057624e+03 5.23039140e+03
7.08362011e-07 3.57124372e+03 5.09097378e+03
7.08793065e-07 4.03068649e+03 5.29208751e+03
7.09224118e-07 4.48108046e+03 5.17143697e+03
7.09655172e-07 4.07676881e+03 4.88808863e+03
7.10086226e-07 3.57858731e+03 4.57536273e+03
7.10517280e-07 3.70299647e+03 4.61229739e+03
7.10948333e-07 4.23879256e+03 4.80894014e+03
7.11379387e-07 4.04510005e+03 4.76759833e+03
7.11810441e-07 4.01750470e+03 4.78824191e+03
7.12241495e-07 4.31262149e+03 4.93578467e+03
7.12672548e-07 3.95247613e+03 4.91997152e+03
7.13103602e-07 4.57047894e+03 5.15267278e+03
7.13534656e-07 4.05491028e+03 4.97587885e+03
7.13965710e-07 3.97398433e+03 5.15902485e+03
7.14396763e-07 4.37784372e+03 5.62359366e+03
7.14827817e-07 4.58957305e+03 5.41887558e+03
7.15258871e-07 3.46479711e+03 4.66750003e+03
7.15689925e-07 3.58579867e+03 4.72289758e+03
7.16120978e-07 4.05567034e+03 4.92341387e+03
7.16552032e-07 3.50242111e+03 4.61675097e+03
7.16983086e-07 3.35742079e+03 4.47287890e+03
7.17414140e-07 3.62904167e+03 4.52972077e+03
7.17845194e-07 2.90613287e+03 4.26207321e+03
7.18276247e-07 3.35871930e+03 4.23743989e+03
7.18707301e-07 3.49736862e+03 4.11385631e+03
7.19138355e-07 3.43403476e+03 4.04339040e+03
7.19569409e-07 3.03233129e+03 3.82911271e+03
7.20000462e-07 3.28457426e+03 4.05372746e+03
7.20431516e-07 3.79608123e+03 4.30210376e+03
7.20862570e-07 3.75527273e+03 4.35483688e+03
7.21293624e-07 3.95259045e+03 4.45304309e+03
7.21724677e-07 3.04552440e+03 4.14479290e+03
7.22155731e-07 3.19753699e+03 4.41385236e+03
7.22586785e-07 3.24926893e+03 4.42524058e+03
7.23017839e-07 2.83767276e+03 4.66885589e+03
7.23448892e-07 3.34350508e+03 6.74775259e+03
7.23879946e-07 3.86295530e+03 1.04118983e+04
7.24311000e-07 3.54635247e+03 1.09473264e+04
7.24742054e-07 3.66493671e+03 8.55685267e+03
7.25173108e-07 3.28883052e+03 6.08332985e+03
7.25604161e-07 3.52348089e+03 5.31727369e+03
7.26035215e-07 3.04942891e+03 4.72717333e+03
7.26466269e-07 3.06585689e+03 4.83024295e+03
7.26897323e-07 2.26548555e+03 5.92389429e+03
7.27328376e-07 4.08475415e+03 9.48567259e+03
7.27759430e-07 3.71418086e+03 1.01950237e+04
7.28190484e-07 4.34248033e+03 8.88003173e+03
7.28621538e-07 4.01506831e+03 7.16266255e+03
7.29052591e-07 3.83228309e+03 5.76145182e+03
7.29483645e-07 2.78353745e+03 5.25407026e+03
7.29914699e-07 3.22349644e+03 5.70465874e+03
7.30345753e-07 3.39229825e+03 5.91789219e+03
7.30776806e-07 3.14874850e+03 6.08853712e+03
7.31207860e-07 3.95762461e+03 8.31818689e+03
7.31638914e-07 4.20153168e+03 9.54506086e+03
7.32069968e-07 3.60409657e+03 7.08303951e+03
7.32501022e-07 4.44452214e+03 6.78336407e+03
7.32932075e-07 4.40842795e+03 7.47930538e+03
7.33363129e-07 3.25431863e+03 7.26554505e+03
7.33794183e-07 3.29384868e+03 1.00395033e+04
7.34225237e-07 4.27958415e+03 1.05037718e+04
7.34656290e-07 4.66345272e+03 7.36348172e+03
7.35087344e-07 3.65327498e+03 5.91020715e+03
7.35518398e-07 3.71642446e+03 6.85808017e+03
7.35949452e-07 2.82306290e+03 7.04894908e+03
7.36380505e-07 3.35445952e+03 7.93730232e+03
7.36811559e-07 4.17962882e+03 9.58138153e+03
7.37242613e-07 3.91962740e+03 7.95248399e+03
7.37673667e-07 3.74392853e+03 5.63328687e+03
7.38104720e-07 4.02180575e+03 5.43337214e+03
7.38535774e-07 4.23439236e+03 5.84562334e+03
7.38966828e-07 3.53021749e+03 6.56643048e+03
7.39397882e-07 3.18745761e+03 6.93143368e+03
7.39828935e-07 4.35816024e+03 8.27733052e+03
7.40259989e-07 3.27591302e+03 7.94290006e+03
7.40691043e-07 4.01697381e+03 6.39289314e+03
7.41122097e-07 3.68195374e+03 5.33349826e+03
7.41553151e-07 3.45897224e+03 5.13550625e+03
7.41984204e-07 4.11091370e+03 5.44216097e+03
7.42415258e-07 4.55673875e+03 5.92261926e+03
7.42846312e-07 4.50931978e+03 6.59044742e+03
7.43277366e-07 4.67497706e+03 7.04149068e+03
7.43708419e-07 4.44586033e+03 7.23940995e+03
7.44139473e-07 3.95638966e+03 6.41365824e+03
7.44570527e-07 3.57408242e+03 5.21626381e+03
7.45001581e-07 3.87343391e+03 5.14470565e+03
7.45432634e-07 4.50575673e+03 5.62625125e+03
7.45863688e-07 4.30112340e+03 5.79414182e+03
7.46294742e-07 4.52221810e+03 6.40306189e+03
7.46725796e-07 4.09373399e+03 6.94757389e+03
7.47156849e-07 3.97295740e+03 7.42875659e+03
7.47587903e-07 4.04755681e+03 7.68050066e+03
7.48018957e-07 4.06377395e+03 7.84800029e+03
7.48450011e-07 4.07803422e+03 7.03286269e+03
7.48881065e-07 4.06464809e+03 6.11370956e+03
7.49312118e-07 4.04618570e+03 5.78719316e+03
7.49743172e-07 4.20251021e+03 5.77423395e+03
7.50174226e-07 3.75015128e+03 5.47693889e+03
7.50605280e-07 3.81804368e+03 5.36213394e+03
7.51036333e-07 4.10444847e+03 5.58321720e+03
7.51467387e-07 3.95668612e+03 6.15368437e+03
7.51898441e-07 3.92763966e+03 7.98402176e+03
7.52329495e-07 4.07558597e+03 9.40486488e+03
7.52760548e-07 3.91521080e+03 8.17763672e+03
7.53191602e-07 3.75471897e+03 6.44742909e+03
7.53622656e-07 4.30049643e+03 6.05760157e+03
7.54053710e-07 3.92852986e+03 5.72401005e+03
7.54484763e-07 3.88502944e+03 5.50680361e+03
7.54915817e-07 3.91746189e+03 5.59380775e+03
7.55346871e-07 3.97506948e+03 5.94243297e+03
7.55777925e-07 4.30444152e+03 6.21991622e+03
7.56208978e-07 3.43859592e+03 5.80255808e+03
7.56640032e-07 3.74767421e+03 6.95016670e+03
7.57071086e-07 4.55464084e+03 8.40758867e+03
7.57502140e-07 4.46777413e+03 7.36266911e+03
7.57933194e-07 4.61993403e+03 6.26358559e+03
7.58364247e-07 4.66244980e+03 6.45011945e+03
7.58795301e-07 3.86925508e+03 5.81691892e+03
7.59226355e-07 3.15408615e+03 4.86409085e+03
7.59657409e-07 2.10077581e+03 4.21281360e+03
7.60088462e-07 1.44628059e+03 3.54898452e+03
7.60519516e-07 1.50681039e+03 3.24721285e+03
7.60950570e-07 1.84320514e+03 3.59843070e+03
7.61381624e-07 2.43473282e+03 4.50380328e+03
7.61812677e-07 2.66804620e+03 5.12616760e+03
7.62243731e-07 2.51343818e+03 4.99172429e+03
7.62674785e-07 2.04938135e+03 4.69955450e+03
7.63105839e-07 2.00068793e+03 4.42140123e+03
7.63536892e-07 2.34505119e+03 4.36823994e+03
7.63967946e-07 2.40755198e+03 4.32147030e+03
7.64399000e-07 2.39657773e+03 4.38475568e+03
7.64830054e-07 2.97110979e+03 4.75837862e+03
7.65261108e-07 3.20267811e+03 5.12111833e+03
7.65692161e-07 3.17552156e+03 5.32091221e+03
7.66123215e-07 3.12068439e+03 5.43420745e+03
7.66554269e-07 3.73253281e+03 5.43135627e+03
7.66985323e-07 3.77624309e+03 5.22967852e+03
7.67416376e-07 3.78003624e+03 5.01758580e+03
7.67847430e-07 4.11445657e+03 5.43455591e+03
7.68278484e-07 3.82806417e+03 5.68647389e+03
7.68709538e-07 3.97122469e+03 5.93030859e+03
7.69140591e-07 4.09044339e+03 6.13673295e+03
7.69571645e-07 4.05332166e+03 6.09186221e+03
7.70002699e-07 3.75199996e+03 6.08165057e+03
7.70433753e-07 4.41921626e+03 7.07477053e+03
7.70864806e-07 5.47884962e+03 1.22611409e+04
7.71295860e-07 5.05295709e+03 1.79558916e+04
7.71726914e-07 4.95914986e+03 1.60663931e+04
7.72157968e-07 5.54676413e+03 1.12127181e+04
7.72589022e-07 4.90205466e+03 8.60130979e+03
7.73020075e-07 5.43800544e+03 7.58103904e+03
7.73451129e-07 7.33640665e+03 7.94940153e+03
7.73882183e-07 7.80242029e+03 8.12851039e+03
7.74313237e-07 6.57337165e+03 9.48555081e+03
7.74744290e-07 4.20022628e+03 1.41353337e+04
7.75175344e-07 4.23470941e+03 1.49410171e+04
7.75606398e-07 6.03197645e+03 1.17036599e+04
7.76037452e-07 6.14434538e+03 1.01022551e+04
7.76468505e-07 5.68801436e+03 7.94767588e+03
7.76899559e-07 4.68666634e+03 7.58087078e+03
7.77330613e-07 4.17604460e+03 8.58476427e+03
7.77761667e-07 4.23995585e+03 8.70821129e+03
7.78192720e-07 4.57083744e+03 8.31136503e+03
7.78623774e-07 5.53264162e+03 9.09298044e+03
7.79054828e-07 5.20661302e+03 1.24680101e+04
7.79485882e-07 3.98116595e+03 1.22751211e+04
7.79916935e-07 4.01673224e+03 8.14565084e+03
7.80347989e-07 3.96748586e+03 7.86414271e+03
7.80779043e-07 3.82597953e+03 8.89824358e+03
7.81210097e-07 4.34658696e+03 8.72943529e+03
7.81641151e-07 5.38993394e+03 1.21609993e+04
7.82072204e-07 4.90583385e+03 1.49412455e+04
7.82503258e-07 4.81248386e+03 1.08344278e+04
7.82934312e-07 4.75608033e+03 7.03679451e+03
7.83365366e-07 4.42464627e+03 6.88737609e+03
7.83796419e-07 4.08122345e+03 8.25957691e+03
7.84227473e-07 4.20447512e+03 8.66444040e+03
7.84658527e-07 5.10493830e+03 1.07329141e+04
7.85089581e-07 4.47627120e+03 1.55251311e+04
7.85520634e-07 4.31869452e+03 1.50861170e+04
7.85951688e-07 3.80013330e+03 1.10220074e+04
7.86382742e-07 4.91994268e+03 1.00393058e+04
7.86813796e-07 5.19333049e+03 1.06737525e+04
7.87244849e-07 3.91399298e+03 9.51516002e+03
7.87675903e-07 4.35893260e+03 9.60614125e+03
7.88106957e-07 4.85256584e+03 1.02289686e+04
7.88538011e-07 4.98697087e+03 1.10670838e+04
7.88969065e-07 4.69391322e+03 1.15450670e+04
7.89400118e-07 4.43333190e+03 8.49655160e+03
7.89831172e-07 4.07989815e+03 6.48351025e+03
7.90262226e-07 4.23566412e+03 6.68170358e+03
7.90693280e-07 5.57602729e+03 9.94036936e+03
7.91124333e-07 4.89985197e+03 1.56914095e+04
7.91555387e-07 5.10686084e+03 1.59859426e+04
7.91986441e-07 1.20798549e+04 1.27808155e+04
7.92417495e-07 7.97415224e+03 5.19527984e+03
