1.24030000e-01
3.73296971e-07 1.78008975e-01 2.52865572e+00
3.74332913e-07 5.30764029e+00 3.91444816e+00
3.74747290e-07 2.56455051e-01 3.25304672e+00
3.75368856e-07 8.72807962e-01 3.77046382e+00
3.75679638e-07 8.17369414e-01 3.83131809e+00
3.75990421e-07 4.10110287e+00 2.86488460e+00
3.76197609e-07 1.72557980e-01 3.55833233e+00
3.76819175e-07 6.87548695e+00 2.93399992e+00
3.77026363e-07 6.43699258e-01 3.35961870e+00
3.77129957e-07 4.36568013e+00 3.51351282e+00
3.77233552e-07 2.12805270e+00 3.41274299e+00
3.77440740e-07 5.03190187e-02 3.28393688e+00
3.78269494e-07 4.57732582e+00 2.75938038e+00
3.78787465e-07 1.30870020e+00 3.01103770e+00
3.78891059e-07 2.74089543e+00 3.17404380e+00
3.79098248e-07 1.25956085e-01 2.99396859e+00
3.79201842e-07 2.58196809e+00 2.74738982e+00
3.79305436e-07 9.30935027e-01 2.64113771e+00
3.79512625e-07 7.46422899e-01 3.04287555e+00
3.79719813e-07 1.63199812e+00 3.02408450e+00
3.79823407e-07 1.70705993e+00 2.41904448e+00
3.80030596e-07 2.25073774e+00 2.38573865e+00
3.80237784e-07 2.76989435e-01 2.67589335e+00
3.80755755e-07 3.23087819e-01 2.88637479e+00
3.80962944e-07 7.11706850e-01 2.58447038e+00
3.81273726e-07 1.75306203e-01 2.63233585e+00
3.81688103e-07 9.01468069e-01 2.96765647e+00
3.82102480e-07 4.20526217e+00 2.34637951e+00
3.82206074e-07 1.39858863e-01 2.52359617e+00
3.82724045e-07 3.61810906e+00 2.14881461e+00
3.83759988e-07 3.06968780e+00 2.37080144e+00
3.84174365e-07 5.23473103e-01 2.14436561e+00
3.84692336e-07 2.15821701e+00 2.36239052e+00
3.84795930e-07 6.86916104e-01 2.24878222e+00
3.85003118e-07 5.58898436e-01 2.12486520e+00
3.85624684e-07 3.10856672e-03 2.14976451e+00
3.86349843e-07 1.27861375e-01 2.08666768e+00
3.86453437e-07 4.86042436e-01 2.09853896e+00
3.87075003e-07 4.47944755e-01 2.03258263e+00
3.87489380e-07 5.79664583e-01 1.95830996e+00
3.87696568e-07 3.83944504e+00 1.91220704e+00
3.88318134e-07 2.85963054e-01 1.98646551e+00
3.88421728e-07 5.72742158e-01 1.86636607e+00
3.88628916e-07 2.99647511e+00 1.76751735e+00
3.88732510e-07 2.87943186e+00 1.73286323e+00
3.88939699e-07 1.43892684e+00 1.87661326e+00
3.89250482e-07 3.44575336e+00 1.85008614e+00
3.89354076e-07 5.17920094e-01 1.98916278e+00
3.89768453e-07 1.45525085e+00 1.84183802e+00
3.89872047e-07 1.57543002e+00 1.78984960e+00
3.90907989e-07 1.99938866e+00 3.03833690e+00
3.91011583e-07 4.18208874e+00 2.03332441e+00
3.91115178e-07 7.31851483e-01 2.08826332e+00
3.91322366e-07 7.19020702e-01 2.02912333e+00
3.91529554e-07 9.54691482e-01 1.86329900e+00
3.91633149e-07 3.26269392e+00 1.85405850e+00
3.91736743e-07 2.15191747e+00 1.87263594e+00
3.91840337e-07 9.30238834e-02 2.01076853e+00
3.92047526e-07 3.33317956e+00 1.74166412e+00
3.92358308e-07 1.79565460e+00 1.70037070e+00
3.92565497e-07 1.75885257e+00 1.74272170e+00
3.92669091e-07 2.95417881e-01 1.88325483e+00
3.93601439e-07 3.57092165e+00 1.55418677e+00
3.93912222e-07 1.78791448e+00 1.77531934e+00
3.94223004e-07 9.50540162e-01 1.86793606e+00
3.94533787e-07 6.88586176e+00 1.63857892e+00
3.94740975e-07 2.45307733e+00 1.78092889e+00
3.94844570e-07 1.45321602e+00 1.89784466e+00
3.95051758e-07 4.91037900e-01 1.81177203e+00
3.95155352e-07 2.88400357e+00 1.73770889e+00
3.95466135e-07 7.24456415e-01 1.77289150e+00
3.95569729e-07 2.23252819e+00 1.65135921e+00
3.95673323e-07 1.42147315e+00 1.57688104e+00
3.95776918e-07 3.50580137e-01 1.83526826e+00
3.95880512e-07 1.77845852e-01 1.87498178e+00
3.95984106e-07 3.66109617e+00 1.60692066e+00
3.96087700e-07 9.22016368e-01 1.77601157e+00
3.96398483e-07 2.85200224e+00 1.59146609e+00
3.96502077e-07 2.36833076e+00 1.49903181e+00
3.96709266e-07 5.37952459e-02 1.62818360e+00
3.96812860e-07 4.85847520e-02 1.60430047e+00
3.96916454e-07 1.68330460e+00 1.59658839e+00
3.97330831e-07 4.97530548e-01 1.65149124e+00
3.97434425e-07 2.89796343e+00 1.59886861e+00
3.97538019e-07 1.14216629e+00 1.57874386e+00
3.98159585e-07 1.26810888e+00 1.68067260e+00
3.98263179e-07 8.58091903e-01 1.71308979e+00
3.98366773e-07 1.87525211e+00 1.66442040e+00
3.98470367e-07 1.42594681e+00 1.69373289e+00
3.98677556e-07 1.01123079e-01 1.69043648e+00
3.99195527e-07 1.56443533e-01 1.59139070e+00
3.99299121e-07 1.59818234e+00 1.61133672e+00
3.99402715e-07 1.65124563e+00 1.62598164e+00
3.99920687e-07 1.36615649e+00 1.62124520e+00
4.00127875e-07 7.37401302e-01 1.69312358e+00
4.00335063e-07 2.05381511e+00 1.60172722e+00
4.00749440e-07 2.82321735e+00 1.58915900e+00
4.00853035e-07 2.99950020e-01 1.74487541e+00
4.00956629e-07 2.02189919e-01 1.77063306e+00
4.01163817e-07 1.16194246e+00 1.69486749e+00
4.01267411e-07 1.22430318e+00 1.62115198e+00
4.01578194e-07 1.62303645e+00 1.63626949e+00
4.01785383e-07 2.54624617e+00 1.62043207e+00
4.02096165e-07 3.42546154e+00 1.55107321e+00
4.02199759e-07 1.17935759e+00 1.57004869e+00
4.02303354e-07 5.72037454e-01 1.59051168e+00
4.02614136e-07 2.63946202e+00 1.49714488e+00
4.02717731e-07 1.78551922e+00 1.52535183e+00
4.03442890e-07 1.09239597e+00 1.56309906e+00
4.03546484e-07 2.92504419e+00 1.52762525e+00
4.03960861e-07 1.99538261e+00 1.57648114e+00
4.04064455e-07 8.85088809e-01 1.55763389e+00
4.04168050e-07 2.47730771e-01 1.62972614e+00
4.04686021e-07 1.53596951e-01 1.62915528e+00
4.04996803e-07 5.05614911e-01 1.71284074e+00
4.05100398e-07 5.94742933e-01 1.65363832e+00
4.05203992e-07 4.08631389e+00 1.45383298e+00
4.05307586e-07 2.16590206e+00 1.45383066e+00
4.05411180e-07 1.02788393e+00 1.49226210e+00
4.05929151e-07 6.97759569e-01 1.59429005e+00
4.06239934e-07 1.26357950e+00 1.58462070e+00
4.06343528e-07 2.55593751e+00 1.57315795e+00
4.06447123e-07 3.42843746e+00 1.56229224e+00
4.06757905e-07 2.06359907e+00 1.58117092e+00
4.06861499e-07 3.41034333e-01 1.57163905e+00
4.06965094e-07 1.64107706e-01 1.60363292e+00
4.07379471e-07 2.00880049e+00 1.45861651e+00
4.08001036e-07 1.23451825e+00 1.49328365e+00
4.08104630e-07 1.99710782e+00 1.50342384e+00
4.08311819e-07 4.65068593e-01 1.55762719e+00
4.08415413e-07 2.25680221e+00 1.43627275e+00
4.08622601e-07 1.04947279e+00 1.46504122e+00
4.09244167e-07 2.50960354e-01 1.49791835e+00
4.09451355e-07 2.42359707e-01 1.51021845e+00
4.09554949e-07 9.75693004e-01 1.44234284e+00
4.09658544e-07 1.42775338e+00 1.38135612e+00
4.10072920e-07 1.01599372e+00 1.40316974e+00
4.10383703e-07 5.11804444e-01 1.36026046e+00
4.10901674e-07 1.72919329e+00 1.35812353e+00
4.11005268e-07 2.12188876e+00 1.33074401e+00
4.11212457e-07 2.16643686e-01 1.42468529e+00
4.11316051e-07 2.78173761e+00 1.34211459e+00
4.11419645e-07 1.78395374e-01 1.43864365e+00
4.11730428e-07 1.18633353e+00 1.33605813e+00
4.12766370e-07 6.41852783e-01 1.39451731e+00
4.12869964e-07 2.73838681e-01 1.38391844e+00
4.13284341e-07 6.97939272e-02 1.43284769e+00
4.13802312e-07 1.74700559e-01 1.40989390e+00
4.14009501e-07 1.32112935e+00 1.33372268e+00
4.14113095e-07 1.31758179e-01 1.38072140e+00
4.14320284e-07 3.16945533e-01 1.36076397e+00
4.15149037e-07 2.21346809e-01 1.33775418e+00
4.15252632e-07 1.73799285e+00 1.28038347e+00
4.15356226e-07 1.94513933e-01 1.35182104e+00
4.15563414e-07 9.82543498e-02 1.40596615e+00
4.15977791e-07 5.44864443e-01 1.34935703e+00
4.16806545e-07 4.02004004e-01 1.43282869e+00
4.16910139e-07 6.68212558e-01 1.44354933e+00
4.17013733e-07 1.89503460e-01 1.44538246e+00
4.17428110e-07 2.99219106e-01 1.35160308e+00
4.17531705e-07 3.90002752e-01 1.33005521e+00
4.17635299e-07 1.79407241e+00 1.28218585e+00
4.17738893e-07 1.34907120e+00 1.30009659e+00
4.17842487e-07 2.48432383e-01 1.37604944e+00
4.17946081e-07 2.82581850e-01 1.34719297e+00
4.18049676e-07 6.82389006e-01 1.32393003e+00
4.18153270e-07 4.51713221e-01 1.33032896e+00
4.18256864e-07 1.33743097e+00 1.29497268e+00
4.18360458e-07 2.38674045e-01 1.29892520e+00
4.18464053e-07 9.85758218e-01 1.28345681e+00
4.18567647e-07 9.27334257e-02 1.29630113e+00
4.19603589e-07 2.09448289e+00 1.22053521e+00
4.19707183e-07 1.37431129e-01 1.23905596e+00
4.21571879e-07 3.42928014e-01 1.21956132e+00
4.21675473e-07 6.77937854e-01 1.22456145e+00
4.22400633e-07 2.84574278e+00 1.11592862e+00
4.23436575e-07 1.21471792e-01 1.16361089e+00
4.23540169e-07 8.23972897e-01 1.16967177e+00
4.23643764e-07 3.33509981e-01 1.20100723e+00
4.23850952e-07 1.22885996e+00 1.13849734e+00
4.23954546e-07 1.26948868e+00 1.12960213e+00
4.24058141e-07 8.41038072e-01 1.13645551e+00
4.24161735e-07 9.89833679e-02 1.17071038e+00
4.24265329e-07 1.07908927e-01 1.19876179e+00
4.24576112e-07 3.13300516e-01 1.18886711e+00
4.26440808e-07 2.05212416e+00 1.15354718e+00
4.26647996e-07 7.20364062e-01 1.20416463e+00
4.27165967e-07 1.40147659e+00 1.13572422e+00
4.27683938e-07 2.39212555e-01 1.21498329e+00
4.30170200e-07 8.57013006e-02 1.05090028e+00
4.30480982e-07 2.24894824e-01 1.05770074e+00
4.31102548e-07 6.09409856e-01 1.11402049e+00
4.31413330e-07 1.12572436e+00 1.09360082e+00
4.31931302e-07 1.08732382e+00 1.16814902e+00
4.32034896e-07 6.33516702e-01 1.15937906e+00
4.32345678e-07 1.05531643e+00 1.06966803e+00
4.32967244e-07 3.01128784e-02 1.14162619e+00
4.34417563e-07 9.92460580e-01 1.07418070e+00
4.35246317e-07 2.56068514e-01 1.09347484e+00
4.35660694e-07 1.84365004e+00 1.05011511e+00
4.36282259e-07 5.82293176e-01 1.11650165e+00
4.39908057e-07 7.92961485e-02 1.05732770e+00
4.42705101e-07 3.09613335e-01 1.11367466e+00
4.42808695e-07 4.21581654e-01 1.08012837e+00
4.43326666e-07 1.83202275e-01 1.06931355e+00
4.43637449e-07 6.61280709e-01 1.03212610e+00
4.44776985e-07 5.37088371e-01 1.04824484e+00
4.45191362e-07 3.23833774e-01 1.01759416e+00
4.45709333e-07 3.70713913e-01 9.87322211e-01
4.46020116e-07 2.57230696e-01 9.84304228e-01
4.46538087e-07 9.57694437e-02 1.01576828e+00
4.46641681e-07 4.20663219e-01 1.01937813e+00
4.60834090e-07 2.62416438e-01 9.57177913e-01
4.61144873e-07 8.56737071e-02 9.73720176e-01
4.61766438e-07 1.53805071e-01 9.52466217e-01
4.62388003e-07 6.10167951e-02 9.45342475e-01
4.64459888e-07 5.23912067e-01 9.13541829e-01
4.70571947e-07 2.33013115e-01 9.23896416e-01
4.71815078e-07 4.86549323e-02 9.28322735e-01
4.72851020e-07 3.73337788e-01 8.81419193e-01
4.78548702e-07 8.96220979e-01 8.84247547e-01
4.81760123e-07 2.20258606e-01 9.58028857e-01
4.84557167e-07 1.15998017e-01 9.23629269e-01
4.89011719e-07 3.36806373e-02 9.04333317e-01
4.89840472e-07 2.19136569e-02 9.13107678e-01
4.91705168e-07 9.34040633e-02 8.95149572e-01
5.80899795e-07 1.08401408e+00 7.63403538e-01
5.83282462e-07 2.50621179e+02 1.21898332e+00
5.83386056e-07 6.33812156e+01 1.45454546e+00
5.83489650e-07 3.75023439e+01 1.41242064e+00
5.89601710e-07 7.82461672e+02 2.28311075e+00
5.89705304e-07 5.66026934e+01 1.84601515e+00
5.96438928e-07 1.63277085e+01 1.17944766e+00
5.99132378e-07 6.12439751e+01 1.24123060e+00
5.99235972e-07 2.78000029e+01 1.21569003e+00
5.99339567e-07 4.21854437e+01 1.22965331e+00
6.03068959e-07 3.99660053e+01 1.02030802e+00
6.03172553e-07 1.07351409e+02 1.16095030e+00
6.03276147e-07 1.99679445e+02 1.17719559e+00
6.03379741e-07 1.51491841e+02 1.21254963e+00
6.04933655e-07 1.81453189e+02 1.28785033e+00
6.05037249e-07 8.52513252e+01 1.17963591e+00
6.05140843e-07 2.29144993e+02 1.15092375e+00
6.05244437e-07 1.50590047e+02 1.15697832e+00
6.05348032e-07 4.38587145e+01 1.16499933e+00
6.05451626e-07 1.04634162e+01 1.15504778e+00
6.05555220e-07 6.03115580e+01 1.15661278e+00
6.05658814e-07 1.19144300e+02 1.16399092e+00
6.08663047e-07 5.31405034e+01 1.02465553e+00
6.08766641e-07 1.08832699e+00 1.12502430e+00
6.08870235e-07 3.17020613e+01 1.13059998e+00
6.20679977e-07 1.16481418e+02 1.03480042e+00
6.20783571e-07 1.01482308e+02 1.13020626e+00
6.20887165e-07 4.32837021e+01 1.15263342e+00
6.25238122e-07 8.17638833e+00 8.43125996e-01
6.27827978e-07 8.55373244e+02 1.33165304e+00
6.30210645e-07 1.42622009e+03 5.23752669e+00
6.30314239e-07 7.21943363e+02 2.67171990e+00
6.30417834e-07 4.14761681e+02 2.12241423e+00
6.30521428e-07 2.77585041e+02 1.77242929e+00
6.30625022e-07 2.16828365e+02 1.59271581e+00
6.30728616e-07 1.90541039e+02 1.54448849e+00
6.30832210e-07 1.14961206e+02 1.47679840e+00
6.32696906e-07 1.14595069e+02 1.32226595e+00
6.32800501e-07 1.11245919e+02 1.37844639e+00
6.32904095e-07 4.93753326e+01 1.40290107e+00
6.33007689e-07 1.09256632e+02 1.41478852e+00
6.33111283e-07 1.42481763e+02 1.40134509e+00
6.33214878e-07 3.85130544e+01 1.34944737e+00
6.33318472e-07 2.10663583e+02 1.28848750e+00
6.33422066e-07 3.27559471e+02 1.22383783e+00
6.33525660e-07 7.77279282e+01 1.15554779e+00
6.33629254e-07 4.90210535e+01 1.17593078e+00
6.33732849e-07 8.07314939e+01 1.19981002e+00
6.34768791e-07 3.23686169e+01 1.24027574e+00
6.34872385e-07 4.85045506e+00 1.26700306e+00
6.34975979e-07 1.58862690e+01 1.25395410e+00
6.35079574e-07 9.47888142e+01 1.20827190e+00
6.35908327e-07 1.87657071e+01 1.33730520e+00
6.37151458e-07 4.63065838e+01 1.03440271e+00
6.37255052e-07 2.72792253e+01 1.12500976e+00
6.37358647e-07 2.74251051e+01 1.12179457e+00
6.37462241e-07 2.97709888e+01 1.08269111e+00
6.40466473e-07 1.97378833e+01 1.08711603e+00
6.40570067e-07 2.02774636e+01 1.06335909e+00
6.40673662e-07 1.98367024e+01 1.05285536e+00
6.40777256e-07 1.80908960e+01 1.07886062e+00
6.40880850e-07 1.77950105e+01 1.09077864e+00
6.40984444e-07 1.75179933e+01 1.11221683e+00
6.41088039e-07 1.51231811e+01 1.18378487e+00
6.41191633e-07 1.45471177e+01 1.19054982e+00
6.41295227e-07 1.48597982e+01 1.16402737e+00
6.42745546e-07 1.18818861e+02 5.72801594e-01
6.42849140e-07 2.43018721e+01 1.14973749e+00
6.43677894e-07 1.87760750e+02 6.96972322e-01
6.43781488e-07 3.50627359e+01 1.14285193e+00
6.46682127e-07 3.06935960e+00 1.27863397e+00
6.46785721e-07 3.18909515e+00 1.26737264e+00
6.47510880e-07 1.22332485e+02 9.73766174e-01
6.47614475e-07 7.96792476e+01 1.17534338e+00
6.47718069e-07 1.86017257e+02 1.17916813e+00
6.47821663e-07 1.11539133e+02 1.16746368e+00
6.47925257e-07 5.00103464e+00 1.14962637e+00
6.48028852e-07 5.90666934e+01 1.13903423e+00
6.49789953e-07 8.72780032e+00 1.33572969e+00
6.49893548e-07 8.62699201e+00 1.33777646e+00
6.49997142e-07 7.21296238e+00 1.31804305e+00
6.50100736e-07 4.99921552e+00 1.27403016e+00
6.51240272e-07 4.98715127e-02 1.10389216e+00
6.52069026e-07 5.49714597e-01 7.36489557e-01
6.52172620e-07 2.61337452e+00 1.21146372e+00
6.59527810e-07 1.73678839e+00 8.48510133e-01
6.59631405e-07 1.47353107e-01 1.10449910e+00
6.60563753e-07 6.49475572e+00 1.08709210e+00
6.60667347e-07 1.89112475e+01 1.21078295e+00
6.60770941e-07 1.39311027e+01 1.15994652e+00
6.64811116e-07 3.75209279e+01 1.04713423e+00
6.69472856e-07 4.19067102e+02 1.00227063e+00
6.69576450e-07 4.13231350e+01 1.11324803e+00
6.69680044e-07 4.07701384e+01 1.13836580e+00
6.69783638e-07 1.05498758e+02 1.14523615e+00
6.69887233e-07 1.41966601e+02 1.14854348e+00
6.69990827e-07 1.35433626e+02 1.14857009e+00
6.70094421e-07 4.26173267e+01 1.13753396e+00
6.70198015e-07 4.15089113e+01 1.13358774e+00
6.70301610e-07 1.24494319e+02 1.13688073e+00
6.70405204e-07 3.33263292e+01 1.12514434e+00
6.77656799e-07 4.02874529e+02 1.15458984e+00
6.77760394e-07 1.67328650e+02 1.08955513e+00
6.77863988e-07 1.36413589e+02 1.12686529e+00
6.80350249e-07 1.41866584e+02 1.13868342e+00
6.80453843e-07 1.26429805e+02 1.12450516e+00
6.80557438e-07 3.43235517e+01 1.11524895e+00
6.80661032e-07 8.56548163e+01 1.11135101e+00
6.80764626e-07 1.14474436e+02 1.08534047e+00
6.80868220e-07 1.03165382e+02 1.04097196e+00
6.80971815e-07 1.32381802e+02 1.06380593e+00
6.81075409e-07 1.22718066e+02 1.07428235e+00
6.81179003e-07 6.40328568e+01 1.05598391e+00
6.92574368e-07 6.05553412e+00 9.31360048e-01
6.93713904e-07 5.71086387e+01 1.54816194e+00
6.93817498e-07 1.02961179e+01 1.30777148e+00
6.98790021e-07 4.95807434e+02 1.16968700e+00
6.99825963e-07 2.08895109e+01 1.12571508e+00
6.99929557e-07 3.43907493e+01 1.10041530e+00
7.00033152e-07 1.30876497e+02 1.10491223e+00
7.00136746e-07 2.01568061e+02 1.12909637e+00
7.01276282e-07 1.44582212e+02 9.93013740e-01
7.01379877e-07 1.18552347e+02 1.21714573e+00
7.01483471e-07 3.70528268e+01 1.16418911e+00
7.01587065e-07 7.36091136e+01 1.10517485e+00
7.01690659e-07 1.97991808e+02 1.05267191e+00
7.01794253e-07 7.06073721e+01 1.07339644e+00
7.02001442e-07 5.12810445e+00 1.08647870e+00
7.03555355e-07 1.09638663e+02 1.22194230e+00
7.03658950e-07 1.27521792e+02 1.06397737e+00
7.03762544e-07 1.42424038e+02 1.08053121e+00
7.05212863e-07 8.73798828e+01 1.21323103e+00
7.05316457e-07 3.41328349e+01 1.16101027e+00
7.13914778e-07 3.93440535e+01 9.88046880e-01
7.14018372e-07 1.04918882e+01 1.18763736e+00
7.15779474e-07 1.85259814e+01 1.11984988e+00
7.15883068e-07 1.66902263e+00 1.14032978e+00
7.15986662e-07 9.95349069e+00 1.15474136e+00
7.16090256e-07 7.26914401e+00 1.15632918e+00
7.17851358e-07 8.58609002e+01 1.45472797e+00
7.17954952e-07 5.07592185e+01 1.25302233e+00
7.18058547e-07 2.03059829e+01 1.21491118e+00
7.18162141e-07 3.63407580e+01 1.23511436e+00
7.18265735e-07 6.69943883e+01 1.27827408e+00
7.18369329e-07 2.55927969e+01 1.25724722e+00
7.25931708e-07 2.60334379e+02 1.55720393e+00
7.26035302e-07 6.98292664e+01 1.27537409e+00
7.26138896e-07 5.86172089e+01 1.26778673e+00
7.26242490e-07 1.85220017e+01 1.27767907e+00
7.26346084e-07 1.60034790e+01 1.27909888e+00
7.26449679e-07 5.83235406e+01 1.26875999e+00
7.26553273e-07 2.25344112e+00 1.29772560e+00
7.28314375e-07 5.41175419e+02 2.66475084e+00
7.28417969e-07 1.44541692e+02 1.95319453e+00
7.28521563e-07 1.31749496e+01 1.89852014e+00
7.28832346e-07 3.88909924e+01 1.46886153e+00
7.28935940e-07 2.08554697e+01 1.36133136e+00
7.38259420e-07 4.16529027e+02 -1.65672218e-17
7.38363014e-07 1.17935789e+02 1.15442635e+00
7.38466609e-07 1.08690827e+02 1.16490522e+00
7.38570203e-07 1.69583042e+02 1.15800826e+00
7.55352467e-07 1.26841558e+02 -1.73432704e-17
7.55456061e-07 2.82972225e+02 1.30692100e+00
7.58045917e-07 6.09207818e+01 -1.74671768e-17
7.58253105e-07 2.14609998e+01 1.25999597e+00
7.61153743e-07 1.31945599e+01 2.76307469e+00
7.66955020e-07 1.81106684e+02 1.35411951e+00
7.67058614e-07 7.18196939e+01 1.25455114e+00
7.67162208e-07 1.41118676e+01 1.21923689e+00
7.67265803e-07 5.61726842e+01 1.21769361e+00
7.67369397e-07 5.21606707e+01 1.23210281e+00
7.67472991e-07 1.20530950e+01 1.25229143e+00
7.67576585e-07 8.38199025e-01 1.24443236e+00
7.67680180e-07 1.21328562e+01 1.23873465e+00
7.67783774e-07 3.71385882e+01 1.24330733e+00
7.76589283e-07 1.03394346e+02 -1.83321954e-17
7.76692877e-07 5.99633583e+01 1.25941685e+00
7.76796471e-07 4.90255890e+01 1.28821019e+00
7.82079777e-07 6.19143897e+00 3.31390768e+00
7.84255255e-07 3.09231983e+02 1.34600903e+00
7.84358850e-07 2.62951451e+02 1.86265130e+00
7.89642155e-07 1.47807516e+02 -1.89536275e-17
7.89745749e-07 8.43853658e+01 1.45863093e+00
7.89849343e-07 1.26314844e+02 1.40150862e+00
7.89952938e-07 1.12739613e+02 1.36265898e+00
7.90056532e-07 1.22426184e+02 1.34532934e+00
7.90160126e-07 2.21145473e+02 1.36011777e+00
7.90263720e-07 1.95808567e+02 1.37473529e+00
7.90367314e-07 1.25191473e+02 1.38957692e+00
7.96790156e-07 7.13030400e+00 2.10090493e+00
7.96893751e-07 6.24906437e+00 1.75120155e+00
7.96997345e-07 5.33037477e+00 1.51719238e+00
7.97100939e-07 4.92471108e+00 1.44625111e+00
8.00208766e-07 2.48844160e+02 -1.94642780e-17
8.00312360e-07 1.12413854e+02 1.48693467e+00
8.00415954e-07 2.06108144e+02 1.42388779e+00
8.00519548e-07 1.91541535e+02 1.37203647e+00
8.00623143e-07 1.32008511e+02 1.34128297e+00
8.00726737e-07 2.96385124e+01 1.35194627e+00
8.04248940e-07 1.69247122e+02 9.38708009e-01
8.04352535e-07 2.05328821e+02 1.40166566e+00
8.04456129e-07 2.38053706e+02 1.38234961e+00
8.04559723e-07 2.25991812e+02 1.37233533e+00
8.07667550e-07 2.90492462e+02 1.48307225e+00
8.07771144e-07 2.77280009e+02 1.49459081e+00
8.07874738e-07 1.90579680e+02 1.48947836e+00
8.12432884e-07 3.57632205e+01 1.45996039e+00
8.12536478e-07 4.95850410e+01 1.50967363e+00
8.12640073e-07 3.99724325e+01 1.48850909e+00
8.12743667e-07 1.39593944e+01 1.43075162e+00
8.16265870e-07 5.41015196e+01 1.68591806e+00
8.16369465e-07 1.32346674e+02 1.69609761e+00
8.16473059e-07 5.30293957e+01 1.60432386e+00
8.16576653e-07 5.48620292e+00 1.55978906e+00
8.16680247e-07 1.17717809e+01 1.58117132e+00
8.16783841e-07 4.69207030e+01 1.61282580e+00
8.16887436e-07 5.84092835e+01 1.61837662e+00
8.16991030e-07 3.53203126e+01 1.59074248e+00
8.17094624e-07 1.29218889e+01 1.58078156e+00
8.22274335e-07 1.05487758e+01 1.82155648e+00
8.22585118e-07 2.83872830e+03 1.21436007e+00
8.22688712e-07 6.28569911e+03 0.00000000e+00
8.22792306e-07 5.53877525e+03 -2.05784251e-17
8.25589350e-07 7.24110898e+03 -2.07185737e-17
8.25692945e-07 3.98419328e+01 1.65190107e+00
8.31390627e-07 4.33359196e+01 8.95819672e-01
8.31701410e-07 3.52510881e+01 1.78640646e+00
8.31805004e-07 8.76213319e+01 1.83088305e+00
8.31908598e-07 6.77238879e+01 1.84354761e+00
8.33151729e-07 4.14958781e+01 1.30114038e+00
8.33255323e-07 6.46376274e+01 1.61863046e+00
8.36673932e-07 6.47021763e+02 -2.12786547e-17
8.36777527e-07 1.78990953e+02 2.08383199e+00
8.36881121e-07 5.16206086e+01 1.80852840e+00
8.36984715e-07 2.39881282e+02 1.66892862e+00
8.37088309e-07 2.83354518e+02 1.60483544e+00
8.37191903e-07 1.85540173e+02 1.60018801e+00
8.42268020e-07 7.08548051e+00 -2.15641485e-17
8.46618978e-07 1.55498559e+02 7.24786641e+00
8.48380080e-07 2.28890996e+02 1.65382067e+00
8.48483674e-07 1.22745665e+02 1.63082906e+00
8.48587268e-07 4.14613797e+01 1.62837751e+00
8.48690862e-07 6.87890658e+01 1.66085054e+00
8.48794456e-07 2.86761581e+01 1.65771418e+00
8.48898051e-07 2.20344374e+01 1.76789986e+00
8.49001645e-07 8.71813272e+01 2.03211215e+00
8.49105239e-07 2.23677580e+02 2.42971248e+00
8.50969935e-07 1.07960518e+03 -2.20120314e-17
8.51073529e-07 1.47745162e+01 1.73087631e+00
8.51177124e-07 4.13432125e+01 1.72489572e+00
8.53352602e-07 9.59541308e+00 1.57611556e+00
8.53456197e-07 8.75922605e+00 1.64784004e+00
8.57185589e-07 1.92729328e+01 1.99572818e+00
8.57289183e-07 1.46554976e+02 1.83772242e+00
8.57392777e-07 2.26387096e+02 1.87102473e+00
8.57496371e-07 5.56947179e+01 1.90860464e+00
8.63401242e-07 9.03557610e-01 2.16135697e+00
8.64540778e-07 1.02098781e+02 1.04152386e+00
8.65991098e-07 5.26190647e+02 5.93688947e+00
8.70756432e-07 2.17204018e+02 -2.30475663e-17
8.70860026e-07 1.48359475e+02 2.25523050e+00
8.70963620e-07 1.01977965e+01 2.19449752e+00
8.71067215e-07 7.10681760e-01 2.02125207e+00
8.72310345e-07 7.35510206e+01 2.06244135e+00
8.72413939e-07 2.99414349e+01 1.93058470e+00
8.72517534e-07 2.34065004e+02 2.00524678e+00
8.72621128e-07 2.93746505e+02 1.99630461e+00
8.72724722e-07 2.78157917e+02 1.95531853e+00
8.72828316e-07 1.95799605e+02 1.90059149e+00
8.72931911e-07 4.58680160e+01 1.95569822e+00
8.73035505e-07 6.96784896e+00 1.98388541e+00
8.73139099e-07 1.39326336e+02 1.94498246e+00
8.73242693e-07 1.56275075e+02 1.90955858e+00
8.73346287e-07 1.05354530e+02 1.89619279e+00
8.73553476e-07 8.13503340e+01 1.91787955e+00
8.73657070e-07 1.82423552e+02 1.94730462e+00
8.73760664e-07 1.60478511e+02 2.05386510e+00
