1.32190000e-01
3.65674269e-07 2.05778323e+01 5.06270073e+02
3.68691645e-07 2.22473742e+01 4.47964062e+02
3.69122699e-07 4.63498826e+01 4.99779934e+02
3.70415860e-07 2.00662612e+01 5.69082171e+02
3.71709022e-07 3.25886549e+01 5.71358305e+02
3.76450613e-07 1.59611089e+02 6.36557876e+02
3.76881667e-07 1.19786482e+01 5.86883161e+02
3.77312720e-07 6.07746939e+01 6.20618028e+02
3.78605882e-07 2.10949266e+01 5.94189074e+02
3.79467989e-07 2.61972072e+01 6.13947658e+02
3.79899043e-07 1.10507671e+02 6.49208127e+02
3.80761151e-07 2.23226512e+01 5.99697419e+02
3.81192204e-07 2.93935529e+01 6.37831901e+02
3.85071688e-07 1.31526364e+02 1.09089222e+03
3.85502742e-07 1.18251700e+02 1.09745274e+03
3.85933796e-07 1.26866398e+02 6.69015970e+02
3.86364849e-07 3.15289701e+01 6.34096674e+02
3.86795903e-07 5.23485699e+01 6.53274509e+02
3.87658011e-07 1.06040177e+02 6.46311143e+02
3.88089065e-07 1.36975021e+02 6.21949927e+02
3.88520118e-07 2.22701016e+01 5.76484971e+02
3.88951172e-07 8.00627820e+01 6.37868454e+02
3.89382226e-07 1.06618916e+02 6.36189474e+02
3.90244333e-07 1.17729904e+02 7.34197614e+02
3.90675387e-07 1.76810513e+02 8.12171663e+02
3.91968548e-07 5.30858644e+01 6.99281177e+02
3.92399602e-07 3.71612625e+01 6.72067765e+02
3.92830656e-07 3.78717154e+01 6.63142246e+02
3.93261710e-07 1.06005810e+02 6.87888157e+02
3.93692763e-07 1.02826337e+02 1.10692796e+03
3.94985925e-07 1.14779963e+02 1.21004061e+03
3.96279086e-07 7.66424702e+01 1.00589705e+03
3.96710140e-07 1.28001322e+02 9.99612628e+02
3.97141194e-07 5.11807147e+01 1.04058722e+03
3.97572247e-07 2.40912166e+02 7.73527086e+02
3.98003301e-07 1.38338549e+02 7.63740175e+02
3.98434355e-07 7.98094885e+01 7.36032050e+02
3.98865409e-07 3.62302554e+01 7.38263378e+02
3.99296462e-07 3.05038000e+01 7.16604622e+02
3.99727516e-07 1.54523146e+02 7.66625690e+02
4.00158570e-07 9.79296379e+01 7.69644680e+02
4.00589624e-07 1.14292248e+02 8.34157218e+02
4.01020677e-07 1.51440934e+02 8.78934824e+02
4.01882785e-07 3.95131295e+01 8.05768797e+02
4.02313839e-07 1.45198034e+02 8.28985901e+02
4.02744892e-07 1.10359229e+02 8.21845820e+02
4.03175946e-07 7.01720222e+01 7.59304698e+02
4.03607000e-07 3.71931885e+01 7.94264536e+02
4.04038054e-07 6.32806168e+01 8.84682829e+02
4.04469108e-07 1.95915532e+02 9.39863782e+02
4.04900161e-07 1.34871011e+01 8.58189556e+02
4.05331215e-07 3.95789314e+00 8.54703107e+02
4.05762269e-07 7.56589095e+01 8.63082541e+02
4.06193323e-07 1.48550402e+01 8.69473866e+02
4.06624376e-07 2.62369788e+01 9.68713100e+02
4.07486484e-07 1.91556084e+02 9.56857876e+02
4.07917538e-07 2.03976471e+02 9.36521245e+02
4.08348591e-07 1.40334756e+02 8.97425501e+02
4.08779645e-07 8.77974424e+01 8.43188106e+02
4.09210699e-07 9.48664631e+01 8.31687926e+02
4.09641753e-07 2.46785558e+02 8.64645924e+02
4.10072806e-07 1.73297588e+01 7.91609715e+02
4.10503860e-07 2.18233376e+02 8.33920635e+02
4.11365968e-07 2.78849464e+02 8.69676396e+02
4.11797022e-07 1.59854011e+02 8.31585474e+02
4.12228075e-07 1.93632255e+02 8.99723435e+02
4.12659129e-07 1.79101236e+02 9.22222211e+02
4.13090183e-07 1.39778766e+02 9.26443231e+02
4.13521237e-07 7.66746672e+01 8.95467490e+02
4.13952290e-07 2.55214748e+02 9.58417340e+02
4.14383344e-07 6.75808037e+01 8.52928275e+02
4.14814398e-07 1.27214677e+02 8.65480084e+02
4.15245452e-07 2.64522839e+02 9.50866064e+02
4.15676505e-07 1.57377576e+02 9.92027460e+02
4.16107559e-07 9.56824113e+01 1.02147875e+03
4.16538613e-07 5.85252152e+01 1.02583551e+03
4.17400720e-07 1.24318264e+02 1.06632667e+03
4.17831774e-07 8.75674404e+01 9.59763510e+02
4.18262828e-07 7.64773524e+01 9.34003813e+02
4.18693882e-07 5.78287988e+01 9.13565963e+02
4.19124935e-07 1.14819486e+02 9.01295245e+02
4.19555989e-07 1.06155365e+02 8.66335129e+02
4.19987043e-07 9.46038683e+01 8.50863423e+02
4.20418097e-07 2.16006203e+01 8.68668357e+02
4.20849151e-07 1.48430723e+02 8.95650261e+02
4.21280204e-07 1.94455029e+02 8.96979254e+02
4.21711258e-07 2.78579449e+02 9.47753716e+02
4.22142312e-07 4.25294409e+02 9.88727294e+02
4.22573366e-07 3.17539397e+02 9.01393736e+02
4.23004419e-07 3.68563668e+02 9.21127370e+02
4.23435473e-07 3.05278540e+02 8.93373309e+02
4.23866527e-07 1.83816510e+02 8.57791974e+02
4.24297581e-07 2.17777449e+02 9.19023982e+02
4.24728634e-07 2.37344864e+02 9.73769973e+02
4.25159688e-07 2.30315649e+02 9.66108287e+02
4.25590742e-07 2.76577916e+02 9.96633394e+02
4.26021796e-07 1.47572979e+02 9.56032398e+02
4.26452849e-07 2.76866278e+02 9.76419149e+02
4.26883903e-07 2.06394177e+02 9.83651069e+02
4.27314957e-07 2.32859606e+02 9.85583517e+02
4.27746011e-07 2.74350631e+02 9.73607823e+02
4.28177065e-07 3.30739721e+02 1.00491757e+03
4.28608118e-07 2.78753210e+02 9.65839021e+02
4.29039172e-07 3.01638778e+02 9.99560772e+02
4.29470226e-07 4.13212763e+02 1.04810512e+03
4.29901280e-07 2.04343684e+02 9.43759721e+02
4.30332333e-07 1.04666570e+02 8.97195383e+02
4.30763387e-07 2.07801570e+02 1.02008430e+03
4.31194441e-07 3.62824137e+02 1.13211668e+03
4.31625495e-07 2.96729573e+02 1.12993443e+03
4.32056548e-07 2.20461102e+02 1.06436781e+03
4.32487602e-07 2.69156193e+02 1.04328103e+03
4.32918656e-07 3.02874305e+02 1.05061542e+03
4.33349710e-07 2.06060946e+02 9.80105254e+02
4.33780763e-07 3.10135527e+02 9.94835773e+02
4.34211817e-07 2.01521511e+02 9.74726783e+02
4.34642871e-07 2.77846140e+02 1.00410158e+03
4.35073925e-07 2.86915454e+02 1.04027242e+03
4.35504978e-07 1.76104217e+02 9.86151277e+02
4.35936032e-07 2.70684079e+02 1.03569921e+03
4.36367086e-07 3.99866415e+02 1.10041054e+03
4.36798140e-07 2.74853454e+02 1.02324330e+03
4.37229194e-07 1.80782662e+02 1.05714498e+03
4.37660247e-07 4.28445909e+02 1.10621032e+03
4.38091301e-07 5.07278339e+02 1.17014740e+03
4.38522355e-07 3.44638586e+02 1.08408264e+03
4.38953409e-07 2.71069502e+02 1.06656137e+03
4.39384462e-07 2.09409430e+02 1.05675692e+03
4.39815516e-07 1.63127108e+02 1.06612051e+03
4.40246570e-07 2.70560736e+02 1.17278080e+03
4.40677624e-07 1.81610976e+02 1.21696276e+03
4.41108677e-07 2.47679912e+02 1.28355749e+03
4.41539731e-07 3.17220927e+02 1.28894089e+03
4.41970785e-07 4.02712184e+02 1.27605094e+03
4.42401839e-07 4.00217267e+02 1.25776584e+03
4.42832892e-07 4.15824464e+02 1.26018143e+03
4.43263946e-07 3.25379475e+02 1.20756801e+03
4.43695000e-07 3.74865354e+02 1.20971840e+03
4.44126054e-07 2.51968362e+02 1.16812186e+03
4.44557108e-07 2.96663079e+02 1.13348470e+03
4.44988161e-07 1.20402184e+02 1.07610419e+03
4.45419215e-07 1.75924305e+02 1.04298988e+03
4.45850269e-07 4.69578019e+02 1.16888573e+03
4.46281323e-07 5.70942972e+02 1.24102028e+03
4.46712376e-07 4.96547814e+02 1.19253207e+03
4.47143430e-07 5.06541862e+02 1.19036319e+03
4.47574484e-07 3.26563965e+02 1.15267883e+03
4.48005538e-07 4.16814181e+02 1.16466232e+03
4.48436591e-07 4.44882147e+02 1.17543279e+03
4.48867645e-07 4.12045795e+02 1.22917616e+03
4.49298699e-07 2.26422808e+02 1.11337510e+03
4.49729753e-07 1.81449906e+02 1.10634975e+03
4.50160806e-07 3.23201207e+02 1.20189546e+03
4.50591860e-07 3.89475074e+02 1.21928246e+03
4.51022914e-07 6.32021186e+02 1.30955576e+03
4.51453968e-07 4.70734233e+02 1.27271556e+03
4.51885022e-07 5.95374212e+02 1.34481121e+03
4.52316075e-07 5.08976261e+02 1.33393105e+03
4.52747129e-07 4.62834837e+02 1.35958146e+03
4.53178183e-07 4.93741328e+02 1.37613024e+03
4.53609237e-07 4.56164793e+02 1.39525891e+03
4.54040290e-07 4.51720497e+02 1.41214783e+03
4.54471344e-07 5.94598652e+02 1.45628927e+03
4.54902398e-07 6.62373691e+02 1.45759627e+03
4.55333452e-07 4.30427801e+02 1.34959142e+03
4.55764505e-07 6.59616029e+02 1.38622103e+03
4.56195559e-07 5.98429267e+02 1.40434681e+03
4.56626613e-07 4.45831275e+02 1.31820975e+03
4.57057667e-07 3.82588021e+02 1.27873936e+03
4.57488720e-07 4.16788032e+02 1.32882210e+03
4.57919774e-07 6.59032619e+02 1.45372202e+03
4.58350828e-07 6.23304992e+02 1.45232125e+03
4.58781882e-07 5.42246478e+02 1.40134030e+03
4.59212935e-07 7.37265857e+02 1.42082743e+03
4.59643989e-07 7.10421945e+02 1.40182175e+03
4.60075043e-07 7.90502083e+02 1.44009635e+03
4.60506097e-07 5.77106110e+02 1.37471820e+03
4.60937151e-07 7.04726845e+02 1.39602238e+03
4.61368204e-07 7.80127925e+02 1.46772544e+03
4.61799258e-07 7.97317048e+02 1.46032692e+03
4.62230312e-07 7.56730562e+02 1.44701383e+03
4.62661366e-07 5.37187862e+02 1.35661498e+03
4.63092419e-07 3.52525410e+02 1.26154029e+03
4.63523473e-07 4.71870748e+02 1.29435007e+03
4.63954527e-07 5.20797483e+02 1.32419769e+03
4.64385581e-07 5.77485321e+02 1.33919240e+03
4.64816634e-07 6.15565004e+02 1.33532646e+03
4.65247688e-07 5.52168057e+02 1.36613302e+03
4.65678742e-07 5.50501344e+02 1.41347771e+03
4.66109796e-07 7.13605880e+02 1.47802825e+03
4.66540849e-07 6.92081533e+02 1.46862259e+03
4.66971903e-07 5.20433734e+02 1.48317425e+03
4.67402957e-07 5.86067259e+02 1.49371791e+03
4.67834011e-07 7.12180778e+02 1.52001373e+03
4.68265065e-07 8.26479691e+02 1.57346597e+03
4.68696118e-07 7.63723947e+02 1.54696274e+03
4.69127172e-07 7.16104556e+02 1.51536373e+03
4.69558226e-07 7.73534004e+02 1.51435133e+03
4.69989280e-07 7.81822281e+02 1.49261573e+03
4.70420333e-07 8.70999647e+02 1.55867430e+03
4.70851387e-07 8.36718579e+02 1.55562748e+03
4.71282441e-07 7.71939401e+02 1.53962414e+03
4.71713495e-07 7.45587339e+02 1.53023521e+03
4.72144548e-07 6.16376223e+02 1.47556669e+03
4.72575602e-07 6.82125623e+02 1.45229114e+03
4.73006656e-07 8.22602178e+02 1.50446112e+03
4.73437710e-07 7.50067708e+02 1.48243885e+03
4.73868763e-07 7.69066462e+02 1.53597156e+03
4.74299817e-07 7.65099353e+02 1.49383694e+03
4.74730871e-07 5.93322073e+02 1.43049228e+03
4.75161925e-07 6.39675634e+02 1.46578959e+03
4.75592978e-07 6.32525865e+02 1.47293126e+03
4.76024032e-07 8.35514445e+02 1.50662242e+03
4.76455086e-07 8.22935001e+02 1.51103141e+03
4.76886140e-07 6.54938405e+02 1.45114100e+03
4.77317194e-07 6.63710829e+02 1.48450592e+03
4.77748247e-07 7.03708247e+02 1.51977419e+03
4.78179301e-07 6.96183942e+02 1.49003956e+03
4.78610355e-07 7.74595220e+02 1.49568651e+03
4.79041409e-07 8.34350882e+02 1.56812796e+03
4.79472462e-07 7.71604360e+02 1.56744996e+03
4.79903516e-07 5.84270160e+02 1.49782150e+03
4.80334570e-07 7.70018547e+02 1.55373406e+03
4.80765624e-07 7.60253771e+02 1.58371785e+03
4.81196677e-07 8.80864841e+02 1.65648119e+03
4.81627731e-07 7.46774312e+02 1.72051174e+03
4.82058785e-07 7.14628778e+02 1.70407730e+03
4.82489839e-07 5.90692619e+02 1.67765012e+03
4.82920892e-07 8.14141317e+02 1.75261654e+03
4.83351946e-07 8.00271893e+02 1.77230659e+03
4.83783000e-07 7.33202445e+02 1.73125834e+03
4.84214054e-07 7.26425840e+02 1.72163461e+03
4.84645108e-07 8.12524977e+02 1.68677213e+03
4.85076161e-07 7.36429863e+02 1.66818934e+03
4.85507215e-07 6.73105198e+02 1.62063970e+03
4.85938269e-07 7.11533735e+02 1.56976778e+03
4.86369323e-07 8.53679147e+02 1.62178164e+03
4.86800376e-07 7.51962270e+02 1.59947747e+03
4.87231430e-07 5.41639863e+02 1.53181699e+03
4.87662484e-07 7.21700803e+02 2.49526704e+03
4.88093538e-07 7.58391525e+02 2.57080983e+03
4.88524591e-07 8.96799016e+02 2.64803831e+03
4.88955645e-07 7.93422688e+02 2.53224143e+03
4.89386699e-07 8.53489940e+02 2.63291232e+03
4.89817753e-07 7.82345544e+02 1.65311318e+03
4.90248806e-07 7.23308250e+02 1.64191193e+03
4.90679860e-07 6.90986957e+02 1.65336184e+03
4.91110914e-07 6.00172915e+02 1.61087180e+03
4.91541968e-07 8.40776979e+02 1.62666138e+03
4.91973022e-07 9.13417599e+02 1.69350519e+03
4.92404075e-07 6.07394132e+02 1.60008825e+03
4.92835129e-07 7.71518709e+02 1.64758331e+03
4.93266183e-07 7.87866481e+02 1.64724223e+03
4.93697237e-07 9.99504151e+02 1.75477471e+03
4.94128290e-07 9.93139644e+02 1.74079864e+03
4.94559344e-07 1.00527390e+03 1.77080142e+03
4.94990398e-07 1.14638708e+03 1.82588099e+03
4.95421452e-07 7.80878598e+02 1.69141031e+03
4.95852505e-07 9.22020906e+02 1.75494206e+03
4.96283559e-07 8.93297244e+02 1.76558653e+03
4.96714613e-07 9.20524087e+02 1.81104741e+03
4.97145667e-07 8.80315126e+02 1.76044936e+03
4.97576720e-07 8.46167357e+02 1.77843291e+03
4.98007774e-07 7.13402989e+02 1.73339430e+03
4.98438828e-07 1.09810059e+03 1.81901912e+03
4.98869882e-07 1.07991536e+03 1.85629419e+03
4.99300935e-07 1.04673940e+03 1.88116924e+03
4.99731989e-07 1.13284015e+03 1.90200964e+03
5.00163043e-07 7.63899172e+02 1.77493477e+03
5.00594097e-07 9.06627338e+02 1.83186304e+03
5.01025151e-07 9.79010102e+02 1.83055030e+03
5.01456204e-07 9.58851899e+02 1.83796521e+03
5.01887258e-07 1.17861850e+03 1.88113839e+03
5.02318312e-07 1.08208986e+03 1.89683736e+03
5.02749366e-07 9.40179768e+02 1.80508063e+03
5.03180419e-07 1.04042021e+03 1.86604906e+03
5.03611473e-07 1.33369552e+03 1.94001831e+03
5.04042527e-07 1.11031833e+03 1.88720559e+03
5.04473581e-07 1.12308178e+03 1.87877817e+03
5.04904634e-07 7.59017408e+02 1.69322698e+03
5.05335688e-07 9.49780608e+02 1.78552030e+03
5.05766742e-07 9.23672598e+02 1.83058629e+03
5.06197796e-07 1.12269393e+03 1.86531301e+03
5.06628849e-07 1.37508406e+03 1.94580934e+03
5.07059903e-07 1.23841129e+03 1.91827137e+03
5.07490957e-07 1.32799451e+03 1.92331851e+03
5.07922011e-07 1.27479325e+03 1.92655094e+03
5.08353065e-07 7.72086271e+02 1.78579529e+03
5.08784118e-07 1.28830819e+03 1.95773388e+03
5.09215172e-07 1.35368396e+03 1.99733133e+03
5.09646226e-07 1.29881145e+03 1.96032064e+03
5.10077280e-07 1.19680952e+03 1.96696496e+03
5.10508333e-07 1.20702390e+03 1.91945010e+03
5.10939387e-07 1.45874835e+03 2.00054800e+03
5.11370441e-07 1.20059176e+03 1.93242218e+03
5.11801495e-07 1.36147342e+03 1.95726170e+03
5.12232548e-07 1.21151378e+03 1.95776374e+03
5.12663602e-07 1.32090099e+03 2.00899828e+03
5.13094656e-07 1.27858347e+03 2.03763319e+03
5.13525710e-07 9.42834491e+02 1.97064544e+03
5.13956763e-07 1.06434013e+03 2.05223850e+03
5.14387817e-07 1.28482908e+03 2.15034033e+03
5.14818871e-07 1.24546013e+03 2.10776882e+03
5.15249925e-07 1.16498859e+03 2.06544207e+03
5.15680978e-07 1.25817801e+03 2.11802486e+03
5.16112032e-07 1.34978656e+03 2.11237425e+03
5.16543086e-07 1.54793158e+03 2.13765894e+03
5.16974140e-07 1.47853812e+03 2.08289029e+03
5.17405194e-07 1.52794614e+03 2.10754525e+03
5.17836247e-07 1.24678884e+03 1.98814483e+03
5.18267301e-07 1.31965909e+03 2.05133135e+03
5.18698355e-07 1.23601225e+03 2.02309419e+03
5.19129409e-07 9.57982898e+02 2.04895839e+03
5.19560462e-07 1.29189608e+03 2.32993380e+03
5.19991516e-07 1.38663496e+03 2.35704921e+03
5.20422570e-07 1.63187860e+03 2.37155650e+03
5.20853624e-07 1.22502967e+03 2.13895211e+03
5.21284677e-07 1.11214445e+03 2.05490479e+03
5.21715731e-07 1.25786853e+03 2.16739995e+03
5.22146785e-07 1.38557578e+03 2.27001308e+03
5.22577839e-07 1.54892052e+03 2.26966299e+03
5.23008892e-07 1.25409565e+03 2.12881662e+03
5.23439946e-07 1.47759539e+03 2.22916129e+03
5.23871000e-07 1.38449679e+03 2.18788528e+03
5.24302054e-07 1.40113441e+03 2.15168914e+03
5.24733108e-07 1.47228469e+03 2.16735057e+03
5.25164161e-07 1.44613124e+03 2.21408421e+03
5.25595215e-07 1.43817896e+03 2.23568431e+03
5.26026269e-07 1.63920839e+03 2.23048747e+03
5.26457323e-07 1.28298554e+03 2.04180194e+03
5.26888376e-07 1.44378594e+03 2.13268806e+03
5.27319430e-07 1.34933808e+03 2.11227315e+03
5.27750484e-07 1.66334133e+03 2.27885950e+03
5.28181538e-07 1.48767762e+03 2.21018942e+03
5.28612591e-07 1.34507311e+03 2.13264994e+03
5.29043645e-07 1.35909648e+03 2.19500916e+03
5.29474699e-07 1.35045587e+03 2.20311589e+03
5.29905753e-07 1.54408609e+03 2.27644838e+03
5.30336806e-07 1.24299577e+03 2.19010077e+03
5.30767860e-07 9.63307896e+02 2.14828959e+03
5.31198914e-07 1.53653077e+03 2.35032143e+03
5.31629968e-07 1.46435401e+03 2.35933669e+03
5.32061022e-07 1.17944153e+03 2.23764933e+03
5.32492075e-07 1.02450748e+03 2.19812058e+03
5.32923129e-07 1.37909749e+03 2.34512510e+03
5.33354183e-07 1.22017352e+03 2.26352144e+03
5.33785237e-07 1.53501147e+03 2.35092103e+03
5.34216290e-07 1.57621241e+03 2.35078622e+03
5.34647344e-07 1.42668936e+03 2.29464755e+03
5.35078398e-07 1.45403758e+03 2.31400066e+03
5.35509452e-07 1.38331495e+03 2.30903666e+03
5.35940505e-07 1.55230852e+03 2.34285661e+03
5.36371559e-07 1.28874772e+03 2.20403993e+03
5.36802613e-07 1.22963319e+03 2.20640933e+03
5.37233667e-07 1.50447762e+03 2.31050576e+03
5.37664720e-07 1.50155384e+03 2.31311512e+03
5.38095774e-07 1.08043647e+03 2.12431240e+03
5.38526828e-07 1.46349865e+03 2.32079409e+03
5.38957882e-07 1.55850749e+03 2.31286482e+03
5.39388935e-07 1.23587565e+03 2.17309344e+03
5.39819989e-07 1.65685753e+03 2.30517456e+03
5.40251043e-07 1.53740530e+03 2.29287230e+03
5.40682097e-07 1.59962227e+03 2.28527616e+03
5.41113151e-07 1.49335444e+03 2.25309395e+03
5.41544204e-07 1.41553522e+03 2.25298425e+03
5.41975258e-07 1.40008597e+03 2.25378311e+03
5.42406312e-07 1.60371319e+03 2.32318089e+03
5.42837366e-07 1.56534943e+03 2.30624337e+03
5.43268419e-07 1.52109098e+03 2.33845930e+03
5.43699473e-07 1.59571713e+03 2.41453325e+03
5.44130527e-07 1.42641413e+03 2.34145800e+03
5.44561581e-07 1.52403899e+03 2.35656079e+03
5.44992634e-07 1.64269746e+03 2.42688025e+03
5.45423688e-07 1.41423817e+03 2.34953147e+03
5.45854742e-07 1.45571621e+03 2.40764561e+03
5.46285796e-07 1.59290316e+03 2.46477158e+03
5.46716849e-07 1.44137341e+03 2.34491094e+03
5.47147903e-07 1.37869198e+03 2.31000100e+03
5.47578957e-07 1.79850039e+03 2.44262540e+03
5.48010011e-07 1.58859025e+03 2.44424460e+03
5.48441065e-07 1.38017522e+03 2.41317764e+03
5.48872118e-07 1.35623399e+03 2.39541497e+03
5.49303172e-07 1.32375714e+03 2.38346912e+03
5.49734226e-07 1.61288475e+03 2.54389905e+03
5.50165280e-07 2.16730004e+03 2.75324328e+03
5.50596333e-07 1.88167502e+03 2.59479719e+03
5.51027387e-07 1.73335262e+03 2.55529512e+03
5.51458441e-07 1.46550094e+03 2.45319018e+03
5.51889495e-07 1.31092388e+03 2.45083719e+03
5.52320548e-07 1.60608202e+03 3.95092888e+03
5.52751602e-07 1.85457202e+03 4.04650580e+03
5.53182656e-07 1.26082629e+03 3.67414106e+03
5.53613710e-07 1.55479830e+03 3.93438872e+03
5.54044763e-07 1.69044667e+03 2.69606221e+03
5.54475817e-07 1.68663359e+03 2.72608881e+03
5.54906871e-07 1.89885196e+03 2.78734483e+03
5.55337925e-07 1.63386748e+03 2.64698730e+03
5.55768978e-07 1.67844734e+03 2.72159445e+03
5.56200032e-07 2.26392223e+03 4.30288801e+03
5.56631086e-07 7.49286559e+01 1.06872369e+04
5.57924247e-07 9.01909960e+03 5.45427690e+04
5.58355301e-07 6.11932379e+03 2.32865283e+04
5.58786355e-07 2.23393685e+03 6.58436971e+03
5.59217409e-07 2.51039944e+03 3.33070328e+03
5.59648462e-07 1.76470416e+03 2.79332452e+03
5.60079516e-07 1.18469476e+03 2.72218951e+03
5.60510570e-07 1.93078704e+03 2.92037610e+03
5.60941624e-07 1.57442503e+03 2.76190931e+03
5.61372677e-07 1.86568841e+03 2.78655846e+03
5.61803731e-07 1.55076355e+03 2.72287562e+03
5.62234785e-07 1.97769765e+03 2.89985186e+03
5.62665839e-07 1.71657611e+03 2.80013947e+03
5.63096892e-07 1.41985961e+03 2.61031126e+03
5.63527946e-07 1.88716498e+03 2.78984293e+03
5.63959000e-07 1.39355529e+03 2.60749437e+03
5.64390054e-07 1.67818097e+03 2.74382081e+03
5.64821108e-07 1.68991098e+03 2.76944796e+03
5.65252161e-07 1.77081426e+03 2.74687404e+03
5.65683215e-07 1.39435222e+03 2.59045942e+03
5.66114269e-07 1.82940844e+03 2.77451931e+03
5.66545323e-07 1.82625193e+03 2.80011430e+03
5.66976376e-07 2.00848088e+03 2.87410611e+03
5.67407430e-07 1.85375818e+03 2.84906630e+03
5.67838484e-07 1.68782507e+03 2.84572082e+03
5.68269538e-07 1.76884427e+03 2.84883140e+03
5.68700591e-07 1.75244000e+03 2.87019911e+03
5.69131645e-07 1.86024173e+03 2.93897972e+03
5.69562699e-07 1.62479980e+03 2.87616742e+03
5.69993753e-07 2.08620233e+03 3.08545945e+03
5.70424806e-07 1.73067732e+03 2.92841810e+03
5.70855860e-07 1.59372475e+03 2.86701463e+03
5.71286914e-07 1.54608591e+03 2.83683005e+03
5.71717968e-07 2.15771656e+03 3.11027222e+03
5.72149022e-07 1.74076661e+03 3.02117430e+03
5.72580075e-07 1.44587016e+03 2.85054321e+03
5.73011129e-07 1.84856418e+03 2.92983926e+03
5.73442183e-07 1.78601276e+03 2.87428112e+03
5.73873237e-07 1.67330419e+03 2.86996461e+03
5.74304290e-07 1.89543710e+03 2.91406212e+03
5.74735344e-07 1.83018170e+03 2.86623079e+03
5.75166398e-07 1.65658112e+03 4.22904314e+03
5.75597452e-07 1.17229112e+03 4.04778254e+03
5.76028505e-07 1.28577891e+03 4.12432372e+03
5.76459559e-07 2.02369980e+03 4.47722941e+03
5.76890613e-07 1.91920907e+03 3.02211865e+03
5.77321667e-07 1.77524676e+03 2.95900686e+03
5.77752720e-07 1.78073469e+03 2.91897132e+03
5.78183774e-07 1.78722264e+03 2.97621531e+03
5.78614828e-07 1.96713384e+03 2.99065249e+03
5.79045882e-07 2.05742929e+03 3.03563024e+03
5.79476935e-07 1.67060982e+03 2.93983632e+03
5.79907989e-07 1.69238503e+03 2.97417474e+03
5.80339043e-07 1.56484842e+03 2.91487764e+03
5.80770097e-07 1.76772694e+03 2.97705927e+03
5.81201151e-07 1.76796431e+03 2.91506062e+03
5.81632204e-07 1.66846349e+03 2.94497210e+03
5.82063258e-07 1.91853812e+03 3.05359464e+03
5.82494312e-07 1.31624932e+03 2.87559572e+03
5.82925366e-07 1.57193242e+03 2.93961138e+03
5.83356419e-07 1.59727391e+03 2.93998983e+03
5.83787473e-07 1.74093547e+03 2.97573369e+03
5.84218527e-07 1.72497591e+03 3.02103091e+03
5.84649581e-07 1.70811737e+03 3.01099687e+03
5.85080634e-07 1.70232263e+03 2.96999643e+03
5.85511688e-07 1.50423401e+03 2.90450313e+03
5.85942742e-07 1.59534413e+03 3.04859115e+03
5.86373796e-07 1.51458848e+03 3.34919351e+03
5.86804849e-07 1.71037981e+03 3.55364386e+03
5.87235903e-07 1.56917070e+03 3.36809351e+03
5.87666957e-07 1.48086867e+03 3.18486811e+03
5.88098011e-07 4.69835450e+02 3.53109530e+03
5.88960118e-07 5.76320791e+02 9.40139535e+03
5.89391172e-07 1.56756442e+03 9.21199454e+03
5.89822226e-07 2.48164566e+03 6.81307738e+03
5.90253280e-07 1.85324707e+03 4.36763201e+03
5.90684333e-07 2.07465359e+03 3.65572505e+03
5.91115387e-07 2.16441143e+03 3.69792725e+03
5.91546441e-07 1.81878399e+03 3.59397160e+03
5.91977495e-07 1.67043855e+03 3.48982368e+03
5.92408548e-07 1.66588041e+03 3.49589493e+03
5.92839602e-07 1.86413184e+03 3.64241434e+03
5.93270656e-07 2.02499012e+03 3.73794657e+03
5.93701710e-07 1.91753620e+03 3.50727774e+03
5.94132763e-07 1.82176499e+03 3.36758987e+03
5.94563817e-07 1.53916151e+03 3.38865281e+03
5.94994871e-07 1.43557725e+03 3.48204616e+03
5.95425925e-07 1.83109840e+03 3.59694032e+03
5.95856978e-07 1.60073912e+03 3.39670634e+03
5.96288032e-07 1.36228142e+03 3.26729822e+03
5.96719086e-07 1.51766213e+03 3.33251252e+03
5.97150140e-07 1.55826532e+03 3.47341167e+03
5.97581194e-07 2.20651770e+03 3.65284575e+03
5.98012247e-07 1.88362465e+03 3.49788064e+03
5.98443301e-07 1.84790916e+03 3.32970657e+03
5.98874355e-07 1.92539994e+03 3.32702219e+03
5.99305409e-07 1.87292511e+03 3.32252322e+03
5.99736462e-07 2.36507775e+03 3.52145004e+03
6.00167516e-07 2.01422660e+03 3.44264247e+03
6.00598570e-07 1.87748156e+03 3.26270460e+03
6.01029624e-07 2.26839789e+03 3.36987594e+03
6.01460677e-07 2.00823675e+03 3.23182472e+03
6.01891731e-07 2.01240097e+03 3.22434020e+03
6.02322785e-07 2.00138538e+03 3.19193874e+03
6.02753839e-07 1.93903893e+03 3.23953037e+03
6.03184892e-07 2.05567457e+03 3.23824224e+03
6.03615946e-07 2.13122619e+03 3.25702611e+03
6.04047000e-07 1.86653375e+03 3.14425026e+03
6.04478054e-07 2.09559657e+03 3.21484509e+03
6.04909108e-07 2.00984573e+03 3.14039248e+03
6.05340161e-07 2.08584454e+03 3.22401980e+03
6.05771215e-07 2.05009971e+03 3.20595430e+03
6.06202269e-07 2.13918302e+03 3.19015422e+03
6.06633323e-07 2.01003311e+03 3.16874816e+03
6.07064376e-07 2.15056312e+03 3.21792430e+03
6.07495430e-07 2.04828224e+03 3.10859871e+03
6.07926484e-07 1.80624741e+03 3.02724911e+03
6.08357538e-07 2.06529538e+03 3.17815686e+03
6.08788591e-07 2.38490583e+03 3.28509835e+03
6.09219645e-07 2.26961145e+03 3.23127454e+03
6.09650699e-07 2.04201963e+03 3.12075604e+03
6.10081753e-07 2.33008687e+03 3.24183161e+03
6.10512806e-07 2.00327254e+03 3.16671218e+03
6.10943860e-07 2.05441475e+03 3.12355199e+03
6.11374914e-07 2.36400189e+03 3.25268739e+03
6.11805968e-07 1.83221518e+03 3.06529411e+03
6.12237022e-07 1.92365419e+03 3.02899747e+03
6.12668075e-07 2.20143437e+03 3.19691887e+03
6.13099129e-07 2.22152098e+03 3.16836067e+03
6.13530183e-07 1.93075784e+03 3.16483386e+03
6.13961237e-07 1.98605168e+03 3.27883296e+03
6.14392290e-07 2.23976356e+03 3.29745926e+03
6.14823344e-07 1.98734195e+03 3.15248957e+03
6.15254398e-07 1.79935056e+03 3.10059390e+03
6.15685452e-07 2.02901271e+03 3.12339314e+03
6.16116505e-07 2.10803383e+03 3.11196794e+03
6.16547559e-07 1.85513574e+03 3.10252801e+03
6.16978613e-07 1.82798499e+03 3.23553014e+03
6.17409667e-07 2.25452191e+03 3.31769522e+03
6.17840720e-07 2.29916813e+03 3.19765962e+03
6.18271774e-07 1.83476530e+03 3.04305959e+03
6.18702828e-07 2.08665803e+03 3.09986551e+03
6.19133882e-07 2.56647746e+03 3.28444286e+03
6.19564935e-07 2.21687565e+03 3.20289441e+03
6.19995989e-07 1.61502825e+03 3.12376876e+03
6.20427043e-07 2.11132485e+03 3.25060818e+03
6.20858097e-07 2.41040570e+03 3.27860370e+03
6.21289151e-07 2.22563199e+03 3.21586522e+03
6.21720204e-07 2.28784423e+03 3.29966508e+03
6.22151258e-07 2.33512645e+03 3.38489754e+03
6.22582312e-07 2.18925281e+03 3.31550175e+03
6.23013366e-07 1.86866622e+03 3.65765091e+03
6.23444419e-07 2.10541003e+03 4.25171275e+03
6.23875473e-07 2.13252340e+03 4.14385208e+03
6.24306527e-07 2.33483203e+03 3.69768324e+03
6.24737581e-07 2.32912215e+03 3.49576903e+03
6.25168634e-07 2.20355502e+03 3.66518911e+03
6.25599688e-07 2.24165225e+03 3.96107349e+03
6.26030742e-07 2.23158891e+03 4.03066216e+03
6.26461796e-07 2.29356478e+03 3.74931308e+03
6.26892849e-07 2.45713921e+03 3.51501136e+03
6.27323903e-07 2.36722095e+03 3.47175748e+03
6.27754957e-07 2.53391886e+03 3.48351186e+03
6.28186011e-07 2.34868683e+03 3.68705024e+03
6.28617065e-07 2.04357701e+03 3.83406894e+03
6.29048118e-07 1.55587971e+03 4.34547902e+03
6.29479172e-07 3.72201455e+01 7.52096592e+03
6.29910226e-07 6.50913965e+02 1.16038806e+04
6.30341280e-07 3.36843928e+03 1.02425640e+04
6.30772333e-07 2.94419057e+03 5.84987800e+03
6.31203387e-07 2.11653859e+03 3.67179634e+03
6.31634441e-07 2.12488413e+03 3.34306766e+03
6.32065495e-07 1.80277987e+03 3.44525025e+03
6.32496548e-07 2.08234526e+03 3.73376549e+03
6.32927602e-07 2.07839073e+03 3.91563982e+03
6.33358656e-07 2.35595763e+03 3.66694265e+03
6.33789710e-07 2.33582686e+03 3.39880351e+03
6.34220763e-07 2.18717326e+03 3.34576460e+03
6.34651817e-07 2.15504252e+03 3.45208866e+03
6.35082871e-07 2.04156256e+03 3.53779393e+03
6.35513925e-07 1.87369989e+03 4.18378795e+03
6.35944978e-07 1.34500263e+03 5.39260195e+03
6.36376032e-07 1.86665111e+03 6.07917517e+03
6.36807086e-07 2.48951885e+03 4.82140241e+03
6.37238140e-07 2.34317524e+03 3.60191763e+03
6.37669194e-07 2.15375704e+03 3.31552334e+03
6.38100247e-07 2.28133537e+03 3.46932648e+03
6.38531301e-07 2.58298129e+03 3.63483258e+03
6.38962355e-07 2.79104010e+03 3.56214858e+03
6.39393409e-07 2.23866930e+03 3.21479029e+03
6.39824462e-07 2.28097158e+03 3.13039939e+03
6.40255516e-07 2.10761356e+03 3.10786240e+03
6.40686570e-07 2.30514636e+03 3.19132483e+03
6.41117624e-07 2.41248397e+03 3.31655743e+03
6.41548677e-07 2.15643962e+03 3.30562257e+03
6.41979731e-07 2.68809725e+03 3.42199791e+03
6.42410785e-07 2.79958286e+03 3.36555211e+03
6.42841839e-07 2.49278138e+03 3.25858266e+03
6.43272892e-07 2.60075607e+03 3.26025237e+03
6.43703946e-07 2.44511781e+03 3.17205681e+03
6.44135000e-07 2.57854363e+03 3.24627300e+03
6.44566054e-07 2.63362668e+03 3.32232046e+03
6.44997108e-07 2.40887885e+03 3.28194923e+03
6.45428161e-07 2.15683617e+03 3.29282140e+03
6.45859215e-07 1.89916495e+03 3.40683065e+03
6.46290269e-07 2.15451563e+03 3.75799460e+03
6.46721323e-07 2.14727089e+03 3.95690222e+03
6.47152376e-07 2.59205480e+03 3.85215133e+03
6.47583430e-07 2.50878707e+03 3.48739271e+03
6.48014484e-07 2.63314653e+03 3.33498535e+03
6.48445538e-07 2.58068902e+03 3.24901585e+03
6.48876591e-07 2.07895742e+03 3.13272384e+03
6.49307645e-07 1.81326071e+03 3.47908865e+03
6.49738699e-07 2.64862327e+03 4.16980469e+03
6.50169753e-07 2.90253835e+03 4.22632382e+03
6.50600806e-07 2.21493632e+03 3.57337560e+03
6.51031860e-07 2.51325347e+03 3.37505639e+03
6.51462914e-07 2.54325341e+03 3.35316491e+03
6.51893968e-07 2.16558401e+03 3.32402116e+03
6.52325022e-07 2.37728432e+03 3.50656678e+03
6.52756075e-07 2.55336280e+03 3.72914137e+03
6.53187129e-07 2.10200312e+03 3.85792150e+03
6.53618183e-07 2.59949281e+03 3.90107491e+03
6.54049237e-07 2.37151392e+03 3.61820263e+03
6.54480290e-07 2.45401753e+03 3.70543440e+03
6.54911344e-07 2.61436413e+03 3.96757850e+03
6.55342398e-07 3.17928378e+03 4.28141689e+03
6.55773452e-07 2.39475112e+03 3.81854165e+03
6.56204505e-07 2.33730023e+03 3.58562511e+03
6.56635559e-07 2.17604441e+03 3.51897371e+03
6.57066613e-07 2.34220605e+03 3.71452316e+03
6.57497667e-07 2.33619249e+03 3.96212348e+03
6.57928720e-07 2.34217944e+03 3.80597857e+03
6.58359774e-07 2.76394926e+03 3.56355815e+03
6.58790828e-07 3.05732455e+03 3.52768532e+03
6.59221882e-07 2.54812827e+03 3.41042116e+03
6.59652935e-07 2.53208429e+03 3.54191769e+03
6.60083989e-07 2.63057270e+03 3.62258859e+03
6.60515043e-07 2.38358403e+03 3.54372372e+03
6.60946097e-07 2.58037865e+03 3.41218782e+03
6.61377151e-07 2.62741559e+03 3.30208649e+03
6.61808204e-07 2.57488313e+03 3.23323588e+03
6.62239258e-07 2.36571391e+03 3.26576473e+03
6.62670312e-07 1.97175710e+03 3.22819379e+03
6.63101366e-07 2.69401139e+03 3.49941329e+03
6.63532419e-07 2.62609057e+03 3.49943845e+03
6.63963473e-07 2.47737107e+03 3.32245455e+03
6.64394527e-07 2.29115184e+03 3.21512504e+03
6.64825581e-07 3.09989870e+03 3.43545692e+03
6.65256634e-07 2.10173722e+03 3.16850032e+03
6.65687688e-07 2.81520949e+03 3.36818886e+03
6.66118742e-07 2.75488508e+03 3.35086828e+03
6.66549796e-07 2.18437074e+03 3.20885841e+03
6.66980849e-07 2.11704664e+03 3.16888053e+03
6.67411903e-07 2.14924782e+03 3.10118036e+03
6.67842957e-07 2.62295573e+03 3.25603285e+03
6.68274011e-07 2.26440252e+03 3.12706329e+03
6.68705065e-07 2.33181317e+03 3.14336021e+03
6.69136118e-07 2.34899065e+03 3.19812944e+03
6.69567172e-07 2.27257213e+03 3.25625243e+03
6.69998226e-07 2.37687738e+03 3.32054920e+03
6.70429280e-07 2.24748386e+03 3.24523731e+03
6.70860333e-07 2.29057379e+03 3.23144944e+03
6.71291387e-07 2.69926760e+03 3.35527028e+03
6.71722441e-07 2.84936576e+03 3.39045089e+03
6.72153495e-07 2.97483180e+03 3.41617921e+03
6.72584548e-07 2.58510224e+03 3.24136105e+03
6.73015602e-07 2.65332520e+03 3.30211213e+03
6.73446656e-07 2.52553512e+03 3.30800147e+03
6.73877710e-07 2.58608582e+03 5.06147418e+03
6.74308763e-07 2.05865754e+03 4.89774995e+03
6.74739817e-07 2.77827811e+03 5.18351735e+03
6.75170871e-07 3.15068939e+03 5.22467193e+03
6.75601925e-07 3.05938218e+03 3.44178060e+03
6.76032978e-07 2.50416519e+03 3.15999443e+03
6.76464032e-07 2.74473358e+03 3.23810956e+03
6.76895086e-07 2.44747407e+03 3.10076196e+03
6.77326140e-07 2.46688748e+03 3.15626252e+03
6.77757194e-07 2.60711706e+03 3.22154478e+03
6.78188247e-07 2.58230997e+03 3.20171726e+03
6.78619301e-07 2.72580113e+03 3.27225265e+03
6.79050355e-07 3.14493871e+03 3.39383548e+03
6.79481409e-07 2.94931131e+03 3.30024815e+03
6.79912462e-07 2.64562948e+03 3.19117900e+03
6.80343516e-07 2.77301132e+03 3.25503645e+03
6.80774570e-07 2.37249028e+03 3.11838917e+03
6.81205624e-07 2.15068422e+03 3.04539954e+03
6.81636677e-07 2.83938746e+03 3.24720792e+03
6.82067731e-07 2.27402337e+03 3.56731632e+03
6.82498785e-07 1.65595904e+03 4.49061090e+03
6.82929839e-07 1.79915455e+03 5.56502256e+03
6.83360892e-07 2.23764161e+03 5.38256783e+03
6.83791946e-07 2.56005130e+03 4.41323947e+03
6.84223000e-07 2.54601538e+03 3.73013811e+03
6.84654054e-07 2.75549720e+03 3.51493499e+03
6.85085108e-07 2.64226113e+03 3.38446770e+03
6.85516161e-07 2.29923264e+03 3.69284821e+03
6.85947215e-07 2.72085991e+03 5.07227810e+03
6.86378269e-07 1.71009534e+03 5.29825042e+03
6.86809323e-07 1.84014416e+03 4.08593244e+03
6.87240376e-07 1.95596396e+03 3.17031601e+03
6.87671430e-07 2.37901922e+03 3.27929366e+03
6.88102484e-07 2.58642666e+03 3.55376586e+03
6.88533538e-07 2.34301730e+03 3.58426159e+03
6.88964591e-07 2.07220440e+03 3.50139441e+03
6.89395645e-07 2.05252201e+03 3.38790811e+03
6.89826699e-07 2.43011437e+03 3.45254070e+03
6.90257753e-07 2.45242718e+03 3.41942436e+03
6.90688806e-07 2.12430841e+03 3.47574529e+03
6.91119860e-07 2.28651183e+03 3.80734299e+03
6.91550914e-07 2.34091087e+03 3.93958672e+03
6.91981968e-07 1.92782594e+03 4.15896045e+03
6.92413022e-07 1.74294070e+03 4.14982248e+03
6.92844075e-07 2.15834207e+03 3.50824249e+03
6.93275129e-07 2.56545988e+03 3.44501636e+03
6.93706183e-07 2.53442653e+03 3.77264575e+03
6.94137237e-07 2.22605374e+03 3.97977252e+03
6.94568290e-07 2.02908542e+03 4.35760698e+03
6.94999344e-07 2.12959677e+03 4.39557964e+03
6.95430398e-07 2.33712463e+03 3.75043128e+03
6.95861452e-07 2.55159927e+03 3.38618427e+03
6.96292505e-07 2.32186612e+03 3.42890733e+03
6.96723559e-07 1.74689690e+03 3.52145195e+03
6.97154613e-07 2.06350954e+03 3.91965400e+03
6.97585667e-07 1.96448433e+03 4.19519385e+03
6.98016720e-07 2.06149594e+03 3.96195790e+03
6.98447774e-07 2.74247089e+03 3.57760811e+03
6.98878828e-07 2.58581920e+03 3.32721605e+03
6.99309882e-07 2.14487342e+03 3.12510306e+03
6.99740935e-07 2.05008780e+03 3.21100590e+03
7.00171989e-07 2.48598706e+03 3.51953049e+03
7.00603043e-07 2.41699709e+03 3.64009143e+03
7.01034097e-07 2.29530498e+03 3.55509223e+03
7.01465151e-07 2.15236404e+03 3.29911480e+03
7.01896204e-07 2.30761046e+03 3.12011825e+03
7.02327258e-07 2.16802649e+03 3.01637923e+03
7.02758312e-07 2.14843973e+03 2.99077205e+03
7.03189366e-07 2.23075937e+03 3.07209445e+03
7.03620419e-07 1.83685109e+03 3.02885329e+03
7.04051473e-07 1.88125069e+03 3.28163178e+03
7.04482527e-07 2.05498179e+03 3.75300095e+03
7.04913581e-07 2.04686313e+03 3.81670418e+03
7.05344634e-07 2.24033548e+03 3.51704772e+03
7.05775688e-07 2.14989458e+03 3.27593287e+03
7.06206742e-07 2.04065496e+03 3.30628117e+03
7.06637796e-07 2.12162720e+03 3.41125901e+03
7.07068849e-07 2.43167269e+03 3.46586831e+03
7.07499903e-07 2.17896602e+03 3.41492676e+03
7.07930957e-07 2.18100941e+03 3.38024633e+03
7.08362011e-07 2.06660846e+03 3.41515463e+03
7.08793065e-07 2.15225542e+03 3.41766771e+03
7.09224118e-07 2.38783666e+03 3.31470327e+03
7.09655172e-07 2.19992792e+03 3.15275857e+03
7.10086226e-07 2.23351530e+03 3.10540739e+03
7.10517280e-07 2.45829448e+03 3.11754159e+03
7.10948333e-07 2.38949648e+03 3.08434467e+03
7.11379387e-07 2.11284059e+03 3.05122428e+03
7.11810441e-07 2.23852396e+03 3.08800945e+03
7.12241495e-07 2.18235219e+03 3.12387669e+03
7.12672548e-07 2.00573678e+03 3.13646764e+03
7.13103602e-07 2.08329709e+03 3.14703450e+03
7.13534656e-07 2.18464756e+03 3.19240247e+03
7.13965710e-07 2.42246306e+03 3.41734767e+03
7.14396763e-07 1.95426229e+03 3.49619370e+03
7.14827817e-07 2.26094660e+03 3.37444549e+03
7.15258871e-07 2.22072095e+03 3.16017640e+03
7.15689925e-07 2.15656657e+03 3.14534652e+03
7.16120978e-07 2.02873806e+03 3.06905126e+03
7.16552032e-07 1.68966539e+03 2.92985484e+03
7.16983086e-07 1.98094215e+03 2.93058583e+03
7.17414140e-07 1.92997910e+03 2.89493298e+03
7.17845194e-07 1.74980852e+03 2.82308932e+03
7.18276247e-07 2.06624066e+03 2.75988588e+03
7.18707301e-07 1.94267745e+03 2.60877200e+03
7.19138355e-07 2.23292751e+03 2.65056428e+03
7.19569409e-07 2.02693062e+03 2.59906676e+03
7.20000462e-07 1.74779781e+03 2.55259488e+03
7.20431516e-07 1.79795219e+03 2.55899983e+03
7.20862570e-07 1.95167677e+03 2.66423657e+03
7.21293624e-07 2.32459191e+03 2.80421947e+03
7.21724677e-07 2.19115771e+03 2.87449247e+03
7.22155731e-07 1.86593584e+03 2.89265582e+03
7.22586785e-07 1.77570138e+03 2.85522428e+03
7.23017839e-07 1.32297487e+03 3.05506716e+03
7.23448892e-07 1.48769672e+03 4.62103470e+03
7.23879946e-07 1.08949472e+03 7.14752636e+03
7.24311000e-07 1.17237547e+03 7.78825283e+03
7.24742054e-07 1.52064863e+03 5.92377748e+03
7.25173108e-07 1.42498115e+03 4.05420525e+03
7.25604161e-07 1.56219543e+03 3.34669422e+03
7.26035215e-07 1.37368045e+03 2.98148671e+03
7.26466269e-07 1.17545728e+03 3.01364312e+03
7.26897323e-07 9.51667884e+02 4.11877967e+03
7.27328376e-07 7.70085984e+02 6.17445494e+03
7.27759430e-07 1.03336082e+03 7.00096302e+03
7.28190484e-07 1.58093708e+03 5.94418725e+03
7.28621538e-07 1.66102981e+03 4.66482127e+03
7.29052591e-07 1.83790876e+03 3.71515363e+03
7.29483645e-07 1.58916291e+03 3.65070562e+03
7.29914699e-07 1.56249736e+03 3.77372840e+03
7.30345753e-07 1.92349653e+03 4.02538859e+03
7.30776806e-07 1.49028744e+03 4.05993958e+03
7.31207860e-07 1.07985793e+03 5.39983356e+03
7.31638914e-07 1.46865441e+03 6.43194485e+03
7.32069968e-07 1.93030681e+03 4.86905611e+03
7.32501022e-07 1.56964469e+03 4.25641036e+03
7.32932075e-07 1.79171396e+03 4.80993065e+03
7.33363129e-07 1.38908657e+03 4.93734222e+03
7.33794183e-07 5.77361845e+02 6.77988800e+03
7.34225237e-07 1.08727882e+03 6.97719474e+03
7.34656290e-07 1.63476362e+03 4.56152449e+03
7.35087344e-07 1.35814486e+03 3.66763114e+03
7.35518398e-07 1.75980374e+03 4.51775119e+03
7.35949452e-07 1.48794079e+03 4.94249706e+03
7.36380505e-07 1.51841265e+03 5.38533863e+03
7.36811559e-07 1.42571696e+03 6.38462096e+03
7.37242613e-07 1.97703652e+03 5.38638557e+03
7.37673667e-07 1.75252076e+03 3.56909758e+03
7.38104720e-07 2.03099656e+03 3.34673080e+03
7.38535774e-07 1.88086123e+03 3.56828370e+03
7.38966828e-07 1.85696898e+03 4.33575586e+03
7.39397882e-07 1.94094609e+03 4.86136699e+03
7.39828935e-07 1.41673214e+03 5.25588168e+03
7.40259989e-07 9.80181746e+02 5.29175800e+03
7.40691043e-07 1.65096445e+03 4.00526707e+03
7.41122097e-07 2.16349311e+03 3.49836998e+03
7.41553151e-07 2.31026179e+03 3.43002642e+03
7.41984204e-07 2.48070650e+03 3.49207837e+03
7.42415258e-07 4.14636294e+03 4.22723543e+03
7.42846312e-07 5.59354569e+03 5.21247487e+03
7.43277366e-07 4.01643381e+03 5.10188549e+03
7.43708419e-07 2.30908260e+03 4.70417078e+03
7.44139473e-07 2.29115832e+03 4.17297964e+03
7.44570527e-07 1.78746516e+03 3.25704504e+03
7.45001581e-07 3.07644226e+03 3.56096058e+03
7.45432634e-07 3.56422244e+03 3.83372800e+03
7.45863688e-07 2.12745430e+03 3.52318210e+03
7.46294742e-07 1.63563669e+03 3.70044874e+03
7.46725796e-07 1.79219368e+03 4.36926311e+03
7.47156849e-07 1.57478714e+03 4.76434050e+03
7.47587903e-07 1.88227941e+03 5.03892635e+03
7.48018957e-07 1.96044491e+03 5.07383789e+03
7.48450011e-07 1.65063906e+03 4.36167504e+03
7.48881065e-07 2.19008756e+03 3.96569826e+03
7.49312118e-07 1.66900674e+03 3.48889077e+03
7.49743172e-07 2.03611005e+03 3.49993901e+03
7.50174226e-07 1.31786108e+03 3.18201613e+03
7.50605280e-07 1.92880237e+03 3.32908995e+03
7.51036333e-07 1.84217788e+03 3.38671896e+03
7.51467387e-07 2.13264338e+03 3.93831793e+03
7.51898441e-07 1.15449779e+03 5.01165344e+03
7.52329495e-07 1.38296305e+03 6.14691738e+03
7.52760548e-07 1.41284971e+03 5.26033162e+03
7.53191602e-07 1.56886805e+03 4.09456863e+03
7.53622656e-07 1.22018139e+03 3.43883787e+03
7.54053710e-07 1.83623184e+03 3.52658892e+03
7.54484763e-07 1.75415077e+03 3.35502940e+03
7.54915817e-07 1.64988553e+03 3.40148673e+03
7.55346871e-07 1.94487387e+03 3.75520060e+03
7.55777925e-07 1.81696628e+03 3.76674342e+03
7.56208978e-07 1.46300059e+03 3.64105878e+03
7.56640032e-07 1.54368149e+03 4.44606560e+03
7.57071086e-07 1.12275459e+03 5.14796499e+03
7.57502140e-07 9.23416061e+02 4.31671690e+03
7.57933194e-07 1.62458461e+03 3.61033174e+03
7.58364247e-07 1.78110259e+03 3.81667765e+03
7.58795301e-07 2.10559039e+03 3.68809131e+03
7.59226355e-07 1.54393387e+03 3.04675356e+03
7.59657409e-07 9.75571404e+02 2.71330068e+03
7.60088462e-07 4.18964784e+02 2.22450427e+03
7.60519516e-07 3.73371696e+02 1.94679454e+03
7.60950570e-07 9.60029995e+01 2.02108055e+03
7.61381624e-07 1.14311414e+03 2.87588592e+03
7.61812677e-07 1.84728552e+03 3.50116011e+03
7.62243731e-07 9.64874850e+02 3.14943455e+03
7.62674785e-07 8.93663919e+02 3.10054475e+03
7.63105839e-07 1.04542728e+03 2.95668631e+03
7.63536892e-07 9.99708536e+02 2.77886719e+03
7.63967946e-07 8.74924760e+02 2.61604917e+03
7.64399000e-07 1.05819640e+03 2.75513954e+03
7.64830054e-07 1.10204873e+03 2.88585655e+03
7.65261108e-07 1.10569223e+03 3.03495354e+03
7.65692161e-07 1.67726289e+03 3.44521337e+03
7.66123215e-07 1.15842714e+03 3.37922035e+03
7.66554269e-07 1.89689387e+03 3.38566096e+03
7.66985323e-07 1.39837656e+03 3.01341757e+03
7.67416376e-07 2.05780527e+03 3.12156377e+03
7.67847430e-07 1.61260294e+03 3.19163243e+03
7.68278484e-07 2.18794583e+03 3.62375619e+03
7.68709538e-07 1.89486815e+03 3.70101891e+03
7.69140591e-07 1.09777902e+03 3.56243374e+03
7.69571645e-07 1.62914761e+03 3.69308990e+03
7.70002699e-07 1.46593041e+03 3.71289069e+03
7.70433753e-07 2.58228328e+03 4.66755586e+03
7.70864806e-07 9.67371303e+02 7.57079676e+03
7.71295860e-07 1.10572672e+03 1.22979647e+04
7.71726914e-07 1.19241094e+02 1.05016842e+04
7.72157968e-07 7.65460004e+02 6.90409790e+03
7.72589022e-07 1.22198072e+03 5.20111604e+03
7.73020075e-07 1.87127931e+03 4.36929092e+03
7.73451129e-07 1.43178064e+03 3.90060918e+03
7.73882183e-07 9.56005300e+02 3.65587997e+03
7.74313237e-07 1.13856802e+03 5.25272732e+03
7.74744290e-07 1.18963063e+03 9.73382074e+03
7.75606398e-07 4.33793878e+02 6.83198105e+03
7.76037452e-07 1.97455162e+03 6.04611415e+03
7.76468505e-07 1.42178663e+03 4.41253286e+03
7.76899559e-07 2.00292836e+03 4.72747431e+03
7.77330613e-07 9.95682984e+02 5.23238414e+03
7.77761667e-07 1.13004012e+03 5.40407841e+03
7.78192720e-07 1.20453847e+03 5.02648537e+03
7.78623774e-07 1.21428679e+03 5.23600998e+03
7.79054828e-07 2.99369346e+02 7.54556289e+03
7.79485882e-07 2.93386968e+02 7.91220431e+03
7.79916935e-07 1.17064143e+03 5.12444352e+03
7.80347989e-07 1.62171055e+03 5.07417550e+03
7.80779043e-07 9.87736426e+02 5.71633923e+03
7.81210097e-07 1.48386576e+03 5.59229332e+03
7.81641151e-07 1.57614460e+03 7.79040144e+03
7.82072204e-07 6.60859959e+02 9.72270709e+03
7.82503258e-07 8.98400394e+02 6.69248631e+03
7.82934312e-07 1.37834520e+03 3.99120453e+03
7.83365366e-07 1.54431710e+03 4.00833772e+03
7.83796419e-07 1.30614858e+03 5.15733373e+03
7.84227473e-07 1.02352496e+03 5.31348063e+03
7.84658527e-07 1.55591120e+03 6.78714266e+03
7.85089581e-07 5.42227223e+02 1.04390380e+04
7.85951688e-07 7.98339424e+02 7.14006818e+03
7.86382742e-07 1.01047439e+03 6.04781226e+03
7.86813796e-07 6.54973061e+02 6.34317256e+03
7.87244849e-07 1.48319442e+03 6.28673763e+03
7.87675903e-07 1.28234761e+03 6.10479660e+03
7.88106957e-07 1.12032468e+03 6.36437194e+03
7.88538011e-07 6.66071817e+02 6.84533534e+03
7.88969065e-07 8.36193635e+02 7.27893913e+03
7.89400118e-07 1.07757859e+03 5.18694084e+03
7.89831172e-07 1.58556150e+03 3.94925957e+03
7.90262226e-07 9.40012505e+02 3.72834243e+03
7.90693280e-07 2.09452523e+03 6.12671339e+03
7.91555387e-07 1.31940074e+03 1.07478483e+04
7.91986441e-07 7.28384295e+03 7.89237105e+03
7.92417495e-07 2.82338551e+02 9.21921266e+02
