2.00780000e-01
3.61197000e-07 8.84450087e+01 6.23166541e+01
3.61628030e-07 1.09920205e+02 7.68604453e+01
3.62059061e-07 1.10627701e+02 7.93560456e+01
3.62921121e-07 3.04583022e+01 9.25458316e+01
3.63352152e-07 5.08592327e+01 9.35104051e+01
3.63783182e-07 1.06619369e+02 9.94073144e+01
3.64214212e-07 2.11233292e+02 1.02755467e+02
3.64645242e-07 1.56817474e+02 8.89844334e+01
3.65076273e-07 3.15034611e+01 8.60904128e+01
3.65938333e-07 6.07840423e+01 9.33083547e+01
3.66369364e-07 5.73965662e+01 7.89180085e+01
3.66800394e-07 1.52810588e+02 8.47434176e+01
3.67231424e-07 6.01117316e+01 9.01045307e+01
3.67662455e-07 4.63688721e+01 7.09958897e+01
3.68524515e-07 7.20724399e+01 5.77559873e+01
3.68955545e-07 1.31319693e+02 7.08111473e+01
3.69386576e-07 1.29429019e+02 7.34848184e+01
3.69817606e-07 1.29419995e+02 1.02964032e+02
3.70248636e-07 5.12870598e+01 1.16145699e+02
3.70679667e-07 4.01389736e+00 1.34669174e+02
3.71541727e-07 7.82347491e+00 1.03884636e+02
3.71972758e-07 5.91675036e+01 8.74482586e+01
3.72403788e-07 2.66116169e+00 9.53114824e+01
3.72834818e-07 7.80338580e+01 1.06247494e+02
3.73265848e-07 9.79373878e+01 1.41961777e+02
3.73696879e-07 9.04024722e+01 1.58375975e+02
3.74127909e-07 2.65030995e+01 1.57519342e+02
3.74558939e-07 1.72389618e+01 1.38903197e+02
3.74989970e-07 7.49836515e+00 1.46205087e+02
3.75852030e-07 2.40373390e+01 1.17196453e+02
3.76283061e-07 7.41560272e+01 1.07910815e+02
3.76714091e-07 4.10625649e+01 1.00731744e+02
3.77145121e-07 1.13562924e+01 1.13317311e+02
3.77576152e-07 4.88150804e+01 1.08647775e+02
3.78007182e-07 6.55491713e+01 1.16922086e+02
3.78438212e-07 4.42763719e+01 1.01899186e+02
3.78869242e-07 2.95705598e+01 1.14901749e+02
3.79300273e-07 2.86414074e+00 1.20360495e+02
3.80162333e-07 2.55985488e+00 1.18072127e+02
3.80593364e-07 8.70767200e+01 1.16935274e+02
3.81455424e-07 4.67223047e+01 1.29419855e+02
3.81886455e-07 4.02786634e+01 1.36088549e+02
3.82748515e-07 3.82095877e+01 1.65899371e+02
3.83179545e-07 1.07628930e+02 1.90367494e+02
3.84041606e-07 3.57363904e+01 1.66405048e+02
3.84472636e-07 8.47506041e+01 1.37707707e+02
3.84903667e-07 6.02956701e+01 1.51906597e+02
3.85334697e-07 2.18625574e+02 1.20271229e+02
3.85765727e-07 1.11667087e+02 1.25388826e+02
3.86196758e-07 5.60493114e+01 1.23629447e+02
3.86627788e-07 1.71345371e+02 1.40634415e+02
3.87058818e-07 1.89842698e+02 1.05067899e+02
3.87489848e-07 1.27278444e+02 1.06275938e+02
3.87920879e-07 3.15708812e+01 1.01505162e+02
3.88351909e-07 1.38175488e+01 1.09345667e+02
3.88782939e-07 1.10972068e+02 1.14274495e+02
3.89213970e-07 9.89392907e+01 1.20994727e+02
3.89645000e-07 4.79277725e+01 1.35757009e+02
3.90076030e-07 2.03992811e+02 1.48110680e+02
3.90507061e-07 1.68226874e+02 1.74964802e+02
3.90938091e-07 9.54567532e+01 2.03426613e+02
3.91369121e-07 1.98063422e+02 1.90684694e+02
3.91800152e-07 1.37010254e+02 1.68722942e+02
3.92231182e-07 1.29507940e+02 1.28087922e+02
3.92662212e-07 1.65518588e+02 1.31776660e+02
3.93093242e-07 7.34464118e+01 1.32977413e+02
3.93524273e-07 1.76458592e+02 1.34874123e+02
3.93955303e-07 1.28885234e+02 1.68946325e+02
3.94386333e-07 7.36003047e+01 1.92265887e+02
3.94817364e-07 8.77749524e+01 2.00124901e+02
3.95248394e-07 1.53288111e+02 1.62371690e+02
3.95679424e-07 8.41854821e+01 1.57234706e+02
3.96110455e-07 1.74961683e+02 1.42014557e+02
3.96541485e-07 2.54502775e+02 1.13632920e+02
3.96972515e-07 2.29146679e+02 1.25350449e+02
3.97403545e-07 2.60221930e+02 1.53426077e+02
3.97834576e-07 2.02491148e+02 1.59522185e+02
3.98265606e-07 1.52431475e+02 1.83951210e+02
3.98696636e-07 7.50263365e+01 1.93489931e+02
3.99127667e-07 6.95341804e+01 1.71881538e+02
3.99558697e-07 1.29449693e+02 1.93211905e+02
3.99989727e-07 1.72714985e+02 1.90502422e+02
4.00420758e-07 1.99871995e+02 1.94159169e+02
4.00851788e-07 8.61188722e+01 2.22743481e+02
4.01282818e-07 1.00414501e+02 2.42516701e+02
4.01713848e-07 2.42311488e+02 2.23110075e+02
4.02144879e-07 9.49378662e+01 2.32231003e+02
4.02575909e-07 9.31757093e+01 2.15336329e+02
4.03006939e-07 2.77157424e+02 2.13246805e+02
4.03437970e-07 2.50090598e+02 2.19530300e+02
4.03869000e-07 1.05154334e+02 2.33471382e+02
4.04300030e-07 7.41874523e+01 2.65391578e+02
4.04731061e-07 1.87439796e+02 2.50091450e+02
4.05162091e-07 1.86233862e+02 2.54820942e+02
4.05593121e-07 2.11471922e+02 2.56165198e+02
4.06024152e-07 1.82968595e+02 2.83920206e+02
4.06455182e-07 1.82449668e+02 2.91452751e+02
4.06886212e-07 1.14024492e+02 2.92952090e+02
4.07317242e-07 1.39513236e+02 2.94760342e+02
4.07748273e-07 1.18168900e+02 2.85083069e+02
4.08179303e-07 2.21959251e+02 2.64150925e+02
4.08610333e-07 1.90103017e+02 2.60180575e+02
4.09041364e-07 2.36485112e+02 2.39252907e+02
4.09472394e-07 2.56215452e+02 2.32120413e+02
4.09903424e-07 2.19826616e+02 2.10302954e+02
4.10334455e-07 3.17380727e+02 1.91447415e+02
4.10765485e-07 2.60501535e+02 2.06121511e+02
4.11196515e-07 1.11254559e+02 1.99201526e+02
4.11627545e-07 2.21849168e+02 2.17972867e+02
4.12058576e-07 2.32177530e+02 2.58626026e+02
4.12489606e-07 1.52386119e+02 2.52139204e+02
4.12920636e-07 1.64839082e+02 2.73726105e+02
4.13351667e-07 3.85603042e+02 2.73346139e+02
4.13782697e-07 2.53315873e+02 2.52115667e+02
4.14213727e-07 2.28365120e+02 2.45515702e+02
4.14644758e-07 2.03647562e+02 2.53757317e+02
4.15075788e-07 3.11984344e+02 2.65358919e+02
4.15506818e-07 3.96247746e+02 2.80927184e+02
4.15937848e-07 7.06795417e+01 3.17791248e+02
4.16368879e-07 1.82885719e+02 3.39046156e+02
4.16799909e-07 2.54612055e+02 3.71601551e+02
4.17230939e-07 3.09304995e+02 3.28748420e+02
4.17661970e-07 1.86969055e+01 3.27641902e+02
4.18093000e-07 2.70568017e+02 2.82530425e+02
4.18524030e-07 2.20284259e+02 2.85235960e+02
4.18955061e-07 2.86576420e+02 2.67530725e+02
4.19386091e-07 1.52992915e+02 2.97658551e+02
4.19817121e-07 2.57737366e+02 2.65950935e+02
4.20248152e-07 1.30755291e+02 2.59687372e+02
4.20679182e-07 2.86170089e+02 2.69940728e+02
4.21110212e-07 3.21578916e+02 2.60566571e+02
4.21541242e-07 2.30875388e+02 2.80270189e+02
4.21972273e-07 2.89892369e+02 2.52749339e+02
4.22403303e-07 2.53229198e+02 2.35483983e+02
4.22834333e-07 2.89251689e+02 2.33936449e+02
4.23265364e-07 2.80454228e+02 2.43431932e+02
4.23696394e-07 3.22791502e+02 2.51387652e+02
4.24127424e-07 3.80672915e+02 2.58206353e+02
4.24558455e-07 3.70109092e+02 2.84445132e+02
4.24989485e-07 1.76886851e+02 3.15020340e+02
4.25420515e-07 3.04914623e+02 2.97210517e+02
4.25851545e-07 3.39721499e+02 2.89430481e+02
4.26282576e-07 2.71995648e+02 2.89719828e+02
4.26713606e-07 2.72656556e+02 3.01740316e+02
4.27144636e-07 2.05242195e+02 2.94566851e+02
4.27575667e-07 2.18432832e+02 2.97650014e+02
4.28006697e-07 3.43615457e+02 2.84879936e+02
4.28437727e-07 2.68295874e+02 2.86334819e+02
4.28868758e-07 2.25873375e+02 2.95576600e+02
4.29299788e-07 3.23721956e+01 3.14349337e+02
4.29730818e-07 1.29383616e+02 3.10373753e+02
4.30161848e-07 2.53120712e+02 2.96410056e+02
4.30592879e-07 2.66082980e+02 3.07805020e+02
4.31023909e-07 2.04609706e+02 3.41051793e+02
4.31454939e-07 2.12021996e+02 3.67536767e+02
4.31885970e-07 1.84050962e+02 3.66411001e+02
4.32317000e-07 2.72505667e+02 3.40534955e+02
4.32748030e-07 2.74594177e+02 3.24153117e+02
4.33179061e-07 1.84297136e+02 3.51784082e+02
4.33610091e-07 3.14934232e+02 3.30197857e+02
4.34041121e-07 2.71645075e+02 3.31605575e+02
4.34472152e-07 1.67693965e+02 3.39055469e+02
4.34903182e-07 3.56852036e+02 3.28458144e+02
4.35334212e-07 4.60014876e+02 3.44904836e+02
4.35765242e-07 2.56900996e+02 3.55887950e+02
4.36196273e-07 1.99340149e+02 3.48884413e+02
4.36627303e-07 3.22950502e+02 3.47917808e+02
4.37058333e-07 3.77684948e+02 3.36296094e+02
4.37489364e-07 2.93238243e+02 3.52644911e+02
4.37920394e-07 1.75637004e+02 3.64561785e+02
4.38351424e-07 2.88257326e+02 3.41009032e+02
4.38782455e-07 3.31376893e+02 3.38462415e+02
4.39213485e-07 2.44514998e+02 3.53496793e+02
4.39644515e-07 4.07329552e+02 3.64426236e+02
4.40075545e-07 3.69231876e+02 4.00506608e+02
4.40506576e-07 3.83709771e+02 4.28547313e+02
4.40937606e-07 3.67312382e+02 4.63735236e+02
4.41368636e-07 3.65764066e+02 4.77044257e+02
4.41799667e-07 3.33876866e+02 4.54953123e+02
4.42230697e-07 3.47796081e+02 4.60108341e+02
4.42661727e-07 3.55652859e+02 4.30943030e+02
4.43092758e-07 2.43350224e+02 4.13251780e+02
4.43523788e-07 3.29312389e+02 4.22854111e+02
4.43954818e-07 1.59125666e+02 4.29021928e+02
4.44385848e-07 2.91196079e+02 4.00164650e+02
4.44816879e-07 2.86680012e+02 4.03792826e+02
4.45247909e-07 3.71104708e+02 4.07605943e+02
4.45678939e-07 4.97899228e+02 3.75630033e+02
4.46109970e-07 4.44203728e+02 3.72435263e+02
4.46541000e-07 4.86682854e+02 3.65346052e+02
4.46972030e-07 8.18127190e+02 3.89423879e+02
4.47403061e-07 1.09641965e+03 3.84878238e+02
4.47834091e-07 9.53773164e+02 3.72271807e+02
4.48265121e-07 6.17952355e+02 3.88542729e+02
4.48696152e-07 3.69232737e+02 4.07102154e+02
4.49127182e-07 3.01501642e+02 4.20037936e+02
4.49558212e-07 2.60598445e+02 4.21932682e+02
4.49989242e-07 4.67655380e+02 3.87058655e+02
4.50420273e-07 5.43464360e+02 4.06504631e+02
4.50851303e-07 5.12055883e+02 4.23889481e+02
4.51282333e-07 3.45666751e+02 4.32208426e+02
4.51713364e-07 3.40862415e+02 4.20896910e+02
4.52144394e-07 4.73942988e+02 4.47431942e+02
4.52575424e-07 3.62847803e+02 4.56048593e+02
4.53006455e-07 4.67611280e+02 5.11099870e+02
4.53437485e-07 3.27238537e+02 5.16005591e+02
4.53868515e-07 3.14857934e+02 5.02662558e+02
4.54299545e-07 3.32316816e+02 5.14450058e+02
4.54730576e-07 5.79108972e+02 4.86629953e+02
4.55161606e-07 5.24339068e+02 4.82867032e+02
4.55592636e-07 5.09307770e+02 4.74238109e+02
4.56023667e-07 5.19797074e+02 4.60199765e+02
4.56454697e-07 5.20020330e+02 4.63092197e+02
4.56885727e-07 5.50423755e+02 4.56634900e+02
4.57316758e-07 5.85454841e+02 4.60203140e+02
4.57747788e-07 3.49196791e+02 5.28965677e+02
4.58178818e-07 5.65233574e+02 5.14443357e+02
4.58609848e-07 6.39132036e+02 4.84740434e+02
4.59040879e-07 6.18099431e+02 4.99228417e+02
4.59471909e-07 2.81684752e+02 4.80979380e+02
4.59902939e-07 5.90036229e+02 4.72493664e+02
4.60333970e-07 4.17060159e+02 4.94512705e+02
4.60765000e-07 4.33906266e+02 4.95441851e+02
4.61196030e-07 3.33968151e+02 4.86885447e+02
4.61627061e-07 5.86110779e+02 5.00938596e+02
4.62058091e-07 6.42164029e+02 5.06531410e+02
4.62489121e-07 6.51217815e+02 5.02614916e+02
4.62920152e-07 5.56842092e+02 4.92873095e+02
4.63351182e-07 4.90214761e+02 5.02310808e+02
4.63782212e-07 7.47442307e+02 4.91015471e+02
4.64213242e-07 7.98007059e+02 4.65192577e+02
4.64644273e-07 6.77546039e+02 4.69295250e+02
4.65075303e-07 5.51870999e+02 4.99793432e+02
4.65506333e-07 6.36602684e+02 5.16593008e+02
4.65937364e-07 3.74321673e+02 5.35058340e+02
4.66368394e-07 6.02230224e+02 5.37688054e+02
4.66799424e-07 4.43938921e+02 5.68327302e+02
4.67230455e-07 4.25998561e+02 5.79939188e+02
4.67661485e-07 4.34093757e+02 5.72597817e+02
4.68092515e-07 6.02278609e+02 5.54056177e+02
4.68523545e-07 5.64281957e+02 5.55372506e+02
4.68954576e-07 6.51648902e+02 5.51697095e+02
4.69385606e-07 9.81949171e+02 5.33885645e+02
4.69816636e-07 7.19165374e+02 5.40443354e+02
4.70247667e-07 5.80058187e+02 5.34422989e+02
4.70678697e-07 4.77790002e+02 5.55377020e+02
4.71109727e-07 8.97693755e+02 5.43247262e+02
4.71540758e-07 5.10330381e+02 5.28812445e+02
4.71971788e-07 3.04203201e+02 5.60953989e+02
4.72402818e-07 5.29939170e+02 5.37974635e+02
4.72833848e-07 7.25526399e+02 5.41612718e+02
4.73264879e-07 6.71073699e+02 5.47690259e+02
4.73695909e-07 7.15438738e+02 5.43014619e+02
4.74126939e-07 7.23177778e+02 5.30332821e+02
4.74557970e-07 6.55598547e+02 5.16362809e+02
4.74989000e-07 8.14274558e+02 5.47456331e+02
4.75420030e-07 7.63865487e+02 5.44524015e+02
4.75851061e-07 6.08064502e+02 5.36391136e+02
4.76282091e-07 4.08965707e+02 5.54643532e+02
4.76713121e-07 4.95411120e+02 5.56856641e+02
4.77144152e-07 6.83324030e+02 5.57908840e+02
4.77575182e-07 6.43809321e+02 5.78996085e+02
4.78006212e-07 8.55701375e+02 5.88352005e+02
4.78437242e-07 5.21422349e+02 5.84272538e+02
4.78868273e-07 8.17797509e+02 5.72147877e+02
4.79299303e-07 6.02312200e+02 5.95210966e+02
4.79730333e-07 9.81158505e+02 6.01630677e+02
4.80161364e-07 8.50015711e+02 5.68161048e+02
4.80592394e-07 5.81740781e+02 5.95859394e+02
4.81023424e-07 9.15792535e+02 5.57883664e+02
4.81454455e-07 8.02368610e+02 6.20489614e+02
4.81885485e-07 7.02004707e+02 6.99991346e+02
4.82316515e-07 8.88047035e+02 6.94813319e+02
4.82747545e-07 8.26552416e+02 7.08919166e+02
4.83178576e-07 8.01308678e+02 6.96959893e+02
4.83609606e-07 9.23393108e+02 6.94954863e+02
4.84040636e-07 8.87968283e+02 6.73576394e+02
4.84471667e-07 1.02642976e+03 6.76277644e+02
4.84902697e-07 8.83281886e+02 6.73962852e+02
4.85333727e-07 8.88580657e+02 6.41106728e+02
4.85764758e-07 1.03656693e+03 5.97109211e+02
4.86195788e-07 9.45983142e+02 5.97392638e+02
4.86626818e-07 6.51066394e+02 6.11141030e+02
4.87057848e-07 7.19619451e+02 6.34593974e+02
4.87488879e-07 8.35713456e+02 6.07367935e+02
4.87919909e-07 1.11476925e+03 6.60039799e+02
4.88350939e-07 7.80170624e+02 6.83902483e+02
4.88781970e-07 7.69445857e+02 6.67724483e+02
4.89213000e-07 1.00219754e+03 6.71432013e+02
4.89644030e-07 8.84739072e+02 6.67873417e+02
4.90075061e-07 9.24543746e+02 6.39682186e+02
4.90506091e-07 6.48068941e+02 6.49417620e+02
4.90937121e-07 8.77364316e+02 6.52381627e+02
4.91368152e-07 8.78863417e+02 6.31943571e+02
4.91799182e-07 9.03940003e+02 6.21923528e+02
4.92230212e-07 1.08974419e+03 6.04698610e+02
4.92661242e-07 7.80663759e+02 6.38283073e+02
4.93092273e-07 8.45664845e+02 6.51947045e+02
4.93523303e-07 1.17717766e+03 6.52272915e+02
4.93954333e-07 9.37366640e+02 6.56638939e+02
4.94385364e-07 9.50344322e+02 6.64027307e+02
4.94816394e-07 7.07792338e+02 6.68598587e+02
4.95247424e-07 6.05206198e+02 6.75366784e+02
4.95678455e-07 9.31068505e+02 6.67658158e+02
4.96109485e-07 1.04392252e+03 6.89345542e+02
4.96540515e-07 6.94008660e+02 7.24938577e+02
4.96971545e-07 8.47648240e+02 7.12712185e+02
4.97402576e-07 1.15179064e+03 6.80974063e+02
4.97833606e-07 9.21308763e+02 7.07140120e+02
4.98264636e-07 8.75333819e+02 6.53702968e+02
4.98695667e-07 8.77909185e+02 6.97635533e+02
4.99126697e-07 7.85062388e+02 6.99767645e+02
4.99557727e-07 1.04467379e+03 7.26367486e+02
4.99988758e-07 1.19232118e+03 6.76100780e+02
5.00419788e-07 7.84074272e+02 6.70933697e+02
5.00850818e-07 9.29421308e+02 7.05440282e+02
5.01281848e-07 9.31084911e+02 7.33204529e+02
5.01712879e-07 1.01852531e+03 6.69220713e+02
5.02143909e-07 1.17171490e+03 6.75063152e+02
5.02574939e-07 1.19138482e+03 7.23531320e+02
5.03005970e-07 1.08779684e+03 7.31883237e+02
5.03437000e-07 1.06054338e+03 7.03875997e+02
5.03868030e-07 8.44895836e+02 6.79925610e+02
5.04299061e-07 9.39852450e+02 7.12487008e+02
5.04730091e-07 8.65591430e+02 6.85671854e+02
5.05161121e-07 8.88881181e+02 7.08115917e+02
5.05592152e-07 1.06550085e+03 7.28718142e+02
5.06023182e-07 1.07419873e+03 7.32766773e+02
5.06454212e-07 1.23922920e+03 6.97086962e+02
5.06885242e-07 1.00454814e+03 6.95157753e+02
5.07316273e-07 9.98278704e+02 6.65304233e+02
5.07747303e-07 1.08873602e+03 6.76094553e+02
5.08178333e-07 1.15642587e+03 6.68816998e+02
5.08609364e-07 9.90983605e+02 6.84276552e+02
5.09040394e-07 1.04448345e+03 7.20211770e+02
5.09471424e-07 9.26132478e+02 7.38813075e+02
5.09902455e-07 8.71520376e+02 7.23734349e+02
5.10333485e-07 1.06624682e+03 7.03197593e+02
5.10764515e-07 1.23971898e+03 7.19570329e+02
5.11195545e-07 1.01388823e+03 7.01605600e+02
5.11626576e-07 9.89947594e+02 7.30025421e+02
5.12057606e-07 9.77995035e+02 7.36537577e+02
5.12488636e-07 1.22800298e+03 7.22088506e+02
5.12919667e-07 1.29071985e+03 7.42461619e+02
5.13350697e-07 1.05454561e+03 7.86040857e+02
5.13781727e-07 1.12205639e+03 7.93489625e+02
5.14212758e-07 1.03617178e+03 8.43479292e+02
5.14643788e-07 1.16215533e+03 8.13744872e+02
5.15074818e-07 1.22574797e+03 8.27980001e+02
5.15505848e-07 8.69359053e+02 8.36585530e+02
5.15936879e-07 9.68194189e+02 7.82108555e+02
5.16367909e-07 1.07344758e+03 8.01523205e+02
5.16798939e-07 8.34533755e+02 7.68715467e+02
5.17229970e-07 9.27081716e+02 7.40468654e+02
5.17661000e-07 1.28033283e+03 7.43423243e+02
5.18092030e-07 1.20378969e+03 7.24017200e+02
5.18523061e-07 1.12092977e+03 7.52012951e+02
5.18954091e-07 1.27245352e+03 8.19301634e+02
5.19385121e-07 1.18047192e+03 9.56171564e+02
5.19816152e-07 1.00499934e+03 1.11125773e+03
5.20247182e-07 8.64679653e+02 1.08942854e+03
5.20678212e-07 1.20398192e+03 8.73906324e+02
5.21109242e-07 1.30641017e+03 7.89407226e+02
5.21540273e-07 1.16347341e+03 8.13636494e+02
5.21971303e-07 1.00943004e+03 8.87842465e+02
5.22402333e-07 8.78149848e+02 8.69709942e+02
5.22833364e-07 9.11837625e+02 8.38049173e+02
5.23264394e-07 1.22033433e+03 8.12415083e+02
5.23695424e-07 1.03684258e+03 8.81003692e+02
5.24126455e-07 1.00492588e+03 8.50703779e+02
5.24557485e-07 1.15938507e+03 8.33851817e+02
5.24988515e-07 1.04748478e+03 8.49316695e+02
5.25419545e-07 1.12605270e+03 8.61289160e+02
5.25850576e-07 1.13800856e+03 8.29999515e+02
5.26281606e-07 1.07333673e+03 8.06025006e+02
5.26712636e-07 1.16298851e+03 7.65504933e+02
5.27143667e-07 1.14846318e+03 8.25505395e+02
5.27574697e-07 1.06709172e+03 8.88137127e+02
5.28005727e-07 1.28372418e+03 8.29913851e+02
5.28436758e-07 1.22107343e+03 8.39497909e+02
5.28867788e-07 1.16956411e+03 8.55446697e+02
5.29298818e-07 1.32683297e+03 8.50563878e+02
5.29729848e-07 1.47129931e+03 8.56321700e+02
5.30160879e-07 1.07436278e+03 9.00659813e+02
5.30591909e-07 1.00148292e+03 9.44257711e+02
5.31022939e-07 9.87105101e+02 9.30076958e+02
5.31453970e-07 1.23480704e+03 9.27637646e+02
5.31885000e-07 1.21964718e+03 9.60230657e+02
5.32316030e-07 1.35943229e+03 9.16587981e+02
5.32747061e-07 1.24910605e+03 9.55298630e+02
5.33178091e-07 1.20419175e+03 9.93275164e+02
5.33609121e-07 1.35555940e+03 8.97476717e+02
5.34040152e-07 1.28435425e+03 9.02926061e+02
5.34471182e-07 1.43104676e+03 9.09331577e+02
5.34902212e-07 1.21353915e+03 9.32074804e+02
5.35333242e-07 1.02668884e+03 9.19854852e+02
5.35764273e-07 1.14627626e+03 9.14633006e+02
5.36195303e-07 1.26430899e+03 8.73963606e+02
5.36626333e-07 1.38772945e+03 8.91895918e+02
5.37057364e-07 1.52837373e+03 8.91230610e+02
5.37488394e-07 1.51577291e+03 9.01379710e+02
5.37919424e-07 1.41906029e+03 9.28593558e+02
5.38350455e-07 1.35894202e+03 9.20778919e+02
5.38781485e-07 1.15384244e+03 9.06880300e+02
5.39212515e-07 1.03547172e+03 8.89029899e+02
5.39643545e-07 1.25941001e+03 8.90912151e+02
5.40074576e-07 1.62181227e+03 8.81801576e+02
5.40505606e-07 1.52540069e+03 8.80589216e+02
5.40936636e-07 1.52911865e+03 8.79613773e+02
5.41367667e-07 1.19791586e+03 9.28159740e+02
5.41798697e-07 1.27452950e+03 9.46914031e+02
5.42229727e-07 1.18468990e+03 9.20139966e+02
5.42660758e-07 1.32910836e+03 9.17011976e+02
5.43091788e-07 1.31363421e+03 9.61754862e+02
5.43522818e-07 1.42967186e+03 9.39542170e+02
5.43953848e-07 1.39738629e+03 9.66426530e+02
5.44384879e-07 1.48835567e+03 9.17007814e+02
5.44815909e-07 1.22875022e+03 9.38646243e+02
5.45246939e-07 1.14594171e+03 1.00012248e+03
5.45677970e-07 1.23823101e+03 9.99613034e+02
5.46109000e-07 1.00729185e+03 1.05928351e+03
5.46540030e-07 1.27803289e+03 1.00949831e+03
5.46971061e-07 1.39945311e+03 9.97308248e+02
5.47402091e-07 1.27876994e+03 9.42610227e+02
5.47833121e-07 1.44660314e+03 9.96508300e+02
5.48264152e-07 1.71698457e+03 9.98480404e+02
5.48695182e-07 1.40248695e+03 1.06012590e+03
5.49126212e-07 1.42601491e+03 1.01387199e+03
5.49557242e-07 1.51313989e+03 1.01674716e+03
5.49988273e-07 1.41720240e+03 1.05742479e+03
5.50419303e-07 1.77653594e+03 1.02460084e+03
5.50850333e-07 1.65578691e+03 1.07838203e+03
5.51281364e-07 1.71862487e+03 1.06074476e+03
5.51712394e-07 1.35237953e+03 1.07379100e+03
5.52143424e-07 1.40710072e+03 1.07734851e+03
5.52574455e-07 1.40557462e+03 1.06696153e+03
5.53005485e-07 1.55227604e+03 1.05503670e+03
5.53436515e-07 1.60776274e+03 1.09752872e+03
5.53867545e-07 1.58941342e+03 1.10684999e+03
5.54298576e-07 1.52307020e+03 1.19734133e+03
5.54729606e-07 1.83098199e+03 1.13718934e+03
5.55160636e-07 1.35504829e+03 1.09652967e+03
5.55591667e-07 1.38823702e+03 1.12259477e+03
5.56022697e-07 1.43987325e+03 1.18200710e+03
5.56453727e-07 3.55019985e+03 1.20260527e+03
5.56884758e-07 1.09197783e+04 3.49801020e+03
5.57315788e-07 5.28840697e+03 1.94545553e+04
5.58177848e-07 3.71434053e+03 1.70528002e+04
5.58608879e-07 1.60085217e+03 2.70707430e+03
5.59039909e-07 2.34865385e+03 1.08231039e+03
5.59470939e-07 1.64291742e+03 1.20393008e+03
5.59901970e-07 1.79288028e+03 1.21448654e+03
5.60333000e-07 1.69116629e+03 1.28181397e+03
5.60764030e-07 2.04157722e+03 1.24465279e+03
5.61195061e-07 1.87238615e+03 1.15128883e+03
5.61626091e-07 1.45501692e+03 1.12785450e+03
5.62057121e-07 1.52977258e+03 1.21160618e+03
5.62488152e-07 1.87380685e+03 1.19305491e+03
5.62919182e-07 1.75218783e+03 1.13283017e+03
5.63350212e-07 1.57469035e+03 1.14486551e+03
5.63781242e-07 1.55184005e+03 1.12479603e+03
5.64212273e-07 1.72654824e+03 1.15938475e+03
5.64643303e-07 1.60832341e+03 1.13246104e+03
5.65074333e-07 1.51615371e+03 1.10570714e+03
5.65505364e-07 1.46982589e+03 1.12151339e+03
5.65936394e-07 1.36723856e+03 1.12494665e+03
5.66367424e-07 1.55663824e+03 1.16344676e+03
5.66798455e-07 1.44385223e+03 1.20844552e+03
5.67229485e-07 1.18995261e+03 1.21132565e+03
5.67660515e-07 1.40654528e+03 1.24540556e+03
5.68091545e-07 1.80650352e+03 1.20272780e+03
5.68522576e-07 1.66983168e+03 1.17431882e+03
5.68953606e-07 1.63204995e+03 1.19450399e+03
5.69384636e-07 1.34424389e+03 1.28419814e+03
5.69815667e-07 1.69546626e+03 1.22845328e+03
5.70246697e-07 1.75740686e+03 1.21514859e+03
5.70677727e-07 1.80150787e+03 1.19222096e+03
5.71108758e-07 1.51336276e+03 1.21582717e+03
5.71539788e-07 1.37379373e+03 1.22234054e+03
5.71970818e-07 1.04170627e+03 1.26228101e+03
5.72401848e-07 1.45666306e+03 1.27185727e+03
5.72832879e-07 1.37350476e+03 1.27339569e+03
5.73263909e-07 1.61756127e+03 1.28126340e+03
5.73694939e-07 1.32077965e+03 1.24674483e+03
5.74125970e-07 1.56928980e+03 1.20730521e+03
5.74557000e-07 1.45108897e+03 1.21649587e+03
5.74988030e-07 1.54028450e+03 1.21564210e+03
5.75419061e-07 1.51155926e+03 1.20757153e+03
5.75850091e-07 1.73224840e+03 1.19428218e+03
5.76281121e-07 1.80736867e+03 1.26239349e+03
5.76712152e-07 1.47308805e+03 1.24901212e+03
5.77143182e-07 1.38507526e+03 1.25800649e+03
5.77574212e-07 1.29805831e+03 1.16138492e+03
5.78005242e-07 1.24828836e+03 1.29324696e+03
5.78436273e-07 1.48079059e+03 1.22769931e+03
5.78867303e-07 1.60433979e+03 1.22890213e+03
5.79298333e-07 1.65674459e+03 1.23720575e+03
5.79729364e-07 1.07919722e+03 1.27048262e+03
5.80160394e-07 1.82020333e+03 1.22079042e+03
5.80591424e-07 1.83620071e+03 1.21049094e+03
5.81022455e-07 1.39981798e+03 1.22965628e+03
5.81453485e-07 1.77229829e+03 1.24454523e+03
5.81884515e-07 1.82964164e+03 1.26637600e+03
5.82315545e-07 1.40938785e+03 1.33803133e+03
5.82746576e-07 8.32641956e+02 1.32557513e+03
5.83177606e-07 1.77082193e+03 1.28558281e+03
5.83608636e-07 2.59407137e+03 1.22087618e+03
5.84039667e-07 2.02719208e+03 1.25971790e+03
5.84470697e-07 1.45226767e+03 1.25524948e+03
5.84901727e-07 1.52318032e+03 1.25322916e+03
5.85332758e-07 1.50072401e+03 1.23725281e+03
5.85763788e-07 1.64073316e+03 1.26336468e+03
5.86194818e-07 1.82010297e+03 1.55220974e+03
5.86625848e-07 1.91847948e+03 1.75679875e+03
5.87056879e-07 1.98865211e+03 1.60456275e+03
5.87487909e-07 2.00963961e+03 1.44027892e+03
5.87918939e-07 2.48431683e+03 1.44153904e+03
5.88349970e-07 2.88462122e+03 2.49771660e+03
5.88781000e-07 2.68135915e+03 5.32154149e+03
5.89212030e-07 1.05892494e+03 6.39102188e+03
5.89643061e-07 1.35961992e+03 4.61241150e+03
5.90074091e-07 1.70090751e+03 2.43966317e+03
5.90505121e-07 2.00201810e+03 1.49564992e+03
5.90936152e-07 1.89881700e+03 1.53759083e+03
5.91367182e-07 1.70808032e+03 1.67669742e+03
5.91798212e-07 1.55010618e+03 1.65171490e+03
5.92229242e-07 1.83885892e+03 1.50486923e+03
5.92660273e-07 1.94706944e+03 1.59867347e+03
5.93091303e-07 1.84694299e+03 1.72018867e+03
5.93522333e-07 1.62808144e+03 1.65485922e+03
5.93953364e-07 1.65718402e+03 1.45871138e+03
5.94384394e-07 1.88871491e+03 1.55030041e+03
5.94815424e-07 2.04337278e+03 1.64365591e+03
5.95246455e-07 1.71808479e+03 1.74056831e+03
5.95677485e-07 1.87724826e+03 1.57851308e+03
5.96108515e-07 1.74205494e+03 1.39276872e+03
5.96539545e-07 1.88960673e+03 1.46051320e+03
5.96970576e-07 1.86364095e+03 1.53672944e+03
5.97401606e-07 1.80167936e+03 1.63136163e+03
5.97832636e-07 1.83571078e+03 1.60127848e+03
5.98263667e-07 1.34731761e+03 1.48210501e+03
5.98694697e-07 1.49811599e+03 1.46014754e+03
5.99125727e-07 1.70865766e+03 1.41358696e+03
5.99556758e-07 1.88536544e+03 1.47177715e+03
5.99987788e-07 1.71351215e+03 1.45757683e+03
6.00418818e-07 1.91614803e+03 1.46595772e+03
6.00849848e-07 2.90498194e+03 1.39786699e+03
6.01280879e-07 2.93945553e+03 1.29314454e+03
6.01711909e-07 2.18917315e+03 1.30178233e+03
6.02142939e-07 1.88878999e+03 1.28172488e+03
6.02573970e-07 1.79104546e+03 1.34050997e+03
6.03005000e-07 1.93232977e+03 1.42553457e+03
6.03436030e-07 1.53753683e+03 1.38447844e+03
6.03867061e-07 1.54957255e+03 1.34334845e+03
6.04298091e-07 1.75220469e+03 1.32986145e+03
6.04729121e-07 1.54710220e+03 1.29550441e+03
6.05160152e-07 1.83697957e+03 1.29982913e+03
6.05591182e-07 1.98235137e+03 1.37448534e+03
6.06022212e-07 1.75125542e+03 1.36012147e+03
6.06453242e-07 1.75055144e+03 1.34591720e+03
6.06884273e-07 1.76623669e+03 1.33318063e+03
6.07315303e-07 1.73293427e+03 1.31673747e+03
6.07746333e-07 1.55828537e+03 1.31428266e+03
6.08177364e-07 1.81336588e+03 1.34768042e+03
6.08608394e-07 1.88159832e+03 1.30828874e+03
6.09039424e-07 1.86312424e+03 1.28091012e+03
6.09470455e-07 1.97625563e+03 1.30423120e+03
6.09901485e-07 1.95089783e+03 1.29636239e+03
6.10332515e-07 1.50398801e+03 1.34696626e+03
6.10763545e-07 1.75533590e+03 1.33671471e+03
6.11194576e-07 1.84642302e+03 1.32178549e+03
6.11625606e-07 1.68182226e+03 1.34325949e+03
6.12056636e-07 1.78694318e+03 1.30971961e+03
6.12487667e-07 1.80131821e+03 1.28068671e+03
6.12918697e-07 1.82256680e+03 1.25431506e+03
6.13349727e-07 2.08115684e+03 1.35515460e+03
6.13780758e-07 2.07624250e+03 1.51513390e+03
6.14211788e-07 1.95881598e+03 1.50734637e+03
6.14642818e-07 1.75787050e+03 1.42848351e+03
6.15073848e-07 1.47483844e+03 1.36910058e+03
6.15504879e-07 1.82963619e+03 1.33164763e+03
6.15935909e-07 1.89889452e+03 1.31578139e+03
6.16366939e-07 1.86494373e+03 1.35928030e+03
6.16797970e-07 2.22797884e+03 1.40681325e+03
6.17229000e-07 2.04991586e+03 1.46963344e+03
6.17660030e-07 1.88047677e+03 1.40949385e+03
6.18091061e-07 1.88674874e+03 1.32102925e+03
6.18522091e-07 1.81212799e+03 1.31847638e+03
6.18953121e-07 1.90657190e+03 1.30781832e+03
6.19384152e-07 1.62479904e+03 1.34590318e+03
6.19815182e-07 1.55922344e+03 1.37883325e+03
6.20246212e-07 1.87550772e+03 1.43103829e+03
6.20677242e-07 1.61694454e+03 1.42607655e+03
6.21108273e-07 1.61111075e+03 1.40266723e+03
6.21539303e-07 1.84552031e+03 1.39603635e+03
6.21970333e-07 1.85093983e+03 1.48599150e+03
6.22401364e-07 2.11557478e+03 1.43992335e+03
6.22832394e-07 2.65384760e+03 1.46653456e+03
6.23263424e-07 1.88434686e+03 2.06572769e+03
6.23694455e-07 1.66812473e+03 2.42007544e+03
6.24125485e-07 1.99886792e+03 2.03176207e+03
6.24556515e-07 2.12264918e+03 1.65905834e+03
6.24987545e-07 2.00974998e+03 1.49144696e+03
6.25418576e-07 2.20018565e+03 1.91831680e+03
6.25849606e-07 2.22879638e+03 2.28655004e+03
6.26280636e-07 2.00373721e+03 1.95748698e+03
6.26711667e-07 2.04674390e+03 1.67092533e+03
6.27142697e-07 1.86244107e+03 1.50547731e+03
6.27573727e-07 1.90463551e+03 1.46100184e+03
6.28004758e-07 2.20335630e+03 1.47044836e+03
6.28435788e-07 2.02621727e+03 1.81709667e+03
6.28866818e-07 3.44982096e+03 1.99875707e+03
6.29297848e-07 5.35398642e+03 4.01452741e+03
6.29728879e-07 2.43822540e+03 1.19574462e+04
6.30159909e-07 2.60840481e+03 1.34960497e+04
6.30590939e-07 2.27139337e+03 5.80615320e+03
6.31021970e-07 2.01917702e+03 1.93225146e+03
6.31453000e-07 1.68019568e+03 1.49200101e+03
6.31884030e-07 2.01639630e+03 1.57264979e+03
6.32315061e-07 2.21760936e+03 1.79232694e+03
6.32746091e-07 1.70480916e+03 2.04929804e+03
6.33177121e-07 1.86334620e+03 1.94451866e+03
6.33608152e-07 1.76164011e+03 1.50609012e+03
6.34039182e-07 1.65418015e+03 1.36315112e+03
6.34470212e-07 2.10655827e+03 1.55608027e+03
6.34901242e-07 2.40593813e+03 1.67244995e+03
6.35332273e-07 2.43480082e+03 1.92706053e+03
6.35763303e-07 2.77096104e+03 3.22979434e+03
6.36194333e-07 2.45733826e+03 5.66042531e+03
6.36625364e-07 2.05589368e+03 4.85936868e+03
6.37056394e-07 1.78650168e+03 2.08675121e+03
6.37487424e-07 2.65220278e+03 1.42642412e+03
6.37918455e-07 2.23547818e+03 1.49635047e+03
6.38349485e-07 2.19293856e+03 1.62780589e+03
6.38780515e-07 2.19371209e+03 1.58663089e+03
6.39211545e-07 1.99387690e+03 1.35590838e+03
6.39642576e-07 2.28074497e+03 1.30777275e+03
6.40073606e-07 2.05681344e+03 1.33462162e+03
6.40504636e-07 1.84491639e+03 1.32900011e+03
6.40935667e-07 2.02790424e+03 1.32199209e+03
6.41366697e-07 2.26257367e+03 1.38622112e+03
6.41797727e-07 1.91679922e+03 1.49450228e+03
6.42228758e-07 2.16785574e+03 1.39230880e+03
6.42659788e-07 2.07072251e+03 1.35297904e+03
6.43090818e-07 1.66731965e+03 1.32254139e+03
6.43521848e-07 2.24080703e+03 1.30859766e+03
6.43952879e-07 2.13341534e+03 1.23927961e+03
6.44383909e-07 1.88224049e+03 1.34098099e+03
6.44814939e-07 1.96799914e+03 1.43042032e+03
6.45245970e-07 1.92629833e+03 1.48289281e+03
6.45677000e-07 1.92573025e+03 1.50513423e+03
6.46108030e-07 2.15280964e+03 1.76755553e+03
6.46539061e-07 2.45859103e+03 2.11645301e+03
6.46970091e-07 1.94354464e+03 2.03259451e+03
6.47401121e-07 1.78797989e+03 1.72085869e+03
6.47832152e-07 1.59636911e+03 1.44941127e+03
6.48263182e-07 1.89289610e+03 1.34377026e+03
6.48694212e-07 2.71474559e+03 1.27833118e+03
6.49125242e-07 2.47809741e+03 1.40865275e+03
6.49556273e-07 2.71866387e+03 2.02271632e+03
6.49987303e-07 2.47462302e+03 2.38164691e+03
6.50418333e-07 1.91855390e+03 1.91140009e+03
6.50849364e-07 1.51418992e+03 1.50267355e+03
6.51280394e-07 1.96271966e+03 1.33579049e+03
6.51711424e-07 2.41336405e+03 1.40174425e+03
6.52142455e-07 2.44510453e+03 1.58876984e+03
6.52573485e-07 1.90455622e+03 1.63760013e+03
6.53004515e-07 2.23907663e+03 1.85320420e+03
6.53435545e-07 1.85220086e+03 1.94565138e+03
6.53866576e-07 2.02841529e+03 1.67237676e+03
6.54297606e-07 2.40498410e+03 1.71963262e+03
6.54728636e-07 2.59821545e+03 1.81675992e+03
6.55159667e-07 2.56793270e+03 2.09494089e+03
6.55590697e-07 2.28383533e+03 2.07866639e+03
6.56021727e-07 2.44422230e+03 1.84160627e+03
6.56452758e-07 2.83665351e+03 1.84965677e+03
6.56883788e-07 2.29061338e+03 1.76568348e+03
6.57314818e-07 2.51467398e+03 1.90790167e+03
6.57745848e-07 2.21051770e+03 2.03500332e+03
6.58176879e-07 2.01224111e+03 1.69816571e+03
6.58607909e-07 1.89962248e+03 1.47615627e+03
6.59038939e-07 2.10758342e+03 1.35874587e+03
6.59469970e-07 2.20867116e+03 1.47704984e+03
6.59901000e-07 2.35361108e+03 1.66080203e+03
6.60332030e-07 2.21248875e+03 1.68823802e+03
6.60763061e-07 1.86200241e+03 1.49983852e+03
6.61194091e-07 2.31151510e+03 1.34691792e+03
6.61625121e-07 2.46492147e+03 1.34335671e+03
6.62056152e-07 2.36428214e+03 1.37252702e+03
6.62487182e-07 2.39259342e+03 1.43729069e+03
6.62918212e-07 1.96613649e+03 1.50654114e+03
6.63349242e-07 2.39394599e+03 1.45728197e+03
6.63780273e-07 2.05232684e+03 1.46404605e+03
6.64211303e-07 2.29143059e+03 1.40032838e+03
6.64642333e-07 2.28058402e+03 1.37248750e+03
6.65073364e-07 2.11117241e+03 1.30724829e+03
6.65504394e-07 2.43041757e+03 1.39393859e+03
6.65935424e-07 2.55543085e+03 1.35498952e+03
6.66366455e-07 2.09277626e+03 1.41495640e+03
6.66797485e-07 2.06169258e+03 1.35714245e+03
6.67228515e-07 2.46156164e+03 1.27312732e+03
6.67659545e-07 2.39733415e+03 1.23233444e+03
6.68090576e-07 2.22344261e+03 1.36285622e+03
6.68521606e-07 2.07492040e+03 1.35416584e+03
6.68952636e-07 1.71324416e+03 1.30105939e+03
6.69383667e-07 1.97342073e+03 1.36580607e+03
6.69814697e-07 2.11278389e+03 1.38655880e+03
6.70245727e-07 2.03437405e+03 1.38098880e+03
6.70676758e-07 2.02248361e+03 1.36285681e+03
6.71107788e-07 2.37081544e+03 1.37260522e+03
6.71538818e-07 2.16654637e+03 1.36356252e+03
6.71969848e-07 2.09827000e+03 1.33999502e+03
6.72400879e-07 2.29831807e+03 1.28435703e+03
6.72831909e-07 2.37562810e+03 1.31359192e+03
6.73262939e-07 2.33953876e+03 1.33818978e+03
6.73693970e-07 2.30418564e+03 1.36949351e+03
6.74125000e-07 2.35813822e+03 1.35658511e+03
6.74556030e-07 2.01987101e+03 1.43431130e+03
6.74987061e-07 1.81444701e+03 1.32467320e+03
6.75418091e-07 2.00519283e+03 1.28954644e+03
6.75849121e-07 1.96355032e+03 1.31251112e+03
6.76280152e-07 2.01387848e+03 1.34160910e+03
6.76711182e-07 2.40891267e+03 1.23024365e+03
6.77142212e-07 2.35434485e+03 1.25719996e+03
6.77573242e-07 1.91483033e+03 1.36371833e+03
6.78004273e-07 1.91230819e+03 1.33289254e+03
6.78435303e-07 2.13692920e+03 1.30698780e+03
6.78866333e-07 2.36244289e+03 1.32559364e+03
6.79297364e-07 2.44741805e+03 1.27557335e+03
6.79728394e-07 2.13711119e+03 1.28551694e+03
6.80159424e-07 2.15926943e+03 1.28150498e+03
6.80590455e-07 2.21641614e+03 1.29838690e+03
6.81021485e-07 2.34347694e+03 1.26137692e+03
6.81452515e-07 2.67222451e+03 1.26100685e+03
6.81883545e-07 2.71503967e+03 1.34045506e+03
6.82314576e-07 2.92362699e+03 2.02827371e+03
6.82745606e-07 2.86684103e+03 3.35756119e+03
6.83176636e-07 2.22908973e+03 3.75216534e+03
6.83607667e-07 2.37609455e+03 2.96649869e+03
6.84038697e-07 2.49421134e+03 1.98726323e+03
6.84469727e-07 1.86021821e+03 1.62009374e+03
6.84900758e-07 1.71169725e+03 1.40032247e+03
6.85331788e-07 2.84155979e+03 1.38965999e+03
6.85762818e-07 3.59428416e+03 2.10712549e+03
6.86193848e-07 1.93583213e+03 3.61212520e+03
6.86624879e-07 1.97505714e+03 3.21790091e+03
6.87055909e-07 1.69211073e+03 1.76815708e+03
6.87486939e-07 1.93656429e+03 1.28826821e+03
6.87917970e-07 2.34273962e+03 1.47854148e+03
6.88349000e-07 2.19899510e+03 1.69090761e+03
6.88780030e-07 1.83376629e+03 1.80214410e+03
6.89211061e-07 2.23555948e+03 1.62457216e+03
6.89642091e-07 2.10836751e+03 1.54005766e+03
6.90073121e-07 1.88258637e+03 1.61531228e+03
6.90504152e-07 2.50035924e+03 1.61134127e+03
6.90935182e-07 2.33423156e+03 1.90268217e+03
6.91366212e-07 2.60190421e+03 2.03718357e+03
6.91797242e-07 2.58434976e+03 2.06572860e+03
6.92228273e-07 2.76003823e+03 2.55438382e+03
6.92659303e-07 2.39203398e+03 2.09881705e+03
6.93090333e-07 2.03612459e+03 1.40969019e+03
6.93521364e-07 2.78676759e+03 1.63927128e+03
6.93952394e-07 2.73441766e+03 1.98196379e+03
6.94383424e-07 2.67621233e+03 2.19474171e+03
6.94814455e-07 2.88735345e+03 2.75277519e+03
6.95245485e-07 3.23077827e+03 2.25665389e+03
6.95676515e-07 2.09497814e+03 1.54790979e+03
6.96107545e-07 2.26935294e+03 1.50903065e+03
6.96538576e-07 2.28033221e+03 1.71419615e+03
6.96969606e-07 2.81476720e+03 2.01187371e+03
6.97400636e-07 2.43329654e+03 2.24194636e+03
6.97831667e-07 2.55972511e+03 2.37955390e+03
6.98262697e-07 2.02178180e+03 1.88347344e+03
6.98693727e-07 2.31197036e+03 1.37878559e+03
6.99124758e-07 2.51047393e+03 1.41723444e+03
6.99555788e-07 2.50667412e+03 1.41301388e+03
6.99986818e-07 2.55655537e+03 1.62290948e+03
7.00417848e-07 2.42765696e+03 1.67540505e+03
7.00848879e-07 2.17653596e+03 1.68795180e+03
7.01279909e-07 2.15190103e+03 1.72018606e+03
7.01710939e-07 2.06140397e+03 1.39676565e+03
7.02141970e-07 2.39757130e+03 1.23357445e+03
7.02573000e-07 2.50715109e+03 1.16455370e+03
7.03004030e-07 2.34982624e+03 1.21297603e+03
7.03435061e-07 2.52191209e+03 1.33998033e+03
7.03866091e-07 2.71688024e+03 1.41207300e+03
7.04297121e-07 2.77153160e+03 1.66460402e+03
7.04728152e-07 2.28947338e+03 2.02555098e+03
7.05159182e-07 2.58019182e+03 1.85687667e+03
7.05590212e-07 2.83364123e+03 1.57366734e+03
7.06021242e-07 2.66529799e+03 1.53765292e+03
7.06452273e-07 2.48813727e+03 1.61351341e+03
7.06883303e-07 3.03795157e+03 1.65397494e+03
7.07314333e-07 2.27641054e+03 1.54724999e+03
7.07745364e-07 2.14945048e+03 1.62124171e+03
7.08176394e-07 2.95441010e+03 1.66963350e+03
7.08607424e-07 2.40781673e+03 1.69613366e+03
7.09038455e-07 2.50371285e+03 1.64093373e+03
7.09469485e-07 2.22631563e+03 1.44930489e+03
7.09900515e-07 1.91912689e+03 1.31105684e+03
7.10331545e-07 2.28504782e+03 1.35060436e+03
7.10762576e-07 2.40272452e+03 1.34176863e+03
7.11193606e-07 2.48107375e+03 1.29867176e+03
7.11624636e-07 2.36547240e+03 1.37223645e+03
7.12055667e-07 2.58932645e+03 1.35949019e+03
7.12486697e-07 2.69381176e+03 1.39800165e+03
7.12917727e-07 2.32397856e+03 1.40805891e+03
7.13348758e-07 2.60356179e+03 1.40708324e+03
7.13779788e-07 2.63764055e+03 1.43165251e+03
7.14210818e-07 2.58342301e+03 1.62693881e+03
7.14641848e-07 3.21210400e+03 1.67567498e+03
7.15072879e-07 2.39853243e+03 1.51020051e+03
7.15503909e-07 2.56039503e+03 1.47149551e+03
7.15934939e-07 2.55721533e+03 1.49279846e+03
7.16365970e-07 2.59378754e+03 1.47216991e+03
7.16797000e-07 2.30372865e+03 1.33717895e+03
7.17228030e-07 2.23789479e+03 1.26608716e+03
7.17659061e-07 2.01639208e+03 1.24456579e+03
7.18090091e-07 2.20302368e+03 1.23057875e+03
7.18521121e-07 2.22932144e+03 1.08490995e+03
7.18952152e-07 1.91150485e+03 1.02971870e+03
7.19383182e-07 1.70582085e+03 9.87516220e+02
7.19814212e-07 1.77868849e+03 1.07481700e+03
7.20245242e-07 2.16514346e+03 1.03673980e+03
7.20676273e-07 1.61664454e+03 1.05296700e+03
7.21107303e-07 2.66383350e+03 1.10654063e+03
7.21538333e-07 2.61994022e+03 1.19379476e+03
7.21969364e-07 1.87076341e+03 1.28384918e+03
7.22400394e-07 1.76851801e+03 1.27836708e+03
7.22831424e-07 2.51476756e+03 1.30391257e+03
7.23262455e-07 2.63599544e+03 1.99498775e+03
7.23693485e-07 4.12098929e+03 4.29494977e+03
7.24124515e-07 4.57601963e+03 6.32564171e+03
7.24555545e-07 3.40131327e+03 5.37288179e+03
7.24986576e-07 1.85566118e+03 3.16157579e+03
7.25417606e-07 2.24118399e+03 2.06743749e+03
7.25848636e-07 2.07211069e+03 1.66346736e+03
7.26279667e-07 1.92394775e+03 1.38561281e+03
7.26710697e-07 3.06621008e+03 1.91829249e+03
7.27141727e-07 3.18982341e+03 3.55242384e+03
7.27572758e-07 4.57190595e+03 5.57179315e+03
7.28003788e-07 3.50214062e+03 4.70912322e+03
7.28434818e-07 2.57108348e+03 3.59031354e+03
7.28865848e-07 1.28696101e+03 2.49654763e+03
7.29296879e-07 1.98766107e+03 1.86854252e+03
7.29727909e-07 2.04401463e+03 2.05556522e+03
7.30158939e-07 2.11841498e+03 2.32340325e+03
7.30589970e-07 2.78332398e+03 2.28601324e+03
7.31021000e-07 2.46557538e+03 3.03005896e+03
7.31452030e-07 3.61186269e+03 4.72039910e+03
7.31883061e-07 2.79952647e+03 4.10705355e+03
7.32314091e-07 3.13243625e+03 2.61772719e+03
7.32745121e-07 2.71517754e+03 2.91619502e+03
7.33176152e-07 2.12291486e+03 3.07929489e+03
7.33607182e-07 3.16170573e+03 4.09913986e+03
7.34038212e-07 5.26555525e+03 5.87800949e+03
7.34469242e-07 2.70695389e+03 4.13027392e+03
7.34900273e-07 2.85555389e+03 2.04647738e+03
7.35331303e-07 2.54726735e+03 2.31857083e+03
7.35762333e-07 3.20499711e+03 3.01683685e+03
7.36193364e-07 2.50234229e+03 3.20511376e+03
7.36624394e-07 3.48800687e+03 4.15214287e+03
7.37055424e-07 2.17566119e+03 4.18689211e+03
7.37486455e-07 2.19942503e+03 2.50467113e+03
7.37917485e-07 2.15103820e+03 1.53296887e+03
7.38348515e-07 2.09261124e+03 1.54895557e+03
7.38779545e-07 2.70384721e+03 2.13021507e+03
7.39210576e-07 3.10842667e+03 2.67405820e+03
7.39641606e-07 3.04345255e+03 3.01959477e+03
7.40072636e-07 2.86684380e+03 3.60793489e+03
7.40503667e-07 2.24117806e+03 2.91895789e+03
7.40934697e-07 1.91194685e+03 1.74923801e+03
7.41365727e-07 1.82179379e+03 1.44992554e+03
7.41796758e-07 2.30530775e+03 1.45726456e+03
7.42227788e-07 1.78518666e+03 1.49081027e+03
7.42658818e-07 2.18813693e+03 1.84141382e+03
7.43089848e-07 2.05427132e+03 2.26352931e+03
7.43520879e-07 2.04108748e+03 2.55877489e+03
7.43951909e-07 2.37580963e+03 2.52276028e+03
7.44382939e-07 1.69954363e+03 1.76579493e+03
7.44813970e-07 2.23551493e+03 1.37637584e+03
7.45245000e-07 2.05510188e+03 1.28076053e+03
7.45676030e-07 1.86644663e+03 1.43431803e+03
7.46107061e-07 1.94649582e+03 1.81007943e+03
7.46538091e-07 2.39851148e+03 2.17056292e+03
7.46969121e-07 1.85221477e+03 2.64003352e+03
7.47400152e-07 2.05276063e+03 2.92970169e+03
7.47831182e-07 2.01083842e+03 3.01814176e+03
7.48262212e-07 1.92263213e+03 2.93647928e+03
7.48693242e-07 1.78428489e+03 2.26026454e+03
7.49124273e-07 1.84010868e+03 1.77104736e+03
7.49555303e-07 1.79658030e+03 1.59145696e+03
7.49986333e-07 1.97346142e+03 1.43843344e+03
7.50417364e-07 2.28107392e+03 1.44115980e+03
7.50848394e-07 1.56515842e+03 1.44860877e+03
7.51279424e-07 1.81721625e+03 1.59932927e+03
7.51710455e-07 1.57609774e+03 2.44356189e+03
7.52141485e-07 2.99769774e+03 3.89250677e+03
7.52572515e-07 2.44168564e+03 4.02008895e+03
7.53003545e-07 1.02708420e+03 2.80830688e+03
7.53434576e-07 1.62559914e+03 1.92163091e+03
7.53865606e-07 2.12228563e+03 1.63128432e+03
7.54296636e-07 1.48373240e+03 1.58976929e+03
7.54727667e-07 1.64550863e+03 1.49314197e+03
7.55158697e-07 2.00976611e+03 1.66196872e+03
7.55589727e-07 1.98057324e+03 1.83162820e+03
7.56020758e-07 2.26324716e+03 1.79071695e+03
7.56451788e-07 2.52722423e+03 2.09988301e+03
7.56882818e-07 2.83880302e+03 2.93485302e+03
7.57313848e-07 3.00765794e+03 3.18175077e+03
7.57744879e-07 1.90837555e+03 2.16086266e+03
7.58175909e-07 1.65302671e+03 1.75149199e+03
7.58606939e-07 2.03797256e+03 1.87489740e+03
7.59037970e-07 2.11240886e+03 1.60543452e+03
7.59469000e-07 1.42331901e+03 1.40115401e+03
7.59900030e-07 6.17012432e+02 1.20128311e+03
7.60331061e-07 4.58203551e+02 8.79133084e+02
7.60762091e-07 1.02385911e+03 8.03413241e+02
7.61193121e-07 1.28024706e+03 1.10797795e+03
7.61624152e-07 1.59969748e+03 1.53523709e+03
7.62055182e-07 1.38281168e+03 1.74889371e+03
7.62486212e-07 8.62767253e+02 1.68400944e+03
7.62917242e-07 9.97527561e+02 1.58821375e+03
7.63348273e-07 1.16911144e+03 1.28129978e+03
7.63779303e-07 1.03386508e+03 1.12190529e+03
7.64210333e-07 1.49631298e+03 1.15570394e+03
7.64641364e-07 1.58380909e+03 1.20907308e+03
7.65072394e-07 1.25207738e+03 1.43155603e+03
7.65503424e-07 1.41200852e+03 1.54627605e+03
7.65934455e-07 1.65827583e+03 1.70101610e+03
7.66365485e-07 1.52371188e+03 1.79924794e+03
7.66796515e-07 1.69979297e+03 1.55058092e+03
7.67227545e-07 1.76879018e+03 1.36912101e+03
7.67658576e-07 1.70236522e+03 1.48457150e+03
7.68089606e-07 2.18371328e+03 1.53686541e+03
7.68520636e-07 2.12160560e+03 1.72396572e+03
7.68951667e-07 2.49016983e+03 1.89871009e+03
7.69382697e-07 2.17124244e+03 1.91284115e+03
7.69813727e-07 2.43196802e+03 1.90284085e+03
7.70244758e-07 2.88161405e+03 1.95625760e+03
7.70675788e-07 3.62095034e+03 3.73014286e+03
7.71106818e-07 5.04748548e+03 7.84057244e+03
7.71537848e-07 5.47897574e+03 9.40371763e+03
7.71968879e-07 3.28901976e+03 6.81400236e+03
7.72399909e-07 2.36136510e+03 4.11536985e+03
7.72830939e-07 2.13226572e+03 2.96222073e+03
7.73261970e-07 1.89781616e+03 2.20327566e+03
7.73693000e-07 2.12283451e+03 2.01287242e+03
7.74124030e-07 2.87899774e+03 2.59442103e+03
7.74555061e-07 4.42831572e+03 5.18014412e+03
7.74986091e-07 5.31635771e+03 7.83415718e+03
7.75417121e-07 3.18476079e+03 6.70045406e+03
7.75848152e-07 3.12917809e+03 4.41318402e+03
7.76279182e-07 2.20886870e+03 3.36071071e+03
7.76710212e-07 2.70341990e+03 2.59040823e+03
7.77141242e-07 2.91816261e+03 3.26015834e+03
7.77572273e-07 2.00402627e+03 3.82013050e+03
7.78003303e-07 2.41728961e+03 3.54061020e+03
7.78434333e-07 2.78244159e+03 3.06039116e+03
7.78865364e-07 3.69592949e+03 4.48615211e+03
7.79296394e-07 3.98022152e+03 6.09020979e+03
7.79727424e-07 2.37921309e+03 4.97430538e+03
7.80158455e-07 2.46607532e+03 2.92050609e+03
7.80589485e-07 2.57360259e+03 3.46371184e+03
7.81020515e-07 2.71663590e+03 3.85035213e+03
7.81451545e-07 3.90055691e+03 4.26535940e+03
7.81882576e-07 5.32077059e+03 6.68620934e+03
7.82313606e-07 3.79025533e+03 6.34577137e+03
7.82744636e-07 2.08705910e+03 3.51049564e+03
7.83175667e-07 2.80170992e+03 1.98108317e+03
7.83606697e-07 3.48507180e+03 2.62048446e+03
7.84037727e-07 4.21239871e+03 3.54569315e+03
7.84468758e-07 3.79169335e+03 4.11009371e+03
7.84899788e-07 3.95809413e+03 6.21751500e+03
7.85330818e-07 4.42152926e+03 8.26379777e+03
7.85761848e-07 3.90278568e+03 6.62818041e+03
7.86192879e-07 3.78124526e+03 4.76140230e+03
7.86623909e-07 3.68731593e+03 4.34891981e+03
7.87054939e-07 3.19627312e+03 4.68309198e+03
7.87485970e-07 7.65762726e+03 4.38276330e+03
7.87917000e-07 9.43227845e+03 4.27600247e+03
7.88348030e-07 5.54968491e+03 4.65851309e+03
7.88779061e-07 5.30570045e+03 5.19349151e+03
7.89210091e-07 3.08795868e+03 4.48637212e+03
7.89641121e-07 2.52072202e+03 2.66329867e+03
7.90072152e-07 4.21946386e+03 1.92381056e+03
7.90503182e-07 4.82294895e+03 2.98374401e+03
7.90934212e-07 6.10869468e+03 5.97056235e+03
7.91365242e-07 4.71003599e+03 8.46940626e+03
7.91796273e-07 2.66220332e+03 7.28479125e+03
7.92227303e-07 1.64755316e+03 5.20149027e+03
7.92658333e-07 2.14011511e+03 4.18806104e+03
7.93089364e-07 2.32262240e+03 3.99056566e+03
7.93520394e-07 1.73034718e+03 3.11742131e+03
7.93951424e-07 1.92342654e+03 2.06208349e+03
7.94382455e-07 1.78642553e+03 2.48599303e+03
7.94813485e-07 2.19875540e+03 2.99173308e+03
7.95244515e-07 1.54873021e+03 2.76113417e+03
7.95675545e-07 1.59561682e+03 2.75081101e+03
7.96106576e-07 2.93565608e+03 4.91215268e+03
7.96537606e-07 2.57619115e+03 6.00478161e+03
7.96968636e-07 1.28806661e+03 4.22147976e+03
7.97399667e-07 2.54228678e+03 3.19887916e+03
7.97830697e-07 2.53523646e+03 3.99665784e+03
7.98261727e-07 5.55243070e+03 2.61286990e+03
7.98692758e-07 1.69438426e+04 1.63215153e+02
7.99123788e-07 1.51216453e+04 3.15838356e+03
