7.31200000e-02
3.60887061e-07 4.13989489e+01 2.12217277e+02
3.61318091e-07 1.17716754e+02 4.15765780e+02
3.61749121e-07 7.49816269e+01 2.98175512e+02
3.62180152e-07 8.94477272e+01 5.26575248e+02
3.62611182e-07 1.12148068e+02 7.52713773e+02
3.63042212e-07 6.87892762e+00 3.75385954e+02
3.63473242e-07 1.12140118e+02 7.19369062e+02
3.63904273e-07 1.29319311e+02 6.50372337e+02
3.64335303e-07 2.53874384e+02 1.70260834e+03
3.64766333e-07 9.67412619e+01 5.61005709e+02
3.65197364e-07 1.74225548e+02 8.03244403e+02
3.65628394e-07 8.70688665e+01 5.47851382e+02
3.66059424e-07 2.56245090e+01 4.23256226e+02
3.66490455e-07 7.24007552e+01 4.33603643e+02
3.66921485e-07 6.56427336e+01 3.72940717e+02
3.67352515e-07 3.55820738e+01 2.98168777e+02
3.68214576e-07 8.35523103e+01 3.63642745e+02
3.68645606e-07 2.75162345e+01 2.99259372e+02
3.69076636e-07 7.63217656e+01 3.77147772e+02
3.69507667e-07 6.23966359e+01 3.73381750e+02
3.69938697e-07 1.15188799e+02 4.92062343e+02
3.70369727e-07 6.89077928e+01 4.58922674e+02
3.70800758e-07 8.72428888e+01 4.75610334e+02
3.71231788e-07 3.95508646e+01 4.27848619e+02
3.71662818e-07 1.40295798e+02 5.40064138e+02
3.72093848e-07 1.47699351e+02 5.66726397e+02
3.72524879e-07 2.98015478e+02 6.54121227e+02
3.72955909e-07 9.76505784e+01 4.11533870e+02
3.73386939e-07 1.38679830e+02 5.10129136e+02
3.73817970e-07 2.41620757e+02 6.77335607e+02
3.74249000e-07 2.70410177e+02 8.20848239e+02
3.74680030e-07 1.72107249e+02 6.35481036e+02
3.75111061e-07 8.88001121e+01 5.39870978e+02
3.75542091e-07 7.27613425e+01 4.28599192e+02
3.75973121e-07 1.05128712e+02 5.05566480e+02
3.76404152e-07 1.17391605e+02 5.09170337e+02
3.76835182e-07 1.50683638e+02 5.32482726e+02
3.77266212e-07 7.59291862e+01 4.65544276e+02
3.77697242e-07 4.42126667e+01 4.91171206e+02
3.78128273e-07 1.23895296e+02 5.14915267e+02
3.78559303e-07 6.00679787e+01 4.56091931e+02
3.78990333e-07 1.78328256e+01 4.62016460e+02
3.79421364e-07 7.19037273e+01 4.79808382e+02
3.79852394e-07 6.67157105e+01 4.75622616e+02
3.80283424e-07 1.50540311e+02 5.37061733e+02
3.80714455e-07 1.44285536e+02 5.01055064e+02
3.81145485e-07 5.37274196e+01 4.89256524e+02
3.81576515e-07 1.15907397e+02 5.59162936e+02
3.82007545e-07 8.97964647e+01 4.96457204e+02
3.82438576e-07 7.76790837e+01 5.31124225e+02
3.82869606e-07 1.55450725e+02 5.82919181e+02
3.83300636e-07 2.56394264e+01 5.04656495e+02
3.83731667e-07 9.39111805e+01 5.83146794e+02
3.84162697e-07 7.82742375e+01 5.49084813e+02
3.84593727e-07 1.70080678e+02 5.79760900e+02
3.85024758e-07 1.09923892e+02 5.51412566e+02
3.85455788e-07 7.61593497e+01 5.45500318e+02
3.85886818e-07 1.00026717e+02 5.07395303e+02
3.86317848e-07 9.86558767e+01 5.22353682e+02
3.86748879e-07 1.31297864e+02 5.33185084e+02
3.87179909e-07 1.03969182e+02 5.42655316e+02
3.87610939e-07 8.32243571e+01 5.20859673e+02
3.88041970e-07 1.18757794e+02 5.16789736e+02
3.88473000e-07 1.76928552e+02 5.04489785e+02
3.88904030e-07 1.60585119e+02 5.38497007e+02
3.89335061e-07 1.59598904e+02 5.25985756e+02
3.89766091e-07 1.91133122e+02 5.88296384e+02
3.90197121e-07 1.50617403e+02 5.81192622e+02
3.90628152e-07 1.46584147e+02 6.61503875e+02
3.91059182e-07 2.48339914e+02 7.43333721e+02
3.91490212e-07 2.05517869e+02 6.67073728e+02
3.91921242e-07 1.72068626e+02 6.65882220e+02
3.92352273e-07 1.77074553e+02 6.34219215e+02
3.92783303e-07 7.34759844e+01 5.19532902e+02
3.93214333e-07 1.17169206e+02 5.19670686e+02
3.93645364e-07 1.51995148e+02 5.24555188e+02
3.94076394e-07 1.94360536e+02 6.42383150e+02
3.94507424e-07 1.33418968e+02 6.41793642e+02
3.94938455e-07 1.36661693e+02 6.79503137e+02
3.95369485e-07 8.05041637e+01 6.08975076e+02
3.95800515e-07 1.86421607e+02 6.38921738e+02
3.96231545e-07 6.66730475e+02 5.75687083e+02
3.96662576e-07 2.03929165e+02 5.10515643e+02
3.97093606e-07 2.85448612e+02 5.98105836e+02
3.97524636e-07 3.59823089e+02 6.51952183e+02
3.97955667e-07 2.30943478e+02 7.00103077e+02
3.98386697e-07 1.46872296e+02 7.15331712e+02
3.98817727e-07 2.08622918e+02 7.51845033e+02
3.99248758e-07 2.54400808e+02 7.33154355e+02
3.99679788e-07 4.43593167e+02 8.18125325e+02
4.00110818e-07 5.88865171e+02 9.30849057e+02
4.00541848e-07 2.82892943e+02 7.84635209e+02
4.00972879e-07 2.15497905e+02 8.35354135e+02
4.01403909e-07 1.24051525e+02 8.01001241e+02
4.02265970e-07 1.66751489e+02 7.88145520e+02
4.02697000e-07 1.43342997e+02 7.62348365e+02
4.03128030e-07 1.79375181e+02 7.53975710e+02
4.03559061e-07 1.54900927e+02 7.89119692e+02
4.03990091e-07 2.47125054e+02 8.62358687e+02
4.04421121e-07 1.39155791e+01 8.20181640e+02
4.04852152e-07 1.91839784e+02 8.97556060e+02
4.05283182e-07 1.46586773e+02 8.03308543e+02
4.05714212e-07 1.72475872e+02 8.67331534e+02
4.06145242e-07 2.42737638e+02 8.61387407e+02
4.06576273e-07 2.34336335e+02 9.01716322e+02
4.07007303e-07 2.37097663e+02 8.96789214e+02
4.07438333e-07 1.94495826e+02 9.06521853e+02
4.07869364e-07 3.34399919e+02 9.39816182e+02
4.08300394e-07 2.20940941e+02 8.74730461e+02
4.08731424e-07 2.83099052e+02 9.08960366e+02
4.09162455e-07 1.59333914e+02 8.74186859e+02
4.09593485e-07 2.98120927e+02 8.81364004e+02
4.10024515e-07 2.18472291e+02 8.16082231e+02
4.10455545e-07 2.55359166e+02 8.47835979e+02
4.10886576e-07 7.56835414e+01 7.67242942e+02
4.11317606e-07 2.41583560e+02 8.87619630e+02
4.11748636e-07 1.47330886e+02 8.01495005e+02
4.12610697e-07 4.68782379e+02 9.03686953e+02
4.13041727e-07 2.69724519e+02 9.63763818e+02
4.13472758e-07 3.19136074e+02 9.32405075e+02
4.13903788e-07 2.37251111e+02 8.97696762e+02
4.14334818e-07 1.38193152e+02 8.80187283e+02
4.14765848e-07 4.04191973e+02 9.57823900e+02
4.15196879e-07 3.02263654e+02 9.08770104e+02
4.15627909e-07 3.45602420e+02 1.02833520e+03
4.16058939e-07 3.09379367e+02 1.04318230e+03
4.16489970e-07 2.94055548e+02 1.03556246e+03
4.16921000e-07 1.34006581e+02 1.01100007e+03
4.17352030e-07 2.35499449e+02 1.01827450e+03
4.17783061e-07 2.39004132e+02 1.01986930e+03
4.18214091e-07 5.62046952e+02 1.55358114e+03
4.18645121e-07 3.09556430e+02 1.00402869e+03
4.19076152e-07 2.53109844e+02 9.53401021e+02
4.19507182e-07 4.94325870e+02 9.86620014e+02
4.19938212e-07 4.60170393e+02 1.01029493e+03
4.20369242e-07 3.33929263e+02 9.98613986e+02
4.20800273e-07 3.11149044e+02 9.98179493e+02
4.21231303e-07 2.58721999e+02 1.00321437e+03
4.21662333e-07 2.07023801e+02 9.36406365e+02
4.22093364e-07 3.60733312e+02 9.90856630e+02
4.22524394e-07 2.75159019e+02 9.52289465e+02
4.22955424e-07 1.61773974e+02 9.07523722e+02
4.23386455e-07 2.37897023e+02 9.44880031e+02
4.23817485e-07 2.94068694e+02 9.86353396e+02
4.24248515e-07 4.87643596e+02 1.06283174e+03
4.24679545e-07 3.51779919e+02 1.04052908e+03
4.25110576e-07 3.14901858e+02 1.06139065e+03
4.25541606e-07 2.65119801e+02 1.05003091e+03
4.25972636e-07 2.89859288e+02 1.05149464e+03
4.26403667e-07 3.40990252e+02 1.07988405e+03
4.26834697e-07 4.20541087e+02 1.07503189e+03
4.27265727e-07 3.99358849e+02 1.12250706e+03
4.27696758e-07 3.62264635e+02 1.07765463e+03
4.28127788e-07 3.51518156e+02 1.06880831e+03
4.28558818e-07 4.02829764e+02 1.09374950e+03
4.28989848e-07 4.27926744e+02 1.11624877e+03
4.29420879e-07 5.26695855e+02 1.12247654e+03
4.29851909e-07 3.51930447e+02 1.05647930e+03
4.30282939e-07 4.43851723e+02 1.04102062e+03
4.30713970e-07 4.82396263e+02 1.06971276e+03
4.31145000e-07 5.33982120e+02 1.17149655e+03
4.31576030e-07 4.64512536e+02 1.21825719e+03
4.32007061e-07 3.42587354e+02 1.18339296e+03
4.32438091e-07 4.36948467e+02 1.16970795e+03
4.32869121e-07 5.28988901e+02 1.20420532e+03
4.33300152e-07 5.47419253e+02 1.19793937e+03
4.33731182e-07 3.36021931e+02 1.07933287e+03
4.34162212e-07 3.05413721e+02 1.07318228e+03
4.34593242e-07 3.10019433e+02 1.11414471e+03
4.35024273e-07 4.45680344e+02 1.18083261e+03
4.35455303e-07 4.94855583e+02 1.24173899e+03
4.35886333e-07 3.72010139e+02 1.27859635e+03
4.36317364e-07 3.00054872e+02 1.27151480e+03
4.36748394e-07 3.26177905e+02 1.23629445e+03
4.37179424e-07 2.96781626e+02 1.21985115e+03
4.37610455e-07 3.97648451e+02 1.23693339e+03
4.38041485e-07 3.92926307e+02 1.20681451e+03
4.38472515e-07 4.67361025e+02 1.20784141e+03
4.38903545e-07 3.46412371e+02 1.18175419e+03
4.39334576e-07 3.85641246e+02 1.21821620e+03
4.39765606e-07 2.95538121e+02 1.24909067e+03
4.40196636e-07 3.33175703e+02 1.27995857e+03
4.40627667e-07 5.45463212e+02 1.47190279e+03
4.41058697e-07 5.22453698e+02 1.45127349e+03
4.41489727e-07 5.66484322e+02 1.48004403e+03
4.41920758e-07 5.38574229e+02 1.44666743e+03
4.42351788e-07 4.98363017e+02 1.43705254e+03
4.42782818e-07 5.30107214e+02 1.42534586e+03
4.43213848e-07 5.79536833e+02 1.39860860e+03
4.43644879e-07 4.95305213e+02 1.37821936e+03
4.44075909e-07 4.62422384e+02 1.39172150e+03
4.44506939e-07 4.61913981e+02 1.39647112e+03
4.44937970e-07 3.56468630e+02 1.35620105e+03
4.45369000e-07 4.50349555e+02 1.34668607e+03
4.45800030e-07 4.45924110e+02 1.30513984e+03
4.46231061e-07 5.29053544e+02 1.33891523e+03
4.46662091e-07 3.92981133e+02 1.31834468e+03
4.47093121e-07 4.07492435e+02 1.37228352e+03
4.47524152e-07 4.80735690e+02 1.40700753e+03
4.47955182e-07 5.61514508e+02 1.44234099e+03
4.48386212e-07 5.02178103e+02 1.37268808e+03
4.48817242e-07 5.83313446e+02 1.44198887e+03
4.49248273e-07 5.55665207e+02 1.43548498e+03
4.49679303e-07 3.70669434e+02 1.40714196e+03
4.50110333e-07 5.79316837e+02 1.52281431e+03
4.50541364e-07 6.11667678e+02 1.52634550e+03
4.50972394e-07 5.03597075e+02 1.53746851e+03
4.51403424e-07 5.38576014e+02 1.55524695e+03
4.51834455e-07 5.71411903e+02 1.54042600e+03
4.52265485e-07 6.70705742e+02 1.60920579e+03
4.52696515e-07 6.46098045e+02 1.61946999e+03
4.53127545e-07 5.27021406e+02 1.56518213e+03
4.53558576e-07 5.13251601e+02 1.59156875e+03
4.53989606e-07 5.52464296e+02 1.66612900e+03
4.54420636e-07 6.02821245e+02 1.65695044e+03
4.54851667e-07 7.04174157e+02 1.68650602e+03
4.55282697e-07 5.75359452e+02 1.62980912e+03
4.55713727e-07 5.44447773e+02 1.61217427e+03
4.56144758e-07 5.75354621e+02 1.66907274e+03
4.56575788e-07 4.83197213e+02 1.62167502e+03
4.57006818e-07 5.32719736e+02 1.64143664e+03
4.57437848e-07 5.43975710e+02 1.65567757e+03
4.57868879e-07 6.41451260e+02 1.67807203e+03
4.58299909e-07 6.26875961e+02 1.70074439e+03
4.58730939e-07 6.99665256e+02 1.73913956e+03
4.59161970e-07 5.21205555e+02 1.65557967e+03
4.59593000e-07 5.21598825e+02 1.68129577e+03
4.60024030e-07 4.04698759e+02 1.62989624e+03
4.60455061e-07 3.78964306e+02 1.66979175e+03
4.60886091e-07 6.85676679e+02 1.72609804e+03
4.61317121e-07 4.94907662e+02 1.69579296e+03
4.61748152e-07 5.44361803e+02 1.70437964e+03
4.62179182e-07 4.74197756e+02 1.68878286e+03
4.62610212e-07 5.80693413e+02 1.77586930e+03
4.64334333e-07 3.00003622e+02 2.09239949e+03
4.64765364e-07 5.21156006e+02 1.75962298e+03
4.65196394e-07 5.70928377e+02 1.80343029e+03
4.65627424e-07 2.76224558e+03 1.55715155e+03
4.66058455e-07 8.66390183e+02 1.95369897e+03
4.66489485e-07 7.53239845e+02 1.88163613e+03
4.66920515e-07 6.81220190e+02 1.83549543e+03
4.67351545e-07 6.65863992e+02 1.85938000e+03
4.67782576e-07 5.34633952e+02 1.84492243e+03
4.68213606e-07 7.11633748e+02 1.89205478e+03
4.68644636e-07 6.39261457e+02 1.89830387e+03
4.69075667e-07 6.86191782e+02 1.90056294e+03
4.69506697e-07 7.31035195e+02 1.88449493e+03
4.69937727e-07 6.14786677e+02 1.81377760e+03
4.70368758e-07 6.70472245e+02 1.89031466e+03
4.70799788e-07 5.00130996e+02 1.84084918e+03
4.71230818e-07 6.60830284e+02 1.86110022e+03
4.71661848e-07 6.94635129e+02 1.92800808e+03
4.72092879e-07 6.12250994e+02 1.87599109e+03
4.72523909e-07 7.95221185e+02 1.92826644e+03
4.72954939e-07 5.63322281e+02 1.82119230e+03
4.73385970e-07 7.94887444e+02 1.89637285e+03
4.73817000e-07 6.72117868e+02 1.91538501e+03
4.74248030e-07 8.57008681e+02 1.98617171e+03
4.74679061e-07 7.05193651e+02 1.94726386e+03
4.75110091e-07 6.93067584e+02 1.93550387e+03
4.75541121e-07 7.04326425e+02 1.91438708e+03
4.75972152e-07 8.92822170e+02 2.04639219e+03
4.76403182e-07 7.67312485e+02 2.00060232e+03
4.76834212e-07 9.27452201e+02 2.06210323e+03
4.77265242e-07 6.10978755e+02 1.96673045e+03
4.77696273e-07 5.53182695e+02 1.95641976e+03
4.78127303e-07 1.01428044e+03 2.09073515e+03
4.78558333e-07 7.06700531e+02 1.95256678e+03
4.78989364e-07 6.98824347e+02 2.02407271e+03
4.79420394e-07 7.24642946e+02 2.07345846e+03
4.79851424e-07 6.24237986e+02 2.00949955e+03
4.80713485e-07 7.23864655e+02 1.96693792e+03
4.81144515e-07 7.70630582e+02 2.08071851e+03
4.81575545e-07 8.54764943e+02 2.14375632e+03
4.82006576e-07 4.21634850e+03 2.46161727e+03
4.82437606e-07 9.00552507e+02 2.25361736e+03
4.82868636e-07 7.02657639e+02 2.14538609e+03
4.83299667e-07 4.87121439e+02 2.11888152e+03
4.83730697e-07 7.75175834e+02 2.13604055e+03
4.84161727e-07 8.61633800e+02 2.18149776e+03
4.84592758e-07 6.58742630e+02 2.11525691e+03
4.85023788e-07 7.29980012e+02 2.07895796e+03
4.85454818e-07 9.95129484e+02 2.10501855e+03
4.85885848e-07 9.60268600e+02 2.02991050e+03
4.86316879e-07 8.82314424e+02 1.99054038e+03
4.86747909e-07 6.52423366e+02 1.91606709e+03
4.87178939e-07 5.96167370e+02 1.92046150e+03
4.87609970e-07 8.93979169e+02 2.07592669e+03
4.88041000e-07 8.47024225e+02 2.11654354e+03
4.88472030e-07 9.82106269e+02 2.22238482e+03
4.88903061e-07 8.24122307e+02 2.14640857e+03
4.89334091e-07 6.01806923e+02 2.08631023e+03
4.89765121e-07 7.11042919e+02 2.18315380e+03
4.90196152e-07 8.55722148e+02 2.18268727e+03
4.90627182e-07 8.24187525e+02 2.16788637e+03
4.91058212e-07 9.46233355e+02 2.22702249e+03
4.91489242e-07 8.51948447e+02 2.21135629e+03
4.91920273e-07 8.15901595e+02 2.09645907e+03
4.92351303e-07 7.42460234e+02 2.13061140e+03
4.92782333e-07 7.25065266e+02 2.16242571e+03
4.93213364e-07 9.19216628e+02 2.24128577e+03
4.93644394e-07 8.57548394e+02 2.22093756e+03
4.94075424e-07 8.14701184e+02 2.23525942e+03
4.94506455e-07 8.34146313e+02 2.20696750e+03
4.94937485e-07 6.96362112e+02 2.17761254e+03
4.95368515e-07 7.58711843e+02 2.19650305e+03
4.95799545e-07 6.16198921e+02 2.18245775e+03
4.96230576e-07 8.08657261e+02 2.28086260e+03
4.96661606e-07 9.01863433e+02 2.37883504e+03
4.97092636e-07 9.51080288e+02 2.36984081e+03
4.97523667e-07 1.00297499e+03 2.39855680e+03
4.97954697e-07 9.29918382e+02 2.35225613e+03
4.98385727e-07 9.59402337e+02 2.28844176e+03
4.98816758e-07 8.00676780e+02 2.25270464e+03
4.99247788e-07 7.91680395e+02 2.30351584e+03
4.99678818e-07 8.21957758e+02 2.35109009e+03
5.00109848e-07 9.78031223e+02 2.38227810e+03
5.00540879e-07 1.05392520e+03 2.37598889e+03
5.00971909e-07 1.13236361e+03 2.41484092e+03
5.01402939e-07 9.71605713e+02 2.35014742e+03
5.01833970e-07 1.03945063e+03 2.34678020e+03
5.02265000e-07 9.82579762e+02 2.40273852e+03
5.02696030e-07 9.98623392e+02 2.42829326e+03
5.03127061e-07 7.76355768e+02 2.33267745e+03
5.03558091e-07 7.16817537e+02 2.33326697e+03
5.03989121e-07 9.41149838e+02 2.40038995e+03
5.04420152e-07 1.25009687e+03 2.45429345e+03
5.04851182e-07 1.22629769e+03 2.46436061e+03
5.05282212e-07 1.03996070e+03 2.47432962e+03
5.05713242e-07 1.00818346e+03 2.51954390e+03
5.06144273e-07 8.16704902e+02 2.46353244e+03
5.06575303e-07 8.42641272e+02 2.42514072e+03
5.07006333e-07 8.42563838e+02 2.44667319e+03
5.07437364e-07 1.12860067e+03 2.48730556e+03
5.07868394e-07 1.15421358e+03 2.50595019e+03
5.08299424e-07 9.32770253e+02 2.43056913e+03
5.08730455e-07 8.41220422e+02 2.48726368e+03
5.09161485e-07 1.07451277e+03 2.51989373e+03
5.09592515e-07 1.17683224e+03 2.51843091e+03
5.10023545e-07 1.15660364e+03 2.54706354e+03
5.10454576e-07 1.06122904e+03 2.54758519e+03
5.10885606e-07 1.13554242e+03 2.51307916e+03
5.11316636e-07 1.04491013e+03 2.53905880e+03
5.11747667e-07 9.10018952e+02 2.58045089e+03
5.12178697e-07 1.29964125e+03 2.69612874e+03
5.12609727e-07 1.30613413e+03 2.58478051e+03
5.13040758e-07 1.15482622e+03 2.59203109e+03
5.13471788e-07 1.31725982e+03 2.73504899e+03
5.13902818e-07 1.25374995e+03 2.67228540e+03
5.14333848e-07 1.14872691e+03 2.67255959e+03
5.14764879e-07 1.18895312e+03 2.68492292e+03
5.15195909e-07 1.07484350e+03 2.66191509e+03
5.15626939e-07 8.88969100e+02 2.65612664e+03
5.16057970e-07 1.07844162e+03 2.68241974e+03
5.16489000e-07 1.36565922e+03 2.65185027e+03
5.16920030e-07 1.17053581e+03 2.54372075e+03
5.17351061e-07 1.14886618e+03 2.52403050e+03
5.17782091e-07 1.03445676e+03 2.49801616e+03
5.18213121e-07 9.80231893e+02 2.60894300e+03
5.18644152e-07 1.10822030e+03 2.69020870e+03
5.19075182e-07 1.33337449e+03 2.77699852e+03
5.19506212e-07 1.24997540e+03 2.94084618e+03
5.19937242e-07 9.98906361e+02 3.00077057e+03
5.20368273e-07 8.95603375e+02 2.94055631e+03
5.20799303e-07 1.08163948e+03 2.75360376e+03
5.21230333e-07 1.54580358e+03 2.87932758e+03
5.21661364e-07 1.51705199e+03 2.99263717e+03
5.22092394e-07 1.65411360e+03 2.99327731e+03
5.22523424e-07 1.19372788e+03 2.90667463e+03
5.22954455e-07 1.15377036e+03 2.82756454e+03
5.23385485e-07 1.39479668e+03 2.94203149e+03
5.23816515e-07 1.43950647e+03 3.04375986e+03
5.24247545e-07 1.26606386e+03 2.92061074e+03
5.24678576e-07 1.25557419e+03 2.89338102e+03
5.25109606e-07 1.26676537e+03 2.93253510e+03
5.25540636e-07 1.20822170e+03 2.93203816e+03
5.25971667e-07 1.22385055e+03 2.90588961e+03
5.26402697e-07 1.21220916e+03 2.81445128e+03
5.26833727e-07 1.31530192e+03 2.81519867e+03
5.27264758e-07 1.36676991e+03 2.87623788e+03
5.27695788e-07 1.28280077e+03 2.94292771e+03
5.28126818e-07 1.16112486e+03 2.92586572e+03
5.28557848e-07 1.30442701e+03 2.89156186e+03
5.28988879e-07 1.04667531e+03 2.93712184e+03
5.29419909e-07 1.23065535e+03 3.01431161e+03
5.29850939e-07 1.41022701e+03 2.98121783e+03
5.30281970e-07 1.20465842e+03 2.93931613e+03
5.30713000e-07 1.34480434e+03 3.05060802e+03
5.31144030e-07 1.49282058e+03 3.11669082e+03
5.31575061e-07 1.46942781e+03 3.13634044e+03
5.32006091e-07 1.68928708e+03 3.15796217e+03
5.32437121e-07 1.78057135e+03 3.24473769e+03
5.32868152e-07 1.37254656e+03 3.15086988e+03
5.33299182e-07 1.20809802e+03 3.09850361e+03
5.33730212e-07 1.41461705e+03 3.13804389e+03
5.34161242e-07 1.34667240e+03 3.09361152e+03
5.34592273e-07 1.20335343e+03 2.92342733e+03
5.35023303e-07 1.36512106e+03 3.05134091e+03
5.35454333e-07 1.41287642e+03 3.12231085e+03
5.35885364e-07 1.39222686e+03 3.11587454e+03
5.36316394e-07 1.65435548e+03 3.21227337e+03
5.36747424e-07 1.73726791e+03 3.20950659e+03
5.37178455e-07 2.35892319e+03 3.41886270e+03
5.37609485e-07 2.40222543e+03 3.42228223e+03
5.38040515e-07 1.74817994e+03 3.19228866e+03
5.38471545e-07 1.39218344e+03 3.05143389e+03
5.38902576e-07 1.16795032e+03 3.05793522e+03
5.39333606e-07 1.20672520e+03 3.02359082e+03
5.39764636e-07 1.53724568e+03 3.10383636e+03
5.40195667e-07 1.48780631e+03 3.02746269e+03
5.40626697e-07 1.25274049e+03 2.95543521e+03
5.41057727e-07 1.17706494e+03 2.97661057e+03
5.41488758e-07 1.52686349e+03 3.07641478e+03
5.41919788e-07 1.59340491e+03 3.17777850e+03
5.42350818e-07 1.45008820e+03 3.16688809e+03
5.42781848e-07 1.39845461e+03 3.09381762e+03
5.43212879e-07 1.35948092e+03 3.06588253e+03
5.43643909e-07 1.31305216e+03 3.08120012e+03
5.44074939e-07 1.38118633e+03 3.17310573e+03
5.44505970e-07 1.48365705e+03 3.25399397e+03
5.44937000e-07 1.50726455e+03 3.26400758e+03
5.45368030e-07 1.51167674e+03 3.26874741e+03
5.45799061e-07 1.71278296e+03 3.46053779e+03
5.46230091e-07 1.91294303e+03 3.49657237e+03
5.46661121e-07 1.49804199e+03 3.32213227e+03
5.47092152e-07 1.22522910e+03 3.22303250e+03
5.47523182e-07 1.37675853e+03 3.22025655e+03
5.47954212e-07 1.32315618e+03 3.20038549e+03
5.48385242e-07 1.32796832e+03 3.21715242e+03
5.48816273e-07 1.42196180e+03 3.26562406e+03
5.49247303e-07 1.49814721e+03 3.29273384e+03
5.49678333e-07 1.60429038e+03 3.38471933e+03
5.50109364e-07 1.58828518e+03 3.37956922e+03
5.50540394e-07 1.48092223e+03 3.33847968e+03
5.50971424e-07 1.61135999e+03 3.49679132e+03
5.51402455e-07 1.71838991e+03 3.41723949e+03
5.51833485e-07 1.83531996e+03 3.42632987e+03
5.52264515e-07 1.57636355e+03 3.42442910e+03
5.52695545e-07 1.48155014e+03 3.37348648e+03
5.53126576e-07 1.54676000e+03 3.36091541e+03
5.53557606e-07 1.59284099e+03 3.38217910e+03
5.53988636e-07 1.79305376e+03 3.51243715e+03
5.54419667e-07 1.67805262e+03 3.65423939e+03
5.54850697e-07 1.42967970e+03 3.55139110e+03
5.55281727e-07 1.29380387e+03 3.40111764e+03
5.55712758e-07 1.47520322e+03 3.52421599e+03
5.56143788e-07 1.11678670e+03 3.50268371e+03
5.56574818e-07 9.44259647e+02 3.50061599e+03
5.57005848e-07 2.80764104e+03 7.14168530e+03
5.57436879e-07 2.05338317e+03 2.50950803e+04
5.57867909e-07 8.78200820e+02 3.62709782e+04
5.58298939e-07 8.42129873e+03 1.99710412e+04
5.58729970e-07 2.09291236e+03 5.32104527e+03
5.59161000e-07 1.67807853e+03 3.55858110e+03
5.59592030e-07 1.27765741e+03 3.51088063e+03
5.60023061e-07 1.23077943e+03 3.56814527e+03
5.60454091e-07 1.46195331e+03 3.68460626e+03
5.60885121e-07 1.67516015e+03 3.64919178e+03
5.61316152e-07 2.07146888e+03 3.73001132e+03
5.61747182e-07 1.38856209e+03 3.56872967e+03
5.62178212e-07 1.00434194e+03 3.43586277e+03
5.62609242e-07 1.61711339e+03 3.62873583e+03
5.63040273e-07 1.79527950e+03 3.65963371e+03
5.63471303e-07 1.45639373e+03 3.49643061e+03
5.63902333e-07 1.11960062e+03 3.38772956e+03
5.64333364e-07 1.28513978e+03 3.48061734e+03
5.64764394e-07 1.46693413e+03 3.54864919e+03
5.65195424e-07 1.29920383e+03 3.44564860e+03
5.65626455e-07 1.29663969e+03 3.40213758e+03
5.66057485e-07 1.52016192e+03 3.51227902e+03
5.66488515e-07 1.50904889e+03 3.58163913e+03
5.66919545e-07 1.64400793e+03 3.67418359e+03
5.67350576e-07 1.77377800e+03 3.75153118e+03
5.67781606e-07 1.34577998e+03 3.63258905e+03
5.68212636e-07 1.46979060e+03 3.57714551e+03
5.68643667e-07 1.59476779e+03 3.67022904e+03
5.69074697e-07 1.41195793e+03 3.65201539e+03
5.69505727e-07 1.67779613e+03 3.82214180e+03
5.69936758e-07 1.80096115e+03 3.76667275e+03
5.70367788e-07 1.63260795e+03 3.69141299e+03
5.70798818e-07 1.51880000e+03 3.63509471e+03
5.71229848e-07 1.85374460e+03 3.75781027e+03
5.71660879e-07 1.91945971e+03 3.83619811e+03
5.72091909e-07 1.71547156e+03 3.82626602e+03
5.72522939e-07 1.71490885e+03 3.75900999e+03
5.72953970e-07 1.92067454e+03 3.73406188e+03
5.73385000e-07 1.77028310e+03 3.77464919e+03
5.73816030e-07 1.49305127e+03 3.68340417e+03
5.74247061e-07 1.70995429e+03 3.69198883e+03
5.74678091e-07 2.01127285e+03 3.75813584e+03
5.75109121e-07 1.93219373e+03 3.70055857e+03
5.75540152e-07 1.56912715e+03 3.60372898e+03
5.75971182e-07 1.43943166e+03 3.66882182e+03
5.76402212e-07 1.38903670e+03 3.67163492e+03
5.76833242e-07 1.96681446e+03 3.83738735e+03
5.77264273e-07 1.75482092e+03 3.79320094e+03
5.77695303e-07 1.67000539e+03 3.75432492e+03
5.78126333e-07 1.54357276e+03 3.64315454e+03
5.78557364e-07 1.75376003e+03 3.74160979e+03
5.78988394e-07 1.89525210e+03 3.78857817e+03
5.79419424e-07 1.65285410e+03 3.74373060e+03
5.79850455e-07 1.78558772e+03 3.84263776e+03
5.80281485e-07 1.99547129e+03 3.90122622e+03
5.80712515e-07 1.87988801e+03 3.86514334e+03
5.81143545e-07 1.33644137e+03 3.71380668e+03
5.81574576e-07 1.66695343e+03 3.78041289e+03
5.82005606e-07 2.02596752e+03 3.89782581e+03
5.82436636e-07 1.86165049e+03 3.88391979e+03
5.82867667e-07 1.73006735e+03 3.83932267e+03
5.83298697e-07 1.40938772e+03 3.76613910e+03
5.83729727e-07 1.44862276e+03 3.85602709e+03
5.84160758e-07 1.87478045e+03 3.98707566e+03
5.84591788e-07 1.56116413e+03 3.84611492e+03
5.85022818e-07 1.71271761e+03 3.80392130e+03
5.85453848e-07 1.78234972e+03 3.85818130e+03
5.85884879e-07 1.77610920e+03 3.90947195e+03
5.86315909e-07 1.87330452e+03 4.15215640e+03
5.86746939e-07 2.07581177e+03 4.54790929e+03
5.87177970e-07 2.21431549e+03 4.50007112e+03
5.87609000e-07 1.87813110e+03 4.16258491e+03
5.88040030e-07 1.81880763e+03 4.15772263e+03
5.88471061e-07 2.02111391e+03 5.18475645e+03
5.88902091e-07 2.28994741e+03 7.41027383e+03
5.89333121e-07 2.26059614e+03 7.98540448e+03
5.89764152e-07 2.08867363e+03 6.36098635e+03
5.90195182e-07 2.09548980e+03 4.89918045e+03
5.90626212e-07 1.84838763e+03 4.21095804e+03
5.91057242e-07 2.12091161e+03 4.27565038e+03
5.91488273e-07 1.86429879e+03 4.39372389e+03
5.91919303e-07 1.71590979e+03 4.24421436e+03
5.92350333e-07 1.74985637e+03 4.22423109e+03
5.92781364e-07 1.94366546e+03 4.37740744e+03
5.93212394e-07 1.93671060e+03 4.52760744e+03
5.93643424e-07 1.76956493e+03 4.32758977e+03
5.94074455e-07 1.99927286e+03 4.16609651e+03
5.94505485e-07 1.66094250e+03 4.06122738e+03
5.94936515e-07 1.55361179e+03 4.22797746e+03
5.95367545e-07 1.96151592e+03 4.55766591e+03
5.95798576e-07 2.19435158e+03 4.41960143e+03
5.96229606e-07 1.84656425e+03 4.13874587e+03
5.96660636e-07 1.68323952e+03 4.06380475e+03
5.97091667e-07 1.81055936e+03 4.22667313e+03
5.97522697e-07 2.18032553e+03 4.40397274e+03
5.97953727e-07 2.00091783e+03 4.35709036e+03
5.98384758e-07 1.90142902e+03 4.16052642e+03
5.98815788e-07 1.64522973e+03 4.00322873e+03
5.99246818e-07 1.64469920e+03 3.97417681e+03
5.99677848e-07 1.41852607e+03 3.96090165e+03
6.00108879e-07 1.97581094e+03 4.12432590e+03
6.00539909e-07 1.89079268e+03 4.11442550e+03
6.00970939e-07 1.68571739e+03 4.03485075e+03
6.01401970e-07 2.00771724e+03 4.00209428e+03
6.01833000e-07 1.54762143e+03 3.87404665e+03
6.02264030e-07 2.03107104e+03 4.02302653e+03
6.02695061e-07 1.77928875e+03 3.90494598e+03
6.03126091e-07 1.58672659e+03 3.93575658e+03
6.03557121e-07 1.75003239e+03 4.04374179e+03
6.03988152e-07 2.19005775e+03 4.10847250e+03
6.04419182e-07 2.13110728e+03 4.06201815e+03
6.04850212e-07 2.01363834e+03 4.02071967e+03
6.05281242e-07 1.70527835e+03 3.91917750e+03
6.05712273e-07 1.52818685e+03 3.82160298e+03
6.06143303e-07 1.82574842e+03 3.97756585e+03
6.06574333e-07 1.68287220e+03 4.00709862e+03
6.07005364e-07 2.14879271e+03 4.08158969e+03
6.07436394e-07 1.70700688e+03 3.92138536e+03
6.07867424e-07 2.09293566e+03 4.02219237e+03
6.08298455e-07 1.60453293e+03 3.87561963e+03
6.08729485e-07 1.54461018e+03 3.83232453e+03
6.09160515e-07 1.92785610e+03 3.93342031e+03
6.09591545e-07 2.12099079e+03 4.07981630e+03
6.10022576e-07 2.37000470e+03 4.13551035e+03
6.10453606e-07 1.95080262e+03 3.99967586e+03
6.10884636e-07 1.90232097e+03 4.03807155e+03
6.11315667e-07 1.96675316e+03 3.94803961e+03
6.11746697e-07 2.17127340e+03 3.96347687e+03
6.12177727e-07 2.25711463e+03 4.04480859e+03
6.12608758e-07 2.09488033e+03 4.01442171e+03
6.13039788e-07 1.85516543e+03 3.90717452e+03
6.13470818e-07 1.61446974e+03 3.86259267e+03
6.13901848e-07 1.76988533e+03 4.11885327e+03
6.14332879e-07 2.11351977e+03 4.23938935e+03
6.14763909e-07 1.92629112e+03 4.06897698e+03
6.15194939e-07 1.27024938e+03 3.87226784e+03
6.15625970e-07 1.88791870e+03 3.97152443e+03
6.16057000e-07 1.82971762e+03 3.96692817e+03
6.16488030e-07 2.11001131e+03 3.97405463e+03
6.16919061e-07 2.20978749e+03 4.29434264e+03
6.17350091e-07 1.58563745e+03 4.20174188e+03
6.17781121e-07 1.98891723e+03 4.27572406e+03
6.18212152e-07 2.09133184e+03 4.07836101e+03
6.18643182e-07 1.96256608e+03 3.99697965e+03
6.19074212e-07 2.29329640e+03 4.11744759e+03
6.19505242e-07 2.07588812e+03 4.04181194e+03
6.19936273e-07 2.01383722e+03 4.22353763e+03
6.20367303e-07 2.02682468e+03 4.29639997e+03
6.20798333e-07 2.14691253e+03 4.19541999e+03
6.21229364e-07 1.68983843e+03 3.96032883e+03
6.21660394e-07 2.23559358e+03 4.28228705e+03
6.22091424e-07 2.00582451e+03 4.31987960e+03
6.22522455e-07 1.75331396e+03 4.16638339e+03
6.22953485e-07 1.65023280e+03 4.19309650e+03
6.23384515e-07 2.38519859e+03 5.19487730e+03
6.23815545e-07 2.31423370e+03 5.45247136e+03
6.24246576e-07 3.12101675e+03 5.11620119e+03
6.24677606e-07 1.98371838e+03 4.24710428e+03
6.25108636e-07 1.73329730e+03 4.08021914e+03
6.25539667e-07 2.40765017e+03 4.87461508e+03
6.25970697e-07 2.16293316e+03 5.20936703e+03
6.26401727e-07 1.78265690e+03 4.73818468e+03
6.26832758e-07 2.06539342e+03 4.51232514e+03
6.27263788e-07 2.08559762e+03 4.35362870e+03
6.27694818e-07 1.87088710e+03 4.21340200e+03
6.28125848e-07 2.00093567e+03 4.27599389e+03
6.28556879e-07 2.25721433e+03 4.88439728e+03
6.28987909e-07 1.79314379e+03 4.99470718e+03
6.29418939e-07 1.93677221e+03 6.86519225e+03
6.29849970e-07 6.25910933e+03 1.65876475e+04
6.30281000e-07 5.43878312e+03 1.71511355e+04
6.30712030e-07 2.61144350e+03 8.30994887e+03
6.31143061e-07 2.36998034e+03 4.77546311e+03
6.31574091e-07 2.13002880e+03 4.13041443e+03
6.32005121e-07 2.05488438e+03 4.32029094e+03
6.32436152e-07 2.28906726e+03 4.60168126e+03
6.32867182e-07 2.33822168e+03 4.96887444e+03
6.33298212e-07 2.29850539e+03 4.84599815e+03
6.33729242e-07 2.03918953e+03 4.17876182e+03
6.34160273e-07 1.84921602e+03 4.09673678e+03
6.34591303e-07 1.86959811e+03 4.20584727e+03
6.35022333e-07 2.56695805e+03 4.64532213e+03
6.35453364e-07 2.10433651e+03 4.71951470e+03
6.35884394e-07 2.35443910e+03 6.17770757e+03
6.36315424e-07 3.42168590e+03 8.80827955e+03
6.36746455e-07 2.34527590e+03 7.40362036e+03
6.37177485e-07 2.42307724e+03 4.80294316e+03
6.37608515e-07 2.16703513e+03 4.13906995e+03
6.38039545e-07 2.06638310e+03 4.28347862e+03
6.38470576e-07 2.20528952e+03 4.50739176e+03
6.38901606e-07 1.57172315e+03 4.18641148e+03
6.39332636e-07 1.99105675e+03 4.05368317e+03
6.39763667e-07 1.81033434e+03 3.95553039e+03
6.40194697e-07 2.09908698e+03 4.03172231e+03
6.40625727e-07 2.43187519e+03 4.10431131e+03
6.41056758e-07 1.54086938e+03 3.86092870e+03
6.41487788e-07 2.17053082e+03 4.12046626e+03
6.41918818e-07 2.00320616e+03 4.15553626e+03
6.42349848e-07 2.04047750e+03 4.17509124e+03
6.42780879e-07 2.07338585e+03 4.04549688e+03
6.43211909e-07 1.58056132e+03 3.85731595e+03
6.43642939e-07 1.81348869e+03 3.96628531e+03
6.44073970e-07 2.31408285e+03 4.11242438e+03
6.44505000e-07 1.92167792e+03 3.99262065e+03
6.44936030e-07 1.82476867e+03 4.04007704e+03
6.47953242e-07 1.94675878e+03 5.34274777e+03
6.48384273e-07 2.15537257e+03 4.40742815e+03
6.48815303e-07 2.39443385e+03 4.26548164e+03
6.49246333e-07 2.08469509e+03 4.43814099e+03
6.49677364e-07 1.91311317e+03 5.26993513e+03
6.50108394e-07 1.98699060e+03 5.58724044e+03
6.50539424e-07 2.01534237e+03 4.86267759e+03
6.50970455e-07 2.21689590e+03 4.51091819e+03
6.51401485e-07 2.60216356e+03 4.45861319e+03
6.51832515e-07 2.24057366e+03 4.41569641e+03
6.52263545e-07 1.92105033e+03 4.40866275e+03
6.52694576e-07 2.07091712e+03 4.53955515e+03
6.53125606e-07 2.59818201e+03 5.15201178e+03
6.53556636e-07 2.02735156e+03 5.09394336e+03
6.53987667e-07 2.38512702e+03 4.78114538e+03
6.54418697e-07 2.36271362e+03 4.69789225e+03
6.54849727e-07 2.82612850e+03 5.05116951e+03
6.55280758e-07 2.66939978e+03 5.51254676e+03
6.55711788e-07 2.26400367e+03 5.07842427e+03
6.56142818e-07 2.34024901e+03 4.44720282e+03
6.56573848e-07 2.38304426e+03 4.46863197e+03
6.57004879e-07 2.16993830e+03 4.56754998e+03
6.57435909e-07 2.29763963e+03 4.95609431e+03
6.57866939e-07 2.50336514e+03 5.30277051e+03
6.58297970e-07 2.28117343e+03 4.69140418e+03
6.58729000e-07 2.00945378e+03 4.22744785e+03
6.59160030e-07 1.80878079e+03 4.17303870e+03
6.59591061e-07 1.78685244e+03 4.25586837e+03
6.60022091e-07 2.14858870e+03 4.55949215e+03
6.60453121e-07 2.26346681e+03 4.66609163e+03
6.60884152e-07 2.11703987e+03 4.49241364e+03
6.61315182e-07 2.06970665e+03 4.18094579e+03
6.61746212e-07 1.86001727e+03 4.09206149e+03
6.62177242e-07 1.86912786e+03 4.12990386e+03
6.62608273e-07 2.13525266e+03 4.28625687e+03
6.63039303e-07 2.30295297e+03 4.43717567e+03
6.63470333e-07 1.99096468e+03 4.28978318e+03
6.63901364e-07 1.82369363e+03 4.18435419e+03
6.64332394e-07 1.99248312e+03 4.11466794e+03
6.64763424e-07 2.19152999e+03 4.15206936e+03
6.65194455e-07 2.02035896e+03 4.17259294e+03
6.65625485e-07 2.02118724e+03 4.14677354e+03
6.66056515e-07 2.37274343e+03 4.23636690e+03
6.66487545e-07 2.22103005e+03 4.28886780e+03
6.66918576e-07 1.98615590e+03 4.26610920e+03
6.67349606e-07 2.18976963e+03 4.15075772e+03
6.67780636e-07 1.80206066e+03 4.04524320e+03
6.68211667e-07 2.03273116e+03 4.07416408e+03
6.68642697e-07 2.29861379e+03 4.21685451e+03
6.69073727e-07 2.02287253e+03 4.18823939e+03
6.69504758e-07 2.30941375e+03 4.28398694e+03
6.69935788e-07 2.45180537e+03 4.24612914e+03
6.70366818e-07 1.80084178e+03 4.18585914e+03
6.70797848e-07 1.28906271e+03 3.96131209e+03
6.71228879e-07 1.88759551e+03 4.10995443e+03
6.71659909e-07 2.38720494e+03 4.33864623e+03
6.72090939e-07 1.61687215e+03 4.09209848e+03
6.72521970e-07 2.03340687e+03 4.15035621e+03
6.72953000e-07 2.24540655e+03 4.29334909e+03
6.73384030e-07 2.18513749e+03 4.16992503e+03
6.73815061e-07 2.37005476e+03 4.29689307e+03
6.74246091e-07 2.27187127e+03 4.30552110e+03
6.74677121e-07 1.76388994e+03 4.10871336e+03
6.75108152e-07 1.79722301e+03 3.93644675e+03
6.75539182e-07 2.02664192e+03 4.09162523e+03
6.75970212e-07 2.38985557e+03 4.21230047e+03
6.76401242e-07 1.64187229e+03 3.98101814e+03
6.76832273e-07 1.30403834e+03 3.82669192e+03
6.77263303e-07 1.68609890e+03 3.91827249e+03
6.77694333e-07 1.88411510e+03 4.02069510e+03
6.78125364e-07 2.30197760e+03 4.12721265e+03
6.78556394e-07 1.99029304e+03 4.09375293e+03
6.78987424e-07 1.97796423e+03 4.01992610e+03
6.79418455e-07 1.82750983e+03 4.00574427e+03
6.79849485e-07 1.90504434e+03 3.99529076e+03
6.80280515e-07 2.25326385e+03 4.09560850e+03
6.80711545e-07 1.85125755e+03 4.06682906e+03
6.81142576e-07 1.92208574e+03 4.04811114e+03
6.81573606e-07 2.18711145e+03 4.16875788e+03
6.82004636e-07 2.08858510e+03 4.18638442e+03
6.82435667e-07 2.19974480e+03 5.11641525e+03
6.82866697e-07 2.76002219e+03 7.00613301e+03
6.83297727e-07 2.70211827e+03 7.36163432e+03
6.83728758e-07 2.53299515e+03 6.11013623e+03
6.84159788e-07 2.24704789e+03 4.90958914e+03
6.84590818e-07 2.29077648e+03 4.41572444e+03
6.85021848e-07 1.39185195e+03 3.93548026e+03
6.85452879e-07 2.32732467e+03 4.24476561e+03
6.85883909e-07 2.53464900e+03 5.60127761e+03
6.86314939e-07 3.12365522e+03 7.55996326e+03
6.86745970e-07 1.81333724e+03 6.17043062e+03
6.87177000e-07 1.05099825e+03 3.96166817e+03
6.87608030e-07 1.69789513e+03 3.73804348e+03
6.88039061e-07 1.99722140e+03 4.15318013e+03
6.88470091e-07 2.45771364e+03 4.56518721e+03
6.88901121e-07 2.02485778e+03 4.60942954e+03
6.89332152e-07 2.23035365e+03 4.37532843e+03
6.89763182e-07 1.83784985e+03 4.28103288e+03
6.90194212e-07 1.98660279e+03 4.40219389e+03
6.90625242e-07 1.64944785e+03 4.22528361e+03
6.91056273e-07 1.87520262e+03 4.61136908e+03
6.91487303e-07 2.43220365e+03 5.01067047e+03
6.91918333e-07 2.26890070e+03 5.26345414e+03
6.92349364e-07 2.00984470e+03 5.55374204e+03
6.92780394e-07 1.61172681e+03 4.74593192e+03
6.93211424e-07 1.83486488e+03 4.07770120e+03
6.93642455e-07 2.33099446e+03 4.58758462e+03
6.94073485e-07 2.39568165e+03 4.89317202e+03
6.94504515e-07 2.02249041e+03 5.29116648e+03
6.94935545e-07 2.48463696e+03 5.92868999e+03
6.95366576e-07 2.20299960e+03 5.10351853e+03
6.95797606e-07 2.33372717e+03 4.25520785e+03
6.96228636e-07 1.71592577e+03 4.09676087e+03
6.96659667e-07 1.78859280e+03 4.37398362e+03
6.97090697e-07 2.22238572e+03 4.86518588e+03
6.97521727e-07 1.79734140e+03 5.06716711e+03
6.97952758e-07 1.78459369e+03 5.07049790e+03
6.98383788e-07 1.66616538e+03 4.38912984e+03
6.98814818e-07 1.79020065e+03 4.02415735e+03
6.99245848e-07 1.46530632e+03 3.85218651e+03
6.99676879e-07 1.70867617e+03 3.96941198e+03
7.00107909e-07 2.25247195e+03 4.27507289e+03
7.00538939e-07 2.08208395e+03 4.31078554e+03
7.00969970e-07 1.96232611e+03 4.39935509e+03
7.01401000e-07 2.08091297e+03 4.41561890e+03
7.01832030e-07 1.65564664e+03 3.84810287e+03
7.02263061e-07 1.82909532e+03 3.80246835e+03
7.02694091e-07 2.05884926e+03 3.86139722e+03
7.03125121e-07 1.86850439e+03 3.88849916e+03
7.03556152e-07 3.25490640e+03 4.39271811e+03
7.03987182e-07 5.80256704e+03 5.41332825e+03
7.04418212e-07 4.92772761e+03 5.39412974e+03
7.04849242e-07 2.48369562e+03 4.77224134e+03
7.05280273e-07 1.83608969e+03 4.36159505e+03
7.05711303e-07 1.76665754e+03 4.00686184e+03
7.06142333e-07 2.21724045e+03 4.15082150e+03
7.06573364e-07 2.56619761e+03 4.39768698e+03
7.07004394e-07 2.12102704e+03 4.20260018e+03
7.07435424e-07 1.51328147e+03 4.05272976e+03
7.07866455e-07 1.78819799e+03 4.07009499e+03
7.08297485e-07 2.06209477e+03 4.21371785e+03
7.08728515e-07 2.07695435e+03 4.24053464e+03
7.09159545e-07 2.30994963e+03 4.26820028e+03
7.09590576e-07 1.78464613e+03 3.91485574e+03
7.10021606e-07 1.63460504e+03 3.79951423e+03
7.10452636e-07 1.86838237e+03 3.83064362e+03
7.10883667e-07 1.70112759e+03 3.79814560e+03
7.11314697e-07 1.75300627e+03 3.77916682e+03
7.11745727e-07 1.82721581e+03 3.79956351e+03
7.12176758e-07 1.73765759e+03 3.78945470e+03
7.12607788e-07 1.86920367e+03 3.92636425e+03
7.13038818e-07 1.87070220e+03 3.93530765e+03
7.13469848e-07 1.40861915e+03 3.79893720e+03
7.13900879e-07 1.68437148e+03 3.84426674e+03
7.14331909e-07 1.52244990e+03 4.00574416e+03
7.14762939e-07 1.87778197e+03 4.09985127e+03
7.15193970e-07 1.95746194e+03 3.92258778e+03
7.15625000e-07 1.99638046e+03 3.88364621e+03
7.16056030e-07 1.84012440e+03 3.78651180e+03
7.16487061e-07 1.97716976e+03 3.84443513e+03
7.16918091e-07 1.74796899e+03 3.62925457e+03
7.17349121e-07 1.40187301e+03 3.47945209e+03
7.17780152e-07 1.58801165e+03 3.42668266e+03
7.18211182e-07 1.22418443e+03 3.15594571e+03
7.18642212e-07 1.77209309e+03 3.22098517e+03
7.19073242e-07 1.70660515e+03 3.20696972e+03
7.19504273e-07 1.41147957e+03 3.15312562e+03
7.19935303e-07 1.52627838e+03 3.10603747e+03
7.20366333e-07 2.06156883e+03 3.31860052e+03
7.20797364e-07 2.00461124e+03 3.40462938e+03
7.21228394e-07 1.95407909e+03 3.45258206e+03
7.21659424e-07 1.84161454e+03 3.47919407e+03
7.22090455e-07 1.73868696e+03 3.52383576e+03
7.22521485e-07 1.99502919e+03 3.62204503e+03
7.22952515e-07 1.72941987e+03 3.62388309e+03
7.23383545e-07 2.09613127e+03 4.67053161e+03
7.23814576e-07 1.62713425e+03 7.18790230e+03
7.24245606e-07 9.39114580e+02 8.69114405e+03
7.24676636e-07 1.74294971e+03 7.61944664e+03
7.25107667e-07 2.09944928e+03 5.48356117e+03
7.25538697e-07 1.21991420e+03 4.02543463e+03
7.25969727e-07 1.12891756e+03 3.52551675e+03
7.26400758e-07 1.13768943e+03 3.48705066e+03
7.26831788e-07 1.57519454e+03 4.43627892e+03
7.27262818e-07 1.83205463e+03 6.88237153e+03
7.27693848e-07 1.37054244e+03 8.75452856e+03
7.28124879e-07 1.66957207e+03 7.67718308e+03
7.28555909e-07 1.13976144e+03 5.81580991e+03
7.28986939e-07 1.29421781e+03 4.56560355e+03
7.29417970e-07 1.41983528e+03 4.17387192e+03
7.29849000e-07 1.53904669e+03 4.33682006e+03
7.30280030e-07 1.16556188e+03 4.53557283e+03
7.30711061e-07 1.45867028e+03 4.71964423e+03
7.31142091e-07 2.08257189e+03 6.05427938e+03
7.31573121e-07 1.35843268e+03 7.56028530e+03
7.32004152e-07 1.78297521e+03 6.79115458e+03
7.32435182e-07 2.17337536e+03 5.16973481e+03
7.32866212e-07 1.29483332e+03 5.34458068e+03
7.33297242e-07 1.92789993e+03 5.84532682e+03
7.33728273e-07 2.34176090e+03 7.20270962e+03
7.34159303e-07 1.98457115e+03 8.65151574e+03
7.34590333e-07 2.36409683e+03 6.66539638e+03
7.35021364e-07 1.61223730e+03 4.38440188e+03
7.35452394e-07 2.07435162e+03 4.68481450e+03
7.35883424e-07 2.14518027e+03 5.70074920e+03
7.36314455e-07 2.23369013e+03 6.03291504e+03
7.36745485e-07 1.56947456e+03 6.67838157e+03
7.37176515e-07 1.96601373e+03 6.73521262e+03
7.37607545e-07 2.01415184e+03 4.85955535e+03
7.38038576e-07 1.27431437e+03 3.63682739e+03
7.38469606e-07 1.37457520e+03 3.90244843e+03
7.38900636e-07 1.58220897e+03 4.50888290e+03
7.39331667e-07 2.09273748e+03 5.22256572e+03
7.39762697e-07 2.04427748e+03 5.52772941e+03
7.40193727e-07 1.79882545e+03 5.94316065e+03
7.40624758e-07 2.10145115e+03 5.19396190e+03
7.41055788e-07 1.77046155e+03 3.88831310e+03
7.41486818e-07 1.65538508e+03 3.66359518e+03
7.41917848e-07 1.92295966e+03 3.83441622e+03
7.42348879e-07 1.89952247e+03 3.94398899e+03
7.42779909e-07 1.63831361e+03 4.14578467e+03
7.43210939e-07 1.66946037e+03 4.56574969e+03
7.43641970e-07 1.93723124e+03 4.77574425e+03
7.44073000e-07 2.07345768e+03 4.67171138e+03
7.44504030e-07 1.89750034e+03 4.09497801e+03
7.44935061e-07 1.65616351e+03 3.63179491e+03
7.45366091e-07 1.98643733e+03 3.80240875e+03
7.45797121e-07 1.89522594e+03 3.87245917e+03
7.46228152e-07 1.90652443e+03 4.36800567e+03
7.46659182e-07 1.68492224e+03 4.76921219e+03
7.47090212e-07 1.71992787e+03 5.28050158e+03
7.47521242e-07 2.74391037e+03 5.89928400e+03
7.47952273e-07 2.22423671e+03 5.99344303e+03
7.48383303e-07 1.81864970e+03 5.62355903e+03
7.48814333e-07 2.81504157e+03 5.09067654e+03
7.49245364e-07 1.73368330e+03 4.17327804e+03
7.49676394e-07 1.60812904e+03 4.00986743e+03
7.50107424e-07 1.68246266e+03 3.98247776e+03
7.50538455e-07 1.64497471e+03 3.85904984e+03
7.50969485e-07 1.81803946e+03 3.99156675e+03
7.51400515e-07 2.33264614e+03 4.68302140e+03
7.51831545e-07 2.63276265e+03 5.91431927e+03
7.52262576e-07 2.16270926e+03 7.59995875e+03
7.52693606e-07 2.58274882e+03 7.83173190e+03
7.53124636e-07 1.69315886e+03 5.66907304e+03
7.53555667e-07 1.71599256e+03 4.47584083e+03
7.53986697e-07 1.85207226e+03 4.16579649e+03
7.54417727e-07 1.95830213e+03 4.10119087e+03
7.54848758e-07 2.37699779e+03 4.25498417e+03
7.55279788e-07 2.66139864e+03 4.57085613e+03
7.55710818e-07 1.95086397e+03 4.63758065e+03
7.56141848e-07 2.18102219e+03 4.78417740e+03
7.56572879e-07 2.32602415e+03 5.27706807e+03
7.57003909e-07 2.60526660e+03 6.38139766e+03
7.57434939e-07 2.82249604e+03 6.60743656e+03
7.57865970e-07 2.26721420e+03 4.93919287e+03
7.58297000e-07 2.00838034e+03 4.33112747e+03
7.58728030e-07 2.20491971e+03 4.66956357e+03
7.59159061e-07 1.87146499e+03 4.04590616e+03
7.59590091e-07 1.20705001e+03 3.12987366e+03
7.60021121e-07 1.20883939e+03 2.97310513e+03
7.60452152e-07 1.16308218e+03 2.43063837e+03
7.60883182e-07 1.09750844e+03 2.28058818e+03
7.61314212e-07 1.36917076e+03 2.87960765e+03
7.61745242e-07 2.00699279e+03 3.74943069e+03
7.62176273e-07 1.88639222e+03 3.84075644e+03
7.62607303e-07 8.01186722e+02 3.34452860e+03
7.63038333e-07 1.07100536e+03 3.37707555e+03
7.63469364e-07 1.29033555e+03 3.06634584e+03
7.63900394e-07 1.50321700e+03 2.90119143e+03
7.64331424e-07 1.61598091e+03 3.08914736e+03
7.64762455e-07 1.75784607e+03 3.26992817e+03
7.65193485e-07 1.60613613e+03 3.45879251e+03
7.65624515e-07 1.80314221e+03 3.79548375e+03
7.66055545e-07 1.77100527e+03 3.99134299e+03
7.66486576e-07 2.00233773e+03 4.15405767e+03
7.66917606e-07 2.07062330e+03 3.78388205e+03
7.67348636e-07 2.18731567e+03 3.72383217e+03
7.67779667e-07 1.80120420e+03 3.56040312e+03
7.68210697e-07 1.79141598e+03 3.82539049e+03
7.68641727e-07 2.02543895e+03 4.09507628e+03
7.69072758e-07 2.38323813e+03 4.35037396e+03
7.69503788e-07 2.26219275e+03 4.33869063e+03
7.69934818e-07 2.24423705e+03 4.65061478e+03
7.70365848e-07 2.37616332e+03 5.50384791e+03
7.70796879e-07 1.93547079e+03 7.18028719e+03
7.71227909e-07 2.10473975e+03 1.06413425e+04
7.71658939e-07 3.76020090e+03 1.29636270e+04
7.72089970e-07 3.43780955e+03 9.77940065e+03
7.72521000e-07 2.36539610e+03 6.28501655e+03
7.72952030e-07 2.81480944e+03 5.41729463e+03
7.73383061e-07 2.18232141e+03 4.66445888e+03
7.73814091e-07 2.65871813e+03 5.57447165e+03
7.74245121e-07 2.28505581e+03 6.16580029e+03
7.74676152e-07 1.00269010e+03 8.06599345e+03
7.75107182e-07 3.79801497e+03 1.17597288e+04
7.75538212e-07 4.72561557e+03 1.02870796e+04
7.75969242e-07 2.52823309e+03 7.04780097e+03
7.76400273e-07 2.41439180e+03 6.06157030e+03
7.76831303e-07 2.11236319e+03 5.23258462e+03
7.77262333e-07 2.81401125e+03 6.00024224e+03
7.77693364e-07 2.89114545e+03 6.62648586e+03
7.78124394e-07 3.08881085e+03 6.54812625e+03
7.78555424e-07 3.26468313e+03 6.51482854e+03
7.78986455e-07 1.67679259e+03 6.84076346e+03
7.79417485e-07 2.70682151e+03 9.12295454e+03
7.79848515e-07 3.53890723e+03 8.08257571e+03
7.80279545e-07 3.04737261e+03 5.73579734e+03
7.80710576e-07 2.80691904e+03 6.36283340e+03
7.81141606e-07 2.84216304e+03 7.07902048e+03
7.81572636e-07 2.28966261e+03 7.09330307e+03
7.82003667e-07 2.78551160e+03 8.96207202e+03
7.82434697e-07 3.12278155e+03 9.46825099e+03
7.82865727e-07 2.93745631e+03 6.04469495e+03
7.83296758e-07 2.63550958e+03 4.64447608e+03
7.83727788e-07 2.28456365e+03 5.36418564e+03
7.84158818e-07 2.11423887e+03 6.48385364e+03
7.84589848e-07 2.44216514e+03 7.54442126e+03
7.85020879e-07 1.76997674e+03 9.06554914e+03
7.85451909e-07 2.99280324e+03 1.19251550e+04
7.85882939e-07 4.12881855e+03 1.05936717e+04
7.86313970e-07 3.12296500e+03 8.28789601e+03
7.86745000e-07 2.02176201e+03 7.42641664e+03
7.87176030e-07 3.07774773e+03 8.47998903e+03
7.87607061e-07 2.52039781e+03 7.39413768e+03
7.88038091e-07 2.96159807e+03 7.15240308e+03
7.88469121e-07 1.58265750e+03 6.69049804e+03
7.88900152e-07 3.82365779e+03 7.66938040e+03
7.89331182e-07 3.47183733e+03 7.14186104e+03
7.89762212e-07 2.52277669e+03 5.41295521e+03
7.90193242e-07 1.85671924e+03 5.26215706e+03
7.90624273e-07 7.53907711e+02 6.32402629e+03
7.91055303e-07 1.14434499e+03 1.00589529e+04
7.91486333e-07 2.85995602e+03 1.40920902e+04
7.91917364e-07 4.30451149e+03 1.19664582e+04
7.92348394e-07 4.05070504e+03 8.66869313e+03
7.92779424e-07 3.00582352e+03 6.54854318e+03
7.93210455e-07 2.48441339e+03 6.13706454e+03
7.93641485e-07 2.85972531e+03 5.58715770e+03
7.94072515e-07 2.36998452e+03 4.51188687e+03
7.94503545e-07 1.89846163e+03 5.00244678e+03
7.94934576e-07 2.34456334e+03 6.25420108e+03
7.95365606e-07 5.03069942e+02 4.62587462e+01
