9.90900000e-02
3.60477006e-07 2.53856626e+01 4.14958495e+02
3.61339018e-07 5.04733951e+01 4.16202635e+02
3.63063041e-07 4.03198007e+01 4.49763536e+02
3.63494047e-07 2.27659771e+00 4.48267840e+02
3.65218070e-07 1.71316457e+01 4.52836024e+02
3.66080082e-07 1.81501957e+00 4.35714366e+02
3.66511088e-07 2.23727181e+01 4.69767797e+02
3.66942094e-07 5.14909453e+01 4.42794153e+02
3.67373100e-07 9.68442036e+00 4.16276005e+02
3.67804106e-07 1.15543667e+01 4.46539443e+02
3.68666117e-07 5.48201516e+01 4.44933874e+02
3.69097123e-07 1.09584074e+02 5.10161366e+02
3.69528129e-07 2.84037565e+01 4.81368142e+02
3.71252152e-07 2.17108836e+01 4.85886153e+02
3.71683158e-07 5.11749541e+01 4.98195698e+02
3.72114164e-07 8.39978363e+01 4.59877595e+02
3.72545170e-07 1.34016939e+00 4.44094196e+02
3.72976176e-07 7.68228804e+01 5.30012023e+02
3.73407182e-07 1.06739503e+02 5.57010374e+02
3.73838188e-07 6.52891857e+01 5.39126514e+02
3.74700199e-07 6.19866248e+01 4.83785113e+02
3.75131205e-07 4.41777614e+00 4.41886631e+02
3.75562211e-07 1.92460509e+01 4.82649958e+02
3.75993217e-07 6.69631726e+01 5.01078218e+02
3.76424223e-07 1.56478192e+02 5.68657266e+02
3.76855229e-07 1.91223324e+01 4.85987367e+02
3.77286235e-07 6.50246607e+01 5.21613292e+02
3.77717240e-07 7.28728822e+01 5.26086478e+02
3.78148246e-07 7.93880512e+01 4.98759071e+02
3.78579252e-07 6.55974136e+01 5.11915020e+02
3.79010258e-07 1.59953143e+02 5.80110743e+02
3.79441264e-07 1.14483537e+02 5.14845247e+02
3.79872270e-07 6.31394269e+01 5.06324325e+02
3.80734282e-07 3.67715840e-01 5.11907003e+02
3.81165287e-07 9.73185089e+01 5.16726653e+02
3.81596293e-07 1.06200736e+02 5.81272049e+02
3.82458305e-07 4.49547086e+00 5.23202785e+02
3.82889311e-07 6.32452460e+01 5.54160359e+02
3.83320317e-07 2.47376990e+01 5.69614763e+02
3.83751323e-07 1.09260296e+02 5.66656930e+02
3.84182328e-07 1.57993128e+02 5.87447309e+02
3.84613334e-07 2.37032072e+01 5.63542981e+02
3.85044340e-07 1.56545181e+02 5.80321194e+02
3.85475346e-07 1.27723440e+02 5.55076504e+02
3.85906352e-07 8.10001346e+01 5.34275180e+02
3.86337358e-07 9.47953117e+01 5.59599684e+02
3.86768364e-07 1.16409647e+02 5.57150514e+02
3.87199370e-07 4.57571653e+01 5.01067034e+02
3.88061381e-07 1.02965436e+02 5.13028549e+02
3.88492387e-07 8.48721222e+01 5.08069147e+02
3.88923393e-07 2.69989276e+01 5.03421097e+02
3.89354399e-07 8.66867560e+01 5.23288442e+02
3.89785405e-07 1.11887738e+02 5.43226419e+02
3.90216411e-07 3.74311923e+01 5.52121373e+02
3.90647416e-07 7.17001985e+01 5.94259374e+02
3.91078422e-07 8.89760949e+01 6.02715177e+02
3.91509428e-07 8.78480112e+01 6.29441639e+02
3.91940434e-07 7.80592371e+01 5.77623581e+02
3.92371440e-07 1.36405142e+02 5.52557985e+02
3.92802446e-07 1.47281028e+02 5.40839077e+02
3.93233452e-07 1.32423693e+02 5.42916653e+02
3.93664457e-07 1.50074875e+02 5.95741777e+02
3.94095463e-07 9.80479878e+01 6.01590847e+02
3.94526469e-07 1.39216200e+02 6.15147602e+02
3.94957475e-07 3.57856907e+01 6.09619565e+02
3.95388481e-07 2.00733000e+02 6.26342810e+02
3.95819487e-07 5.06618522e+01 5.78170534e+02
3.96250493e-07 1.68975117e+02 5.66309958e+02
3.96681499e-07 1.90636536e+02 5.75317320e+02
3.97112504e-07 1.11932722e+02 5.62573841e+02
3.97543510e-07 1.32097215e+02 6.11599444e+02
3.97974516e-07 1.37094872e+02 6.12360602e+02
3.98405522e-07 3.43286898e+01 5.85502814e+02
3.98836528e-07 7.05502394e+01 6.03936667e+02
3.99267534e-07 5.11936738e+01 5.96564052e+02
3.99698540e-07 1.42139941e+02 6.47404734e+02
4.00129545e-07 1.83893021e+02 6.80267522e+02
4.00560551e-07 1.15724158e+02 6.75578474e+02
4.00991557e-07 8.38662253e+01 6.70664822e+02
4.01422563e-07 1.22158487e+02 6.76041122e+02
4.01853569e-07 2.36023514e+02 7.45085498e+02
4.02284575e-07 3.49321986e+01 6.52869622e+02
4.02715581e-07 1.52723617e+02 6.92602230e+02
4.03146587e-07 2.20104066e+02 7.02351931e+02
4.03577592e-07 1.04707869e+02 6.54447979e+02
4.04008598e-07 1.31274871e+02 7.02193907e+02
4.04439604e-07 1.09158518e+02 6.85440371e+02
4.04870610e-07 1.59072161e+02 6.96313768e+02
4.05301616e-07 1.41806035e+02 7.00384052e+02
4.05732622e-07 9.50251180e+01 6.95156996e+02
4.06163628e-07 1.53844004e+02 7.15756046e+02
4.06594633e-07 1.95160766e+02 7.43831527e+02
4.07025639e-07 1.68596846e+02 7.23275451e+02
4.07456645e-07 9.90596310e+01 6.70863272e+02
4.07887651e-07 1.42895614e+02 7.11437550e+02
4.08318657e-07 1.98713503e+02 7.44430327e+02
4.08749663e-07 1.28198182e+02 7.15901681e+02
4.09180669e-07 2.01412719e+02 7.27423413e+02
4.09611674e-07 2.22331692e+02 6.98704190e+02
4.10042680e-07 1.68890197e+02 6.54107303e+02
4.10473686e-07 1.65364053e+02 6.77523000e+02
4.10904692e-07 1.64803607e+02 6.90472966e+02
4.11335698e-07 9.61087955e+01 6.73676237e+02
4.11766704e-07 1.48334244e+02 6.65606921e+02
4.12197710e-07 9.46322689e+01 6.43637604e+02
4.12628716e-07 1.35678480e+02 7.02713848e+02
4.13059721e-07 2.32984455e+02 7.46593972e+02
4.13490727e-07 6.37689782e+01 6.94088727e+02
4.13921733e-07 1.13140885e+02 7.05910378e+02
4.14352739e-07 1.36295295e+02 6.82430219e+02
4.14783745e-07 1.66664833e+02 6.94158066e+02
4.15214751e-07 2.03836343e+02 7.47195091e+02
4.15645757e-07 3.67229846e+02 8.29627796e+02
4.16076762e-07 1.94058996e+02 7.64233964e+02
4.16507768e-07 1.88160349e+02 7.75279182e+02
4.16938774e-07 1.20496677e+02 7.46709857e+02
4.17369780e-07 5.26657967e+01 7.05010841e+02
4.17800786e-07 1.18570147e+02 7.51800000e+02
4.18231792e-07 2.11832867e+02 7.58947287e+02
4.18662798e-07 1.63519641e+02 7.34253821e+02
4.19093804e-07 2.21321858e+02 7.45421631e+02
4.19524809e-07 1.29686817e+02 6.94799585e+02
4.19955815e-07 2.05118331e+02 7.48143309e+02
4.20386821e-07 2.66577182e+02 1.11666542e+03
4.20817827e-07 1.89442877e+02 1.08057735e+03
4.21248833e-07 2.21937281e+02 1.11040931e+03
4.21679839e-07 1.45461498e+02 1.04526679e+03
4.22110845e-07 2.62782523e+02 7.70334401e+02
4.22541850e-07 3.09281657e+02 7.75162368e+02
4.22972856e-07 2.08397761e+02 7.39604362e+02
4.23403862e-07 1.29979501e+02 7.02153432e+02
4.23834868e-07 2.56979370e+02 7.66033064e+02
4.24265874e-07 1.62951235e+02 7.41471764e+02
4.24696880e-07 2.25578148e+02 7.67331085e+02
4.25127886e-07 1.40283957e+02 7.45214825e+02
4.25558891e-07 2.44284464e+02 8.08065342e+02
4.25989897e-07 2.57426912e+02 7.93278733e+02
4.26420903e-07 2.16155446e+02 8.02325742e+02
4.26851909e-07 1.89030178e+02 7.71240640e+02
4.27282915e-07 1.96583696e+02 7.79823053e+02
4.27713921e-07 2.54902675e+02 8.13107269e+02
4.28144927e-07 2.20170080e+02 7.95871617e+02
4.28575933e-07 1.44987581e+02 7.66089446e+02
4.29006938e-07 2.05322140e+02 7.92361226e+02
4.29437944e-07 3.42528677e+02 8.35994889e+02
4.29868950e-07 2.52411832e+02 7.67137663e+02
4.30299956e-07 3.30914902e+02 8.02937336e+02
4.30730962e-07 2.10708861e+02 7.90057846e+02
4.31161968e-07 1.54998566e+02 7.69639042e+02
4.31592974e-07 2.33668199e+02 8.26957957e+02
4.32023979e-07 1.07504882e+02 7.77809788e+02
4.32454985e-07 8.84059901e+01 7.77814359e+02
4.32885991e-07 2.74443322e+02 8.48641945e+02
4.33316997e-07 2.21916394e+02 8.36950549e+02
4.33748003e-07 1.81253875e+02 8.07502706e+02
4.34179009e-07 3.22460267e+02 8.65439852e+02
4.34610015e-07 2.55597330e+02 8.71361906e+02
4.35041021e-07 2.93623822e+02 8.93964311e+02
4.35472026e-07 3.34466691e+02 9.33543626e+02
4.35903032e-07 1.99156240e+02 8.91377914e+02
4.36334038e-07 1.66980683e+02 8.55298474e+02
4.36765044e-07 2.12094409e+02 8.66673714e+02
4.37196050e-07 2.66674588e+02 8.77920583e+02
4.37627056e-07 4.06837698e+02 9.33445977e+02
4.38058062e-07 3.45056313e+02 9.25312477e+02
4.38489067e-07 3.86744195e+02 9.25486262e+02
4.38920073e-07 4.71577355e+02 9.74809892e+02
4.39351079e-07 5.15776564e+02 1.00284083e+03
4.39782085e-07 4.02172715e+02 9.79237836e+02
4.40213091e-07 2.19785165e+02 9.22011308e+02
4.40644097e-07 5.43916989e+02 1.07952838e+03
4.41075103e-07 6.20340109e+02 1.13139147e+03
4.41506109e-07 4.53754005e+02 1.08372346e+03
4.41937114e-07 4.85252965e+02 1.09101675e+03
4.42368120e-07 4.96824412e+02 1.08605562e+03
4.42799126e-07 4.69810590e+02 1.06050963e+03
4.43230132e-07 4.96016270e+02 1.05593770e+03
4.43661138e-07 4.32604702e+02 1.02999552e+03
4.44092144e-07 4.87494518e+02 1.04113246e+03
4.44523150e-07 4.53245850e+02 1.03080812e+03
4.44954155e-07 3.34599799e+02 1.00297716e+03
4.45385161e-07 6.00539502e+02 1.06336559e+03
4.45816167e-07 5.25805118e+02 1.02860456e+03
4.46247173e-07 4.40524568e+02 1.03431037e+03
4.46678179e-07 5.11992828e+02 1.06120534e+03
4.47109185e-07 4.26816726e+02 1.02619862e+03
4.47540191e-07 3.72182360e+02 1.00997695e+03
4.47971196e-07 4.97019493e+02 1.08902766e+03
4.48402202e-07 5.15821990e+02 1.09872859e+03
4.48833208e-07 5.25590845e+02 1.10026504e+03
4.49264214e-07 3.12622872e+02 1.00902474e+03
4.49695220e-07 4.58900563e+02 1.09550171e+03
4.50126226e-07 5.80902896e+02 1.12355326e+03
4.50557232e-07 5.87288605e+02 1.13724952e+03
4.50988238e-07 3.87440781e+02 1.06698312e+03
4.51419243e-07 3.44998288e+02 1.07594219e+03
4.51850249e-07 5.21741563e+02 1.14821780e+03
4.52281255e-07 5.51379067e+02 1.13341951e+03
4.52712261e-07 5.53461980e+02 1.13559399e+03
4.53143267e-07 5.37053372e+02 1.15180166e+03
4.53574273e-07 6.98470207e+02 1.22413666e+03
4.54005279e-07 4.54662161e+02 1.13068118e+03
4.54436284e-07 5.14311754e+02 1.16887140e+03
4.54867290e-07 7.40007567e+02 1.26734926e+03
4.55298296e-07 7.52700850e+02 1.27840098e+03
4.55729302e-07 6.06915817e+02 1.19490427e+03
4.56160308e-07 6.02239810e+02 1.19266302e+03
4.56591314e-07 5.70392777e+02 1.19858174e+03
4.57022320e-07 4.17370028e+02 1.12013504e+03
4.57453326e-07 6.06910581e+02 1.19707214e+03
4.57884331e-07 7.59827321e+02 1.27725478e+03
4.58315337e-07 6.06305558e+02 1.22082518e+03
4.58746343e-07 6.62044673e+02 1.25564733e+03
4.59177349e-07 5.95045948e+02 1.21883842e+03
4.59608355e-07 5.53626025e+02 1.19355538e+03
4.60039361e-07 6.26767921e+02 1.21249946e+03
4.60470367e-07 7.54560514e+02 1.27007114e+03
4.60901372e-07 7.72586038e+02 1.31304915e+03
4.61332378e-07 9.10870427e+02 1.34295277e+03
4.61763384e-07 5.73264241e+02 1.22425705e+03
4.62194390e-07 7.01119128e+02 1.30183944e+03
4.62625396e-07 6.20577241e+02 1.24266042e+03
4.63056402e-07 6.31044089e+02 1.24880169e+03
4.63487408e-07 6.48336156e+02 1.24658095e+03
4.63918413e-07 6.29123311e+02 1.26118285e+03
4.64349419e-07 3.94720673e+02 1.15058065e+03
4.64780425e-07 6.26511593e+02 1.21975700e+03
4.65211431e-07 7.82398845e+02 1.31552463e+03
4.65642437e-07 7.76129477e+02 1.34482602e+03
4.66073443e-07 7.61748204e+02 1.36319979e+03
4.66504449e-07 7.40726070e+02 1.33138780e+03
4.66935455e-07 6.10607221e+02 1.29503168e+03
4.67366460e-07 6.67596879e+02 1.32468670e+03
4.67797466e-07 6.65677219e+02 1.34232510e+03
4.68228472e-07 7.32821321e+02 1.37301806e+03
4.68659478e-07 6.55166170e+02 1.34158946e+03
4.69090484e-07 6.46626248e+02 1.31633724e+03
4.69521490e-07 5.65086880e+02 1.28723180e+03
4.69952496e-07 8.20517137e+02 1.37541283e+03
4.70383501e-07 9.43557647e+02 1.40553759e+03
4.70814507e-07 8.15421552e+02 1.37259073e+03
4.71245513e-07 7.76818925e+02 1.36825634e+03
4.71676519e-07 8.02681999e+02 1.37106551e+03
4.72107525e-07 7.14156840e+02 1.35028017e+03
4.72538531e-07 6.92750586e+02 1.35787000e+03
4.72969537e-07 5.57332072e+02 1.29399555e+03
4.73400543e-07 5.03991653e+02 1.27096605e+03
4.73831548e-07 6.67324415e+02 1.34913331e+03
4.74262554e-07 8.12621309e+02 1.43761260e+03
4.74693560e-07 8.95592586e+02 1.43636416e+03
4.75124566e-07 7.63202800e+02 1.37199103e+03
4.75555572e-07 7.89225589e+02 1.39517938e+03
4.75986578e-07 8.52499782e+02 1.42294651e+03
4.76417584e-07 7.62004779e+02 1.37991990e+03
4.76848589e-07 7.65806976e+02 1.40308016e+03
4.77279595e-07 8.73376533e+02 1.43934169e+03
4.77710601e-07 8.28712488e+02 1.41015895e+03
4.78141607e-07 6.81648554e+02 1.37747035e+03
4.78572613e-07 8.08746976e+02 1.45073301e+03
4.79003619e-07 9.67787957e+02 1.53990441e+03
4.79434625e-07 9.20505532e+02 1.52425007e+03
4.79865630e-07 8.88184786e+02 1.49996529e+03
4.80296636e-07 9.02147719e+02 1.52327628e+03
4.80727642e-07 8.38585244e+02 1.49536933e+03
4.81158648e-07 9.46717685e+02 1.52085699e+03
4.81589654e-07 8.50130284e+02 1.55730234e+03
4.82020660e-07 8.04694724e+02 1.55669100e+03
4.82451666e-07 7.51960826e+02 1.51314121e+03
4.82882672e-07 9.33011530e+02 1.58011364e+03
4.83313677e-07 8.01481445e+02 1.55017940e+03
4.83744683e-07 7.74856450e+02 1.51663007e+03
4.84175689e-07 8.18880415e+02 1.55833916e+03
4.84606695e-07 9.44384290e+02 1.54444650e+03
4.85037701e-07 9.99599383e+02 1.56404683e+03
4.85468707e-07 1.06289752e+03 1.59180778e+03
4.85899713e-07 1.15661489e+03 1.55727472e+03
4.86330718e-07 1.05117688e+03 1.50235668e+03
4.86761724e-07 1.01688236e+03 1.54231296e+03
4.87192730e-07 1.08416895e+03 1.56109018e+03
4.87623736e-07 7.53845910e+02 1.44961566e+03
4.88054742e-07 7.31841641e+02 1.49404556e+03
4.88485748e-07 9.94150663e+02 2.31196797e+03
4.88916754e-07 1.10882161e+03 2.40425990e+03
4.89347760e-07 1.17672185e+03 2.43101477e+03
4.89778765e-07 1.26900000e+03 1.67834007e+03
4.90209771e-07 1.05857310e+03 1.61067760e+03
4.90640777e-07 1.05586759e+03 1.60942959e+03
4.91071783e-07 1.19477854e+03 1.62707370e+03
4.91502789e-07 1.04820149e+03 1.57002131e+03
4.91933795e-07 9.43392438e+02 1.54464651e+03
4.92364801e-07 9.23357922e+02 1.55517583e+03
4.92795806e-07 1.14672060e+03 1.65179018e+03
4.93226812e-07 1.14792939e+03 1.67054584e+03
4.93657818e-07 1.06842009e+03 1.63232631e+03
4.94088824e-07 1.12995860e+03 1.63601490e+03
4.94519830e-07 1.24501351e+03 1.73178190e+03
4.94950836e-07 1.12616482e+03 1.66451391e+03
4.95381842e-07 1.12333236e+03 1.67789536e+03
4.95812848e-07 9.45656048e+02 1.62203750e+03
4.96243853e-07 1.18798449e+03 1.67055468e+03
4.96674859e-07 1.55177396e+03 1.84341473e+03
4.97105865e-07 1.26889684e+03 1.77602338e+03
4.97536871e-07 9.72093732e+02 1.66200340e+03
4.97967877e-07 9.89069571e+02 1.62462781e+03
4.98398883e-07 1.05855785e+03 1.66217382e+03
4.98829889e-07 1.30053212e+03 1.77950736e+03
4.99260894e-07 1.22560692e+03 1.78362353e+03
4.99691900e-07 1.17494087e+03 1.73385277e+03
5.00122906e-07 1.33557241e+03 1.75860351e+03
5.00553912e-07 1.17219150e+03 1.69999702e+03
5.00984918e-07 1.30333826e+03 1.75934906e+03
5.01415924e-07 1.32700694e+03 1.80744079e+03
5.01846930e-07 1.32171125e+03 1.77906990e+03
5.02277935e-07 1.40730774e+03 1.81449499e+03
5.02708941e-07 1.39348513e+03 1.82006982e+03
5.03139947e-07 1.18730849e+03 1.76576780e+03
5.03570953e-07 1.16273458e+03 1.71922098e+03
5.04001959e-07 1.23999346e+03 1.74369913e+03
5.04432965e-07 1.24773917e+03 1.76223424e+03
5.04863971e-07 1.43660775e+03 1.82825803e+03
5.05294977e-07 1.37538157e+03 1.82655456e+03
5.05725982e-07 1.22112207e+03 1.76292498e+03
5.06156988e-07 1.33438009e+03 1.80138861e+03
5.06587994e-07 1.57576217e+03 1.88141548e+03
5.07019000e-07 1.49231105e+03 1.86315890e+03
5.07450006e-07 1.57560973e+03 1.91386731e+03
5.07881012e-07 1.40084180e+03 1.81252340e+03
5.08312018e-07 1.38221329e+03 1.84976615e+03
5.08743023e-07 1.37835437e+03 1.85630812e+03
5.09174029e-07 1.36629402e+03 1.85644283e+03
5.09605035e-07 1.27899450e+03 1.78713709e+03
5.10036041e-07 1.63026924e+03 1.92685384e+03
5.10467047e-07 1.38557735e+03 1.86758098e+03
5.10898053e-07 1.32111474e+03 1.82966262e+03
5.11329059e-07 1.47494649e+03 1.91604961e+03
5.11760065e-07 1.16313402e+03 1.78851427e+03
5.12191070e-07 1.38192178e+03 1.87155822e+03
5.12622076e-07 1.57737349e+03 1.90458770e+03
5.13053082e-07 1.62558363e+03 1.99700508e+03
5.13484088e-07 1.40190864e+03 1.94778711e+03
5.13915094e-07 1.59399303e+03 2.02127723e+03
5.14346100e-07 1.40936031e+03 1.91455787e+03
5.14777106e-07 1.55392896e+03 1.95747301e+03
5.15208111e-07 1.24222906e+03 1.89176969e+03
5.15639117e-07 1.32100658e+03 1.91366036e+03
5.16070123e-07 1.62796536e+03 2.01822215e+03
5.16501129e-07 1.47560104e+03 1.92063386e+03
5.16932135e-07 1.49612346e+03 2.76928539e+03
5.17363141e-07 1.46528340e+03 2.77727338e+03
5.17794147e-07 1.51822856e+03 2.84363085e+03
5.18225152e-07 1.52343507e+03 2.82430912e+03
5.18656158e-07 1.92379167e+03 2.09403677e+03
5.19087164e-07 1.56438865e+03 2.08241916e+03
5.19518170e-07 1.42015802e+03 2.25777908e+03
5.19949176e-07 1.83791562e+03 2.50598334e+03
5.20380182e-07 1.41618841e+03 2.12356737e+03
5.20811188e-07 1.80267982e+03 2.10502171e+03
5.21242194e-07 1.50791647e+03 2.01223177e+03
5.21673199e-07 1.53380267e+03 2.06011938e+03
5.22104205e-07 1.61756170e+03 2.09669671e+03
5.22535211e-07 1.33883154e+03 1.97660776e+03
5.22966217e-07 1.53976023e+03 2.03398045e+03
5.23397223e-07 1.46054574e+03 2.04416191e+03
5.23828229e-07 1.44943698e+03 2.04030410e+03
5.24259235e-07 1.70107671e+03 2.14407970e+03
5.24690240e-07 2.00099336e+03 2.22450001e+03
5.25121246e-07 1.75997103e+03 2.17610264e+03
5.25552252e-07 1.79046621e+03 2.24026798e+03
5.25983258e-07 1.71878611e+03 2.14575409e+03
5.26414264e-07 1.57973996e+03 1.98385201e+03
5.26845270e-07 1.70478185e+03 2.04836866e+03
5.27276276e-07 1.57486899e+03 2.06782497e+03
5.27707282e-07 1.72145460e+03 2.13052803e+03
5.28138287e-07 1.78773438e+03 2.16536264e+03
5.28569293e-07 1.78298658e+03 2.14546471e+03
5.29000299e-07 1.69051352e+03 2.12661495e+03
5.29431305e-07 1.98545322e+03 2.25313700e+03
5.29862311e-07 1.76608358e+03 2.18172920e+03
5.30293317e-07 1.68214392e+03 2.15916435e+03
5.30724323e-07 1.70215848e+03 2.22389827e+03
5.31155328e-07 2.01379531e+03 2.32777139e+03
5.31586334e-07 1.99076345e+03 2.30843204e+03
5.32017340e-07 1.90881201e+03 2.27757540e+03
5.32448346e-07 1.56877623e+03 2.13824908e+03
5.32879352e-07 1.57737327e+03 2.15016164e+03
5.33310358e-07 1.46915539e+03 2.12707786e+03
5.33741364e-07 1.71964502e+03 2.20729730e+03
5.34172370e-07 1.90002011e+03 2.24207137e+03
5.34603375e-07 1.78122559e+03 2.23983575e+03
5.35034381e-07 1.36477646e+03 2.06945748e+03
5.35465387e-07 1.51140091e+03 2.11067362e+03
5.35896393e-07 1.76952525e+03 2.23384029e+03
5.36327399e-07 1.77567807e+03 2.21659032e+03
5.36758405e-07 1.79181894e+03 2.20157924e+03
5.37189411e-07 1.52787295e+03 2.10794839e+03
5.37620416e-07 1.65127998e+03 2.22339260e+03
5.38051422e-07 1.73143389e+03 2.20764533e+03
5.38482428e-07 1.83226018e+03 2.23327730e+03
5.38913434e-07 1.82350427e+03 2.24204894e+03
5.39344440e-07 1.76210637e+03 2.17779781e+03
5.39775446e-07 1.76796070e+03 2.20304071e+03
5.40206452e-07 1.85501371e+03 2.21111695e+03
5.40637457e-07 1.72133591e+03 2.17834752e+03
5.41068463e-07 1.73356772e+03 2.15840894e+03
5.41499469e-07 1.94431811e+03 2.27143817e+03
5.41930475e-07 1.87762580e+03 2.30208706e+03
5.42361481e-07 1.87796645e+03 2.27516963e+03
5.42792487e-07 2.01288915e+03 2.35766726e+03
5.43223493e-07 1.86785951e+03 2.24394916e+03
5.43654499e-07 2.00632962e+03 2.31776991e+03
5.44085504e-07 1.86124281e+03 2.35128313e+03
5.44516510e-07 1.70483934e+03 2.27561276e+03
5.44947516e-07 1.96989695e+03 2.33488663e+03
5.45378522e-07 2.12753833e+03 2.39811849e+03
5.45809528e-07 1.80697058e+03 2.40718616e+03
5.46240534e-07 1.98190638e+03 2.44316305e+03
5.46671540e-07 1.46468628e+03 2.25475334e+03
5.47102545e-07 1.93856573e+03 2.42549796e+03
5.47533551e-07 1.47799951e+03 2.21518533e+03
5.47964557e-07 1.56097761e+03 2.25362906e+03
5.48395563e-07 2.11823929e+03 2.44711440e+03
5.48826569e-07 1.94775993e+03 2.39584104e+03
5.49257575e-07 1.76428343e+03 2.31715987e+03
5.49688581e-07 2.11683325e+03 2.47850786e+03
5.50119587e-07 2.33881916e+03 2.54984990e+03
5.50550592e-07 2.52531130e+03 2.67867513e+03
5.50981598e-07 2.02178973e+03 2.44759857e+03
5.51412604e-07 1.79764011e+03 2.39949713e+03
5.51843610e-07 1.69072484e+03 2.38347392e+03
5.52274616e-07 1.88678884e+03 2.44066986e+03
5.52705622e-07 1.88138997e+03 2.43321228e+03
5.53136628e-07 1.75193298e+03 2.34735073e+03
5.53567633e-07 1.67753908e+03 2.38435727e+03
5.53998639e-07 1.84176185e+03 2.53419553e+03
5.54429645e-07 1.80482617e+03 2.57891838e+03
5.54860651e-07 2.08776095e+03 2.64538118e+03
5.55291657e-07 1.94503793e+03 2.48901323e+03
5.55722663e-07 1.74587210e+03 2.47573619e+03
5.56153669e-07 2.30246383e+03 2.75270275e+03
5.56584674e-07 2.12859320e+03 2.64841743e+03
5.57015680e-07 1.24246273e+03 5.78338035e+03
5.57446686e-07 1.89268732e+03 1.86585377e+04
5.57877692e-07 5.04236229e+03 2.12308444e+04
5.58308698e-07 7.16449716e+02 6.48773715e+03
5.58739704e-07 2.18264989e+03 2.67239312e+03
5.59170710e-07 2.21621019e+03 2.69959429e+03
5.59601716e-07 2.03129832e+03 2.61776570e+03
5.60032721e-07 2.27104086e+03 2.73561610e+03
5.60463727e-07 2.38715726e+03 2.83002501e+03
5.60894733e-07 2.05401445e+03 2.69602948e+03
5.61325739e-07 1.95228455e+03 2.57992126e+03
5.61756745e-07 2.00585134e+03 2.61872847e+03
5.62187751e-07 2.02585594e+03 2.68996479e+03
5.62618757e-07 2.00502264e+03 2.61074339e+03
5.63049762e-07 1.82588944e+03 2.50951192e+03
5.63480768e-07 2.07012833e+03 2.60733678e+03
5.63911774e-07 2.01701947e+03 2.62031190e+03
5.64342780e-07 2.21642987e+03 2.78133166e+03
5.64773786e-07 2.02899506e+03 2.66362462e+03
5.65204792e-07 1.90384938e+03 2.55379511e+03
5.65635798e-07 1.92045238e+03 2.57102279e+03
5.66066804e-07 1.81485626e+03 2.54367914e+03
5.66497809e-07 1.97676428e+03 2.64494869e+03
5.66928815e-07 1.88362127e+03 2.61635068e+03
5.67359821e-07 2.09677165e+03 2.70315359e+03
5.67790827e-07 2.04392317e+03 2.67223825e+03
5.68221833e-07 1.71357044e+03 2.57575106e+03
5.68652839e-07 1.77482630e+03 2.60465871e+03
5.69083845e-07 1.64189661e+03 2.59218167e+03
5.69514850e-07 1.89462937e+03 2.69835055e+03
5.69945856e-07 2.16773393e+03 2.79417095e+03
5.70376862e-07 2.24854001e+03 2.82125413e+03
5.70807868e-07 2.06090230e+03 2.67896939e+03
5.71238874e-07 2.32063756e+03 2.81412602e+03
5.71669880e-07 2.16772770e+03 2.78106376e+03
5.72100886e-07 1.76943221e+03 2.65876927e+03
5.72531891e-07 2.14926572e+03 2.81519281e+03
5.72962897e-07 1.95880155e+03 2.73267439e+03
5.73393903e-07 1.98801038e+03 2.74994223e+03
5.73824909e-07 1.95362212e+03 2.73285527e+03
5.74255915e-07 1.91853201e+03 2.67303252e+03
5.74686921e-07 2.18093079e+03 2.75390341e+03
5.75117927e-07 1.95637473e+03 2.67890858e+03
5.75548933e-07 2.59039210e+03 2.88413295e+03
5.75979938e-07 2.51519356e+03 2.91265464e+03
5.76410944e-07 2.52999481e+03 2.93897199e+03
5.76841950e-07 2.18902684e+03 2.83036108e+03
5.77272956e-07 2.33981902e+03 2.86846040e+03
5.77703962e-07 2.35224989e+03 2.86763551e+03
5.78134968e-07 2.13264588e+03 2.76716134e+03
5.78565974e-07 2.05411671e+03 2.72649914e+03
5.78996979e-07 1.86008389e+03 2.65917283e+03
5.79427985e-07 2.53665361e+03 2.90908873e+03
5.79858991e-07 2.96731095e+03 3.10107357e+03
5.80289997e-07 2.07644075e+03 2.77969621e+03
5.80721003e-07 2.27238839e+03 2.93582848e+03
5.81152009e-07 2.45478132e+03 2.94907737e+03
5.81583015e-07 2.61901033e+03 2.97402069e+03
5.82014021e-07 2.29215662e+03 2.93732040e+03
5.82445026e-07 2.16317482e+03 2.86617737e+03
5.82876032e-07 2.33908731e+03 2.96699076e+03
5.83307038e-07 2.54250134e+03 2.99973140e+03
5.83738044e-07 2.54030201e+03 3.04659204e+03
5.84169050e-07 2.27688005e+03 2.90088004e+03
5.84600056e-07 2.29671240e+03 2.90250058e+03
5.85031062e-07 2.38993634e+03 2.97262806e+03
5.85462067e-07 2.32780727e+03 2.95947180e+03
5.85893073e-07 2.75971912e+03 3.15289334e+03
5.86324079e-07 2.76990727e+03 3.51955537e+03
5.86755085e-07 2.49176279e+03 3.67799659e+03
5.87186091e-07 2.44479468e+03 3.32413996e+03
5.87617097e-07 2.93411979e+03 3.33054755e+03
5.88048103e-07 2.35870804e+03 3.32046394e+03
5.88479109e-07 1.87659550e+03 5.33760844e+03
5.88910114e-07 3.06381935e+03 8.91637606e+03
5.89341120e-07 2.62821076e+03 8.24861282e+03
5.89772126e-07 2.64291584e+03 5.70782818e+03
5.90203132e-07 2.38390915e+03 3.68808027e+03
5.90634138e-07 2.92867066e+03 3.46315110e+03
5.91065144e-07 2.72078520e+03 3.57577356e+03
5.91496150e-07 2.68401559e+03 3.70402207e+03
5.91927155e-07 2.61798540e+03 3.44257980e+03
5.92358161e-07 2.45220977e+03 3.32003251e+03
5.92789167e-07 2.53316553e+03 3.53218190e+03
5.93220173e-07 2.42165956e+03 3.64057776e+03
5.93651179e-07 2.76758710e+03 3.52726843e+03
5.94082185e-07 2.36395585e+03 3.16386355e+03
5.94513191e-07 2.59883308e+03 3.37302885e+03
5.94944196e-07 2.36792123e+03 3.49691751e+03
5.95375202e-07 2.88424715e+03 3.76069073e+03
5.95806208e-07 2.31069859e+03 3.26493791e+03
5.96237214e-07 2.53092725e+03 3.19965786e+03
5.96668220e-07 2.30325873e+03 3.23847144e+03
5.97099226e-07 2.05490091e+03 3.17284727e+03
5.97530232e-07 2.83859950e+03 3.56624659e+03
5.97961238e-07 2.79002223e+03 3.45818880e+03
5.98392243e-07 2.57846617e+03 3.21005495e+03
5.98823249e-07 2.38853023e+03 3.14448922e+03
5.99254255e-07 2.41814763e+03 3.13477427e+03
5.99685261e-07 2.80948187e+03 3.32084870e+03
6.00116267e-07 2.84420329e+03 3.35738344e+03
6.00547273e-07 2.82044130e+03 3.34202094e+03
6.00978279e-07 2.62095680e+03 3.16343815e+03
6.01409284e-07 2.70329335e+03 3.18420789e+03
6.01840290e-07 2.69583833e+03 3.09398107e+03
6.02271296e-07 2.33429303e+03 2.97580896e+03
6.02702302e-07 2.76987265e+03 3.21985095e+03
6.03133308e-07 2.87882874e+03 3.28593237e+03
6.03564314e-07 2.70531633e+03 3.19004080e+03
6.03995320e-07 2.90293777e+03 3.18601889e+03
6.04426326e-07 2.92725977e+03 3.17133362e+03
6.04857331e-07 2.18701922e+03 2.92123927e+03
6.05288337e-07 2.41330014e+03 2.98516222e+03
6.05719343e-07 2.82318508e+03 3.13140915e+03
6.06150349e-07 2.63334649e+03 3.08649192e+03
6.06581355e-07 2.64119980e+03 3.13739438e+03
6.07012361e-07 2.87313954e+03 3.15773098e+03
6.07443367e-07 2.54189986e+03 2.99188070e+03
6.07874372e-07 2.41488914e+03 2.99162048e+03
6.08305378e-07 2.83055820e+03 3.08859038e+03
6.08736384e-07 2.93957346e+03 3.16079687e+03
6.09167390e-07 2.75027374e+03 3.10768399e+03
6.09598396e-07 2.93449696e+03 3.16609596e+03
6.10029402e-07 2.84296394e+03 3.15039340e+03
6.10460408e-07 2.64630803e+03 3.07877519e+03
6.10891413e-07 2.78891113e+03 3.17257164e+03
6.11322419e-07 3.05329065e+03 3.18324850e+03
6.11753425e-07 2.94575449e+03 3.10346320e+03
6.12184431e-07 2.78710795e+03 3.07183999e+03
6.12615437e-07 2.95400871e+03 3.09781097e+03
6.13046443e-07 2.86924644e+03 3.10727757e+03
6.13477449e-07 2.86040890e+03 3.23802190e+03
6.13908455e-07 2.89462807e+03 3.38866095e+03
6.14339460e-07 2.51207985e+03 3.21664588e+03
6.14770466e-07 2.86281023e+03 3.23175633e+03
6.15201472e-07 2.80123618e+03 3.07744255e+03
6.15632478e-07 2.38958365e+03 2.91070901e+03
6.16063484e-07 2.85615771e+03 3.11902465e+03
6.16494490e-07 2.61809518e+03 3.11994211e+03
6.16925496e-07 3.29840687e+03 3.58616371e+03
6.17356501e-07 3.02767027e+03 3.43723551e+03
6.17787507e-07 2.68905955e+03 3.11797497e+03
6.18218513e-07 2.97327158e+03 3.22623181e+03
6.18649519e-07 2.95156708e+03 3.22999292e+03
6.19080525e-07 3.33656148e+03 3.31285487e+03
6.19511531e-07 2.48399286e+03 3.05969130e+03
6.19942537e-07 2.77054410e+03 3.27253287e+03
6.20373543e-07 3.16049495e+03 3.46286092e+03
6.20804548e-07 3.10773258e+03 3.28363485e+03
6.21235554e-07 2.75195353e+03 3.18677957e+03
6.21666560e-07 2.68881668e+03 3.21430687e+03
6.22097566e-07 2.98184883e+03 3.49579783e+03
6.22528572e-07 2.77258649e+03 3.27180146e+03
6.22959578e-07 3.28395024e+03 3.70656035e+03
6.23390584e-07 3.35266059e+03 4.61947843e+03
6.23821589e-07 3.36331260e+03 4.56002692e+03
6.24252595e-07 3.13399986e+03 3.84058808e+03
6.24683601e-07 3.05572715e+03 3.44508740e+03
6.25114607e-07 2.91140231e+03 3.44860274e+03
6.25545613e-07 3.60467780e+03 4.47079075e+03
6.25976619e-07 3.10089461e+03 4.35564519e+03
6.26407625e-07 3.10029092e+03 3.95272771e+03
6.26838630e-07 2.73495512e+03 3.50305213e+03
6.27269636e-07 2.95258278e+03 3.40514751e+03
6.27700642e-07 2.89458715e+03 3.36902614e+03
6.28131648e-07 2.81254330e+03 3.50349756e+03
6.28562654e-07 3.23621553e+03 4.13646389e+03
6.28993660e-07 2.95496565e+03 4.09378881e+03
6.29424666e-07 2.46100720e+03 7.36785348e+03
6.29855672e-07 4.80764071e+03 1.64443490e+04
6.30286677e-07 4.14590680e+03 1.26078476e+04
6.30717683e-07 3.51675804e+03 5.45036437e+03
6.31148689e-07 2.87541432e+03 3.59673463e+03
6.31579695e-07 3.31215712e+03 3.51560695e+03
6.32010701e-07 2.96199561e+03 3.59035353e+03
6.32441707e-07 3.02481974e+03 3.88250603e+03
6.32872713e-07 3.41501774e+03 4.29683850e+03
6.33303718e-07 2.58113366e+03 3.68655565e+03
6.33734724e-07 3.24120997e+03 3.37572892e+03
6.34165730e-07 3.36218248e+03 3.48821922e+03
6.34596736e-07 2.95930099e+03 3.50395433e+03
6.35027742e-07 3.13394414e+03 3.66980883e+03
6.35458748e-07 2.87131230e+03 3.95671198e+03
6.35889754e-07 3.18592570e+03 5.93365616e+03
6.36320760e-07 3.48290356e+03 7.62728312e+03
6.36751765e-07 3.14538523e+03 5.23489303e+03
6.37182771e-07 3.67381153e+03 3.64519018e+03
6.37613777e-07 3.33277280e+03 3.46282485e+03
6.38044783e-07 3.09413642e+03 3.50820604e+03
6.38475789e-07 3.76120143e+03 3.84006486e+03
6.38906795e-07 3.22575230e+03 3.53545841e+03
6.39337801e-07 3.31198312e+03 3.36621717e+03
6.39768806e-07 3.17719184e+03 3.27538482e+03
6.40199812e-07 3.40603661e+03 3.40149586e+03
6.40630818e-07 3.33796523e+03 3.33733378e+03
6.41061824e-07 3.35111205e+03 3.38221897e+03
6.41492830e-07 3.37916476e+03 3.47527531e+03
6.41923836e-07 3.59154032e+03 3.52981213e+03
6.42354842e-07 3.38443113e+03 3.42326743e+03
6.42785848e-07 3.30877533e+03 3.28219648e+03
6.43216853e-07 3.09915962e+03 3.16256347e+03
6.43647859e-07 3.47366517e+03 3.28651611e+03
6.44078865e-07 3.42861592e+03 3.37517052e+03
6.44509871e-07 3.22690584e+03 3.31645953e+03
6.44940877e-07 3.22472165e+03 3.34878336e+03
6.45371883e-07 3.76665743e+03 3.56618861e+03
6.45802889e-07 3.52167608e+03 3.63732932e+03
6.46233894e-07 3.04715457e+03 3.99639217e+03
6.46664900e-07 3.10695982e+03 4.30559195e+03
6.47095906e-07 2.56350141e+03 3.82440183e+03
6.47526912e-07 2.62508095e+03 3.45990462e+03
6.47957918e-07 3.29320256e+03 3.40222465e+03
6.48388924e-07 3.09074758e+03 3.26509249e+03
6.48819930e-07 3.16369855e+03 3.20652134e+03
6.49250935e-07 3.31921035e+03 3.68912342e+03
6.49681941e-07 3.44571552e+03 4.64031956e+03
6.50112947e-07 3.22398813e+03 4.47659339e+03
6.50543953e-07 3.38788779e+03 3.93757012e+03
6.50974959e-07 3.68299199e+03 3.70052485e+03
6.51405965e-07 3.42365210e+03 3.48813767e+03
6.51836971e-07 3.01746938e+03 3.44758616e+03
6.52267977e-07 3.57817402e+03 3.71447266e+03
6.52698982e-07 3.59665440e+03 3.93253374e+03
6.53129988e-07 3.22106664e+03 4.33732212e+03
6.53560994e-07 3.30363253e+03 4.07971987e+03
6.53992000e-07 3.69119919e+03 3.91673877e+03
6.54423006e-07 3.60462621e+03 3.90469540e+03
6.54854012e-07 3.67453104e+03 4.26102570e+03
6.55285018e-07 3.48275872e+03 4.67010263e+03
6.55716023e-07 3.65942946e+03 4.19279673e+03
6.56147029e-07 3.64340642e+03 3.92246168e+03
6.56578035e-07 3.76953440e+03 4.02962041e+03
6.57009041e-07 4.04373338e+03 4.07626866e+03
6.57440047e-07 3.87351284e+03 4.37181516e+03
6.57871053e-07 3.64584728e+03 4.18201558e+03
6.58302059e-07 3.77408783e+03 3.72475803e+03
6.58733065e-07 3.73416372e+03 3.53699306e+03
6.59164070e-07 3.67898246e+03 3.59272235e+03
6.59595076e-07 3.66522641e+03 3.70003622e+03
6.60026082e-07 3.23322649e+03 3.82431449e+03
6.60457088e-07 3.45758905e+03 3.83015786e+03
6.60888094e-07 3.94265052e+03 3.65845012e+03
6.61319100e-07 3.61173055e+03 3.42015989e+03
6.61750106e-07 3.94554699e+03 3.53295399e+03
6.62181111e-07 3.74395977e+03 3.50109154e+03
6.62612117e-07 3.64315990e+03 3.55201216e+03
6.63043123e-07 3.68888848e+03 3.61147136e+03
6.63474129e-07 3.56950253e+03 3.54881384e+03
6.63905135e-07 3.68511547e+03 3.48092843e+03
6.64336141e-07 3.67180925e+03 3.40996664e+03
6.64767147e-07 3.67263540e+03 3.39340279e+03
6.65198152e-07 3.63438918e+03 3.45113524e+03
6.65629158e-07 3.95590289e+03 3.55530692e+03
6.66060164e-07 3.65315662e+03 3.51968263e+03
6.66491170e-07 3.62338273e+03 3.51650566e+03
6.66922176e-07 3.50196554e+03 3.46076961e+03
6.67353182e-07 3.41319147e+03 3.36162103e+03
6.67784188e-07 3.15444543e+03 3.29128111e+03
6.68215194e-07 3.21311305e+03 3.31228136e+03
6.68646199e-07 3.67075958e+03 3.46164496e+03
6.69077205e-07 3.57806640e+03 5.15380500e+03
6.69508211e-07 3.93282675e+03 5.50738128e+03
6.69939217e-07 3.86563882e+03 5.52610539e+03
6.70370223e-07 3.61178270e+03 5.26098103e+03
6.70801229e-07 4.02653155e+03 3.65163606e+03
6.71232235e-07 3.51881215e+03 3.41326038e+03
6.71663240e-07 3.70712466e+03 3.51366068e+03
6.72094246e-07 3.76803551e+03 3.48329958e+03
6.72525252e-07 3.30758430e+03 3.33178843e+03
6.72956258e-07 3.56833870e+03 3.44898671e+03
6.73387264e-07 3.92674381e+03 3.53918495e+03
6.73818270e-07 4.10147673e+03 3.61412655e+03
6.74249276e-07 3.56481701e+03 3.47228086e+03
6.74680282e-07 3.16623476e+03 3.24971561e+03
6.75111287e-07 3.53539563e+03 3.32788515e+03
6.75542293e-07 3.59630249e+03 3.41172458e+03
6.75973299e-07 3.81622815e+03 3.47223729e+03
6.76404305e-07 3.75042369e+03 3.44201678e+03
6.76835311e-07 3.53221989e+03 3.29058321e+03
6.77266317e-07 3.46755089e+03 3.30651678e+03
6.77697323e-07 3.32269501e+03 3.28039520e+03
6.78128328e-07 3.34399292e+03 3.28081881e+03
6.78559334e-07 3.05016192e+03 3.19261843e+03
6.78990340e-07 3.06180545e+03 3.16538314e+03
6.79421346e-07 3.40711296e+03 3.27447284e+03
6.79852352e-07 3.28010098e+03 3.23777197e+03
6.80283358e-07 3.34775821e+03 3.29920373e+03
6.80714364e-07 3.73197858e+03 3.36233680e+03
6.81145370e-07 3.61674326e+03 3.38954144e+03
6.81576375e-07 3.42263402e+03 3.28984533e+03
6.82007381e-07 3.54823093e+03 3.54041222e+03
6.82438387e-07 3.37108667e+03 4.79967885e+03
6.82869393e-07 3.56409773e+03 6.32824014e+03
6.83300399e-07 3.95406124e+03 6.29168647e+03
6.83731405e-07 3.97085166e+03 4.94682192e+03
6.84162411e-07 3.57563509e+03 3.93425054e+03
6.84593416e-07 3.42308794e+03 3.50807599e+03
6.85024422e-07 3.53891450e+03 3.41072862e+03
6.85455428e-07 3.58450366e+03 3.65003993e+03
6.85886434e-07 3.37276154e+03 5.21813961e+03
6.86317440e-07 3.17943929e+03 6.56657448e+03
6.86748446e-07 3.22436873e+03 4.95422650e+03
6.87179452e-07 2.70676225e+03 3.22265842e+03
6.87610457e-07 2.85963722e+03 3.21546787e+03
6.88041463e-07 2.89737612e+03 3.45239918e+03
6.88472469e-07 2.88444390e+03 3.66354220e+03
6.88903475e-07 2.78666443e+03 3.71305124e+03
6.89334481e-07 2.70857550e+03 3.40020041e+03
6.89765487e-07 2.74757450e+03 3.47702890e+03
6.90196493e-07 2.97652526e+03 3.57534965e+03
6.90627499e-07 3.25539790e+03 3.70021205e+03
6.91058504e-07 3.28163049e+03 4.13759808e+03
6.91489510e-07 3.48643311e+03 4.22866960e+03
6.91920516e-07 3.49487718e+03 4.72853342e+03
6.92351522e-07 3.48106647e+03 5.06624278e+03
6.92782528e-07 3.69125055e+03 4.10193523e+03
6.93213534e-07 3.74286406e+03 3.68254271e+03
6.93644540e-07 3.61880438e+03 4.11260268e+03
6.94075545e-07 3.47037975e+03 4.32465972e+03
6.94506551e-07 3.30249933e+03 4.94275365e+03
6.94937557e-07 3.70538791e+03 5.40301613e+03
6.95368563e-07 3.74144570e+03 4.30812507e+03
6.95799569e-07 3.39071451e+03 3.51372046e+03
6.96230575e-07 3.28976712e+03 3.51479922e+03
6.96661581e-07 3.14338735e+03 3.75971553e+03
6.97092587e-07 3.35330959e+03 4.16076221e+03
6.97523592e-07 3.60136482e+03 4.66476648e+03
6.97954598e-07 3.66839945e+03 4.59982869e+03
6.98385604e-07 3.54189937e+03 3.74388648e+03
6.98816610e-07 3.20954047e+03 3.33983576e+03
6.99247616e-07 3.28336862e+03 3.42731793e+03
6.99678622e-07 3.28272464e+03 3.52172248e+03
7.00109628e-07 3.77004516e+03 3.77164221e+03
7.00540633e-07 3.61759265e+03 3.90826734e+03
7.00971639e-07 3.40327914e+03 3.90004913e+03
7.01402645e-07 3.32344120e+03 3.65772878e+03
7.01833651e-07 3.36853737e+03 3.35007449e+03
7.02264657e-07 3.43932597e+03 3.35737610e+03
7.02695663e-07 3.25337307e+03 3.39032045e+03
7.03126669e-07 3.31195461e+03 3.52976601e+03
7.03557674e-07 3.83117662e+03 3.60097100e+03
7.03988680e-07 3.73264677e+03 3.69817776e+03
7.04419686e-07 3.45455291e+03 3.89315109e+03
7.04850692e-07 3.36197066e+03 4.03145857e+03
7.05281698e-07 3.37184639e+03 3.76602965e+03
7.05712704e-07 3.61433555e+03 3.59528477e+03
7.06143710e-07 3.55243063e+03 3.61134549e+03
7.06574716e-07 3.38473080e+03 3.67952364e+03
7.07005721e-07 3.42427226e+03 3.62288338e+03
7.07436727e-07 3.57024796e+03 3.67487002e+03
7.07867733e-07 3.89278596e+03 3.83593543e+03
7.08298739e-07 3.73470360e+03 3.82199335e+03
7.08729745e-07 3.78615334e+03 3.83196533e+03
7.09160751e-07 3.59777539e+03 3.62553735e+03
7.09591757e-07 3.87278810e+03 3.59561367e+03
7.10022762e-07 3.95302917e+03 3.59191665e+03
7.10453768e-07 3.96720806e+03 3.61658353e+03
7.10884774e-07 3.94772884e+03 3.57959755e+03
7.11315780e-07 3.65414806e+03 3.48285943e+03
7.11746786e-07 3.75559248e+03 3.52361142e+03
7.12177792e-07 3.99742125e+03 3.60754281e+03
7.12608798e-07 3.94046411e+03 3.70472477e+03
7.13039804e-07 3.88816124e+03 3.72430740e+03
7.13470809e-07 3.87990800e+03 3.67762516e+03
7.13901815e-07 3.37377246e+03 3.57327333e+03
7.14332821e-07 3.18823973e+03 3.70620976e+03
7.14763827e-07 3.50988752e+03 3.71645456e+03
7.15194833e-07 3.26577186e+03 3.44347260e+03
7.15625839e-07 3.43098410e+03 3.51583398e+03
7.16056845e-07 3.82536638e+03 3.68948789e+03
7.16487850e-07 3.33629391e+03 3.44970363e+03
7.16918856e-07 3.13097383e+03 3.34842142e+03
7.17349862e-07 3.27313952e+03 3.42005760e+03
7.17780868e-07 3.25141512e+03 3.37329727e+03
7.18211874e-07 3.13755982e+03 3.18746746e+03
7.18642880e-07 3.02158063e+03 3.08382579e+03
7.19073886e-07 3.29024357e+03 3.11270946e+03
7.19504891e-07 3.33229595e+03 3.15742667e+03
7.19935897e-07 3.29198306e+03 3.16394570e+03
7.20366903e-07 3.28786011e+03 3.19833012e+03
7.20797909e-07 4.73653116e+03 3.71329972e+03
7.21228915e-07 6.13572623e+03 4.28785902e+03
7.21659921e-07 5.62082302e+03 4.10615624e+03
7.22090927e-07 3.48439263e+03 3.41302980e+03
7.22521933e-07 3.42069499e+03 3.36638162e+03
7.22952938e-07 3.92669084e+03 3.71925818e+03
7.23383944e-07 4.70288538e+03 5.55346462e+03
7.23814950e-07 4.62748166e+03 9.01317066e+03
7.24245956e-07 4.28065266e+03 1.03625172e+04
7.24676962e-07 3.75890641e+03 7.68708642e+03
7.25107968e-07 3.54261161e+03 5.13338057e+03
7.25538974e-07 2.97891555e+03 4.07905484e+03
7.25969979e-07 2.93009224e+03 3.41674130e+03
7.26400985e-07 2.96584660e+03 3.41021618e+03
7.26831991e-07 3.54480170e+03 4.73374923e+03
7.27262997e-07 2.99877317e+03 8.01309158e+03
7.27694003e-07 3.49399971e+03 9.76408690e+03
7.28125009e-07 3.27766987e+03 7.41168807e+03
7.28556015e-07 3.04468279e+03 5.62631239e+03
7.28987021e-07 3.56339899e+03 4.44756041e+03
7.29418026e-07 3.10609549e+03 4.12073218e+03
7.29849032e-07 3.36757103e+03 4.54410755e+03
7.30280038e-07 3.73568114e+03 4.94947625e+03
7.30711044e-07 3.61034719e+03 4.80060983e+03
7.31142050e-07 2.90568191e+03 6.39852857e+03
7.31573056e-07 2.89866077e+03 8.26202124e+03
7.32004062e-07 4.15842335e+03 6.23744180e+03
7.32435067e-07 3.58082073e+03 4.91070560e+03
7.32866073e-07 2.74840341e+03 5.36039738e+03
7.33297079e-07 3.86343511e+03 5.68540880e+03
7.33728085e-07 3.06692104e+03 7.94480375e+03
7.34159091e-07 3.73913625e+03 9.28604726e+03
7.34590097e-07 4.66884717e+03 5.92841287e+03
7.35021103e-07 3.45060340e+03 3.99936825e+03
7.35452109e-07 3.06494318e+03 4.77119620e+03
7.35883114e-07 3.31140187e+03 5.45771415e+03
7.36314120e-07 3.84680510e+03 6.04334417e+03
7.36745126e-07 2.99255628e+03 7.59864794e+03
7.37176132e-07 4.24085518e+03 7.00972542e+03
7.37607138e-07 3.92941501e+03 4.39688558e+03
7.38038144e-07 4.11647733e+03 3.79276509e+03
7.38469150e-07 4.22795254e+03 4.08740535e+03
7.38900155e-07 3.78042259e+03 4.75673861e+03
7.39331161e-07 3.93496803e+03 5.28658615e+03
7.39762167e-07 3.72550097e+03 5.84878327e+03
7.40193173e-07 4.06577326e+03 6.43055532e+03
7.40624179e-07 4.40753101e+03 4.92953069e+03
7.41055185e-07 3.58062695e+03 3.70710830e+03
7.41486191e-07 3.54763334e+03 3.59922955e+03
7.41917196e-07 3.76539773e+03 3.64017663e+03
7.42348202e-07 3.50421812e+03 3.76712568e+03
7.42779208e-07 3.26596197e+03 4.10068405e+03
7.43210214e-07 3.51836285e+03 4.59175043e+03
7.43641220e-07 3.41726726e+03 4.99869122e+03
7.44072226e-07 3.90268527e+03 4.71660550e+03
7.44503232e-07 3.49373452e+03 3.68357253e+03
7.44934238e-07 3.30940830e+03 3.47783252e+03
7.45365243e-07 3.82965495e+03 3.73880837e+03
7.45796249e-07 3.79693651e+03 3.93584270e+03
7.46227255e-07 3.54985393e+03 4.26172741e+03
7.46658261e-07 3.43110464e+03 4.80401800e+03
7.47089267e-07 3.63804141e+03 5.49537678e+03
7.47520273e-07 4.29282726e+03 5.87907191e+03
7.47951279e-07 3.66883671e+03 5.77778286e+03
7.48382284e-07 3.45522434e+03 5.24717369e+03
7.48813290e-07 3.63871812e+03 4.32073715e+03
7.49244296e-07 3.64267427e+03 4.06295716e+03
7.49675302e-07 3.82621330e+03 3.96789801e+03
7.50106308e-07 3.69324695e+03 3.72806860e+03
7.50537314e-07 3.61970687e+03 3.67947364e+03
7.50968320e-07 3.40545735e+03 3.57253739e+03
7.51399326e-07 3.61284530e+03 4.05492622e+03
7.51830331e-07 3.14568453e+03 5.64853304e+03
7.52261337e-07 3.02590896e+03 7.65204020e+03
7.52692343e-07 3.65251830e+03 1.12714137e+04
7.53123349e-07 3.82736291e+03 8.14558205e+03
7.53554355e-07 3.46051296e+03 6.38257790e+03
7.53985361e-07 3.35088347e+03 5.85886586e+03
7.54416367e-07 3.32669430e+03 3.66819984e+03
7.54847372e-07 3.81329778e+03 3.78938622e+03
7.55278378e-07 3.64435820e+03 4.14665210e+03
7.55709384e-07 3.36911193e+03 4.28583700e+03
7.56140390e-07 3.93979990e+03 4.33316678e+03
7.56571396e-07 3.83246860e+03 5.12816066e+03
7.57002402e-07 3.02086571e+03 6.31920644e+03
7.57433408e-07 4.13854707e+03 5.89448707e+03
7.57864413e-07 4.50787264e+03 4.55587548e+03
7.58295419e-07 3.12071758e+03 4.20239211e+03
7.58726425e-07 3.41583397e+03 4.29616039e+03
7.59157431e-07 3.02627743e+03 3.61258999e+03
7.59588437e-07 1.46034794e+03 2.93376327e+03
7.60019443e-07 8.63857442e+02 2.30898929e+03
7.60450449e-07 7.27623012e+02 1.79881107e+03
7.60881455e-07 8.01694375e+02 1.79617033e+03
7.61312460e-07 1.09596274e+03 2.52104443e+03
7.61743466e-07 1.63956476e+03 3.28137577e+03
7.62174472e-07 2.12921757e+03 3.33367509e+03
7.62605478e-07 1.61430398e+03 3.13717667e+03
7.63036484e-07 1.95373354e+03 3.08366246e+03
7.63467490e-07 1.44795638e+03 2.52095305e+03
7.63898496e-07 1.80886122e+03 2.44214979e+03
7.64329501e-07 1.97121824e+03 2.56967977e+03
7.64760507e-07 2.09656000e+03 2.90268075e+03
7.65191513e-07 2.17552814e+03 3.18138444e+03
7.65622519e-07 2.77691944e+03 3.62757854e+03
7.66053525e-07 3.05987509e+03 4.07130923e+03
7.66484531e-07 2.94106773e+03 3.82001823e+03
7.66915537e-07 2.72239580e+03 3.32251480e+03
7.67346543e-07 2.96121013e+03 3.33543809e+03
7.67777548e-07 3.46255976e+03 3.61614695e+03
7.68208554e-07 3.45371638e+03 3.88622809e+03
7.68639560e-07 3.23693886e+03 4.01451381e+03
7.69070566e-07 3.12360462e+03 4.03391020e+03
7.69501572e-07 3.13112586e+03 4.08284221e+03
7.69932578e-07 3.28905483e+03 4.09470020e+03
7.70363584e-07 3.62005077e+03 4.52809705e+03
7.70794589e-07 3.14316437e+03 7.67810951e+03
7.71225595e-07 1.83585051e+03 1.24332242e+04
7.71656601e-07 4.36140339e+03 1.27774303e+04
7.72087607e-07 5.10624876e+03 8.69346670e+03
7.72518613e-07 3.76389889e+03 5.94195867e+03
7.72949619e-07 3.91687568e+03 4.98605846e+03
7.73380625e-07 3.29696715e+03 4.31684575e+03
7.73811630e-07 3.49091895e+03 4.12121778e+03
7.74242636e-07 4.27775538e+03 5.90413053e+03
7.74673642e-07 3.19242515e+03 1.04486278e+04
7.75104648e-07 3.17019519e+03 1.23226992e+04
7.75535654e-07 4.41841433e+03 9.19726881e+03
7.75966660e-07 2.86485312e+03 6.73003588e+03
7.76397666e-07 3.56829139e+03 5.25218891e+03
7.76828672e-07 3.47246964e+03 4.63752838e+03
7.77259677e-07 3.04659789e+03 5.25324594e+03
7.77690683e-07 2.98920941e+03 5.82570156e+03
7.78121689e-07 3.03930426e+03 5.54015149e+03
7.78552695e-07 3.93004796e+03 5.88482047e+03
7.78983701e-07 2.70669828e+03 8.27959413e+03
7.79414707e-07 3.27514462e+03 9.74710148e+03
7.79845713e-07 4.52182897e+03 6.93328554e+03
7.80276718e-07 3.43468431e+03 5.35536661e+03
7.80707724e-07 2.75903640e+03 6.19796884e+03
7.81138730e-07 3.80334271e+03 6.17451073e+03
7.81569736e-07 3.57197264e+03 7.88168687e+03
7.82000742e-07 2.31217259e+03 1.05664498e+04
7.82431748e-07 3.54868047e+03 8.84227381e+03
7.82862754e-07 3.71218536e+03 4.94922013e+03
7.83293760e-07 2.94751044e+03 4.18559843e+03
7.83724765e-07 2.98565258e+03 5.33159107e+03
7.84155771e-07 3.31704776e+03 6.01697845e+03
7.84586777e-07 3.19633217e+03 7.28169021e+03
7.85017783e-07 1.94212872e+03 1.06167106e+04
7.85448789e-07 3.41091377e+03 1.21523046e+04
7.85879795e-07 4.70119034e+03 9.74454305e+03
7.86310801e-07 3.99151709e+03 7.83691235e+03
7.86741806e-07 2.50695670e+03 8.00033996e+03
7.87172812e-07 2.87904618e+03 7.87951512e+03
7.87603818e-07 4.05511146e+03 7.17238492e+03
7.88034824e-07 3.52151863e+03 7.05017625e+03
7.88465830e-07 3.52345149e+03 7.51774479e+03
7.88896836e-07 2.27830422e+03 7.62272137e+03
7.89327842e-07 3.21187490e+03 6.14763966e+03
7.89758848e-07 3.72451453e+03 4.58276332e+03
7.90189853e-07 3.44260590e+03 4.31740044e+03
7.90620859e-07 3.04783143e+03 6.85616577e+03
7.91051865e-07 1.92866171e+03 1.22467044e+04
7.91482871e-07 2.79486460e+03 1.39484920e+04
7.91913877e-07 3.99648864e+03 1.06500687e+04
7.92344883e-07 4.20040381e+03 7.68571915e+03
7.92775889e-07 3.60211665e+03 6.72130197e+03
7.93206894e-07 2.87063559e+03 6.18987034e+03
7.93637900e-07 3.30900348e+03 4.78026138e+03
7.94068906e-07 3.51646809e+03 4.46940348e+03
7.94499912e-07 2.67865355e+03 5.37049241e+03
7.94930918e-07 3.02218615e+03 5.81184983e+03
7.95361924e-07 4.00287155e+03 5.04319398e+03
7.95792930e-07 2.51279343e+03 6.11219928e+03
7.96223935e-07 2.39039863e+03 9.92474413e+03
7.96654941e-07 3.95990340e+03 9.79054752e+03
7.97085947e-07 5.11938880e+03 1.08082313e+04
7.97516953e-07 3.91172896e+03 9.99164277e+03
7.97947959e-07 3.82657603e+03 2.22011246e+04
