2.57840000e-01
3.61197000e-07 6.39715035e+01 2.56616008e+02
3.62490091e-07 1.25145563e+01 2.53696059e+02
3.64645242e-07 4.37347524e+00 2.91985882e+02
3.65076273e-07 1.93088403e+01 3.02648969e+02
3.65507303e-07 2.27088523e+01 2.96491316e+02
3.66369364e-07 1.55402936e+01 2.80204088e+02
3.66800394e-07 4.74589981e+01 2.81259122e+02
3.67662455e-07 2.16765189e+01 2.58937817e+02
3.68093485e-07 5.25034050e+01 2.68030181e+02
3.68524515e-07 2.57559060e+01 2.68656037e+02
3.68955545e-07 8.09684783e+01 2.92887245e+02
3.69386576e-07 4.89553914e+01 2.86624210e+02
3.69817606e-07 1.00423843e+01 2.94870970e+02
3.70248636e-07 3.90841689e+01 3.43546513e+02
3.70679667e-07 8.81078662e+01 3.58580122e+02
3.71110697e-07 4.82102736e+01 3.28275688e+02
3.71541727e-07 2.77425044e+01 3.04789878e+02
3.71972758e-07 4.31281901e+01 2.96816519e+02
3.73265848e-07 2.62862128e+01 3.56646004e+02
3.74127909e-07 5.52738786e+01 3.75815251e+02
3.74989970e-07 2.29150673e+01 3.64291551e+02
3.75852030e-07 1.40895345e+02 3.75676660e+02
3.76283061e-07 9.44165371e+01 3.48805324e+02
3.76714091e-07 7.45803673e+01 3.47156009e+02
3.77145121e-07 1.11681283e+02 3.49729154e+02
3.77576152e-07 4.27147504e+01 3.32122352e+02
3.78007182e-07 3.75789700e+01 3.46510973e+02
3.78869242e-07 6.43426910e+01 3.42635620e+02
3.79300273e-07 6.38911871e+01 3.55599055e+02
3.79731303e-07 2.49744557e+01 3.36106365e+02
3.80162333e-07 4.69958282e+01 3.44705230e+02
3.80593364e-07 3.84296236e+01 3.40717304e+02
3.81886455e-07 6.14963987e+00 3.53696608e+02
3.82317485e-07 6.79011573e+01 3.68967290e+02
3.82748515e-07 3.86504516e+01 3.79882635e+02
3.83610576e-07 1.44282936e+01 3.82923726e+02
3.84041606e-07 8.26492320e+01 4.01707423e+02
3.84472636e-07 5.98324274e+01 3.93512742e+02
3.84903667e-07 3.92144727e+01 3.87815669e+02
3.85334697e-07 5.01053741e+01 3.67803736e+02
3.85765727e-07 4.46840792e+01 3.59539461e+02
3.86196758e-07 4.71081437e+01 3.69142430e+02
3.86627788e-07 8.54796360e+01 3.84500395e+02
3.87058818e-07 8.32861925e+01 3.74471743e+02
3.87489848e-07 5.33207544e+01 3.74496871e+02
3.87920879e-07 8.53667891e+01 3.73977540e+02
3.88351909e-07 4.14829154e+01 3.40595445e+02
3.88782939e-07 5.01562140e+00 3.49040797e+02
3.89213970e-07 2.30352998e+01 3.66243148e+02
3.89645000e-07 4.60249935e+00 3.77110961e+02
3.90507061e-07 3.32041483e+01 4.31922915e+02
3.90938091e-07 2.80299653e+01 4.56192473e+02
3.91369121e-07 7.48002781e+01 4.48127546e+02
3.91800152e-07 5.59552351e+01 4.19031139e+02
3.92231182e-07 1.17342537e+02 4.22516028e+02
3.92662212e-07 1.12316947e+02 3.93876989e+02
3.93093242e-07 9.61213170e+01 3.97612448e+02
3.93524273e-07 8.27466414e+01 3.84747616e+02
3.93955303e-07 5.21231585e+00 3.93604385e+02
3.94386333e-07 1.25694014e+02 4.57380268e+02
3.94817364e-07 1.38150364e+02 4.89481200e+02
3.95248394e-07 7.86225315e+01 4.37075089e+02
3.95679424e-07 8.03249643e+01 4.38208983e+02
3.96110455e-07 1.08284722e+02 4.13390760e+02
3.96541485e-07 1.08162255e+02 3.83424055e+02
3.96972515e-07 9.85231957e+01 3.88455423e+02
3.97403545e-07 1.04305270e+02 4.32753576e+02
3.97834576e-07 9.61523261e+01 4.64001152e+02
3.98265606e-07 4.79651260e+01 4.60776281e+02
3.98696636e-07 7.09590495e+01 4.69320027e+02
3.99127667e-07 1.51314556e+02 5.00043470e+02
3.99558697e-07 1.32815575e+02 4.92763528e+02
3.99989727e-07 7.32851863e+01 4.96015415e+02
4.00420758e-07 6.94477734e+01 5.13999809e+02
4.00851788e-07 5.09207931e+01 5.31228285e+02
4.01282818e-07 6.61858195e+01 5.32851623e+02
4.01713848e-07 8.36362783e+01 5.29106426e+02
4.02144879e-07 1.74491996e+02 5.36759768e+02
4.02575909e-07 9.85554920e+01 5.12575417e+02
4.03006939e-07 1.22191439e+02 5.25941530e+02
4.03437970e-07 6.88242072e+01 5.25781794e+02
4.03869000e-07 1.64766010e+02 5.88090526e+02
4.04300030e-07 1.70668926e+02 5.96119047e+02
4.04731061e-07 1.23002165e+02 5.72866069e+02
4.05162091e-07 7.25812662e+01 5.50934286e+02
4.05593121e-07 5.14053516e-01 5.17031171e+02
4.06024152e-07 9.02261295e+01 5.59541535e+02
4.06455182e-07 9.62505708e+01 5.99975039e+02
4.06886212e-07 1.78979840e+01 5.63415825e+02
4.07317242e-07 9.21306453e+01 5.73362338e+02
4.07748273e-07 1.26267295e+02 5.91103432e+02
4.08179303e-07 1.71205310e+02 6.17094517e+02
4.08610333e-07 7.95665188e+01 5.68336941e+02
4.09041364e-07 9.23509046e+01 5.67311912e+02
4.09472394e-07 2.25783222e+02 5.85728401e+02
4.09903424e-07 1.52060653e+02 5.39288258e+02
4.10334455e-07 1.56810724e+02 5.59456815e+02
4.10765485e-07 1.53770842e+02 5.65347368e+02
4.11196515e-07 2.15312478e+02 5.91509725e+02
4.11627545e-07 1.39406731e+02 5.71136453e+02
4.12058576e-07 1.81331543e+02 6.03577934e+02
4.12489606e-07 4.88061587e+01 5.76713324e+02
4.12920636e-07 9.01085460e+01 5.69433728e+02
4.13351667e-07 5.83732661e+01 5.72613649e+02
4.13782697e-07 1.45285869e+02 5.90750261e+02
4.14213727e-07 1.82500562e+02 5.89094262e+02
4.14644758e-07 1.12489321e+02 5.87533552e+02
4.15075788e-07 1.21972018e+02 5.87403469e+02
4.15506818e-07 1.36896691e+02 6.20960313e+02
4.15937848e-07 1.67347202e+02 6.46753227e+02
4.16368879e-07 2.17897787e+02 7.12842781e+02
4.16799909e-07 1.44078679e+02 6.91121929e+02
4.17230939e-07 2.03458291e+02 6.83408186e+02
4.17661970e-07 1.13015384e+02 6.54612108e+02
4.18093000e-07 5.83254986e+01 5.97803595e+02
4.18524030e-07 9.12990824e+01 6.08151276e+02
4.18955061e-07 1.46030394e+02 6.28421562e+02
4.19386091e-07 2.84826603e+02 6.51631998e+02
4.19817121e-07 1.50787576e+02 6.14403351e+02
4.20248152e-07 1.76153969e+02 6.35469947e+02
4.20679182e-07 1.39684624e+02 6.24741527e+02
4.21110212e-07 1.44196366e+02 6.24140548e+02
4.21541242e-07 9.22435900e+01 6.07066452e+02
4.21972273e-07 2.65522879e+02 6.43862889e+02
4.22403303e-07 1.48800031e+02 6.10175517e+02
4.22834333e-07 9.56859621e+01 5.86276332e+02
4.23265364e-07 1.31172823e+02 6.10720233e+02
4.23696394e-07 1.96922970e+02 6.24288724e+02
4.24127424e-07 2.10403260e+02 6.55453411e+02
4.24558455e-07 1.11073255e+02 6.37950526e+02
4.24989485e-07 1.61813545e+02 6.56190543e+02
4.25420515e-07 3.79709330e+01 6.25167266e+02
4.25851545e-07 4.28510353e+01 6.37126815e+02
4.26282576e-07 1.39368691e+02 6.75290416e+02
4.26713606e-07 5.84602624e+01 6.36171944e+02
4.27144636e-07 1.61574523e+02 6.62861759e+02
4.27575667e-07 2.42712601e+02 6.93261661e+02
4.28006697e-07 1.10708181e+02 6.66194907e+02
4.28437727e-07 1.21647161e+02 6.63278451e+02
4.28868758e-07 1.68105470e+02 6.65832907e+02
4.29299788e-07 2.01854117e+02 1.03175350e+03
4.29730818e-07 2.69848563e+02 1.03149744e+03
4.30161848e-07 2.14300645e+02 9.78304503e+02
4.30592879e-07 2.48676134e+02 1.00497119e+03
4.31023909e-07 1.86060649e+02 1.02467316e+03
4.31454939e-07 7.98018234e+01 7.27924343e+02
4.31885970e-07 1.71577933e+02 7.50706470e+02
4.32317000e-07 2.63959139e+02 7.43960235e+02
4.32748030e-07 2.15303121e+02 7.48881975e+02
4.33179061e-07 1.52346158e+02 7.36920306e+02
4.33610091e-07 2.11783268e+02 7.33836450e+02
4.34041121e-07 2.72833830e+02 7.37732077e+02
4.34472152e-07 2.03822075e+02 7.57514796e+02
4.34903182e-07 1.80927859e+02 7.52799689e+02
4.35334212e-07 2.47472914e+02 7.87337649e+02
4.35765242e-07 2.79715353e+02 8.26764291e+02
4.36196273e-07 1.52759355e+02 7.80386426e+02
4.36627303e-07 6.05227930e+01 7.37617258e+02
4.37058333e-07 2.27321537e+02 7.89499971e+02
4.37489364e-07 3.34337482e+02 8.29883432e+02
4.37920394e-07 1.31005833e+02 7.66947067e+02
4.38351424e-07 1.01391279e+02 7.31349560e+02
4.38782455e-07 1.69154434e+02 7.60054617e+02
4.39213485e-07 1.24396515e+02 7.75681224e+02
4.39644515e-07 2.09987267e+02 8.25160242e+02
4.40075545e-07 2.14525098e+02 8.46932616e+02
4.40506576e-07 1.90447060e+02 8.76254758e+02
4.40937606e-07 1.85292922e+02 9.15219265e+02
4.41368636e-07 9.44327095e+01 8.93715492e+02
4.41799667e-07 2.29821390e+02 9.27179687e+02
4.42230697e-07 2.76681287e+02 9.38724956e+02
4.42661727e-07 1.90663882e+02 8.94265830e+02
4.43092758e-07 1.25846918e+02 8.48147493e+02
4.43523788e-07 2.93693038e+02 9.04647687e+02
4.43954818e-07 2.57808691e+02 8.92693425e+02
4.44385848e-07 2.34154881e+02 8.89925726e+02
4.44816879e-07 1.50390618e+02 8.39230921e+02
4.45247909e-07 8.86352564e+01 8.18681649e+02
4.45678939e-07 3.98419163e+02 8.72169420e+02
4.46109970e-07 1.92874388e+02 8.42806687e+02
4.46541000e-07 2.12446180e+02 8.61872404e+02
4.46972030e-07 1.56544092e+02 8.59945888e+02
4.47403061e-07 1.77429906e+02 8.71303900e+02
4.47834091e-07 1.56852262e+02 8.50184663e+02
4.48265121e-07 1.96136502e+02 8.71776211e+02
4.48696152e-07 1.63277199e+02 9.03868733e+02
4.49127182e-07 3.00412131e+02 9.20588982e+02
4.49558212e-07 2.48119349e+02 9.50141403e+02
4.50420273e-07 2.18333006e+02 9.39780467e+02
4.50851303e-07 3.69706661e+02 9.71119058e+02
4.51282333e-07 1.48282139e+02 9.17483278e+02
4.51713364e-07 2.21494742e+02 9.33687429e+02
4.52144394e-07 1.10153532e+02 9.06776443e+02
4.52575424e-07 1.33555855e+02 9.49770445e+02
4.53006455e-07 1.44657508e+02 9.74744433e+02
4.53437485e-07 2.54659515e+02 1.01371889e+03
4.53868515e-07 2.54577768e+02 1.01342603e+03
4.54299545e-07 2.78853142e+02 1.03509172e+03
4.54730576e-07 1.56031262e+02 9.84216797e+02
4.55161606e-07 1.70333192e+02 9.86678669e+02
4.55592636e-07 1.60119741e+02 9.97394027e+02
4.56023667e-07 2.73610010e+02 1.00702610e+03
4.56454697e-07 3.76668617e+02 1.04904389e+03
4.56885727e-07 2.91690853e+02 1.01657186e+03
4.57316758e-07 6.59181807e+01 9.62763848e+02
4.57747788e-07 2.57498298e+02 1.04528081e+03
4.58178818e-07 3.05474152e+02 1.05427702e+03
4.58609848e-07 1.87897936e+02 1.01005529e+03
4.59040879e-07 1.93193591e+02 1.00609234e+03
4.59471909e-07 2.62216787e+02 1.02527806e+03
4.59902939e-07 2.17006017e+02 1.02287992e+03
4.60333970e-07 2.30898627e+02 1.01310071e+03
4.60765000e-07 2.18713819e+02 1.01491081e+03
4.61196030e-07 3.06320885e+02 1.03584007e+03
4.61627061e-07 2.42080931e+02 1.02937935e+03
4.62058091e-07 2.30568736e+02 1.03994919e+03
4.62489121e-07 3.09650546e+02 1.07573655e+03
4.62920152e-07 1.94336844e+02 1.04139099e+03
4.63351182e-07 8.09602561e+01 9.93094333e+02
4.63782212e-07 2.10202954e+02 1.01772589e+03
4.64213242e-07 3.25240825e+02 1.05732597e+03
4.64644273e-07 3.37715005e+02 1.08030869e+03
4.65075303e-07 2.89653916e+02 1.06419440e+03
4.65506333e-07 4.55016360e+02 1.15563541e+03
4.65937364e-07 2.51958073e+02 1.11925582e+03
4.66368394e-07 2.53638158e+02 1.10052471e+03
4.66799424e-07 2.78749219e+02 1.11893457e+03
4.67230455e-07 2.99106579e+02 1.12867224e+03
4.67661485e-07 3.90169369e+02 1.16313313e+03
4.68092515e-07 4.76070409e+02 1.19047241e+03
4.68523545e-07 8.19953696e+02 1.30738655e+03
4.68954576e-07 1.07258438e+03 1.38205346e+03
4.69385606e-07 9.25350243e+02 1.32328911e+03
4.69816636e-07 3.65730982e+02 1.13116959e+03
4.70247667e-07 3.18586297e+02 1.11914615e+03
4.70678697e-07 2.71558111e+02 1.14485053e+03
4.71109727e-07 2.35130831e+02 1.12674960e+03
4.71540758e-07 3.00314001e+02 1.17001848e+03
4.71971788e-07 2.70271417e+02 1.15923135e+03
4.72402818e-07 3.42948586e+02 1.16904103e+03
4.72833848e-07 5.10608113e+02 1.20188108e+03
4.73264879e-07 4.07761251e+02 1.16904142e+03
4.73695909e-07 2.84985295e+02 1.13195828e+03
4.74126939e-07 2.31156912e+02 1.13183275e+03
4.74557970e-07 2.44333562e+02 1.13851773e+03
4.74989000e-07 2.29147323e+02 1.11970137e+03
4.75420030e-07 4.05533953e+02 1.18564910e+03
4.75851061e-07 5.30984346e+02 1.24059005e+03
4.76282091e-07 4.81977573e+02 1.21092651e+03
4.76713121e-07 5.17637550e+02 1.20502243e+03
4.77144152e-07 3.83864041e+02 1.22443776e+03
4.77575182e-07 2.91159284e+02 1.19571899e+03
4.78006212e-07 2.09818852e+02 1.16602144e+03
4.78437242e-07 3.23506964e+02 1.20552699e+03
4.78868273e-07 4.78142860e+02 1.26743444e+03
4.79299303e-07 4.32621202e+02 1.26373917e+03
4.79730333e-07 5.08308182e+02 1.28928559e+03
4.80161364e-07 5.48564383e+02 1.29856542e+03
4.80592394e-07 5.09148084e+02 1.29629699e+03
4.81023424e-07 4.21521072e+02 1.28551402e+03
4.81454455e-07 4.50093220e+02 1.34359182e+03
4.81885485e-07 4.96097599e+02 1.39475349e+03
4.82316515e-07 4.24774470e+02 1.38098871e+03
4.82747545e-07 4.04994965e+02 1.36907081e+03
4.83178576e-07 5.77439516e+02 1.41329761e+03
4.83609606e-07 5.37324005e+02 1.41253837e+03
4.84040636e-07 4.29483804e+02 1.35251908e+03
4.84471667e-07 4.44617781e+02 1.34173960e+03
4.84902697e-07 5.45990503e+02 1.34248599e+03
4.85333727e-07 5.22746222e+02 1.31939164e+03
4.85764758e-07 5.10083630e+02 1.28253313e+03
4.86195788e-07 6.73004274e+02 1.32555884e+03
4.86626818e-07 8.74235204e+02 1.40470943e+03
4.87057848e-07 8.56931865e+02 1.41733422e+03
4.87488879e-07 6.38620842e+02 1.37461613e+03
4.87919909e-07 4.96994312e+02 1.36759093e+03
4.88350939e-07 4.22304110e+02 1.33043917e+03
4.88781970e-07 4.38453552e+02 1.33736380e+03
4.89213000e-07 4.27427582e+02 1.34185051e+03
4.89644030e-07 5.19256660e+02 1.37014645e+03
4.90075061e-07 5.19101455e+02 1.38017978e+03
4.90506091e-07 5.35516097e+02 1.39164127e+03
4.90937121e-07 5.76649495e+02 1.38802773e+03
4.91368152e-07 6.22154059e+02 1.38526130e+03
4.91799182e-07 6.28666541e+02 1.38475103e+03
4.92230212e-07 6.99392786e+02 1.41703155e+03
4.92661242e-07 8.35772906e+02 1.47919550e+03
4.93092273e-07 6.62710066e+02 1.43703700e+03
4.93523303e-07 4.62695465e+02 1.40482571e+03
4.93954333e-07 5.17878431e+02 1.41569019e+03
4.94385364e-07 5.11767377e+02 1.39699241e+03
4.94816394e-07 5.63115907e+02 1.43385240e+03
4.95247424e-07 5.64263803e+02 1.44106324e+03
4.95678455e-07 5.65103900e+02 1.41284960e+03
4.96109485e-07 5.80592743e+02 1.42783827e+03
4.96540515e-07 6.87402363e+02 1.50547323e+03
4.96971545e-07 6.92920991e+02 1.50818077e+03
4.97402576e-07 7.10322272e+02 1.51881838e+03
4.97833606e-07 5.67731392e+02 1.43882040e+03
4.98264636e-07 4.83093621e+02 1.39746155e+03
4.98695667e-07 3.69655348e+02 1.43260704e+03
4.99126697e-07 3.67676070e+02 1.43595609e+03
4.99557727e-07 3.28931344e+02 1.40304387e+03
4.99988758e-07 3.82960295e+02 1.44313528e+03
5.00419788e-07 5.24956580e+02 1.46407997e+03
5.00850818e-07 7.31498563e+02 1.51543598e+03
5.01281848e-07 6.12551695e+02 1.48592594e+03
5.01712879e-07 6.76012794e+02 1.50014087e+03
5.02143909e-07 8.91775269e+02 1.54704153e+03
5.02574939e-07 6.99180094e+02 1.51936047e+03
5.03005970e-07 6.86828902e+02 1.53719125e+03
5.03437000e-07 7.53491095e+02 1.51177496e+03
5.03868030e-07 8.64090210e+02 1.55262709e+03
5.04299061e-07 9.77796739e+02 1.58745419e+03
5.04730091e-07 9.36321688e+02 1.59784338e+03
5.05161121e-07 1.08944034e+03 1.62236142e+03
5.05592152e-07 9.74022783e+02 1.62857206e+03
5.06023182e-07 7.50888494e+02 1.58233554e+03
5.06454212e-07 8.79160569e+02 1.60751175e+03
5.06885242e-07 9.01152702e+02 1.60425694e+03
5.07316273e-07 7.85429383e+02 1.58332878e+03
5.07747303e-07 6.75546178e+02 1.52228375e+03
5.08178333e-07 9.43639545e+02 1.60192396e+03
5.08609364e-07 1.04103077e+03 1.66571268e+03
5.09040394e-07 7.13774245e+02 1.59240342e+03
5.09471424e-07 9.14201733e+02 1.63370502e+03
5.09902455e-07 8.28710574e+02 1.61721832e+03
5.10333485e-07 8.92408357e+02 1.65458373e+03
5.10764515e-07 1.11901536e+03 1.69363571e+03
5.11195545e-07 8.16978729e+02 1.62429031e+03
5.11626576e-07 8.38548613e+02 1.65629720e+03
5.12057606e-07 8.23749332e+02 1.62355301e+03
5.12488636e-07 9.17162518e+02 1.64447251e+03
5.12919667e-07 7.02411059e+02 1.62820726e+03
5.13350697e-07 8.89911467e+02 1.71567877e+03
5.13781727e-07 7.59702829e+02 1.68781622e+03
5.14212758e-07 6.88134208e+02 1.67363617e+03
5.14643788e-07 7.13237150e+02 1.67506165e+03
5.15074818e-07 7.27996902e+02 1.65361866e+03
5.15505848e-07 5.59101204e+02 1.62437400e+03
5.15936879e-07 6.90613772e+02 1.62378566e+03
5.16367909e-07 6.24924510e+02 1.57613817e+03
5.16798939e-07 6.87619904e+02 1.55756540e+03
5.17229970e-07 9.34714017e+02 1.62929219e+03
5.17661000e-07 8.52757535e+02 1.64435635e+03
5.18092030e-07 8.82565895e+02 1.68169827e+03
5.18523061e-07 8.32547125e+02 1.70274711e+03
5.18954091e-07 1.09754079e+03 1.86190673e+03
5.19385121e-07 9.32128009e+02 2.06578597e+03
5.19816152e-07 6.69781817e+02 2.16091187e+03
5.20247182e-07 6.36552440e+02 1.96904398e+03
5.20678212e-07 7.77524205e+02 1.77885907e+03
5.21109242e-07 8.92766448e+02 1.76628865e+03
5.21540273e-07 8.06654805e+02 1.75005315e+03
5.21971303e-07 9.21399649e+02 1.87086203e+03
5.22402333e-07 1.02639756e+03 1.90219992e+03
5.22833364e-07 1.15897403e+03 1.87603612e+03
5.23264394e-07 1.25761689e+03 1.92864902e+03
5.23695424e-07 1.07510648e+03 1.94014352e+03
5.24126455e-07 9.53494176e+02 1.85318134e+03
5.24557485e-07 7.80958062e+02 1.78597867e+03
5.24988515e-07 7.52786840e+02 1.82982682e+03
5.25419545e-07 8.26463682e+02 1.90988717e+03
5.25850576e-07 8.13948363e+02 1.85188179e+03
5.26281606e-07 9.73251938e+02 1.77415662e+03
5.26712636e-07 9.84273896e+02 1.75206736e+03
5.27143667e-07 9.85212449e+02 1.84296409e+03
5.27574697e-07 1.19147220e+03 1.95101159e+03
5.28005727e-07 8.67835057e+02 1.84481836e+03
5.28436758e-07 8.48273755e+02 1.80040809e+03
5.28867788e-07 8.36985110e+02 1.85511258e+03
5.29298818e-07 9.29719398e+02 1.90037928e+03
5.29729848e-07 9.42934893e+02 1.89966754e+03
5.30160879e-07 1.07518495e+03 1.96848118e+03
5.30591909e-07 1.00224420e+03 1.95997919e+03
5.31022939e-07 9.68272229e+02 1.99595504e+03
5.31453970e-07 9.30430503e+02 1.95431261e+03
5.31885000e-07 8.80609672e+02 1.97537222e+03
5.32316030e-07 7.04867389e+02 1.92021781e+03
5.32747061e-07 6.26858277e+02 1.89442021e+03
5.33178091e-07 9.70980206e+02 1.95760784e+03
5.33609121e-07 1.07983407e+03 1.96345221e+03
5.34040152e-07 1.20515299e+03 1.99427025e+03
5.34471182e-07 9.84589535e+02 1.95728749e+03
5.34902212e-07 9.74712573e+02 1.97100875e+03
5.35333242e-07 8.26432661e+02 1.93526113e+03
5.35764273e-07 8.92738300e+02 1.93381168e+03
5.36195303e-07 1.06739101e+03 1.95137639e+03
5.36626333e-07 1.13754569e+03 1.99742612e+03
5.37057364e-07 9.40388423e+02 1.90541950e+03
5.37488394e-07 1.11753686e+03 1.99321025e+03
5.37919424e-07 1.08116129e+03 1.96437963e+03
5.38350455e-07 1.13984993e+03 1.98028427e+03
5.38781485e-07 1.12651434e+03 2.00110775e+03
5.39212515e-07 9.31635113e+02 1.93117152e+03
5.39643545e-07 1.02516635e+03 1.90127024e+03
5.40074576e-07 9.96105210e+02 1.93101578e+03
5.40505606e-07 1.07033951e+03 1.90759112e+03
5.40936636e-07 7.78800907e+02 1.85402833e+03
5.41367667e-07 7.97090284e+02 1.90881917e+03
5.41798697e-07 1.00591494e+03 2.00007508e+03
5.42229727e-07 1.16679770e+03 2.00827256e+03
5.42660758e-07 8.35361688e+02 1.93583239e+03
5.43091788e-07 9.98580993e+02 1.97262163e+03
5.43522818e-07 9.39709931e+02 2.00869803e+03
5.43953848e-07 1.24081926e+03 2.11389017e+03
5.44384879e-07 8.67392245e+02 1.98585169e+03
5.44815909e-07 7.25574569e+02 1.91558324e+03
5.45246939e-07 8.46293341e+02 2.01467191e+03
5.45677970e-07 1.17515946e+03 2.18078184e+03
5.46109000e-07 8.66816500e+02 2.11675569e+03
5.46540030e-07 9.84851966e+02 2.10712225e+03
5.46971061e-07 8.49855352e+02 2.04165877e+03
5.47402091e-07 7.44900045e+02 2.00069891e+03
5.47833121e-07 1.00082973e+03 2.07023221e+03
5.48264152e-07 1.20691201e+03 2.15719177e+03
5.48695182e-07 1.43332602e+03 2.26605083e+03
5.49126212e-07 1.12175152e+03 2.17615002e+03
5.49557242e-07 1.23902610e+03 2.22226636e+03
5.49988273e-07 1.04453969e+03 2.17212594e+03
5.50419303e-07 1.22396938e+03 2.22270043e+03
5.50850333e-07 1.19223723e+03 2.22416672e+03
5.51281364e-07 1.09380450e+03 2.19339328e+03
5.51712394e-07 1.01453712e+03 2.18701704e+03
5.52143424e-07 1.17087108e+03 2.22852745e+03
5.52574455e-07 1.03453422e+03 2.15318935e+03
5.53005485e-07 1.00020012e+03 2.15712128e+03
5.53436515e-07 1.13216705e+03 2.24081430e+03
5.53867545e-07 1.15750901e+03 2.36826029e+03
5.54298576e-07 1.00959360e+03 2.51055879e+03
5.54729606e-07 1.11697407e+03 2.43967690e+03
5.55160636e-07 1.22305602e+03 2.38425363e+03
5.55591667e-07 1.43093672e+03 2.44065806e+03
5.56022697e-07 1.08038148e+03 2.43694875e+03
5.56453727e-07 1.25809911e+03 2.49628436e+03
5.57315788e-07 3.14450697e+03 1.94222428e+04
5.58608879e-07 1.43911543e+03 2.86619782e+03
5.59039909e-07 1.27096764e+03 2.46337008e+03
5.59470939e-07 1.18742461e+03 2.41672256e+03
5.59901970e-07 1.13847264e+03 2.45608681e+03
5.60333000e-07 1.07729040e+03 2.53616216e+03
5.60764030e-07 1.33566435e+03 2.58162754e+03
5.61195061e-07 1.09623234e+03 2.37600068e+03
5.61626091e-07 1.18888485e+03 2.42741758e+03
5.62057121e-07 1.07647761e+03 2.49059079e+03
5.62488152e-07 1.11532198e+03 2.49796208e+03
5.62919182e-07 1.34217332e+03 2.46893140e+03
5.63350212e-07 1.17154846e+03 2.39666427e+03
5.63781242e-07 1.06506090e+03 2.44282185e+03
5.64212273e-07 1.16448099e+03 3.73495247e+03
5.64643303e-07 1.14954035e+03 3.75261711e+03
5.65074333e-07 1.15314355e+03 3.65536860e+03
5.65505364e-07 1.65188067e+03 2.56368713e+03
5.65936394e-07 1.55657328e+03 2.56281465e+03
5.66367424e-07 1.34333146e+03 2.56485395e+03
5.66798455e-07 1.13872413e+03 2.53054090e+03
5.67229485e-07 1.09620121e+03 2.53576138e+03
5.67660515e-07 1.21565126e+03 2.58231525e+03
5.68091545e-07 1.62725297e+03 2.69458957e+03
5.68522576e-07 1.44110923e+03 2.65300036e+03
5.68953606e-07 1.17919417e+03 2.57917207e+03
5.69384636e-07 1.11004060e+03 2.60194620e+03
5.69815667e-07 1.01627179e+03 2.57433813e+03
5.70246697e-07 1.17084097e+03 2.59090274e+03
5.70677727e-07 1.31121169e+03 2.61670297e+03
5.71108758e-07 1.27090637e+03 2.58634359e+03
5.71539788e-07 1.01865297e+03 2.53025244e+03
5.71970818e-07 1.18769012e+03 2.60150567e+03
5.72401848e-07 1.32486551e+03 2.68047097e+03
5.72832879e-07 1.26805507e+03 2.64802068e+03
5.73263909e-07 1.32247781e+03 2.61560564e+03
5.73694939e-07 1.39107287e+03 2.65700868e+03
5.74125970e-07 1.08840318e+03 2.58711638e+03
5.74557000e-07 1.19859403e+03 2.56396377e+03
5.74988030e-07 1.38517755e+03 2.64225872e+03
5.75419061e-07 1.51188025e+03 2.66250755e+03
5.75850091e-07 1.22206464e+03 2.57004925e+03
5.76281121e-07 1.21585131e+03 2.60991040e+03
5.76712152e-07 1.06869044e+03 2.62208968e+03
5.77143182e-07 9.42068354e+02 2.59749832e+03
5.77574212e-07 1.22826034e+03 2.62440869e+03
5.78005242e-07 1.48286535e+03 2.66928184e+03
5.78436273e-07 1.36345963e+03 2.63815326e+03
5.78867303e-07 1.29408146e+03 2.65431527e+03
5.79298333e-07 1.24833342e+03 2.67142318e+03
5.79729364e-07 1.28464817e+03 2.69483651e+03
5.80160394e-07 1.47034215e+03 2.76582725e+03
5.80591424e-07 1.40017851e+03 2.71900694e+03
5.81022455e-07 1.03520613e+03 2.64185166e+03
5.81453485e-07 9.99423412e+02 2.69290772e+03
5.81884515e-07 1.14113189e+03 2.73929341e+03
5.82315545e-07 1.22065934e+03 2.76099263e+03
5.82746576e-07 1.16909536e+03 2.73829859e+03
5.83177606e-07 1.24689949e+03 2.73738923e+03
5.83608636e-07 1.19750945e+03 2.74793999e+03
5.84039667e-07 1.24552526e+03 2.74604675e+03
5.84470697e-07 1.38930692e+03 2.77592558e+03
5.84901727e-07 1.35522975e+03 2.76857007e+03
5.85332758e-07 1.15202249e+03 2.71795412e+03
5.85763788e-07 1.27102643e+03 2.78886421e+03
5.86194818e-07 1.33907955e+03 3.29989290e+03
5.86625848e-07 1.30187554e+03 3.75565275e+03
5.87056879e-07 1.10331321e+03 3.44088521e+03
5.87487909e-07 1.56864134e+03 3.19252001e+03
5.87918939e-07 1.11433576e+03 3.03967606e+03
5.88349970e-07 1.72647966e+03 5.27262290e+03
5.88781000e-07 6.68795384e+02 9.74193321e+03
5.89212030e-07 7.38280925e+02 1.03850811e+04
5.89643061e-07 8.06553404e+02 7.16614662e+03
5.90074091e-07 1.31676942e+03 4.23004661e+03
5.90505121e-07 1.08766205e+03 3.18439275e+03
5.90936152e-07 1.60573447e+03 3.42945632e+03
5.91367182e-07 1.36166270e+03 3.67629720e+03
5.91798212e-07 1.14644771e+03 3.45293742e+03
5.92229242e-07 1.22066731e+03 3.31685677e+03
5.92660273e-07 1.11247722e+03 3.48250544e+03
5.93091303e-07 9.82592317e+02 3.75678572e+03
5.93522333e-07 1.42264660e+03 3.57535663e+03
5.93953364e-07 1.37103561e+03 3.20706395e+03
5.94384394e-07 1.40530522e+03 3.27377337e+03
5.94815424e-07 1.42383851e+03 3.51450501e+03
5.95246455e-07 1.11680102e+03 3.65315027e+03
5.95677485e-07 1.21151648e+03 3.35236515e+03
5.96108515e-07 9.09672866e+02 2.98848146e+03
5.96539545e-07 1.08083949e+03 3.08533571e+03
5.96970576e-07 1.56784545e+03 3.38730889e+03
5.97401606e-07 1.75055287e+03 3.56384372e+03
5.97832636e-07 1.36301496e+03 3.44971367e+03
5.98263667e-07 1.46250818e+03 3.18952861e+03
5.98694697e-07 1.41763221e+03 3.07239766e+03
5.99125727e-07 1.41566518e+03 3.08304271e+03
5.99556758e-07 1.09461443e+03 3.02258985e+03
5.99987788e-07 9.62206802e+02 3.09933965e+03
6.00418818e-07 1.14050528e+03 3.14373631e+03
6.00849848e-07 1.42140774e+03 3.01753589e+03
6.01280879e-07 1.45619709e+03 2.95444222e+03
6.01711909e-07 1.15582718e+03 2.82179526e+03
6.02142939e-07 1.16447814e+03 2.79479525e+03
6.02573970e-07 1.14841891e+03 2.89219897e+03
6.03005000e-07 1.43726346e+03 3.02100510e+03
6.03436030e-07 1.72882468e+03 3.05961447e+03
6.03867061e-07 1.62521980e+03 2.95084933e+03
6.04298091e-07 1.53946618e+03 2.91976772e+03
6.04729121e-07 1.57353205e+03 2.87730877e+03
6.05160152e-07 1.43962589e+03 2.82289567e+03
6.05591182e-07 1.26986852e+03 2.78204389e+03
6.06022212e-07 1.57931500e+03 2.87373840e+03
6.06453242e-07 1.51313542e+03 2.92699973e+03
6.06884273e-07 1.35368902e+03 2.81293722e+03
6.07315303e-07 1.33663417e+03 2.76331106e+03
6.07746333e-07 1.22016713e+03 2.71705771e+03
6.08177364e-07 1.33676311e+03 2.72196776e+03
6.08608394e-07 1.42275800e+03 2.75027909e+03
6.09039424e-07 1.16866998e+03 2.72225485e+03
6.09470455e-07 1.33233257e+03 2.79703992e+03
6.09901485e-07 1.39425939e+03 2.82125224e+03
6.10332515e-07 1.11096057e+03 2.76043705e+03
6.10763545e-07 1.14232166e+03 2.75590770e+03
6.11194576e-07 1.57233046e+03 2.83339516e+03
6.11625606e-07 2.36730979e+03 3.00694531e+03
6.12056636e-07 1.91264789e+03 2.87418801e+03
6.12487667e-07 9.58022453e+02 2.58434311e+03
6.12918697e-07 6.21603210e+02 2.50930614e+03
6.13349727e-07 1.00242258e+03 2.69620885e+03
6.13780758e-07 1.36317689e+03 2.98605765e+03
6.14211788e-07 1.19087802e+03 2.95847735e+03
6.14642818e-07 1.15712925e+03 2.82751246e+03
6.15073848e-07 1.23893887e+03 2.70341734e+03
6.15504879e-07 1.01141659e+03 2.58527346e+03
6.15935909e-07 1.57716202e+03 2.75730918e+03
6.16366939e-07 1.41834927e+03 2.82118768e+03
6.16797970e-07 1.28633496e+03 3.10694153e+03
6.17229000e-07 1.62837879e+03 3.21173868e+03
6.17660030e-07 1.84993772e+03 3.02831014e+03
6.18091061e-07 1.44864302e+03 2.80291500e+03
6.18522091e-07 1.29896224e+03 2.75332410e+03
6.18953121e-07 1.26761577e+03 2.79136657e+03
6.19384152e-07 1.04088800e+03 2.73637060e+03
6.19815182e-07 1.67319962e+03 3.01804051e+03
6.20246212e-07 1.67095572e+03 3.13810924e+03
6.20677242e-07 1.14646181e+03 2.83173051e+03
6.21108273e-07 1.22068898e+03 2.81691177e+03
6.21539303e-07 1.45763947e+03 2.95968286e+03
6.21970333e-07 1.78011152e+03 3.24988748e+03
6.22401364e-07 1.69251389e+03 3.13277062e+03
6.22832394e-07 1.21761220e+03 3.19632600e+03
6.23263424e-07 1.32803087e+03 4.42738062e+03
6.23694455e-07 1.36516177e+03 4.81967705e+03
6.24125485e-07 1.30007186e+03 3.92436244e+03
6.24556515e-07 1.34076584e+03 3.20362780e+03
6.24987545e-07 1.30657492e+03 3.06353002e+03
6.25418576e-07 1.48020655e+03 3.97517568e+03
6.25849606e-07 1.47125691e+03 4.43973244e+03
6.26280636e-07 1.12436157e+03 3.75260279e+03
6.26711667e-07 9.19401469e+02 3.31952476e+03
6.27142697e-07 1.03468993e+03 3.04945322e+03
6.27573727e-07 1.23744075e+03 3.03835842e+03
6.28004758e-07 1.45218390e+03 3.20510499e+03
6.28435788e-07 1.44126942e+03 3.87665577e+03
6.28866818e-07 1.39708717e+03 4.01357462e+03
6.29728879e-07 6.17239257e+02 1.74735024e+04
6.30159909e-07 4.01286338e+03 1.83380350e+04
6.31021970e-07 1.77795313e+03 3.71071719e+03
6.31453000e-07 1.17700156e+03 2.99238623e+03
6.31884030e-07 1.42605960e+03 3.33296593e+03
6.32315061e-07 7.15982914e+02 3.46746027e+03
6.32746091e-07 1.29045623e+03 4.13079279e+03
6.33177121e-07 1.54354361e+03 3.84807609e+03
6.33608152e-07 1.29000875e+03 2.95788192e+03
6.34039182e-07 1.75118717e+03 2.99091162e+03
6.34470212e-07 1.54864645e+03 3.15048868e+03
6.34901242e-07 1.59925632e+03 3.39495132e+03
6.35332273e-07 1.20645413e+03 3.69957445e+03
6.35763303e-07 5.81423306e+02 5.22632568e+03
6.36194333e-07 2.01007402e+03 8.59955928e+03
6.36625364e-07 1.47719777e+03 6.54038822e+03
6.37056394e-07 6.93232907e+02 3.11359205e+03
6.37487424e-07 1.85450882e+03 3.05483642e+03
6.37918455e-07 1.31804496e+03 3.07195972e+03
6.38349485e-07 1.69105309e+03 3.39933510e+03
6.38780515e-07 1.22910914e+03 3.10885334e+03
6.39211545e-07 1.47598593e+03 2.85817673e+03
6.39642576e-07 1.38462080e+03 2.73189979e+03
6.40073606e-07 1.43892551e+03 2.71324253e+03
6.40504636e-07 1.38798657e+03 2.67602132e+03
6.40935667e-07 1.69472143e+03 2.87266513e+03
6.41366697e-07 1.59715904e+03 2.89056262e+03
6.41797727e-07 1.52751320e+03 2.93420152e+03
6.42228758e-07 1.50166776e+03 2.89636415e+03
6.42659788e-07 1.34777964e+03 2.73024664e+03
6.43090818e-07 1.40239999e+03 2.65437691e+03
6.43521848e-07 1.66894776e+03 2.73315358e+03
6.43952879e-07 1.70849368e+03 2.76346458e+03
6.44383909e-07 1.57761110e+03 2.76897185e+03
6.44814939e-07 1.67298824e+03 2.82643984e+03
6.45245970e-07 1.54507258e+03 2.84310430e+03
6.45677000e-07 1.35618242e+03 2.98080852e+03
6.46108030e-07 1.27231389e+03 3.63970151e+03
6.46539061e-07 1.31179461e+03 4.34359410e+03
6.46970091e-07 1.13570352e+03 3.97280542e+03
6.47401121e-07 1.23487212e+03 3.33117137e+03
6.47832152e-07 1.14143166e+03 2.83846486e+03
6.48263182e-07 1.18391388e+03 2.64613843e+03
6.48694212e-07 1.74216875e+03 2.69456408e+03
6.49125242e-07 1.30501321e+03 3.00699841e+03
6.49556273e-07 1.65832468e+03 4.44162915e+03
6.49987303e-07 1.22669667e+03 4.61443655e+03
6.50418333e-07 1.02734004e+03 3.61632008e+03
6.50849364e-07 1.30283670e+03 3.03907188e+03
6.51280394e-07 1.22440157e+03 2.80568969e+03
6.51711424e-07 1.56334098e+03 2.97645067e+03
6.52142455e-07 1.85624319e+03 3.28835993e+03
6.52573485e-07 1.32981653e+03 3.22769996e+03
6.53004515e-07 1.15586268e+03 3.96040340e+03
6.53435545e-07 1.26583644e+03 3.95666074e+03
6.53866576e-07 1.50693711e+03 3.33551847e+03
6.54297606e-07 1.28665216e+03 3.36547429e+03
6.54728636e-07 1.21330404e+03 3.62140441e+03
6.55159667e-07 1.68359659e+03 4.49978456e+03
6.55590697e-07 1.33090191e+03 3.96281613e+03
6.56021727e-07 1.53675248e+03 3.38372364e+03
6.56452758e-07 1.29175481e+03 3.36611392e+03
6.56883788e-07 1.51956579e+03 3.41201371e+03
6.57314818e-07 1.66245352e+03 3.95445908e+03
6.57745848e-07 1.33785392e+03 4.01315446e+03
6.58176879e-07 1.35981686e+03 3.16000662e+03
6.58607909e-07 1.63323227e+03 2.80979277e+03
6.59038939e-07 1.61791762e+03 2.89914219e+03
6.59469970e-07 1.61663620e+03 3.10977118e+03
6.59901000e-07 1.50874160e+03 3.34836883e+03
6.60332030e-07 1.67148881e+03 3.55469559e+03
6.60763061e-07 1.51896232e+03 3.07887305e+03
6.61194091e-07 1.85665530e+03 2.82431048e+03
6.61625121e-07 1.93467883e+03 2.84196440e+03
6.62056152e-07 1.50755902e+03 2.78396268e+03
6.62487182e-07 1.40999159e+03 2.85669636e+03
6.62918212e-07 1.16447861e+03 2.94785857e+03
6.63349242e-07 1.43680273e+03 3.04077777e+03
6.63780273e-07 1.66045040e+03 2.90908369e+03
6.64211303e-07 1.71316993e+03 2.76149663e+03
6.64642333e-07 1.69334552e+03 2.74571466e+03
6.65073364e-07 1.60398078e+03 2.73203328e+03
6.65504394e-07 1.59142785e+03 2.77568811e+03
6.65935424e-07 1.90653931e+03 2.90556706e+03
6.66366455e-07 1.49034317e+03 2.89632678e+03
6.66797485e-07 1.41830763e+03 2.79108913e+03
6.67228515e-07 1.65080507e+03 4.14516525e+03
6.67659545e-07 1.76297678e+03 4.10939101e+03
6.68090576e-07 1.68006714e+03 4.10942716e+03
6.68521606e-07 1.45386418e+03 4.03364512e+03
6.68952636e-07 1.54769111e+03 2.70125869e+03
6.69383667e-07 1.44268077e+03 2.68267647e+03
6.69814697e-07 1.75106836e+03 2.85114376e+03
6.70245727e-07 1.67968616e+03 2.83757644e+03
6.70676758e-07 1.38951962e+03 2.72109837e+03
6.71107788e-07 1.76809600e+03 2.80289457e+03
6.71538818e-07 1.71654168e+03 2.77523681e+03
6.71969848e-07 1.49334361e+03 2.66773066e+03
6.72400879e-07 1.44805970e+03 2.64033079e+03
6.72831909e-07 1.47488466e+03 2.65449456e+03
6.73262939e-07 1.63037792e+03 2.70638978e+03
6.73693970e-07 1.83488869e+03 2.80490444e+03
6.74125000e-07 1.82357488e+03 2.85448262e+03
6.74556030e-07 1.84186768e+03 2.79981119e+03
6.74987061e-07 1.74109741e+03 2.71282783e+03
6.75418091e-07 1.46968609e+03 2.64794640e+03
6.75849121e-07 1.47398485e+03 2.61896317e+03
6.76280152e-07 1.55040856e+03 2.64618630e+03
6.76711182e-07 1.68094254e+03 2.67996158e+03
6.77142212e-07 1.88596791e+03 2.75739807e+03
6.77573242e-07 1.68001432e+03 2.68895205e+03
6.78004273e-07 1.34045806e+03 2.59697495e+03
6.78435303e-07 1.44721152e+03 2.65403799e+03
6.78866333e-07 1.49470696e+03 2.64964559e+03
6.79297364e-07 1.33705099e+03 2.60397224e+03
6.79728394e-07 1.76110214e+03 2.69665624e+03
6.80159424e-07 1.57472048e+03 2.63813367e+03
6.80590455e-07 1.67642675e+03 2.67631031e+03
6.81021485e-07 1.78255394e+03 2.65895283e+03
6.81452515e-07 1.63778960e+03 2.63219070e+03
6.81883545e-07 1.43544540e+03 2.75691038e+03
6.82314576e-07 1.33452280e+03 4.17531358e+03
6.82745606e-07 7.76811324e+02 6.51560958e+03
6.83176636e-07 1.26522960e+03 7.12808967e+03
6.83607667e-07 1.59596109e+03 5.37752502e+03
6.84038697e-07 1.60523255e+03 3.78825796e+03
6.84469727e-07 1.80071175e+03 3.16157892e+03
6.84900758e-07 1.60300985e+03 2.79021065e+03
6.85331788e-07 1.67783746e+03 2.83788015e+03
6.85762818e-07 1.00780447e+03 4.55809572e+03
6.86193848e-07 1.06992584e+02 7.01570486e+03
6.86624879e-07 1.14778197e+03 5.87815183e+03
6.87055909e-07 1.08159305e+03 3.01288898e+03
6.87486939e-07 9.54714601e+02 2.58315236e+03
6.87917970e-07 1.41453874e+03 3.08647898e+03
6.88349000e-07 1.43714186e+03 3.42259596e+03
6.88780030e-07 1.03947966e+03 3.49011546e+03
6.89211061e-07 1.17814028e+03 3.16944124e+03
6.89642091e-07 1.18614714e+03 3.06296202e+03
6.90073121e-07 1.29729205e+03 3.16287309e+03
6.90504152e-07 1.55360123e+03 3.25576759e+03
6.90935182e-07 1.15474199e+03 3.77405981e+03
6.91366212e-07 1.17678356e+03 3.93486059e+03
6.91797242e-07 1.32472234e+03 4.36993053e+03
6.92228273e-07 1.20779565e+03 5.04524841e+03
6.92659303e-07 1.43887977e+03 3.97649278e+03
6.93090333e-07 1.30398883e+03 2.88631191e+03
6.93521364e-07 1.24235303e+03 3.45487714e+03
6.93952394e-07 1.47192876e+03 4.09660009e+03
6.94383424e-07 1.39698680e+03 4.76154037e+03
6.94814455e-07 8.04808438e+02 5.45532500e+03
6.95245485e-07 1.06787617e+03 4.21098898e+03
6.95676515e-07 1.02491622e+03 2.76893022e+03
6.96107545e-07 1.23215734e+03 2.78658386e+03
6.96538576e-07 1.13558448e+03 3.29728462e+03
6.96969606e-07 1.22603757e+03 3.76262166e+03
6.97400636e-07 1.20848364e+03 4.28648646e+03
6.97831667e-07 1.58281977e+03 4.62680077e+03
6.98262697e-07 1.77479608e+03 3.60556678e+03
6.98693727e-07 1.49698629e+03 2.78525388e+03
6.99124758e-07 1.61407166e+03 2.73763438e+03
6.99555788e-07 1.65446147e+03 2.85575666e+03
6.99986818e-07 1.32559786e+03 3.06633924e+03
7.00417848e-07 1.53044365e+03 3.35257797e+03
7.00848879e-07 1.05055825e+03 3.48826317e+03
7.01279909e-07 1.25035201e+03 3.27239269e+03
7.01710939e-07 1.60527091e+03 2.76879343e+03
7.02141970e-07 1.60244969e+03 2.63517545e+03
7.02573000e-07 1.42070027e+03 2.62331517e+03
7.03004030e-07 1.38847681e+03 2.64402584e+03
7.03435061e-07 1.32327024e+03 2.64836791e+03
7.03866091e-07 1.40415757e+03 2.90431631e+03
7.04297121e-07 1.65483625e+03 3.34592594e+03
7.04728152e-07 1.74823924e+03 3.61210189e+03
7.05159182e-07 1.93325409e+03 3.38536478e+03
7.05590212e-07 1.74426613e+03 2.95672125e+03
7.06021242e-07 1.55923884e+03 2.88922510e+03
7.06452273e-07 1.50452483e+03 2.98077591e+03
7.06883303e-07 1.67615953e+03 3.04499438e+03
7.07314333e-07 1.78650642e+03 3.01828059e+03
7.07745364e-07 1.64429520e+03 3.04300074e+03
7.08176394e-07 1.43506175e+03 3.05165059e+03
7.08607424e-07 1.43342036e+03 3.10580572e+03
7.09038455e-07 1.16742228e+03 2.91712465e+03
7.09469485e-07 1.62252689e+03 2.81884763e+03
7.09900515e-07 1.40266004e+03 2.70148241e+03
7.10331545e-07 1.21501055e+03 2.63331358e+03
7.10762576e-07 1.94875987e+03 2.84604888e+03
7.11193606e-07 1.48285016e+03 2.73188811e+03
7.11624636e-07 1.65078789e+03 2.72496585e+03
7.12055667e-07 1.57447362e+03 2.76195698e+03
7.12486697e-07 1.27919728e+03 2.82317913e+03
7.12917727e-07 1.20173005e+03 2.84350439e+03
7.13348758e-07 1.12822050e+03 2.75592641e+03
7.13779788e-07 1.39888557e+03 2.87805813e+03
7.14210818e-07 1.49580016e+03 3.11299718e+03
7.14641848e-07 1.32438253e+03 3.05578933e+03
7.15072879e-07 1.13703873e+03 2.78754217e+03
7.15503909e-07 1.54060265e+03 2.86912592e+03
7.15934939e-07 1.50730332e+03 2.92890733e+03
7.16365970e-07 1.61158102e+03 2.90011547e+03
7.16797000e-07 1.46390012e+03 2.81803985e+03
7.17228030e-07 1.22157602e+03 2.74345701e+03
7.17659061e-07 1.32824737e+03 2.70934625e+03
7.18090091e-07 1.21207525e+03 2.59956151e+03
7.18521121e-07 9.68259078e+02 2.35753433e+03
7.18952152e-07 1.19893367e+03 2.37307540e+03
7.19383182e-07 1.25301640e+03 2.41006636e+03
7.19814212e-07 8.94508491e+02 2.27061380e+03
7.20245242e-07 9.00001515e+02 2.31155626e+03
7.20676273e-07 8.80456752e+02 2.37790836e+03
7.21107303e-07 1.37419219e+03 2.48041577e+03
7.21538333e-07 1.36804759e+03 2.55341245e+03
7.21969364e-07 1.19652161e+03 2.55060499e+03
7.22400394e-07 1.10994950e+03 2.57179907e+03
7.22831424e-07 8.72936771e+02 2.63327653e+03
7.23262455e-07 2.20998844e+02 4.06494381e+03
7.24124515e-07 2.46080993e+02 1.21983188e+04
7.24986576e-07 6.48648433e+02 5.39567734e+03
7.25417606e-07 9.74590461e+02 3.94924195e+03
7.25848636e-07 1.13945646e+03 3.12001219e+03
7.26279667e-07 1.19564969e+03 2.73828937e+03
7.26710697e-07 1.37381452e+02 3.84127303e+03
7.28434818e-07 3.85039308e+02 6.27787978e+03
7.28865848e-07 6.90785432e+02 4.29328948e+03
7.29296879e-07 4.21521383e+02 3.60338398e+03
7.29727909e-07 1.08006658e+03 4.22795561e+03
7.30158939e-07 8.64032553e+02 4.73364600e+03
7.30589970e-07 7.78265656e+02 4.45715782e+03
7.31452030e-07 4.48778922e+02 9.47773663e+03
7.31883061e-07 9.55887293e+02 7.39152061e+03
7.32314091e-07 4.40093379e+02 4.60635565e+03
7.32745121e-07 1.03463131e+03 5.74825123e+03
7.33176152e-07 7.03655125e+02 5.64225590e+03
7.34038212e-07 1.17495187e+03 1.13718446e+04
7.34469242e-07 3.25203786e+02 6.63921864e+03
7.34900273e-07 1.48663760e+03 3.60607494e+03
7.35331303e-07 6.80867132e+02 4.41745344e+03
7.35762333e-07 8.18993615e+02 5.69969595e+03
7.36624394e-07 1.86742229e+02 8.13082365e+03
7.37055424e-07 5.49616020e+02 8.00506187e+03
7.37486455e-07 1.06800608e+03 4.28409141e+03
7.37917485e-07 1.47220436e+03 2.96040693e+03
7.38348515e-07 1.29022738e+03 3.11666678e+03
7.38779545e-07 1.11068111e+03 4.22184099e+03
7.39210576e-07 1.32142501e+03 5.28714138e+03
7.39641606e-07 1.25248483e+02 5.59967726e+03
7.40072636e-07 8.59366932e+02 7.10836581e+03
7.40503667e-07 1.14740339e+03 5.24740889e+03
7.40934697e-07 9.96243174e+02 3.06837500e+03
7.41365727e-07 9.64335856e+02 2.80237551e+03
7.41796758e-07 1.31865207e+03 2.89560602e+03
7.42227788e-07 1.01646105e+03 3.04790431e+03
7.42658818e-07 8.81564861e+02 3.72941141e+03
7.43089848e-07 1.01401638e+03 4.28690410e+03
7.43520879e-07 8.94176387e+02 4.92941699e+03
7.43951909e-07 1.38273889e+03 4.76966552e+03
7.44382939e-07 1.52903264e+03 3.42654061e+03
7.44813970e-07 1.39981566e+03 2.82398901e+03
7.45245000e-07 1.42638560e+03 2.86709382e+03
7.45676030e-07 1.52402472e+03 3.22224238e+03
7.46107061e-07 1.38521480e+03 3.88644460e+03
7.46538091e-07 9.34181770e+02 4.68855936e+03
7.46969121e-07 6.71374494e+02 5.50776508e+03
7.47400152e-07 3.39456852e+02 5.80243006e+03
7.47831182e-07 7.66443797e+02 6.27957646e+03
7.48262212e-07 1.31669303e+03 5.89112853e+03
7.48693242e-07 1.08717161e+03 4.24319460e+03
7.49124273e-07 1.35660495e+03 3.67894718e+03
7.49555303e-07 1.79617780e+03 3.55342294e+03
7.49986333e-07 1.44624875e+03 3.01532618e+03
7.50417364e-07 1.64751769e+03 2.95006901e+03
7.50848394e-07 1.54113150e+03 2.90443130e+03
7.51279424e-07 9.22118792e+02 3.10714658e+03
7.52141485e-07 8.38026153e+02 8.75920098e+03
7.52572515e-07 1.03648967e+01 8.37798297e+03
7.53003545e-07 3.98650522e+02 5.42263181e+03
7.53434576e-07 1.18848862e+03 3.84783643e+03
7.53865606e-07 8.73365028e+02 3.28892997e+03
7.54296636e-07 1.03982479e+03 3.10829169e+03
7.54727667e-07 9.14126540e+02 2.92315962e+03
7.55158697e-07 7.76792929e+02 3.43368716e+03
7.55589727e-07 1.08334480e+03 4.08199044e+03
7.56020758e-07 1.29211228e+03 3.79054753e+03
7.56882818e-07 1.36695723e+02 6.50689340e+03
7.57313848e-07 8.31505752e+02 6.44405829e+03
7.57744879e-07 7.38164836e+02 3.92506497e+03
7.58175909e-07 1.11128090e+03 3.95418931e+03
7.58606939e-07 1.36243936e+03 4.27194112e+03
7.59037970e-07 5.64977177e+02 3.17737553e+03
7.59469000e-07 3.43018189e+02 2.72503437e+03
7.59900030e-07 1.05463034e+01 2.32995406e+03
7.61624152e-07 9.06529580e+02 3.34233424e+03
7.62055182e-07 2.49483718e+02 3.14308864e+03
7.62486212e-07 1.62781442e+02 2.90058437e+03
7.62917242e-07 8.05516306e+01 2.74616564e+03
7.63348273e-07 5.49392126e+02 2.24493619e+03
7.63779303e-07 4.39817224e+02 1.92524597e+03
7.64210333e-07 8.66441050e+02 2.14266772e+03
7.64641364e-07 6.40038647e+02 2.37118109e+03
7.65072394e-07 8.81897569e+02 2.91201061e+03
7.65503424e-07 2.99865384e+02 3.07950634e+03
7.65934455e-07 5.41661853e+02 3.71490742e+03
7.66365485e-07 6.05694701e+02 3.70207230e+03
7.66796515e-07 1.31533812e+03 3.05827775e+03
7.67227545e-07 9.71998748e+02 2.68608141e+03
7.67658576e-07 9.61570273e+02 2.81360538e+03
7.68089606e-07 8.40582065e+02 3.13005517e+03
7.68520636e-07 7.34407791e+02 3.44553810e+03
7.68951667e-07 9.33645233e+02 3.70839486e+03
7.69382697e-07 1.27741303e+03 3.83814315e+03
7.69813727e-07 1.40158315e+03 3.93981873e+03
7.70244758e-07 1.06917351e+02 3.65909363e+03
7.72399909e-07 1.14215905e+02 6.29059615e+03
7.72830939e-07 7.47726052e+02 4.80388077e+03
7.73261970e-07 4.83403679e+02 3.80569826e+03
7.73693000e-07 1.28543847e+03 3.69022078e+03
7.76279182e-07 3.42335318e+02 5.37253003e+03
7.76710212e-07 6.64946001e+02 4.14098265e+03
7.77141242e-07 1.99713341e+02 4.80624785e+03
7.78003303e-07 1.52723845e+02 5.60194040e+03
7.79727424e-07 2.00837759e+02 7.58663054e+03
7.80589485e-07 6.00282750e+02 6.28597224e+03
7.81020515e-07 3.62203654e+02 6.31247118e+03
7.82313606e-07 2.04335543e+02 1.10176956e+04
7.82744636e-07 4.54217220e+02 5.20977474e+03
7.83175667e-07 1.22768648e+03 3.71086044e+03
7.89210091e-07 3.02444581e+01 6.95450018e+03
7.89641121e-07 8.68815047e+02 4.15487759e+03
7.90072152e-07 7.99157069e+02 3.34943987e+03
7.92658333e-07 5.90328509e+02 7.36128293e+03
7.93089364e-07 3.30391431e+01 6.93203793e+03
7.93520394e-07 4.62084136e+02 5.07045830e+03
7.94813485e-07 3.10506111e+02 6.20304295e+03
7.95244515e-07 5.55342704e+02 4.97661423e+03
7.96968636e-07 1.48991595e+03 7.86961971e+03
7.97399667e-07 4.02122862e+02 6.74655008e+03
7.97830697e-07 9.42571103e+02 7.87680494e+03
7.98261727e-07 6.20591411e+01 5.27466452e+03
