1.99100000e-02
3.63518000e-07 1.33268308e+02 2.07678345e+02
3.63949055e-07 9.54566143e+01 1.85940343e+02
3.64380109e-07 2.87430306e+01 1.78101101e+02
3.64811164e-07 1.06094779e+02 1.80036941e+02
3.65242219e-07 1.25070232e+02 1.94082794e+02
3.65673274e-07 1.88604410e+02 1.95505498e+02
3.66104328e-07 1.88314835e+02 2.00605704e+02
3.66535383e-07 1.48202451e+02 2.13247356e+02
3.66966438e-07 1.38445569e+02 1.84203940e+02
3.67397493e-07 9.10990149e+01 1.87598248e+02
3.67828547e-07 1.49326300e+02 1.87029043e+02
3.68259602e-07 1.39068472e+02 2.13739466e+02
3.68690657e-07 3.75969097e+01 1.83158953e+02
3.69121712e-07 2.59801056e+01 2.09106294e+02
3.69552766e-07 1.05786916e+02 2.21921588e+02
3.69983821e-07 1.04164931e+02 2.35182444e+02
3.70414876e-07 2.04212400e+02 2.15150179e+02
3.70845931e-07 1.17523066e+02 2.37287986e+02
3.71276985e-07 9.25713206e+01 2.32397246e+02
3.71708040e-07 2.62997875e+01 2.22434018e+02
3.72139095e-07 4.64214335e+01 2.16624369e+02
3.72570150e-07 1.06223175e+02 2.45475449e+02
3.73001204e-07 1.24986267e+02 2.53629499e+02
3.73432259e-07 1.68048930e+02 2.65302019e+02
3.73863314e-07 1.73275677e+02 2.73290356e+02
3.74294369e-07 9.33389521e+01 2.89103282e+02
3.74725423e-07 4.83029294e+01 2.67059557e+02
3.75156478e-07 2.02145335e+02 2.40437571e+02
3.75587533e-07 1.40567118e+02 2.66064376e+02
3.76018587e-07 8.75312631e+01 2.46929814e+02
3.76449642e-07 1.31968265e+02 2.38280919e+02
3.76880697e-07 1.43605724e+02 2.70285557e+02
3.77742806e-07 1.51484859e+02 2.76671678e+02
3.78173861e-07 1.03068777e+02 3.04768985e+02
3.78604916e-07 1.54263914e+02 3.09567633e+02
3.79035971e-07 7.86576784e+01 2.82023436e+02
3.79467025e-07 2.01443061e+02 2.81837245e+02
3.79898080e-07 1.74684237e+02 2.57353690e+02
3.80329135e-07 1.17679503e+02 2.88607132e+02
3.80760190e-07 2.32749778e+02 2.69073075e+02
3.81191244e-07 2.85720453e+02 2.77100218e+02
3.81622299e-07 1.91597735e+02 2.59728894e+02
3.82053354e-07 1.15343814e+02 2.82621760e+02
3.82484409e-07 3.87294507e+01 2.73169590e+02
3.82915463e-07 1.75098776e+02 2.95698320e+02
3.83346518e-07 9.54838250e+01 3.02606223e+02
3.83777573e-07 9.42250259e+01 2.87435461e+02
3.84208628e-07 1.35275365e+02 3.26278671e+02
3.84639682e-07 2.37916215e+02 3.17150095e+02
3.85070737e-07 1.72894541e+02 3.14857479e+02
3.85501792e-07 1.31522962e+02 2.78986916e+02
3.85932847e-07 1.65562635e+02 3.00526616e+02
3.86363901e-07 9.02246045e+01 2.99700026e+02
3.86794956e-07 2.00909814e+02 2.77627460e+02
3.87226011e-07 1.44902999e+02 3.02856504e+02
3.87657065e-07 1.87249146e+02 2.94040442e+02
3.88088120e-07 1.30140883e+02 3.02807848e+02
3.88519175e-07 1.49197393e+02 2.89654526e+02
3.88950230e-07 5.85430671e+01 2.73144838e+02
3.89381284e-07 1.00712929e+01 3.22485598e+02
3.89812339e-07 2.04064573e+02 3.37866615e+02
3.90243394e-07 1.80848776e+02 3.72703807e+02
3.90674449e-07 1.30238586e+02 4.03132704e+02
3.91105503e-07 8.16038427e+01 4.19309072e+02
3.91536558e-07 1.17664395e+02 4.13186712e+02
3.91967613e-07 1.70986778e+02 3.70882070e+02
3.92398668e-07 1.95189302e+02 3.41453357e+02
3.92829722e-07 1.56996485e+02 2.90852735e+02
3.93260777e-07 1.26610409e+02 2.80744714e+02
3.93691832e-07 1.46562956e+02 3.07693128e+02
3.94122887e-07 1.38051756e+02 3.34801159e+02
3.94553941e-07 1.67235819e+02 3.79910810e+02
3.94984996e-07 1.48652112e+02 4.07825142e+02
3.95416051e-07 1.30196584e+02 4.45315430e+02
3.95847106e-07 2.03076975e+02 3.77518040e+02
3.96278160e-07 4.23018257e+01 3.31923420e+02
3.97140270e-07 7.58675823e+01 3.30018260e+02
3.97571325e-07 1.05202637e+02 3.72257609e+02
3.98002379e-07 7.39950917e+01 4.39092577e+02
3.98433434e-07 1.29511429e+02 4.97250012e+02
3.98864489e-07 1.33658901e+02 4.98164235e+02
3.99295543e-07 3.32393904e+02 5.15006881e+02
3.99726598e-07 1.50259928e+02 5.23013388e+02
4.00157653e-07 1.90276140e+02 5.02396316e+02
4.00588708e-07 1.36131035e+02 5.50193544e+02
4.01019762e-07 2.68878860e+02 5.66263147e+02
4.01450817e-07 2.01913924e+02 6.04484532e+02
4.01881872e-07 1.95943238e+02 5.73728766e+02
4.02312927e-07 3.02502399e+02 5.77911043e+02
4.02743981e-07 1.81606374e+02 5.41283868e+02
4.03175036e-07 1.55076106e+02 5.26614428e+02
4.03606091e-07 1.06196985e+02 5.75762731e+02
4.04037146e-07 1.21489014e+02 6.04469128e+02
4.04468200e-07 1.58260737e+02 6.02287596e+02
4.04899255e-07 1.30693362e+02 6.35942077e+02
4.05330310e-07 1.30298290e+02 5.93384730e+02
4.05761365e-07 9.95522224e+01 5.79272611e+02
4.06192419e-07 1.63081111e+02 6.17442627e+02
4.06623474e-07 1.59936592e+02 6.32806716e+02
4.07054529e-07 1.28348106e+02 6.14998833e+02
4.07485584e-07 2.29752047e+02 6.25441423e+02
4.07916638e-07 2.08856611e+02 6.53955691e+02
4.08347693e-07 1.48881314e+02 6.24799464e+02
4.08778748e-07 2.04910547e+02 6.31125117e+02
4.09209803e-07 1.76187655e+02 6.13453624e+02
4.09640857e-07 2.79465259e+02 5.65606581e+02
4.10071912e-07 1.52707868e+02 5.96739154e+02
4.10502967e-07 1.17227356e+02 5.76375859e+02
4.10934022e-07 2.04240514e+02 6.10016434e+02
4.11365076e-07 3.01127828e+02 6.54262857e+02
4.11796131e-07 2.78775095e+02 6.36568467e+02
4.12227186e-07 1.84910459e+02 6.76288753e+02
4.12658240e-07 4.09746909e+02 6.76070900e+02
4.13089295e-07 3.88318397e+02 6.79090301e+02
4.13520350e-07 1.66380292e+02 6.19044449e+02
4.13951405e-07 2.33884065e+02 6.64140426e+02
4.14382459e-07 1.38211942e+02 6.76244351e+02
4.14813514e-07 1.49052525e+02 7.04794483e+02
4.15244569e-07 1.69210615e+02 6.93411674e+02
4.15675624e-07 2.94068188e+02 7.00570195e+02
4.16106678e-07 2.92330825e+02 7.75287384e+02
4.16537733e-07 1.75209980e+02 7.77905910e+02
4.16968788e-07 2.24546805e+02 7.25830855e+02
4.17399843e-07 2.41630462e+02 7.70983781e+02
4.17830897e-07 3.16009815e+02 7.22747770e+02
4.18261952e-07 2.11337411e+02 7.26451353e+02
4.18693007e-07 4.07977392e+02 7.23227020e+02
4.19124062e-07 3.98351218e+02 7.13468948e+02
4.19555116e-07 3.37778079e+02 6.96092044e+02
4.19986171e-07 1.89168597e+02 7.07752110e+02
4.20417226e-07 1.58523121e+02 7.37766634e+02
4.20848281e-07 1.76438847e+02 7.29214824e+02
4.21279335e-07 2.52000080e+02 7.74022716e+02
4.21710390e-07 1.84409412e+02 7.54245758e+02
4.22141445e-07 3.42291099e+02 7.34580901e+02
4.22572500e-07 2.59345755e+02 6.89528031e+02
4.23003554e-07 3.67091083e+02 7.06491972e+02
4.23434609e-07 2.86905357e+02 6.98132484e+02
4.23865664e-07 1.26748476e+02 7.32339771e+02
4.24296718e-07 3.52906010e+02 7.35401108e+02
4.24727773e-07 2.27980580e+02 7.66183322e+02
4.25158828e-07 2.98079800e+02 7.71798380e+02
4.25589883e-07 3.19335252e+02 7.46982102e+02
4.26020937e-07 1.93994457e+02 7.68584287e+02
4.26451992e-07 3.26190562e+02 7.64761377e+02
4.26883047e-07 2.44198238e+02 7.70981445e+02
4.27314102e-07 1.81597567e+02 7.84140827e+02
4.27745156e-07 2.28980417e+02 7.44001425e+02
4.28176211e-07 1.50766628e+02 7.45351613e+02
4.28607266e-07 3.71672761e+02 7.43429896e+02
4.29038321e-07 3.49047854e+02 8.02781314e+02
4.29469375e-07 3.23365087e+02 7.31532004e+02
4.29900430e-07 2.07273654e+02 7.37903428e+02
4.30331485e-07 3.51118939e+02 6.66067200e+02
4.30762540e-07 3.47975214e+02 6.70243800e+02
4.31193594e-07 2.33386709e+02 7.88836168e+02
4.31624649e-07 3.06193166e+02 8.57547132e+02
4.32055704e-07 1.88565967e+02 8.47664734e+02
4.32486759e-07 2.94891308e+02 8.38178701e+02
4.32917813e-07 3.26827505e+02 8.99248700e+02
4.33348868e-07 1.80632195e+02 8.70608230e+02
4.33779923e-07 3.84086462e+02 8.22980695e+02
4.34210978e-07 3.27940597e+02 7.76415684e+02
4.34642032e-07 4.06551483e+02 8.66469298e+02
4.35073087e-07 4.41059468e+02 8.73373408e+02
4.35504142e-07 1.89817628e+02 8.99686282e+02
4.35935196e-07 1.65893911e+02 9.21529069e+02
4.36366251e-07 5.05852444e+02 9.45405119e+02
4.36797306e-07 2.45276183e+02 9.15953411e+02
4.37228361e-07 2.03585843e+02 9.03951580e+02
4.37659415e-07 6.14609091e+01 9.04695405e+02
4.38090470e-07 4.06107175e+02 8.76826747e+02
4.38521525e-07 3.33499675e+02 8.88282873e+02
4.38952580e-07 2.32671890e+02 9.03391514e+02
4.39383634e-07 1.48721504e+02 8.98975995e+02
4.39814689e-07 1.53708645e+02 9.39763820e+02
4.40245744e-07 1.52676249e+02 1.01968973e+03
4.40676799e-07 1.82469253e+02 1.04578876e+03
4.41107853e-07 1.40058773e+02 1.05403593e+03
4.41538908e-07 1.58496929e+02 1.10270249e+03
4.41969963e-07 2.69842041e+02 1.09971939e+03
4.42401018e-07 2.97194134e+02 1.09369130e+03
4.42832072e-07 4.66468140e+02 1.03235227e+03
4.43263127e-07 3.66616644e+02 1.09033200e+03
4.43694182e-07 2.79730707e+02 1.06192435e+03
4.44125237e-07 3.54914834e+02 1.03549958e+03
4.44556291e-07 3.55137972e+02 1.09769151e+03
4.44987346e-07 4.19575423e+02 1.06013833e+03
4.45418401e-07 4.94644710e+02 1.00398174e+03
4.45849456e-07 3.30963483e+02 9.97133853e+02
4.46280510e-07 1.74939285e+02 1.03597177e+03
4.46711565e-07 2.80116471e+02 1.07105410e+03
4.47142620e-07 4.43214336e+02 1.09695042e+03
4.47573674e-07 3.81642701e+02 1.10258851e+03
4.48004729e-07 3.36631135e+02 1.09553440e+03
4.48435784e-07 2.94294472e+02 1.14559228e+03
4.48866839e-07 2.61809967e+02 1.13924540e+03
4.49297893e-07 4.16782242e+02 1.09908163e+03
4.49728948e-07 2.97933990e+02 1.14723042e+03
4.50160003e-07 2.10857812e+02 1.20028946e+03
4.50591058e-07 1.97914774e+02 1.22707399e+03
4.51022112e-07 3.63042390e+02 1.15568183e+03
4.51453167e-07 4.72868283e+02 1.19979535e+03
4.51884222e-07 3.92365834e+02 1.18510123e+03
4.52315277e-07 4.17026717e+02 1.17027483e+03
4.52746331e-07 2.70980287e+02 1.18170874e+03
4.53177386e-07 2.87787295e+02 1.24727492e+03
4.53608441e-07 3.31396382e+02 1.26641449e+03
4.54039496e-07 2.96368207e+02 1.28104581e+03
4.54470550e-07 5.00956764e+02 1.23814501e+03
4.54901605e-07 3.57989691e+02 1.28631349e+03
4.55332660e-07 4.53910103e+02 1.18967240e+03
4.55763715e-07 3.38963292e+02 1.25116795e+03
4.56194769e-07 3.40367433e+02 1.25713842e+03
4.56625824e-07 4.57413341e+02 1.29944986e+03
4.57056879e-07 6.54895435e+02 1.27349129e+03
4.57487934e-07 4.49594656e+02 1.23674277e+03
4.57918988e-07 4.10274809e+02 1.27069152e+03
4.58350043e-07 5.02805022e+02 1.29461208e+03
4.58781098e-07 3.60957820e+02 1.33540333e+03
4.59212152e-07 4.61128910e+02 1.25447366e+03
4.59643207e-07 2.51872549e+02 1.27051610e+03
4.60074262e-07 4.69987541e+02 1.30204475e+03
4.60505317e-07 2.28370632e+02 1.29052851e+03
4.60936371e-07 3.83191358e+02 1.28756383e+03
4.61367426e-07 6.18768517e+02 1.35385396e+03
4.61798481e-07 3.08856698e+02 1.37934166e+03
4.62229536e-07 1.42790108e+02 1.37453249e+03
4.62660590e-07 4.85255111e+02 1.29564398e+03
4.63091645e-07 5.24254244e+02 1.29161664e+03
4.63522700e-07 3.01340382e+02 1.33341140e+03
4.63953755e-07 4.00623669e+02 1.33021662e+03
4.64384809e-07 3.11885037e+02 1.32109192e+03
4.64815864e-07 3.66762618e+02 1.34627264e+03
4.65246919e-07 4.36914190e+02 1.40916049e+03
4.65677974e-07 4.01645540e+02 1.36951274e+03
4.66109028e-07 1.86313501e+02 1.39623728e+03
4.66540083e-07 4.64074140e+02 1.39839051e+03
4.66971138e-07 3.23669930e+02 1.34789945e+03
4.67402193e-07 3.01605872e+02 1.37555070e+03
4.67833247e-07 4.42218636e+02 1.43183162e+03
4.68264302e-07 4.67885393e+02 1.44180128e+03
4.68695357e-07 2.81369333e+02 1.47049268e+03
4.69126412e-07 4.71775192e+02 1.42528624e+03
4.69557466e-07 4.15405019e+02 1.42038125e+03
4.69988521e-07 3.73890839e+02 1.39742041e+03
4.70419576e-07 2.78384398e+02 1.44475009e+03
4.70850630e-07 4.78075643e+02 1.48071822e+03
4.71281685e-07 4.83490540e+02 1.43004103e+03
4.71712740e-07 5.65257462e+02 1.50595860e+03
4.72143795e-07 4.15654515e+02 1.50070326e+03
4.72574849e-07 5.55316083e+02 1.49493433e+03
4.73005904e-07 2.86472969e+02 1.49121307e+03
4.73436959e-07 4.77701054e+02 1.38252319e+03
4.73868014e-07 4.72570685e+02 1.38571274e+03
4.74299068e-07 3.76354350e+02 1.48911845e+03
4.74730123e-07 6.15349785e+02 1.46052180e+03
4.75161178e-07 5.25106270e+02 1.41643276e+03
4.75592233e-07 3.78625846e+02 1.48170033e+03
4.76023287e-07 4.73486050e+02 1.44936077e+03
4.76454342e-07 4.96871315e+02 1.44438214e+03
4.76885397e-07 2.35022113e+02 1.46592556e+03
4.77316452e-07 2.87378970e+02 1.48732729e+03
4.77747506e-07 4.81672064e+02 1.56759378e+03
4.78178561e-07 5.01964007e+02 1.52226907e+03
4.78609616e-07 5.10539350e+02 1.50076113e+03
4.79040671e-07 3.99747869e+02 1.53659309e+03
4.79471725e-07 3.48898479e+02 1.52608301e+03
4.79902780e-07 5.57208669e+02 1.57276966e+03
4.80333835e-07 6.18584678e+02 1.57544561e+03
4.80764890e-07 2.75428178e+02 1.66460728e+03
4.81195944e-07 3.23285618e+02 1.66532507e+03
4.81626999e-07 5.53184014e+02 1.66627786e+03
4.82058054e-07 3.15710562e+02 1.66936217e+03
4.82489109e-07 4.33316717e+02 1.66576501e+03
4.82920163e-07 5.21850853e+02 1.70612129e+03
4.83351218e-07 3.57932248e+02 1.70259275e+03
4.83782273e-07 6.08389897e+02 1.70409166e+03
4.84213327e-07 3.76269766e+02 1.67617001e+03
4.84644382e-07 5.99680483e+02 1.57299592e+03
4.85075437e-07 5.52437599e+02 1.52166598e+03
4.85506492e-07 7.18862894e+02 1.47532524e+03
4.85937546e-07 4.99325185e+02 1.42108980e+03
4.86368601e-07 6.30329603e+02 1.37269180e+03
4.86799656e-07 4.31185976e+02 1.50156949e+03
4.87230711e-07 3.32972926e+02 1.44291453e+03
4.87661765e-07 4.50788299e+02 1.52102583e+03
4.88092820e-07 6.75136658e+02 1.60092021e+03
4.88523875e-07 7.01752491e+02 1.55618068e+03
4.88954930e-07 3.70256899e+02 1.58526649e+03
4.89385984e-07 4.81906933e+02 1.61843027e+03
4.89817039e-07 4.60108786e+02 1.66677267e+03
4.90248094e-07 6.38897776e+02 1.66124006e+03
4.90679149e-07 5.03598538e+02 1.69838164e+03
4.91110203e-07 3.92066064e+02 1.73269648e+03
4.91541258e-07 5.64617555e+02 1.62374024e+03
4.91972313e-07 4.79591460e+02 1.54831716e+03
4.92403368e-07 4.42297725e+02 1.59662261e+03
4.92834422e-07 5.48832048e+02 1.61507287e+03
4.93265477e-07 5.32613643e+02 1.62228754e+03
4.93696532e-07 3.88343967e+02 1.73799709e+03
4.94127587e-07 3.72283513e+02 1.68512625e+03
4.94558641e-07 5.90200461e+02 1.64902501e+03
4.94989696e-07 4.79925673e+02 1.71262551e+03
4.95420751e-07 6.03905315e+02 1.66742737e+03
4.95851805e-07 6.25647336e+02 1.63248944e+03
4.96282860e-07 7.13889118e+02 1.73718969e+03
4.96713915e-07 5.35012504e+02 1.83783458e+03
4.97144970e-07 4.75609636e+02 1.77531901e+03
4.97576024e-07 6.63611620e+02 1.74216987e+03
4.98007079e-07 6.06025475e+02 1.66098466e+03
4.98438134e-07 2.70783772e+02 1.66972263e+03
4.98869189e-07 3.28591979e+02 1.77746954e+03
4.99300243e-07 6.67070487e+02 1.77433338e+03
4.99731298e-07 7.27056631e+02 1.84064028e+03
5.00162353e-07 6.25232712e+02 1.79583018e+03
5.00593408e-07 6.53769202e+02 1.76915258e+03
5.01024462e-07 6.27803815e+02 1.72329433e+03
5.01455517e-07 5.55274845e+02 1.74147637e+03
5.01886572e-07 7.72356795e+02 1.72018508e+03
5.02317627e-07 6.15280508e+02 1.70115480e+03
5.02748681e-07 8.22557265e+02 1.73105394e+03
5.03179736e-07 5.76015723e+02 1.73890073e+03
5.03610791e-07 5.81343050e+02 1.77620607e+03
5.04041846e-07 4.08528866e+02 1.84068505e+03
5.04472900e-07 4.85401747e+02 1.81090496e+03
5.04903955e-07 6.54214915e+02 1.78601529e+03
5.05335010e-07 6.28269371e+02 1.80064888e+03
5.05766065e-07 7.84795745e+02 1.81399349e+03
5.06197119e-07 9.04018901e+02 1.82073293e+03
5.06628174e-07 6.99092256e+02 1.80714759e+03
5.07059229e-07 5.64662150e+02 1.80302280e+03
5.07490283e-07 6.36335271e+02 1.78868277e+03
5.07921338e-07 6.64848915e+02 1.68650483e+03
5.08352393e-07 6.79676504e+02 1.82748554e+03
5.08783448e-07 5.85836877e+02 1.82669371e+03
5.09214502e-07 5.25198980e+02 1.86692871e+03
5.09645557e-07 4.57901103e+02 1.86810095e+03
5.10076612e-07 3.91789754e+02 1.85225847e+03
5.10507667e-07 8.23175828e+02 1.84359334e+03
5.10938721e-07 9.62964071e+02 1.90677273e+03
5.11369776e-07 5.53893729e+02 1.87062835e+03
5.11800831e-07 5.70706862e+02 1.93902681e+03
5.12231886e-07 6.63979627e+02 1.86121515e+03
5.12662940e-07 5.57741867e+02 1.84581508e+03
5.13093995e-07 5.28710112e+02 1.81015282e+03
5.13525050e-07 6.03568459e+02 1.90266604e+03
5.13956105e-07 5.38396818e+02 2.05379417e+03
5.14387159e-07 4.65531570e+02 1.97232391e+03
5.14818214e-07 6.95724747e+02 1.89993738e+03
5.15249269e-07 5.96384600e+02 1.95388119e+03
5.15680324e-07 5.45789178e+02 2.02055433e+03
5.16111378e-07 4.68016435e+02 1.99424849e+03
5.16542433e-07 6.59927058e+02 1.86282732e+03
5.16973488e-07 6.46129097e+02 1.75121847e+03
5.17404543e-07 5.08078928e+02 1.81686001e+03
5.17835597e-07 8.08858195e+02 1.87764796e+03
5.18266652e-07 9.93418309e+02 1.80071278e+03
5.18697707e-07 7.10296642e+02 1.92697022e+03
5.19128761e-07 4.80507506e+02 1.99405578e+03
5.19559816e-07 5.22229938e+02 2.14524933e+03
5.19990871e-07 6.22442017e+02 2.21591530e+03
5.20421926e-07 8.38389278e+02 2.08125268e+03
5.20852980e-07 9.94087030e+02 2.05977720e+03
5.21284035e-07 9.69992050e+02 2.09686882e+03
5.21715090e-07 8.72511987e+02 2.08584772e+03
5.22146145e-07 8.13933492e+02 2.04969047e+03
5.22577199e-07 8.12900247e+02 2.10705981e+03
5.23008254e-07 9.68198189e+02 2.00473863e+03
5.23439309e-07 9.00584242e+02 2.08329346e+03
5.23870364e-07 6.65701010e+02 2.11676810e+03
5.24301418e-07 9.08679069e+02 2.15470216e+03
5.24732473e-07 9.76846136e+02 2.11814896e+03
5.25163528e-07 6.96053797e+02 2.10035157e+03
5.25594583e-07 2.41796281e+02 2.11626004e+03
5.26025637e-07 4.54564900e+02 2.09292454e+03
5.26456692e-07 9.89220358e+02 2.00036128e+03
5.26887747e-07 9.30520537e+02 1.94446365e+03
5.27318802e-07 6.73655631e+02 2.02231374e+03
5.27749856e-07 9.81936744e+02 2.09707241e+03
5.28180911e-07 8.81121961e+02 2.10879732e+03
5.28611966e-07 4.16060827e+02 2.12170548e+03
5.29043021e-07 5.36502650e+02 2.11366253e+03
5.29474075e-07 7.22883110e+02 2.12435669e+03
5.29905130e-07 5.31743993e+02 2.26558442e+03
5.30336185e-07 7.26272646e+02 2.20637194e+03
5.30767239e-07 8.23785006e+02 2.28873198e+03
5.31198294e-07 8.37083903e+02 2.29292448e+03
5.31629349e-07 8.43754816e+02 2.18758583e+03
5.32060404e-07 7.67392068e+02 2.26066968e+03
5.32491458e-07 6.99906009e+02 2.21285242e+03
5.32922513e-07 6.86836558e+02 2.10630731e+03
5.33353568e-07 9.07209822e+02 2.21112871e+03
5.33784623e-07 1.01621050e+03 2.25406747e+03
5.34215677e-07 6.74313310e+02 2.17256791e+03
5.34646732e-07 6.41383960e+02 2.16960701e+03
5.35077787e-07 8.11942439e+02 2.29350653e+03
5.35508842e-07 7.88693304e+02 2.28078121e+03
5.35939896e-07 7.00101684e+02 2.22052191e+03
5.36370951e-07 7.06501341e+02 2.20627346e+03
5.36802006e-07 6.40390167e+02 2.17426008e+03
5.37233061e-07 7.36291908e+02 2.21956228e+03
5.37664115e-07 6.55298453e+02 2.24204449e+03
5.38095170e-07 7.46776894e+02 2.28756658e+03
5.38526225e-07 8.76740618e+02 2.23576204e+03
5.38957280e-07 7.19775983e+02 2.26973932e+03
5.39388334e-07 1.06397703e+03 2.18302942e+03
5.39819389e-07 9.26402151e+02 2.16517357e+03
5.40250444e-07 5.35371857e+02 2.14993233e+03
5.40681499e-07 6.77826076e+02 2.16727397e+03
5.41112553e-07 9.57862910e+02 2.14289312e+03
5.41543608e-07 7.89921197e+02 2.24923974e+03
5.41974663e-07 8.06550972e+02 2.26603018e+03
5.42405717e-07 7.35792650e+02 2.25380215e+03
5.42836772e-07 5.28350299e+02 2.31398491e+03
5.43267827e-07 6.69737953e+02 2.29239398e+03
5.43698882e-07 8.36165890e+02 2.35053933e+03
5.44129936e-07 7.09084697e+02 2.34576500e+03
5.44560991e-07 6.57407645e+02 2.39061449e+03
5.44992046e-07 7.72484549e+02 2.45614111e+03
5.45423101e-07 1.00319425e+03 2.42964911e+03
5.45854155e-07 7.28081667e+02 2.52015394e+03
5.46285210e-07 7.91035897e+02 2.48635557e+03
5.46716265e-07 8.66638393e+02 2.45364223e+03
5.47147320e-07 9.51113609e+02 2.49253852e+03
5.47578374e-07 6.69500210e+02 2.47653545e+03
5.48009429e-07 5.59024606e+02 2.40038644e+03
5.48440484e-07 6.31966366e+02 2.60810087e+03
5.48871539e-07 8.75641967e+02 2.55448571e+03
5.49302593e-07 1.05848107e+03 2.57348437e+03
5.49733648e-07 1.13973271e+03 2.54086345e+03
5.50164703e-07 8.78001174e+02 2.74155104e+03
5.50595758e-07 6.64963756e+02 2.66784068e+03
5.51026812e-07 1.02759346e+03 2.51012032e+03
5.51457867e-07 8.97201606e+02 2.61852697e+03
5.51888922e-07 8.07359562e+02 2.66689003e+03
5.52319977e-07 9.81448592e+02 2.64691252e+03
5.52751031e-07 8.42339625e+02 2.65993500e+03
5.53182086e-07 5.25980547e+02 2.71561399e+03
5.53613141e-07 7.25991665e+02 2.64875246e+03
5.54044196e-07 6.61521705e+02 2.81536315e+03
5.54475250e-07 8.64021658e+02 2.86864645e+03
5.54906305e-07 8.18999355e+02 2.86212144e+03
5.55337360e-07 8.20158298e+02 2.83674221e+03
5.55768414e-07 5.66393759e+02 3.00846947e+03
5.56199469e-07 5.82083343e+02 2.85873320e+03
5.56630524e-07 1.54189318e+02 3.33793248e+03
5.57923688e-07 7.20156064e+03 1.84565478e+04
5.58354743e-07 7.98556747e+03 1.10536040e+04
5.58785798e-07 4.21128318e+03 5.95029440e+03
5.59216852e-07 2.05532187e+03 3.60801320e+03
5.59647907e-07 1.17540797e+03 2.95617267e+03
5.60078962e-07 1.06632691e+03 2.98496585e+03
5.60510017e-07 1.07557007e+03 3.00043478e+03
5.60941071e-07 9.66334812e+02 2.98593832e+03
5.61372126e-07 1.04781234e+03 2.84651826e+03
5.61803181e-07 7.38218305e+02 3.03425949e+03
5.62234236e-07 9.06490939e+02 3.00567546e+03
5.62665290e-07 8.51348448e+02 3.13752580e+03
5.63096345e-07 6.88310942e+02 3.05177508e+03
5.63527400e-07 4.48567653e+02 2.97833313e+03
5.63958455e-07 7.18651803e+02 2.90367824e+03
5.64389509e-07 9.54117794e+02 2.98322654e+03
5.64820564e-07 1.16943264e+03 2.98579648e+03
5.65251619e-07 1.11490549e+03 2.86458125e+03
5.65682674e-07 7.08983256e+02 2.96142269e+03
5.66113728e-07 6.34092609e+02 2.97496369e+03
5.66544783e-07 9.62570505e+02 2.91436874e+03
5.66975838e-07 8.81873904e+02 3.06297079e+03
5.67406892e-07 7.99666094e+02 3.16448627e+03
5.67837947e-07 8.90435932e+02 3.27590727e+03
5.68269002e-07 1.03816092e+03 3.13746938e+03
5.68700057e-07 8.88561181e+02 3.09369202e+03
5.69131111e-07 5.77433136e+02 3.15746534e+03
5.69562166e-07 6.48602845e+02 3.22153446e+03
5.69993221e-07 1.04637536e+03 3.13291578e+03
5.70424276e-07 8.83108890e+02 3.19806347e+03
5.70855330e-07 9.14060028e+02 3.16668318e+03
5.71286385e-07 1.30459664e+03 3.11505177e+03
5.71717440e-07 1.20873562e+03 3.21975375e+03
5.72148495e-07 1.15017232e+03 3.13508259e+03
5.72579549e-07 1.15613962e+03 3.23771126e+03
5.73010604e-07 1.09348210e+03 3.14704260e+03
5.73441659e-07 8.41683352e+02 3.22655056e+03
5.73872714e-07 1.31496762e+03 3.15979207e+03
5.74303768e-07 1.49485523e+03 3.22295355e+03
5.74734823e-07 1.16242967e+03 3.11756613e+03
5.75165878e-07 1.24832229e+03 3.04995605e+03
5.75596933e-07 1.04999863e+03 3.11500558e+03
5.76027987e-07 8.37261076e+02 3.19623443e+03
5.76459042e-07 5.94188256e+02 3.22811665e+03
5.76890097e-07 1.28632687e+03 3.26056223e+03
5.77321152e-07 1.07232089e+03 3.19678209e+03
5.77752206e-07 9.65114365e+02 3.11027870e+03
5.78183261e-07 1.00795459e+03 3.13725315e+03
5.78614316e-07 1.08783564e+03 3.11528343e+03
5.79045370e-07 8.67752468e+02 3.21126618e+03
5.79476425e-07 4.92973959e+02 3.34237070e+03
5.79907480e-07 8.14952575e+02 3.35436149e+03
5.80338535e-07 9.55305810e+02 3.33688075e+03
5.80769589e-07 8.90307811e+02 3.33377270e+03
5.81200644e-07 1.37275055e+03 3.37640796e+03
5.81631699e-07 8.13861472e+02 3.50681257e+03
5.82062754e-07 1.10951346e+03 3.34347684e+03
5.82493808e-07 1.32680579e+03 3.58065548e+03
5.82924863e-07 1.39158945e+03 3.54363765e+03
5.83355918e-07 1.36919896e+03 3.47392896e+03
5.83786973e-07 8.93408086e+02 3.41195068e+03
5.84218027e-07 7.26858752e+02 3.52792789e+03
5.84649082e-07 1.13630649e+03 3.53122622e+03
5.85080137e-07 1.07816195e+03 3.51581786e+03
5.85511192e-07 9.26879388e+02 3.62277005e+03
5.85942246e-07 1.04813704e+03 3.63814438e+03
5.86373301e-07 8.43570012e+02 4.06314914e+03
5.86804356e-07 9.25045353e+02 4.29333418e+03
5.87235411e-07 1.29360736e+03 4.15123223e+03
5.87666465e-07 6.73519767e+02 3.95174321e+03
5.88959630e-07 8.23624803e+02 1.38636139e+04
5.89390684e-07 4.17938097e+03 1.38785391e+04
5.89821739e-07 4.82791071e+03 1.04179696e+04
5.90252794e-07 3.11066922e+03 6.75313006e+03
5.90683848e-07 1.65646050e+03 4.83798930e+03
5.91114903e-07 7.89100649e+02 4.43312471e+03
5.91545958e-07 9.84155004e+02 4.49511791e+03
5.91977013e-07 1.39874903e+03 4.35057977e+03
5.92408067e-07 1.17332364e+03 4.20802235e+03
5.92839122e-07 1.14091363e+03 4.45951235e+03
5.93270177e-07 1.02796343e+03 4.58378229e+03
5.93701232e-07 1.32744720e+03 4.27811055e+03
5.94132286e-07 1.45601255e+03 4.09925568e+03
5.94563341e-07 1.31214650e+03 4.17092265e+03
5.94994396e-07 1.48949151e+03 4.27827465e+03
5.95425451e-07 1.18006371e+03 4.25081044e+03
5.95856505e-07 1.12030109e+03 4.30423699e+03
5.96287560e-07 1.30620280e+03 4.14488040e+03
5.96718615e-07 1.20811594e+03 4.22174464e+03
5.97149670e-07 9.28300105e+02 4.30883041e+03
5.97580724e-07 1.08258478e+03 4.35059869e+03
5.98011779e-07 1.11334422e+03 4.21681834e+03
5.98442834e-07 1.51384467e+03 4.14605333e+03
5.98873889e-07 1.09489181e+03 4.05203976e+03
5.99304943e-07 7.46164309e+02 4.04705767e+03
5.99735998e-07 1.33172205e+03 4.12672409e+03
6.00167053e-07 1.04859614e+03 4.08835032e+03
6.00598108e-07 1.08571836e+03 3.87641312e+03
6.01029162e-07 1.23076292e+03 3.76197894e+03
6.01460217e-07 1.12488628e+03 3.78760352e+03
6.01891272e-07 1.08914709e+03 3.65250992e+03
6.02322326e-07 9.36699517e+02 3.75347753e+03
6.02753381e-07 1.29791913e+03 3.73853161e+03
6.03184436e-07 1.14111188e+03 3.69104659e+03
6.03615491e-07 1.25311255e+03 3.75585244e+03
6.04046545e-07 1.09645907e+03 3.58943798e+03
6.04477600e-07 1.22119185e+03 3.52231856e+03
6.04908655e-07 1.31030161e+03 3.49458714e+03
6.05339710e-07 1.18693536e+03 3.54454897e+03
6.05770764e-07 1.18721197e+03 3.46910424e+03
6.06201819e-07 1.03910018e+03 3.53772867e+03
6.06632874e-07 1.24957981e+03 3.45366126e+03
6.07063929e-07 1.55805644e+03 3.44206271e+03
6.07494983e-07 1.20288054e+03 3.56991641e+03
6.07926038e-07 1.43124470e+03 3.52196861e+03
6.08357093e-07 1.25627588e+03 3.45725487e+03
6.08788148e-07 9.46060622e+02 3.40912770e+03
6.09219202e-07 1.07988480e+03 3.43431164e+03
6.09650257e-07 1.09144855e+03 3.54977925e+03
6.10081312e-07 1.28361796e+03 3.60822680e+03
6.10512367e-07 1.39333200e+03 3.59324580e+03
6.10943421e-07 1.50108682e+03 3.53347224e+03
6.11374476e-07 1.14610683e+03 3.60462350e+03
6.11805531e-07 1.08720619e+03 3.43664843e+03
6.12236586e-07 9.49315640e+02 3.37501954e+03
6.12667640e-07 1.62929113e+03 3.37792636e+03
6.13098695e-07 9.97307081e+02 3.34539738e+03
6.13529750e-07 1.59101310e+03 3.43004659e+03
6.13960804e-07 1.15342131e+03 3.43258384e+03
6.14391859e-07 1.02714264e+03 3.47343333e+03
6.14822914e-07 1.02108649e+03 3.47136434e+03
6.15253969e-07 1.80415062e+03 3.26546461e+03
6.15685023e-07 1.61557646e+03 3.24999141e+03
6.16116078e-07 1.43352373e+03 3.28195953e+03
6.16547133e-07 1.38454348e+03 3.34315230e+03
6.16978188e-07 1.37796730e+03 3.41022756e+03
6.17409242e-07 1.30059895e+03 3.53732480e+03
6.17840297e-07 1.29952515e+03 3.46884137e+03
6.18271352e-07 9.75472655e+02 3.35161026e+03
6.18702407e-07 1.35337373e+03 3.37170662e+03
6.19133461e-07 1.21699833e+03 3.48303816e+03
6.19564516e-07 1.42393391e+03 3.40965735e+03
6.19995571e-07 1.31046907e+03 3.48218552e+03
6.20426626e-07 1.50580103e+03 3.44138426e+03
6.20857680e-07 1.76357427e+03 3.51701317e+03
6.21288735e-07 1.01991831e+03 3.48590816e+03
6.21719790e-07 1.99842792e+03 3.47052050e+03
6.22150845e-07 1.66887666e+03 3.55048131e+03
6.22581899e-07 1.12241017e+03 3.67821134e+03
6.23012954e-07 7.58794355e+02 4.13394594e+03
6.23444009e-07 9.52904481e+02 4.85846951e+03
6.23875064e-07 1.83614018e+03 4.71037125e+03
6.24306118e-07 1.56643772e+03 4.30216747e+03
6.24737173e-07 1.14633607e+03 3.85270689e+03
6.25168228e-07 1.31068227e+03 3.95511986e+03
6.25599283e-07 6.08254525e+02 4.40994266e+03
6.26030337e-07 1.14231181e+03 4.55202366e+03
6.26461392e-07 1.64724354e+03 4.25090737e+03
6.26892447e-07 1.65451816e+03 3.87722796e+03
6.27323501e-07 1.42500510e+03 3.77439938e+03
6.27754556e-07 1.40414703e+03 3.64414108e+03
6.28185611e-07 8.39900925e+02 3.87355257e+03
6.28616666e-07 1.44983151e+03 4.28134526e+03
6.29047720e-07 7.45835357e+02 4.91749265e+03
6.29909830e-07 2.24023304e+03 1.02243778e+04
6.30340885e-07 5.26330926e+03 9.36869189e+03
6.30771939e-07 3.36607726e+03 6.47951287e+03
6.31202994e-07 2.73496902e+03 4.60553146e+03
6.31634049e-07 1.11194619e+03 3.92089322e+03
6.32065104e-07 1.27966230e+03 4.09212481e+03
6.32496158e-07 1.27303849e+03 4.36848883e+03
6.32927213e-07 1.55775275e+03 4.52127246e+03
6.33358268e-07 1.36086672e+03 4.14977964e+03
6.33789323e-07 1.73555338e+03 3.89953815e+03
6.34220377e-07 1.21448273e+03 3.81277048e+03
6.34651432e-07 1.06529346e+03 3.85496156e+03
6.35082487e-07 1.38804927e+03 4.12825435e+03
6.35513542e-07 1.34429621e+03 4.57432433e+03
6.35944596e-07 1.19835223e+03 5.60762672e+03
6.36375651e-07 2.16395709e+03 5.71858475e+03
6.36806706e-07 2.33996161e+03 4.79081537e+03
6.37237761e-07 1.68550598e+03 4.05074752e+03
6.37668815e-07 1.48019701e+03 3.69377082e+03
6.38099870e-07 1.26948830e+03 3.79959706e+03
6.38530925e-07 1.09207527e+03 3.88575983e+03
6.38961979e-07 1.24578987e+03 3.82644371e+03
6.39393034e-07 1.10318786e+03 3.58727192e+03
6.39824089e-07 1.30009741e+03 3.51485618e+03
6.40255144e-07 1.19497659e+03 3.36872499e+03
6.40686198e-07 7.76284259e+02 3.36691164e+03
6.41117253e-07 1.44303121e+03 3.32816444e+03
6.41548308e-07 1.69851703e+03 3.29823964e+03
6.41979363e-07 1.38691885e+03 3.44363828e+03
6.42410417e-07 1.75087589e+03 3.39214623e+03
6.42841472e-07 1.31912061e+03 3.43325704e+03
6.43272527e-07 1.62549411e+03 3.33258697e+03
6.43703582e-07 1.63122322e+03 3.34621699e+03
6.44134636e-07 1.47409813e+03 3.33683683e+03
6.44565691e-07 1.31380387e+03 3.46778946e+03
6.44996746e-07 1.07359724e+03 3.41519735e+03
6.45427801e-07 1.11289581e+03 3.44926824e+03
6.45858855e-07 1.54026373e+03 3.60298266e+03
6.46289910e-07 9.72388876e+02 4.22618645e+03
6.46720965e-07 1.50141968e+03 4.36086941e+03
6.47152020e-07 1.58321298e+03 4.26704781e+03
6.47583074e-07 1.60282304e+03 3.84303803e+03
6.48014129e-07 1.55203037e+03 3.42752680e+03
6.48445184e-07 1.59220474e+03 3.25269917e+03
6.48876239e-07 1.35884405e+03 3.33101788e+03
6.49307293e-07 1.00158489e+03 3.84920670e+03
6.49738348e-07 1.85982737e+03 4.19154677e+03
6.50169403e-07 1.83714487e+03 4.45143553e+03
6.50600457e-07 1.53057128e+03 3.99850918e+03
6.51031512e-07 1.53464658e+03 3.61443424e+03
6.51462567e-07 1.25432125e+03 3.56496265e+03
6.51893622e-07 1.17937109e+03 3.50970305e+03
6.52324676e-07 1.01605054e+03 3.78736082e+03
6.52755731e-07 1.31012470e+03 3.95170863e+03
6.53186786e-07 1.94944526e+03 4.09456914e+03
6.53617841e-07 1.35209603e+03 4.12944405e+03
6.54048895e-07 1.66376961e+03 3.94760910e+03
6.54479950e-07 1.77062744e+03 4.02137216e+03
6.54911005e-07 1.42980415e+03 4.30907021e+03
6.55342060e-07 1.55043407e+03 4.43756135e+03
6.55773114e-07 1.77819091e+03 4.01074350e+03
6.56204169e-07 1.78022231e+03 3.68618832e+03
6.56635224e-07 1.23438073e+03 3.64294810e+03
6.57066279e-07 8.24559988e+02 3.94293406e+03
6.57497333e-07 1.35184967e+03 4.16895098e+03
6.57928388e-07 1.82704240e+03 4.13651216e+03
6.58359443e-07 1.92105971e+03 3.70435594e+03
6.58790498e-07 1.63656298e+03 3.43152866e+03
6.59221552e-07 1.38899546e+03 3.48837004e+03
6.59652607e-07 1.24623036e+03 3.76307372e+03
6.60083662e-07 1.31608108e+03 3.76795124e+03
6.60514717e-07 1.26103710e+03 3.77632062e+03
6.60945771e-07 1.72171684e+03 3.57823421e+03
6.61376826e-07 1.59742690e+03 3.49490991e+03
6.61807881e-07 1.27827731e+03 3.31308305e+03
6.62238935e-07 1.39882697e+03 3.31879888e+03
6.62669990e-07 1.43406220e+03 3.53967457e+03
6.63101045e-07 1.70568020e+03 3.58346491e+03
6.63532100e-07 1.53622405e+03 3.52714036e+03
6.63963154e-07 1.25494681e+03 3.47225703e+03
6.64394209e-07 1.24120891e+03 3.53018579e+03
6.64825264e-07 1.65987007e+03 3.33150372e+03
6.65256319e-07 1.56499726e+03 3.28224497e+03
6.65687373e-07 1.20222847e+03 3.51106491e+03
6.66118428e-07 1.42917163e+03 3.33570928e+03
6.66549483e-07 1.55471498e+03 3.44155623e+03
6.66980538e-07 1.58295186e+03 3.46598579e+03
6.67411592e-07 1.34667140e+03 3.46433011e+03
6.67842647e-07 1.61960826e+03 3.45425788e+03
6.68273702e-07 1.38847619e+03 3.45089066e+03
6.68704757e-07 1.57359826e+03 3.30548026e+03
6.69135811e-07 1.76447218e+03 3.46445973e+03
6.69566866e-07 1.93122400e+03 3.48498243e+03
6.69997921e-07 2.45847278e+03 3.40709990e+03
6.70428976e-07 2.01753327e+03 3.44029492e+03
6.70860030e-07 1.59985438e+03 3.50018761e+03
6.71291085e-07 1.68002766e+03 3.40630118e+03
6.71722140e-07 1.71106500e+03 3.34869374e+03
6.72153195e-07 1.61469730e+03 3.40602508e+03
6.72584249e-07 1.42878107e+03 3.41553108e+03
6.73015304e-07 1.53898639e+03 3.39197895e+03
6.73446359e-07 1.49831656e+03 3.41147508e+03
6.73877413e-07 1.85617684e+03 3.39362917e+03
6.74308468e-07 1.85911863e+03 3.40027532e+03
6.74739523e-07 1.50170587e+03 3.38205622e+03
6.75170578e-07 1.77149607e+03 3.26197922e+03
6.75601632e-07 1.18462296e+03 3.36246983e+03
6.76032687e-07 1.40660943e+03 3.29777955e+03
6.76463742e-07 1.72294720e+03 3.21077925e+03
6.76894797e-07 1.32465109e+03 3.30840050e+03
6.77325851e-07 1.40430983e+03 3.24522288e+03
6.77756906e-07 1.42012625e+03 3.30106204e+03
6.78187961e-07 1.38285896e+03 3.35123026e+03
6.78619016e-07 1.09004796e+03 3.33349027e+03
6.79050070e-07 1.49272358e+03 3.27216391e+03
6.79481125e-07 1.22145401e+03 3.23387305e+03
6.79912180e-07 1.38842624e+03 3.24220689e+03
6.80343235e-07 1.54189917e+03 3.25939056e+03
6.80774289e-07 1.42889871e+03 3.33283079e+03
6.81205344e-07 1.48504419e+03 3.38002736e+03
6.81636399e-07 1.06056945e+03 3.43277602e+03
6.82067454e-07 8.81471627e+02 3.80334699e+03
6.82498508e-07 4.34638803e+02 5.27917792e+03
6.82929563e-07 1.08506362e+03 6.60408990e+03
6.83360618e-07 2.51812337e+03 6.49959822e+03
6.83791673e-07 2.68462499e+03 5.18737367e+03
6.84222727e-07 2.15726216e+03 4.01141947e+03
6.84653782e-07 1.48308066e+03 3.51795297e+03
6.85084837e-07 1.40898395e+03 3.44905029e+03
6.85515891e-07 6.64783663e+02 4.05413520e+03
6.85946946e-07 1.22778826e+03 5.37257203e+03
6.86378001e-07 3.22105380e+03 6.05791980e+03
6.86809056e-07 3.03734543e+03 4.69759517e+03
6.87240110e-07 1.56356043e+03 3.31756058e+03
6.87671165e-07 8.85980480e+02 3.10679998e+03
6.88102220e-07 1.32146264e+03 3.47271818e+03
6.88533275e-07 1.24254291e+03 3.63062064e+03
6.88964329e-07 8.17172037e+02 3.69826318e+03
6.89395384e-07 8.78792771e+02 3.47569008e+03
6.89826439e-07 1.55352286e+03 3.34627860e+03
6.90257494e-07 1.31765434e+03 3.46486060e+03
6.90688548e-07 1.23356559e+03 3.69638760e+03
6.91119603e-07 1.31242826e+03 4.18123600e+03
6.91550658e-07 9.38838846e+02 4.38810479e+03
6.91981713e-07 1.26694588e+03 4.80990698e+03
6.92412767e-07 1.88873588e+03 4.91854995e+03
6.92843822e-07 1.57203681e+03 4.05457386e+03
6.93274877e-07 1.17640628e+03 3.76563385e+03
6.93705932e-07 8.64870105e+02 3.95922311e+03
6.94136986e-07 5.27298364e+02 4.44078794e+03
6.94568041e-07 1.02628091e+03 5.14370486e+03
6.94999096e-07 1.86562995e+03 5.06970624e+03
6.95430151e-07 2.17047141e+03 4.17518787e+03
6.95861205e-07 1.96751391e+03 3.43741037e+03
6.96292260e-07 1.40702473e+03 3.64965755e+03
6.96723315e-07 1.04888156e+03 4.07132636e+03
6.97154370e-07 9.45545305e+02 4.44724517e+03
6.97585424e-07 1.05962087e+03 4.68973025e+03
6.98016479e-07 1.55923199e+03 4.60219421e+03
6.98447534e-07 1.00340044e+03 3.79001872e+03
6.98878588e-07 1.47074910e+03 3.29610549e+03
6.99309643e-07 9.24095637e+02 3.16940745e+03
6.99740698e-07 9.05670266e+02 3.37069710e+03
7.00171753e-07 9.74751670e+02 3.61880849e+03
7.00602807e-07 1.90497245e+03 3.82862968e+03
7.01033862e-07 1.88306694e+03 3.77713304e+03
7.01464917e-07 2.15816314e+03 3.60286014e+03
7.01895972e-07 1.58547480e+03 3.35285026e+03
7.02327026e-07 1.17209758e+03 3.15663041e+03
7.02758081e-07 4.44474179e+02 3.28446671e+03
7.03189136e-07 1.01996728e+03 3.41962327e+03
7.03620191e-07 7.25291328e+02 3.58047317e+03
7.04051245e-07 1.27426823e+03 3.57532075e+03
7.04482300e-07 7.87435575e+02 4.02851881e+03
7.04913355e-07 1.74225761e+03 3.92184068e+03
7.05344410e-07 1.66197922e+03 3.62796789e+03
7.05775464e-07 9.20265350e+02 3.48268560e+03
7.06206519e-07 5.22404705e+02 3.56677149e+03
7.06637574e-07 1.51917556e+03 3.64375187e+03
7.07068629e-07 1.45451412e+03 3.60041634e+03
7.07499683e-07 9.69454138e+02 3.61844398e+03
7.07930738e-07 6.83770962e+02 3.67700448e+03
7.08361793e-07 9.61709955e+02 3.70515296e+03
7.08792848e-07 1.29786069e+03 3.66972270e+03
7.09223902e-07 3.02011088e+02 3.50873720e+03
7.09654957e-07 1.47963110e+03 3.40755792e+03
7.10086012e-07 1.38238083e+03 3.26229250e+03
7.10517066e-07 1.41769773e+03 3.22870946e+03
7.10948121e-07 1.24665698e+03 3.22246210e+03
7.11379176e-07 1.28115659e+03 3.23930092e+03
7.11810231e-07 1.35116545e+03 3.21306824e+03
7.12241285e-07 1.56329435e+03 3.36556307e+03
7.12672340e-07 1.01196969e+03 3.45524961e+03
7.13103395e-07 1.11717307e+03 3.46517203e+03
7.13534450e-07 6.71566920e+02 3.46340729e+03
7.13965504e-07 8.16090382e+02 3.50266466e+03
7.14396559e-07 7.75206996e+02 3.74320331e+03
7.14827614e-07 9.43691034e+02 3.58149554e+03
7.15258669e-07 8.58282140e+02 3.45607940e+03
7.15689723e-07 9.79014616e+02 3.37702101e+03
7.16120778e-07 1.57086190e+03 3.34985293e+03
7.16551833e-07 1.38819076e+03 3.38596399e+03
7.16982888e-07 8.45852245e+02 3.14994248e+03
7.17413942e-07 8.17774860e+02 3.02158479e+03
7.17844997e-07 9.43635409e+02 2.91943972e+03
7.18276052e-07 1.14160410e+03 2.76947129e+03
7.18707107e-07 5.90369725e+02 2.60854465e+03
7.19138161e-07 5.64213065e+02 2.56533572e+03
7.19569216e-07 8.88938970e+02 2.64885738e+03
7.20000271e-07 7.30464719e+02 2.58137887e+03
7.20431326e-07 7.48062659e+02 2.53487394e+03
7.20862380e-07 8.96162411e+02 2.73203546e+03
7.21293435e-07 9.47314896e+02 2.85387925e+03
7.21724490e-07 4.35511663e+02 2.86008267e+03
7.22155544e-07 9.33138325e+02 2.91437404e+03
7.22586599e-07 8.61916349e+02 2.86626760e+03
7.23879763e-07 8.08372788e+02 8.97735252e+03
7.24310818e-07 2.78485185e+03 1.01543917e+04
7.24741873e-07 2.81200693e+03 8.00827006e+03
7.25172928e-07 1.93090036e+03 5.10434487e+03
7.25603982e-07 1.26056490e+03 3.89572120e+03
7.26035037e-07 1.18079149e+03 3.28859386e+03
7.27328201e-07 3.81012459e+02 7.97867109e+03
7.27759256e-07 1.88271659e+03 9.26222290e+03
7.28190311e-07 3.13368231e+03 7.71829692e+03
7.28621366e-07 2.16652357e+03 5.87549451e+03
7.29052420e-07 1.52182645e+03 4.39146948e+03
7.29483475e-07 7.73721252e+02 4.11920381e+03
7.29914530e-07 8.39619515e+02 4.34874902e+03
7.30345585e-07 1.97742240e+02 4.62116493e+03
7.31207694e-07 2.42406064e+02 6.75926167e+03
7.31638749e-07 1.54407421e+03 7.80323799e+03
7.32069804e-07 1.34046275e+03 6.37452112e+03
7.32500858e-07 6.62272510e+02 5.17419394e+03
7.32931913e-07 2.83569346e+02 5.51140840e+03
7.33794022e-07 1.28131148e+03 8.26743888e+03
7.34225077e-07 2.83834474e+03 8.57852868e+03
7.34656132e-07 2.44861410e+03 6.06625398e+03
7.35087187e-07 9.82688522e+02 4.25456308e+03
7.35518241e-07 1.91255883e+02 5.04029539e+03
7.36380351e-07 3.71189551e+02 6.58396026e+03
7.36811406e-07 2.11833169e+03 7.67166726e+03
7.37242460e-07 2.93337912e+03 6.49553635e+03
7.37673515e-07 2.18033315e+03 4.19033358e+03
7.38104570e-07 1.25611894e+03 3.38658011e+03
7.38535625e-07 5.01555088e+02 3.87775761e+03
7.38966679e-07 7.55831432e+02 4.54796602e+03
7.39397734e-07 5.43919892e+02 5.44936810e+03
7.39828789e-07 1.13047899e+03 6.20813045e+03
7.40259844e-07 2.38154522e+03 6.09021174e+03
7.40690898e-07 2.66837698e+03 4.73171103e+03
7.41121953e-07 1.41336563e+03 3.48251890e+03
7.41553008e-07 8.15609435e+02 3.31313312e+03
7.41984063e-07 1.34283872e+03 3.24932214e+03
7.42415117e-07 1.38161112e+03 3.59968042e+03
7.42846172e-07 1.14344954e+03 4.12115683e+03
7.43277227e-07 7.70191514e+02 4.72318443e+03
7.43708282e-07 1.74121651e+03 4.98468837e+03
7.44139336e-07 2.10287803e+03 4.47554936e+03
7.44570391e-07 1.45287642e+03 3.61637227e+03
7.45001446e-07 1.33879368e+03 3.23070136e+03
7.45432500e-07 1.06470628e+03 3.25826400e+03
7.45863555e-07 1.46533342e+03 3.57805207e+03
7.46294610e-07 1.67016893e+03 4.05426078e+03
7.46725665e-07 1.50758384e+03 4.75731073e+03
7.47156719e-07 1.31566029e+03 5.23200208e+03
7.47587774e-07 1.39935751e+03 5.56900980e+03
7.48018829e-07 1.88190944e+03 5.62403994e+03
7.48449884e-07 2.25135213e+03 4.94481541e+03
7.48880938e-07 1.85217782e+03 4.14080910e+03
7.49311993e-07 1.02931480e+03 3.75753076e+03
7.49743048e-07 8.55165154e+02 3.44979733e+03
7.50174103e-07 9.63028612e+02 3.29238535e+03
7.50605157e-07 1.24911177e+03 3.18661832e+03
7.51036212e-07 1.10263529e+03 3.15247686e+03
7.51467267e-07 1.12640283e+02 3.89639563e+03
7.51898322e-07 4.76578870e+02 5.53632922e+03
7.52329376e-07 1.91879522e+03 6.98601154e+03
7.52760431e-07 3.19268289e+03 6.32255684e+03
7.53191486e-07 2.16170618e+03 4.80125874e+03
7.53622541e-07 1.23486600e+03 3.99157489e+03
7.54053595e-07 1.39264982e+03 3.46430647e+03
7.54484650e-07 1.66629692e+03 3.35551047e+03
7.54915705e-07 8.33963623e+02 3.38275580e+03
7.55346760e-07 5.75095302e+02 3.77547231e+03
7.55777814e-07 1.48845248e+03 3.96834161e+03
7.56208869e-07 1.52748111e+03 3.85994766e+03
7.56639924e-07 7.81300650e+02 4.77188242e+03
7.57070978e-07 2.23029297e+03 5.75025767e+03
7.57502033e-07 2.18996087e+03 5.18915698e+03
7.57933088e-07 1.67657017e+03 4.07213397e+03
7.58364143e-07 1.12103673e+03 3.86751030e+03
7.58795197e-07 1.73557678e+03 3.60569849e+03
7.59226252e-07 1.70892209e+03 2.86984364e+03
7.59657307e-07 5.62802268e+02 2.23254912e+03
7.60088362e-07 8.12954152e+02 1.66821166e+03
7.60519416e-07 2.04106582e+02 1.32610246e+03
7.61812581e-07 8.20919430e+02 2.87355843e+03
7.62243635e-07 1.20782593e+03 2.81708876e+03
7.62674690e-07 1.22404204e+03 2.54999188e+03
7.63105745e-07 9.54642787e+02 2.38115155e+03
7.63536800e-07 1.14021699e+02 1.95022975e+03
7.63967854e-07 2.72287058e+02 1.91759132e+03
7.64398909e-07 3.25145383e+02 2.01272534e+03
7.64829964e-07 5.31077586e+02 2.35872831e+03
7.65261019e-07 7.87920912e+02 2.68621517e+03
7.65692073e-07 5.48322381e+02 3.02374705e+03
7.66123128e-07 8.75552111e+02 3.30619930e+03
7.66554183e-07 1.20638383e+03 3.33120461e+03
7.66985238e-07 8.69010135e+02 2.88811887e+03
7.67416292e-07 1.25132428e+03 2.84143329e+03
7.67847347e-07 8.08945271e+02 3.07808339e+03
7.68278402e-07 7.26178422e+02 3.29587853e+03
7.68709457e-07 1.18493033e+03 3.47670317e+03
7.69140511e-07 1.32395968e+03 3.73623766e+03
7.69571566e-07 9.50314897e+02 3.75919145e+03
7.70002621e-07 9.01954224e+02 3.73650290e+03
7.71295785e-07 1.20001478e+03 1.41648020e+04
7.71726840e-07 7.14828964e+03 1.36291016e+04
7.72157894e-07 5.68191569e+03 8.84005019e+03
7.72588949e-07 3.56237219e+03 5.82987720e+03
7.73020004e-07 2.01938330e+03 4.47866405e+03
7.73451059e-07 1.31493606e+03 3.89414448e+03
7.73882113e-07 4.37041901e+02 4.14041716e+03
7.75175278e-07 5.41653824e+03 1.22699717e+04
7.75606332e-07 5.30989343e+03 9.11056346e+03
7.76037387e-07 3.97930893e+03 6.60197520e+03
7.76468442e-07 2.17524971e+03 5.12251258e+03
7.77761606e-07 1.50898852e+03 5.71495088e+03
7.78192661e-07 2.10088068e+03 5.59404725e+03
7.79054770e-07 4.22080449e+01 8.72806239e+03
7.79485825e-07 4.59515232e+03 9.57000156e+03
7.79916880e-07 4.16236905e+03 6.38628106e+03
7.80347935e-07 7.15458737e+02 5.32408829e+03
7.80778989e-07 6.41816290e+02 6.28578514e+03
7.81210044e-07 1.18798430e+03 6.70712748e+03
7.82072153e-07 2.73759818e+03 1.12328803e+04
7.82503208e-07 7.62249050e+03 8.54698185e+03
7.82934263e-07 2.49649258e+03 4.61007682e+03
7.83365318e-07 2.75378085e+02 4.20710013e+03
7.83796372e-07 4.71125403e+02 5.34105076e+03
7.84227427e-07 5.44961742e+02 6.38868234e+03
7.85520591e-07 6.33528139e+03 1.30168144e+04
7.85951646e-07 5.47984629e+03 9.48432936e+03
7.86382701e-07 1.74214257e+03 7.67821921e+03
7.86813756e-07 1.06161330e+03 7.90022170e+03
7.87244810e-07 2.79889113e+03 7.51490153e+03
7.87675865e-07 1.27133209e+03 7.00483512e+03
7.88106920e-07 3.26844287e+03 7.24461940e+03
7.88537975e-07 9.66220762e+02 7.80404478e+03
7.88969029e-07 3.80813428e+03 8.21723809e+03
7.89400084e-07 5.19362839e+03 6.12147421e+03
7.89831139e-07 1.13941136e+03 3.91804283e+03
7.91555358e-07 7.24743560e+03 1.35005579e+04
7.91986413e-07 7.07180928e+03 9.88275639e+03
7.92417467e-07 4.46861885e+03 7.49876121e+03
