2.03500000e-02
3.63518000e-07 1.41882895e+02 5.29714046e+02
3.63949055e-07 1.47553412e+02 5.10299807e+02
3.64380109e-07 1.22401867e+02 4.72713482e+02
3.64811164e-07 2.11917015e+02 5.22651000e+02
3.65242219e-07 1.53554971e+02 4.82061389e+02
3.65673274e-07 1.84370155e+02 5.09759085e+02
3.66104328e-07 1.34202870e+02 4.86154176e+02
3.66535383e-07 2.82887605e+02 5.29167059e+02
3.66966438e-07 1.47415299e+02 4.70709866e+02
3.67397493e-07 8.58974664e+01 4.51066691e+02
3.67828547e-07 1.83101935e+02 5.29544659e+02
3.68259602e-07 1.53450938e+02 4.85560233e+02
3.68690657e-07 2.31051814e+02 5.11651087e+02
3.69121712e-07 2.53534370e+02 5.71514427e+02
3.69552766e-07 1.49488443e+02 5.13772607e+02
3.69983821e-07 1.84684810e+02 5.58058223e+02
3.70414876e-07 2.10466116e+02 5.67270786e+02
3.70845931e-07 3.11706386e+02 5.88243043e+02
3.71276985e-07 3.37467558e+02 6.31028764e+02
3.71708040e-07 2.74172523e+02 5.74539286e+02
3.72139095e-07 2.35581242e+02 5.33226979e+02
3.72570150e-07 1.86094403e+02 5.23627360e+02
3.73001204e-07 2.05802659e+02 5.77629786e+02
3.73432259e-07 2.22682832e+02 5.86212981e+02
3.73863314e-07 3.54709836e+02 6.85874649e+02
3.74294369e-07 3.87342384e+02 6.94975299e+02
3.74725423e-07 2.73650382e+02 6.34332022e+02
3.75156478e-07 2.35125245e+02 6.17899779e+02
3.75587533e-07 2.83410214e+02 6.35151636e+02
3.76018587e-07 3.45060750e+02 6.15173622e+02
3.76449642e-07 3.52591241e+02 5.96697041e+02
3.76880697e-07 3.50115359e+02 6.23285091e+02
3.77311752e-07 2.91548882e+02 5.98062952e+02
3.77742806e-07 2.81934632e+02 5.87907967e+02
3.78173861e-07 2.76367349e+02 5.94649728e+02
3.78604916e-07 3.17180837e+02 6.16541952e+02
3.79035971e-07 2.99962989e+02 6.03135035e+02
3.79467025e-07 2.74980191e+02 5.95591425e+02
3.79898080e-07 2.69987125e+02 5.94003596e+02
3.80329135e-07 3.81413175e+02 6.39824048e+02
3.80760190e-07 3.14452338e+02 6.04089910e+02
3.81191244e-07 3.12586366e+02 6.25903524e+02
3.81622299e-07 3.69525393e+02 6.33737214e+02
3.82053354e-07 2.77731378e+02 5.92239740e+02
3.82484409e-07 2.30473997e+02 6.12818241e+02
3.82915463e-07 4.53960119e+02 7.49805541e+02
3.83346518e-07 3.09873189e+02 6.95034537e+02
3.83777573e-07 3.40381072e+02 6.72745164e+02
3.84208628e-07 3.95544074e+02 6.99589606e+02
3.84639682e-07 4.15550454e+02 6.92149671e+02
3.85070737e-07 4.14537089e+02 6.84954657e+02
3.85501792e-07 4.95699476e+02 6.93646271e+02
3.85932847e-07 4.64438242e+02 6.55469160e+02
3.86363901e-07 3.89293655e+02 6.32977863e+02
3.86794956e-07 3.16492510e+02 6.03428173e+02
3.87226011e-07 3.96529910e+02 6.28788227e+02
3.87657065e-07 3.83896857e+02 6.43812377e+02
3.88088120e-07 5.06670333e+02 7.03060360e+02
3.88519175e-07 4.01245919e+02 6.52103616e+02
3.88950230e-07 3.85008820e+02 6.37177734e+02
3.89381284e-07 4.26617426e+02 6.35117637e+02
3.89812339e-07 4.21202154e+02 6.49014896e+02
3.90243394e-07 3.58732202e+02 6.60296511e+02
3.90674449e-07 3.52708109e+02 7.10069351e+02
3.91105503e-07 4.37355193e+02 7.46009196e+02
3.91536558e-07 4.30265458e+02 7.18179066e+02
3.91967613e-07 4.08969962e+02 6.94664726e+02
3.92398668e-07 4.43512348e+02 6.65102844e+02
3.92829722e-07 4.66217455e+02 6.62642261e+02
3.93260777e-07 4.18676914e+02 6.47281287e+02
3.93691832e-07 5.22873236e+02 7.07901641e+02
3.94122887e-07 5.48485587e+02 7.35262934e+02
3.94553941e-07 4.75814465e+02 7.23472785e+02
3.94984996e-07 4.17123060e+02 7.04185647e+02
3.95416051e-07 4.36398891e+02 7.01430195e+02
3.95847106e-07 4.09387146e+02 6.78521696e+02
3.96278160e-07 3.30829282e+02 6.08628475e+02
3.96709215e-07 3.26078727e+02 5.95298047e+02
3.97140270e-07 4.86618010e+02 6.48270424e+02
3.97571325e-07 5.31377962e+02 7.26222467e+02
3.98002379e-07 4.30829016e+02 7.37577041e+02
3.98433434e-07 6.09901847e+02 7.81833922e+02
3.98864489e-07 5.92786701e+02 7.60564194e+02
3.99295543e-07 6.42518027e+02 7.84916621e+02
3.99726598e-07 5.56056266e+02 7.52253404e+02
4.00157653e-07 4.04167850e+02 7.00763324e+02
4.00588708e-07 4.21329304e+02 7.35512289e+02
4.01019762e-07 3.62020194e+02 6.94189464e+02
4.01450817e-07 3.82064588e+02 7.18563121e+02
4.01881872e-07 3.27446622e+02 6.92579015e+02
4.02312927e-07 4.79828715e+02 7.58930541e+02
4.02743981e-07 5.84602070e+02 7.75195374e+02
4.03175036e-07 4.68192360e+02 7.38102821e+02
4.03606091e-07 6.95476116e+02 8.31596278e+02
4.04037146e-07 7.20421600e+02 8.55661766e+02
4.04468200e-07 3.76009170e+02 7.68618848e+02
4.04899255e-07 3.87042001e+02 7.72779512e+02
4.05330310e-07 4.36205461e+02 7.50237392e+02
4.05761365e-07 5.71533985e+02 8.43386570e+02
4.06192419e-07 5.22248137e+02 8.30980863e+02
4.06623474e-07 7.03035966e+02 8.67406826e+02
4.07054529e-07 6.42038329e+02 8.57718225e+02
4.07485584e-07 7.18992079e+02 8.97710175e+02
4.07916638e-07 5.83363078e+02 8.29298565e+02
4.08347693e-07 6.82730318e+02 8.33173579e+02
4.08778748e-07 6.06323453e+02 8.23939611e+02
4.09209803e-07 7.20275899e+02 8.59787249e+02
4.09640857e-07 7.30968461e+02 8.48229440e+02
4.10071912e-07 6.77525903e+02 8.10559213e+02
4.10502967e-07 6.71981832e+02 8.18168139e+02
4.10934022e-07 7.84141309e+02 8.57929563e+02
4.11365076e-07 7.23071812e+02 8.35355769e+02
4.11796131e-07 7.77261788e+02 8.50133829e+02
4.12227186e-07 8.56752117e+02 9.00612130e+02
4.12658240e-07 8.09085525e+02 9.18309250e+02
4.13089295e-07 7.02817056e+02 8.82419287e+02
4.13520350e-07 7.92142574e+02 8.81750796e+02
4.13951405e-07 8.54368352e+02 8.91581371e+02
4.14382459e-07 6.75735740e+02 8.47875993e+02
4.14813514e-07 7.26969988e+02 8.45355762e+02
4.15244569e-07 7.91975861e+02 8.96521857e+02
4.15675624e-07 8.53160280e+02 9.58940782e+02
4.16106678e-07 8.17921183e+02 9.52471650e+02
4.16537733e-07 8.29156953e+02 9.69977261e+02
4.16968788e-07 9.64245210e+02 1.01399948e+03
4.17399843e-07 8.61409621e+02 9.67987617e+02
4.17830897e-07 8.34045370e+02 9.15219007e+02
4.18261952e-07 8.46727243e+02 9.18407201e+02
4.18693007e-07 8.40058615e+02 9.28936004e+02
4.19124062e-07 7.03083291e+02 8.48918916e+02
4.19555116e-07 9.42248680e+02 9.19207785e+02
4.19986171e-07 1.07921066e+03 9.67438089e+02
4.20417226e-07 8.90449153e+02 9.11339312e+02
4.20848281e-07 7.56284261e+02 8.59522235e+02
4.21279335e-07 8.79856559e+02 9.07078381e+02
4.21710390e-07 1.04505662e+03 9.33709647e+02
4.22141445e-07 1.01748269e+03 9.29080002e+02
4.22572500e-07 1.00785664e+03 9.21383159e+02
4.23003554e-07 9.24462833e+02 9.09828774e+02
4.23434609e-07 8.71352064e+02 9.06059461e+02
4.23865664e-07 9.44001945e+02 9.37576956e+02
4.24296718e-07 9.79558464e+02 9.53141709e+02
4.24727773e-07 1.07991724e+03 9.84687747e+02
4.25158828e-07 1.01949316e+03 9.86016685e+02
4.25589883e-07 9.99560722e+02 9.85245381e+02
4.26020937e-07 1.02049399e+03 9.89427223e+02
4.26451992e-07 8.78174156e+02 9.41394009e+02
4.26883047e-07 9.27344689e+02 9.24980997e+02
4.27314102e-07 8.83989182e+02 9.28435244e+02
4.27745156e-07 8.34332146e+02 9.10532955e+02
4.28176211e-07 8.98563810e+02 9.57531826e+02
4.28607266e-07 9.12677312e+02 9.26224805e+02
4.29038321e-07 8.51410886e+02 9.21364822e+02
4.29469375e-07 1.08409825e+03 9.96830453e+02
4.29900430e-07 9.34201026e+02 9.23519828e+02
4.30331485e-07 1.06094455e+03 9.67062405e+02
4.30762540e-07 1.01718417e+03 9.68557926e+02
4.31193594e-07 1.04247593e+03 1.02136479e+03
4.31624649e-07 1.00449941e+03 1.05236695e+03
4.32055704e-07 1.01138729e+03 1.02484365e+03
4.32486759e-07 1.03537298e+03 1.02288192e+03
4.32917813e-07 1.13850080e+03 1.03927196e+03
4.33348868e-07 1.01620528e+03 1.00531460e+03
4.33779923e-07 9.63040118e+02 9.73020019e+02
4.34210978e-07 1.03609126e+03 1.00609481e+03
4.34642032e-07 1.02052811e+03 1.02994919e+03
4.35073087e-07 1.16570956e+03 1.06147038e+03
4.35504142e-07 1.13898091e+03 1.09461517e+03
4.35935196e-07 1.13402276e+03 1.10134310e+03
4.36366251e-07 1.15292052e+03 1.09046997e+03
4.36797306e-07 1.09172275e+03 1.04107257e+03
4.37228361e-07 1.09143780e+03 1.04366372e+03
4.37659415e-07 9.25594867e+02 1.01411298e+03
4.38090470e-07 8.01657341e+02 9.45430859e+02
4.38521525e-07 9.03642080e+02 9.64683760e+02
4.38952580e-07 8.87517379e+02 9.91008547e+02
4.39383634e-07 9.28309598e+02 9.97781916e+02
4.39814689e-07 8.78577063e+02 1.01986442e+03
4.40245744e-07 1.14456821e+03 1.13758736e+03
4.40676799e-07 1.25295195e+03 1.21574675e+03
4.41107853e-07 1.06479320e+03 1.16555786e+03
4.41538908e-07 1.08735975e+03 1.17777528e+03
4.41969963e-07 1.21853894e+03 1.21560194e+03
4.42401018e-07 1.21652554e+03 1.18986380e+03
4.42832072e-07 1.16303928e+03 1.18464494e+03
4.43263127e-07 1.10699293e+03 1.13600246e+03
4.43694182e-07 9.55944757e+02 1.11387896e+03
4.44125237e-07 1.04015386e+03 1.12614092e+03
4.44556291e-07 1.21645112e+03 1.18775951e+03
4.44987346e-07 1.25031040e+03 1.16018991e+03
4.45418401e-07 1.16831756e+03 1.13402262e+03
4.45849456e-07 1.26051955e+03 1.16962924e+03
4.46280510e-07 1.20609227e+03 1.16336372e+03
4.46711565e-07 1.14592113e+03 1.13497255e+03
4.47142620e-07 1.34608549e+03 1.19466750e+03
4.47573674e-07 1.32340621e+03 1.20936903e+03
4.48004729e-07 1.32215286e+03 1.21605061e+03
4.48435784e-07 1.41827995e+03 1.25028080e+03
4.48866839e-07 1.32714523e+03 1.21561585e+03
4.49297893e-07 1.11876867e+03 1.15330476e+03
4.49728948e-07 1.19399350e+03 1.19993328e+03
4.50160003e-07 1.19894831e+03 1.20363161e+03
4.50591058e-07 1.34178867e+03 1.24451041e+03
4.51022112e-07 1.42750841e+03 1.30014766e+03
4.51453167e-07 1.46006895e+03 1.28661891e+03
4.51884222e-07 1.52406376e+03 1.31813491e+03
4.52315277e-07 1.34401240e+03 1.28887715e+03
4.52746331e-07 1.38773285e+03 1.29086085e+03
4.53177386e-07 1.37871540e+03 1.32011345e+03
4.53608441e-07 1.54121985e+03 1.37931972e+03
4.54039496e-07 1.38461697e+03 1.32603971e+03
4.54470550e-07 1.40135762e+03 1.33181665e+03
4.54901605e-07 1.52045428e+03 1.37430748e+03
4.55332660e-07 1.39783847e+03 1.30758641e+03
4.55763715e-07 1.41914546e+03 1.32583201e+03
4.56194769e-07 1.51570469e+03 1.36847735e+03
4.56625824e-07 1.49609019e+03 1.33565312e+03
4.57056879e-07 1.70163716e+03 1.40166489e+03
4.57487934e-07 1.77490072e+03 1.44311798e+03
4.57918988e-07 1.62260676e+03 1.39396149e+03
4.58350043e-07 1.57426755e+03 1.40273134e+03
4.58781098e-07 1.50974730e+03 1.37705849e+03
4.59212152e-07 1.75109535e+03 1.43889602e+03
4.59643207e-07 1.91987172e+03 1.48244777e+03
4.60074262e-07 1.62908388e+03 1.39106080e+03
4.60505317e-07 1.44044492e+03 1.32467101e+03
4.60936371e-07 1.75313589e+03 1.40718509e+03
4.61367426e-07 1.58578083e+03 1.38531675e+03
4.61798481e-07 1.60756035e+03 1.38902541e+03
4.62229536e-07 1.75031141e+03 1.43733756e+03
4.62660590e-07 1.61430867e+03 1.40110056e+03
4.63091645e-07 1.72901373e+03 1.42908667e+03
4.63522700e-07 1.61696194e+03 1.39726918e+03
4.63953755e-07 1.60949964e+03 1.39289871e+03
4.64384809e-07 1.66850745e+03 1.40544576e+03
4.64815864e-07 1.78035967e+03 1.46704585e+03
4.65246919e-07 1.74147726e+03 1.46854682e+03
4.65677974e-07 1.78001400e+03 1.49409088e+03
4.66109028e-07 1.87141486e+03 1.55087112e+03
4.66540083e-07 1.95146387e+03 1.54735200e+03
4.66971138e-07 1.69114087e+03 1.46816176e+03
4.67402193e-07 1.67442307e+03 1.47114006e+03
4.67833247e-07 1.80084522e+03 1.53881941e+03
4.68264302e-07 1.85392127e+03 1.52732192e+03
4.68695357e-07 1.83744976e+03 1.51800253e+03
4.69126412e-07 1.71614103e+03 1.47361737e+03
4.69557466e-07 1.64020976e+03 1.45105265e+03
4.69988521e-07 1.87064235e+03 1.51940572e+03
4.70419576e-07 2.14686670e+03 1.62226311e+03
4.70850630e-07 2.06354903e+03 1.59900801e+03
4.71281685e-07 1.97240331e+03 1.58025004e+03
4.71712740e-07 1.98346885e+03 1.57875290e+03
4.72143795e-07 2.12500491e+03 1.61038065e+03
4.72574849e-07 2.02160927e+03 1.59633997e+03
4.73005904e-07 2.04904593e+03 1.57620883e+03
4.73436959e-07 2.00038086e+03 1.56492551e+03
4.73868014e-07 1.96456152e+03 1.56337358e+03
4.74299068e-07 1.84313863e+03 1.52923709e+03
4.74730123e-07 2.07777465e+03 1.61164175e+03
4.75161178e-07 1.95860956e+03 1.59160237e+03
4.75592233e-07 2.03209751e+03 1.58356729e+03
4.76023287e-07 2.03315614e+03 1.57766821e+03
4.76454342e-07 2.10224517e+03 1.59451367e+03
4.76885397e-07 2.07888804e+03 1.58908242e+03
4.77316452e-07 1.80847643e+03 1.53191291e+03
4.77747506e-07 2.06520480e+03 1.60798853e+03
4.78178561e-07 1.96763257e+03 1.59117206e+03
4.78609616e-07 1.99674056e+03 1.59247456e+03
4.79040671e-07 2.15289599e+03 1.62800014e+03
4.79471725e-07 1.99476471e+03 1.63142743e+03
4.79902780e-07 2.03709143e+03 1.66905560e+03
4.80333835e-07 1.98705059e+03 1.62809987e+03
4.80764890e-07 1.93118971e+03 1.61155975e+03
4.81195944e-07 2.09361823e+03 1.67422252e+03
4.81626999e-07 2.12885608e+03 1.74106722e+03
4.82058054e-07 1.93293474e+03 1.68715825e+03
4.82489109e-07 2.00703157e+03 1.71194396e+03
4.82920163e-07 2.04145732e+03 1.74039849e+03
4.83351218e-07 1.97338141e+03 1.71625007e+03
4.83782273e-07 2.02417747e+03 1.71038491e+03
4.84213327e-07 1.99659274e+03 1.72226114e+03
4.84644382e-07 2.04424769e+03 1.73085765e+03
4.85075437e-07 2.13311788e+03 1.73143583e+03
4.85506492e-07 1.99960826e+03 1.65350064e+03
4.85937546e-07 2.08698887e+03 1.65349489e+03
4.86368601e-07 2.10753492e+03 1.64992747e+03
4.86799656e-07 2.02194422e+03 1.59703234e+03
4.87230711e-07 1.89856934e+03 1.62862256e+03
4.87661765e-07 2.12727674e+03 1.70037782e+03
4.88092820e-07 2.09339665e+03 1.73534219e+03
4.88523875e-07 2.13626481e+03 1.71084286e+03
4.88954930e-07 2.20149927e+03 1.75469715e+03
4.89385984e-07 2.09460838e+03 1.73602383e+03
4.89817039e-07 2.31341486e+03 1.78244796e+03
4.90248094e-07 2.31272502e+03 1.79434492e+03
4.90679149e-07 2.19476073e+03 1.75994114e+03
4.91110203e-07 2.16812151e+03 1.74300819e+03
4.91541258e-07 2.27613599e+03 1.75616633e+03
4.91972313e-07 2.40131293e+03 1.78897304e+03
4.92403368e-07 2.42074708e+03 1.81821537e+03
4.92834422e-07 2.52407886e+03 1.87677497e+03
4.93265477e-07 2.43835970e+03 1.84742344e+03
4.93696532e-07 2.35050359e+03 1.85884234e+03
4.94127587e-07 2.16309057e+03 1.74848373e+03
4.94558641e-07 2.20687924e+03 1.78524890e+03
4.94989696e-07 2.41044151e+03 1.84671829e+03
4.95420751e-07 2.24012384e+03 1.78253210e+03
4.95851805e-07 2.27289475e+03 1.81650015e+03
4.96282860e-07 2.18920801e+03 1.79624525e+03
4.96713915e-07 2.09100600e+03 1.77810754e+03
4.97144970e-07 2.18735188e+03 1.80669625e+03
4.97576024e-07 2.25711435e+03 1.85407183e+03
4.98007079e-07 2.19349986e+03 1.79400412e+03
4.98438134e-07 2.28092653e+03 1.79976954e+03
4.98869189e-07 2.56679163e+03 1.92722144e+03
4.99300243e-07 2.41288158e+03 1.88230334e+03
4.99731298e-07 2.37652714e+03 1.90569444e+03
5.00162353e-07 2.71692417e+03 1.98475756e+03
5.00593408e-07 2.43643214e+03 1.88459156e+03
5.01024462e-07 2.59811609e+03 1.96243964e+03
5.01455517e-07 2.63184089e+03 1.96618453e+03
5.01886572e-07 2.25546801e+03 1.83058278e+03
5.02317627e-07 2.43894444e+03 1.90005475e+03
5.02748681e-07 2.43633368e+03 1.89124281e+03
5.03179736e-07 2.74666813e+03 1.98645662e+03
5.03610791e-07 2.69372299e+03 1.95731811e+03
5.04041846e-07 2.36870773e+03 1.84850742e+03
5.04472900e-07 2.59897361e+03 1.94514425e+03
5.04903955e-07 2.60851169e+03 1.94041472e+03
5.05335010e-07 2.63129635e+03 1.95282217e+03
5.05766065e-07 2.67351499e+03 2.00074476e+03
5.06197119e-07 2.60979415e+03 1.99012327e+03
5.06628174e-07 2.78514458e+03 1.98892162e+03
5.07059229e-07 2.48662915e+03 1.91769296e+03
5.07490283e-07 2.73500698e+03 2.95876508e+03
5.07921338e-07 2.52352966e+03 2.82128183e+03
5.08352393e-07 2.51871880e+03 2.81385145e+03
5.08783448e-07 2.87390350e+03 2.06385171e+03
5.09214502e-07 2.51641394e+03 1.93897963e+03
5.09645557e-07 2.64804057e+03 1.97212705e+03
5.10076612e-07 2.84726508e+03 2.06463592e+03
5.10507667e-07 2.59180415e+03 1.98539694e+03
5.10938721e-07 2.64431868e+03 2.02369823e+03
5.11369776e-07 2.72235741e+03 2.01317784e+03
5.11800831e-07 2.77157684e+03 2.04926793e+03
5.12231886e-07 2.81382411e+03 2.06731144e+03
5.12662940e-07 2.63766341e+03 2.01742929e+03
5.13093995e-07 2.45402074e+03 1.99253184e+03
5.13525050e-07 2.91155319e+03 2.14429614e+03
5.13956105e-07 2.74611364e+03 2.09478009e+03
5.14387159e-07 2.49761358e+03 2.01439913e+03
5.14818214e-07 2.64800375e+03 2.09173982e+03
5.15249269e-07 2.88044846e+03 2.15426819e+03
5.15680324e-07 2.80501307e+03 2.12029207e+03
5.16111378e-07 2.64833734e+03 2.07158993e+03
5.16542433e-07 2.96237781e+03 2.11538276e+03
5.16973488e-07 2.87730681e+03 2.07675295e+03
5.17404543e-07 2.92105865e+03 2.10086605e+03
5.17835597e-07 2.86554766e+03 2.10173241e+03
5.18266652e-07 2.70017016e+03 2.06565476e+03
5.18697707e-07 2.93178860e+03 2.17083266e+03
5.19128761e-07 2.85970132e+03 2.23159881e+03
5.19559816e-07 3.04421707e+03 2.48779807e+03
5.19990871e-07 2.72817348e+03 2.39378747e+03
5.20421926e-07 2.91587158e+03 2.34933998e+03
5.20852980e-07 2.74918466e+03 2.17343914e+03
5.21284035e-07 2.84597148e+03 2.17261486e+03
5.21715090e-07 2.61619689e+03 2.11200219e+03
5.22146145e-07 2.79402562e+03 2.19240645e+03
5.22577199e-07 3.06313117e+03 2.27641960e+03
5.23008254e-07 2.98543995e+03 2.21553338e+03
5.23439309e-07 2.90100960e+03 2.22178926e+03
5.23870364e-07 2.86875281e+03 2.23520906e+03
5.24301418e-07 2.88389631e+03 2.22013540e+03
5.24732473e-07 2.77782112e+03 2.16421625e+03
5.25163528e-07 2.99679476e+03 2.27033224e+03
5.25594583e-07 2.98801540e+03 2.28257805e+03
5.26025637e-07 2.99622728e+03 2.26296806e+03
5.26456692e-07 3.07360504e+03 2.20054975e+03
5.26887747e-07 2.87176440e+03 2.16944285e+03
5.27318802e-07 2.38908976e+03 2.04640132e+03
5.27749856e-07 2.54929243e+03 2.09870436e+03
5.28180911e-07 2.64316113e+03 2.14393341e+03
5.28611966e-07 2.72221651e+03 2.20072342e+03
5.29043021e-07 2.82691646e+03 2.22747063e+03
5.29474075e-07 2.67349137e+03 2.17532125e+03
5.29905130e-07 2.80997227e+03 2.23248171e+03
5.30336185e-07 2.77424498e+03 2.24431083e+03
5.30767239e-07 2.97075871e+03 2.32362611e+03
5.31198294e-07 2.76840437e+03 2.27926698e+03
5.31629349e-07 3.10403607e+03 2.36346237e+03
5.32060404e-07 3.12873650e+03 2.34408330e+03
5.32491458e-07 3.35440257e+03 2.45407661e+03
5.32922513e-07 3.16901185e+03 2.36769380e+03
5.33353568e-07 3.16843109e+03 2.39180257e+03
5.33784623e-07 3.15061536e+03 2.37549855e+03
5.34215677e-07 3.07531328e+03 2.32331125e+03
5.34646732e-07 3.02941487e+03 2.35926773e+03
5.35077787e-07 3.17767486e+03 2.37488626e+03
5.35508842e-07 3.30218086e+03 2.41418773e+03
5.35939896e-07 3.39305736e+03 2.45215452e+03
5.36370951e-07 2.92011077e+03 2.30199258e+03
5.36802006e-07 2.88131507e+03 2.27358836e+03
5.37233061e-07 2.82556223e+03 2.28894158e+03
5.37664115e-07 2.87280639e+03 2.26830539e+03
5.38095170e-07 3.07072093e+03 2.35635329e+03
5.38526225e-07 3.18384227e+03 2.40764985e+03
5.38957280e-07 2.96157773e+03 2.33827857e+03
5.39388334e-07 3.08551215e+03 2.32649048e+03
5.39819389e-07 3.44921438e+03 2.47513136e+03
5.40250444e-07 3.27775690e+03 2.40802906e+03
5.40681499e-07 3.15816600e+03 2.33752792e+03
5.41112553e-07 3.14574969e+03 2.35647990e+03
5.41543608e-07 3.35488751e+03 2.45338309e+03
5.41974663e-07 3.28751165e+03 2.42626321e+03
5.42405717e-07 3.32439883e+03 2.45784091e+03
5.42836772e-07 3.12539654e+03 2.40715975e+03
5.43267827e-07 3.28620739e+03 2.47695641e+03
5.43698882e-07 3.04656402e+03 2.40823281e+03
5.44129936e-07 3.32205582e+03 2.49226373e+03
5.44560991e-07 3.37026302e+03 2.49650238e+03
5.44992046e-07 3.57215012e+03 2.59016374e+03
5.45423101e-07 3.34560790e+03 2.53923842e+03
5.45854155e-07 3.56634939e+03 2.68382647e+03
5.46285210e-07 3.37077363e+03 2.59176102e+03
5.46716265e-07 3.45521382e+03 2.63222601e+03
5.47147320e-07 3.38208709e+03 2.54631942e+03
5.47578374e-07 3.20659450e+03 2.54093726e+03
5.48009429e-07 3.41176165e+03 2.57346723e+03
5.48440484e-07 3.43430456e+03 2.63447695e+03
5.48871539e-07 3.59080066e+03 2.67912212e+03
5.49302593e-07 3.52756366e+03 2.63873147e+03
5.49733648e-07 3.64909243e+03 2.69712352e+03
5.50164703e-07 3.06657986e+03 2.56187980e+03
5.50595758e-07 3.40601139e+03 2.69672256e+03
5.51026812e-07 3.39352943e+03 2.67551440e+03
5.51457867e-07 3.22397663e+03 2.60481399e+03
5.51888922e-07 3.18822941e+03 2.62346525e+03
5.52319977e-07 3.41826475e+03 2.71229889e+03
5.52751031e-07 3.37552238e+03 2.68385828e+03
5.53182086e-07 3.45610729e+03 2.71701386e+03
5.53613141e-07 3.50575082e+03 2.78913049e+03
5.54044196e-07 3.32138727e+03 2.79487821e+03
5.54475250e-07 3.44291623e+03 2.84567018e+03
5.54906305e-07 3.54910284e+03 2.86711344e+03
5.55337360e-07 3.66252928e+03 2.84315215e+03
5.55768414e-07 3.58966409e+03 2.85841591e+03
5.56199469e-07 3.53560675e+03 2.86243528e+03
5.56630524e-07 4.86514152e+03 4.05737938e+03
5.57061579e-07 5.69796391e+03 1.19945822e+04
5.57492633e-07 5.04667512e+03 2.41382529e+04
5.57923688e-07 4.32314235e+03 2.15870129e+04
5.58354743e-07 4.62665549e+03 1.05962754e+04
5.58785798e-07 4.50172590e+03 4.75438766e+03
5.59216852e-07 4.02169996e+03 3.26020726e+03
5.59647907e-07 3.59960307e+03 2.94235808e+03
5.60078962e-07 3.49694391e+03 2.96434143e+03
5.60510017e-07 3.53836331e+03 3.03559371e+03
5.60941071e-07 3.92845235e+03 3.07953841e+03
5.61372126e-07 3.78085003e+03 2.95866843e+03
5.61803181e-07 3.82066964e+03 3.04647357e+03
5.62234236e-07 3.59569361e+03 2.95719178e+03
5.62665290e-07 3.60790796e+03 2.95566819e+03
5.63096345e-07 3.63863261e+03 2.92975489e+03
5.63527400e-07 3.69697606e+03 2.93161384e+03
5.63958455e-07 3.63916138e+03 2.96419215e+03
5.64389509e-07 3.73417246e+03 3.00157804e+03
5.64820564e-07 3.68114294e+03 2.93556826e+03
5.65251619e-07 3.80090296e+03 2.98305590e+03
5.65682674e-07 3.87881709e+03 3.03702742e+03
5.66113728e-07 3.65088450e+03 2.93734200e+03
5.66544783e-07 3.70335714e+03 3.02219626e+03
5.66975838e-07 3.47280915e+03 2.94492495e+03
5.67406892e-07 3.96389143e+03 3.11721125e+03
5.67837947e-07 3.74608134e+03 3.05011469e+03
5.68269002e-07 3.55570803e+03 2.99934652e+03
5.68700057e-07 3.57208012e+03 3.00206202e+03
5.69131111e-07 3.60671317e+03 3.08865781e+03
5.69562166e-07 3.56432630e+03 3.04142726e+03
5.69993221e-07 3.84578800e+03 3.14671273e+03
5.70424276e-07 3.92253804e+03 3.13590113e+03
5.70855330e-07 3.60687144e+03 3.02858111e+03
5.71286385e-07 3.53085275e+03 3.04182445e+03
5.71717440e-07 3.67634412e+03 3.11216804e+03
5.72148495e-07 3.89791601e+03 3.15645330e+03
5.72579549e-07 3.72625730e+03 3.15302704e+03
5.73010604e-07 3.73678678e+03 3.11815409e+03
5.73441659e-07 3.46800856e+03 3.07072240e+03
5.73872714e-07 3.76652604e+03 3.10243270e+03
5.74303768e-07 3.91209430e+03 3.17398847e+03
5.74734823e-07 3.81509050e+03 3.11178291e+03
5.75165878e-07 3.91168097e+03 3.13000382e+03
5.75596933e-07 4.25637659e+03 3.32039000e+03
5.76027987e-07 3.95769526e+03 3.16465047e+03
5.76459042e-07 4.01124897e+03 3.23748132e+03
5.76890097e-07 3.83618231e+03 3.14694385e+03
5.77321152e-07 3.82703094e+03 3.15445949e+03
5.77752206e-07 4.07849687e+03 3.23815602e+03
5.78183261e-07 4.04276161e+03 3.19539174e+03
5.78614316e-07 3.91911009e+03 3.17539108e+03
5.79045370e-07 4.02558738e+03 3.21863381e+03
5.79476425e-07 3.60007258e+03 3.12430752e+03
5.79907480e-07 4.08422889e+03 3.25910045e+03
5.80338535e-07 4.03810350e+03 3.21606784e+03
5.80769589e-07 4.05862120e+03 3.25963604e+03
5.81200644e-07 4.31658014e+03 3.37204877e+03
5.81631699e-07 3.76445484e+03 3.19814586e+03
5.82062754e-07 3.90882167e+03 3.25513816e+03
5.82493808e-07 3.94381148e+03 3.30385361e+03
5.82924863e-07 4.28742261e+03 3.39522203e+03
5.83355918e-07 3.75347275e+03 3.22292905e+03
5.83786973e-07 4.05827691e+03 3.34979594e+03
5.84218027e-07 4.09500210e+03 3.33309047e+03
5.84649082e-07 3.94583213e+03 3.28187657e+03
5.85080137e-07 4.27068151e+03 3.37361231e+03
5.85511192e-07 4.39335642e+03 3.47427499e+03
5.85942246e-07 4.02978468e+03 3.50329100e+03
5.86373301e-07 4.23002899e+03 3.87696117e+03
5.86804356e-07 4.35260683e+03 3.96489684e+03
5.87235411e-07 4.22789004e+03 3.74744344e+03
5.87666465e-07 3.75255144e+03 3.52188790e+03
5.88097520e-07 4.58424045e+03 4.78633403e+03
5.88528575e-07 4.50932871e+03 8.18175523e+03
5.88959630e-07 4.20867927e+03 1.15055414e+04
5.89390684e-07 4.88133278e+03 1.08791152e+04
5.89821739e-07 4.28473687e+03 7.47441538e+03
5.90252794e-07 4.04153794e+03 4.82070111e+03
5.90683848e-07 4.16399647e+03 4.02320901e+03
5.91114903e-07 4.19254164e+03 3.99227068e+03
5.91545958e-07 4.24312404e+03 3.97533642e+03
5.91977013e-07 3.99082773e+03 3.83068179e+03
5.92408067e-07 4.28879015e+03 3.93355380e+03
5.92839122e-07 4.23809303e+03 4.06421766e+03
5.93270177e-07 4.16368565e+03 4.05714420e+03
5.93701232e-07 4.06954127e+03 3.85713251e+03
5.94132286e-07 4.40979803e+03 3.81736888e+03
5.94563341e-07 4.08027464e+03 5.77088740e+03
5.94994396e-07 4.42443254e+03 6.26827874e+03
5.95425451e-07 3.74566405e+03 5.91735321e+03
5.95856505e-07 4.82584582e+03 4.01619238e+03
5.96287560e-07 4.10325313e+03 3.70690035e+03
5.96718615e-07 4.14528295e+03 3.76084396e+03
5.97149670e-07 3.71612737e+03 3.75562647e+03
5.97580724e-07 4.05471099e+03 3.85186528e+03
5.98011779e-07 4.26561030e+03 3.84262571e+03
5.98442834e-07 4.41261610e+03 3.73728152e+03
5.98873889e-07 4.20166658e+03 3.62554937e+03
5.99304943e-07 4.46423934e+03 3.72497743e+03
5.99735998e-07 3.90042812e+03 3.59368859e+03
6.00167053e-07 4.31177107e+03 3.73873593e+03
6.00598108e-07 4.12240184e+03 3.58716018e+03
6.01029162e-07 4.08261709e+03 3.50758503e+03
6.01460217e-07 4.06506558e+03 3.47019223e+03
6.01891272e-07 4.07630724e+03 3.44024679e+03
6.02322326e-07 3.97294200e+03 3.40634899e+03
6.02753381e-07 3.93532652e+03 3.43148183e+03
6.03184436e-07 4.05899255e+03 3.56078875e+03
6.03615491e-07 4.00497062e+03 3.47280608e+03
6.04046545e-07 4.19976866e+03 3.47783764e+03
6.04477600e-07 4.04230541e+03 3.37886911e+03
6.04908655e-07 4.17291287e+03 3.40661714e+03
6.05339710e-07 3.85850415e+03 3.25656796e+03
6.05770764e-07 4.20122926e+03 3.41266590e+03
6.06201819e-07 4.11581687e+03 3.42705159e+03
6.06632874e-07 3.85436926e+03 3.27171810e+03
6.07063929e-07 4.23151132e+03 3.36450095e+03
6.07494983e-07 4.26222858e+03 3.32455272e+03
6.07926038e-07 4.15737216e+03 3.32835201e+03
6.08357093e-07 4.53447058e+03 3.41717180e+03
6.08788148e-07 4.16607761e+03 3.34991526e+03
6.09219202e-07 4.58328333e+03 3.47876756e+03
6.09650257e-07 4.26336736e+03 3.42663558e+03
6.10081312e-07 4.34279660e+03 3.42761719e+03
6.10512367e-07 4.26290931e+03 3.39452492e+03
6.10943421e-07 4.56914251e+03 3.46973078e+03
6.11374476e-07 4.15491179e+03 3.25751922e+03
6.11805531e-07 4.07205291e+03 3.28357683e+03
6.12236586e-07 4.31017578e+03 3.33009243e+03
6.12667640e-07 4.46054937e+03 3.36191285e+03
6.13098695e-07 4.33846564e+03 3.35140870e+03
6.13529750e-07 4.32218285e+03 3.47693275e+03
6.13960804e-07 4.19399330e+03 3.45226370e+03
6.14391859e-07 3.92318410e+03 3.35039569e+03
6.14822914e-07 4.13999652e+03 3.32721833e+03
6.15253969e-07 4.19829426e+03 3.28490863e+03
6.15685023e-07 4.36222089e+03 3.33803381e+03
6.16116078e-07 4.52073343e+03 3.41904017e+03
6.16547133e-07 4.72690936e+03 3.57500577e+03
6.16978188e-07 4.54713530e+03 3.64898049e+03
6.17409242e-07 4.02818520e+03 3.44907903e+03
6.17840297e-07 4.62996188e+03 3.50517188e+03
6.18271352e-07 4.48783126e+03 3.36598699e+03
6.18702407e-07 4.34125490e+03 3.39968945e+03
6.19133461e-07 4.22503126e+03 3.34565658e+03
6.19564516e-07 4.59940995e+03 3.48370889e+03
6.19995571e-07 4.48288403e+03 3.60175707e+03
6.20426626e-07 4.53513781e+03 3.60543300e+03
6.20857680e-07 4.39150697e+03 3.46461922e+03
6.21288735e-07 4.54965803e+03 3.50786605e+03
6.21719790e-07 4.38653304e+03 3.58598690e+03
6.22150845e-07 4.42418032e+03 3.61439712e+03
6.22581899e-07 4.38719876e+03 3.55863572e+03
6.23012954e-07 4.58140024e+03 4.03757219e+03
6.23444009e-07 4.33468767e+03 4.52825907e+03
6.23875064e-07 4.49411662e+03 4.45710341e+03
6.24306118e-07 4.22976660e+03 3.91132694e+03
6.24737173e-07 4.40422547e+03 3.66853691e+03
6.25168228e-07 4.54823384e+03 4.01116209e+03
6.25599283e-07 4.35145705e+03 4.27906209e+03
6.26030337e-07 4.20501689e+03 4.25656284e+03
6.26461392e-07 4.11721659e+03 3.94645380e+03
6.26892447e-07 4.13336096e+03 3.70321539e+03
6.27323501e-07 4.22695757e+03 3.62731504e+03
6.27754556e-07 4.33747056e+03 3.62801670e+03
6.28185611e-07 4.24147896e+03 3.82954953e+03
6.28616666e-07 4.27168738e+03 4.10533305e+03
6.29047720e-07 4.90786217e+03 5.05999035e+03
6.29478775e-07 4.56014090e+03 9.90313767e+03
6.29909830e-07 4.01317526e+03 1.43235900e+04
6.30340885e-07 4.22938323e+03 1.08629130e+04
6.30771939e-07 5.30999932e+03 6.45260308e+03
6.31202994e-07 4.60238924e+03 4.14893959e+03
6.31634049e-07 4.05779641e+03 3.63822848e+03
6.32065104e-07 4.05209615e+03 3.80777446e+03
6.32496158e-07 4.45890816e+03 4.16122709e+03
6.32927213e-07 4.39251129e+03 4.22910783e+03
6.33358268e-07 4.40206650e+03 3.92074954e+03
6.33789323e-07 4.27810371e+03 3.56336477e+03
6.34220377e-07 4.04940666e+03 3.49301978e+03
6.34651432e-07 4.25240560e+03 3.64480987e+03
6.35082487e-07 4.30174146e+03 3.86223699e+03
6.35513542e-07 4.53452902e+03 4.60400216e+03
6.35944596e-07 4.21374631e+03 6.37463275e+03
6.36375651e-07 3.82547728e+03 6.76095028e+03
6.36806706e-07 4.48713283e+03 5.27719973e+03
6.37237761e-07 4.71883099e+03 4.02036318e+03
6.37668815e-07 4.31791110e+03 3.60971196e+03
6.38099870e-07 4.07312644e+03 3.57558193e+03
6.38530925e-07 3.95747114e+03 3.61253765e+03
6.38961979e-07 3.98515804e+03 3.48029430e+03
6.39393034e-07 4.66539780e+03 3.50545982e+03
6.39824089e-07 4.58428346e+03 3.44460897e+03
6.40255144e-07 4.32163744e+03 3.33960220e+03
6.40686198e-07 4.63052946e+03 3.48354322e+03
6.41117253e-07 4.87174276e+03 3.60359085e+03
6.41548308e-07 4.66327564e+03 3.58483820e+03
6.41979363e-07 4.24511144e+03 3.46762011e+03
6.42410417e-07 4.32028611e+03 3.43552741e+03
6.42841472e-07 4.50543703e+03 3.40910293e+03
6.43272527e-07 4.62877709e+03 3.41955690e+03
6.43703582e-07 4.62344946e+03 3.40792503e+03
6.44134636e-07 4.40494287e+03 3.36356701e+03
6.44565691e-07 4.46661020e+03 3.39692789e+03
6.44996746e-07 4.84787597e+03 3.54688289e+03
6.45427801e-07 4.62190164e+03 3.58920594e+03
6.45858855e-07 4.60672623e+03 3.82782935e+03
6.46289910e-07 4.87061355e+03 4.21468321e+03
6.46720965e-07 4.71899596e+03 4.33885888e+03
6.47152020e-07 4.51872065e+03 4.04381810e+03
6.47583074e-07 5.00077726e+03 3.88962989e+03
6.48014129e-07 4.99697042e+03 3.65104816e+03
6.48445184e-07 4.64314170e+03 3.45977729e+03
6.48876239e-07 4.68419750e+03 3.46475915e+03
6.49307293e-07 4.91336190e+03 4.04077770e+03
6.49738348e-07 5.03759297e+03 4.64044597e+03
6.50169403e-07 4.95753320e+03 4.47150898e+03
6.50600457e-07 4.70433052e+03 3.92676490e+03
6.51031512e-07 4.78758210e+03 3.65575047e+03
6.51462567e-07 5.02283871e+03 3.64451261e+03
6.51893622e-07 4.75326517e+03 3.65029340e+03
6.52324676e-07 5.15466568e+03 3.85348978e+03
6.52755731e-07 4.98816105e+03 4.08271883e+03
6.53186786e-07 4.94973789e+03 4.34984785e+03
6.53617841e-07 4.58129619e+03 4.08196457e+03
6.54048895e-07 4.67901648e+03 3.92905952e+03
6.54479950e-07 5.04604262e+03 4.06241700e+03
6.54911005e-07 4.76381332e+03 4.24908132e+03
6.55342060e-07 4.98297364e+03 4.49744050e+03
6.55773114e-07 4.97230955e+03 4.14316762e+03
6.56204169e-07 4.86631874e+03 3.87518903e+03
6.56635224e-07 4.78822275e+03 3.91239634e+03
6.57066279e-07 4.95223576e+03 4.10019862e+03
6.57497333e-07 4.96708042e+03 4.32713920e+03
6.57928388e-07 4.69711162e+03 4.07942148e+03
6.58359443e-07 4.79148145e+03 3.69791418e+03
6.58790498e-07 4.74097396e+03 3.54885709e+03
6.59221552e-07 5.03998116e+03 3.70313721e+03
6.59652607e-07 5.18069751e+03 3.85469496e+03
6.60083662e-07 4.92320575e+03 3.93355790e+03
6.60514717e-07 4.83899789e+03 3.86764005e+03
6.60945771e-07 5.08828885e+03 3.71960721e+03
6.61376826e-07 4.86273094e+03 3.50148227e+03
6.61807881e-07 4.68872523e+03 3.47266075e+03
6.62238935e-07 5.09323644e+03 3.60799272e+03
6.62669990e-07 4.71997587e+03 3.55730053e+03
6.63101045e-07 4.57458804e+03 3.57359033e+03
6.63532100e-07 4.71905673e+03 3.59076017e+03
6.63963154e-07 5.08711303e+03 3.57998078e+03
6.64394209e-07 5.20668739e+03 3.59721396e+03
6.64825264e-07 4.89109512e+03 3.50256028e+03
6.65256319e-07 4.89465519e+03 3.51898404e+03
6.65687373e-07 5.14568184e+03 3.58417142e+03
6.66118428e-07 5.14514054e+03 3.62222003e+03
6.66549483e-07 5.17038645e+03 3.64673988e+03
6.66980538e-07 5.33906739e+03 3.66302653e+03
6.67411592e-07 5.25655722e+03 3.60056319e+03
6.67842647e-07 4.78795888e+03 3.46156622e+03
6.68273702e-07 5.06043953e+03 3.51676178e+03
6.68704757e-07 4.91859685e+03 3.49390145e+03
6.69135811e-07 5.20648454e+03 3.64844559e+03
6.69566866e-07 5.75501751e+03 3.81652149e+03
6.69997921e-07 5.51697206e+03 3.80750426e+03
6.70428976e-07 5.05209474e+03 3.61020808e+03
6.70860030e-07 4.80859143e+03 3.55300857e+03
6.71291085e-07 5.22760301e+03 3.65951473e+03
6.71722140e-07 5.62459914e+03 3.78691986e+03
6.72153195e-07 5.42967891e+03 3.69307993e+03
6.72584249e-07 5.21176096e+03 3.62178757e+03
6.73015304e-07 4.73405547e+03 3.48962662e+03
6.73446359e-07 4.35957510e+03 3.40408741e+03
6.73877413e-07 4.67785552e+03 3.47548127e+03
6.74308468e-07 4.98867942e+03 3.60943873e+03
6.74739523e-07 5.00713606e+03 3.56419176e+03
6.75170578e-07 5.01213942e+03 3.50655975e+03
6.75601632e-07 4.90148775e+03 3.43824096e+03
6.76032687e-07 4.50200596e+03 3.34559689e+03
6.76463742e-07 4.77666625e+03 3.39674782e+03
6.76894797e-07 4.88270067e+03 3.48481613e+03
6.77325851e-07 5.01534596e+03 3.47331718e+03
6.77756906e-07 4.85923375e+03 3.49789114e+03
6.78187961e-07 4.36555922e+03 3.32539145e+03
6.78619016e-07 4.91981134e+03 3.45406834e+03
6.79050070e-07 4.47018024e+03 3.32648578e+03
6.79481125e-07 4.44174965e+03 3.29934342e+03
6.79912180e-07 5.17641991e+03 3.49571656e+03
6.80343235e-07 4.91378312e+03 3.40471167e+03
6.80774289e-07 4.83535492e+03 3.38033568e+03
6.81205344e-07 4.63529164e+03 3.35560532e+03
6.81636399e-07 4.96485015e+03 3.55326958e+03
6.82067454e-07 4.96514499e+03 3.89902923e+03
6.82498508e-07 4.94409826e+03 5.10338071e+03
6.82929563e-07 4.74924392e+03 6.12110740e+03
6.83360618e-07 4.87730936e+03 5.86458163e+03
6.83791673e-07 4.45477435e+03 4.62861856e+03
6.84222727e-07 4.33207415e+03 3.87999262e+03
6.84653782e-07 4.98697037e+03 3.68623601e+03
6.85084837e-07 4.95610860e+03 3.56260476e+03
6.85515891e-07 5.10941763e+03 4.09459504e+03
6.85946946e-07 5.05328931e+03 5.53976802e+03
6.86378001e-07 4.62233434e+03 5.98962963e+03
6.86809056e-07 3.80495035e+03 4.41990991e+03
6.87240110e-07 3.79279653e+03 3.33451605e+03
6.87671165e-07 4.23101440e+03 3.42953154e+03
6.88102220e-07 4.58844855e+03 3.71792124e+03
6.88533275e-07 4.13432546e+03 3.73733667e+03
6.88964329e-07 3.84740620e+03 3.61988370e+03
6.89395384e-07 4.24864565e+03 3.64211633e+03
6.89826439e-07 4.01462510e+03 3.62669063e+03
6.90257494e-07 4.45080230e+03 3.67254721e+03
6.90688548e-07 4.39069083e+03 3.76563988e+03
6.91119603e-07 4.03307886e+03 3.99817663e+03
6.91550658e-07 4.34215745e+03 4.15076420e+03
6.91981713e-07 4.71154300e+03 4.76803685e+03
6.92412767e-07 4.70091024e+03 4.71848964e+03
6.92843822e-07 4.36671906e+03 3.80062866e+03
6.93274877e-07 4.58148093e+03 3.65611822e+03
6.93705932e-07 4.96736975e+03 4.13140562e+03
6.94136986e-07 4.71392716e+03 4.43440486e+03
6.94568041e-07 4.46512131e+03 4.95623820e+03
6.94999096e-07 4.62741945e+03 4.93477170e+03
6.95430151e-07 4.22268137e+03 3.98477727e+03
6.95861205e-07 5.07484762e+03 3.69358287e+03
6.96292260e-07 5.32329678e+03 3.89566286e+03
6.96723315e-07 4.34858294e+03 3.93358827e+03
6.97154370e-07 4.38595719e+03 4.20227124e+03
6.97585424e-07 4.35008596e+03 4.55794329e+03
6.98016479e-07 4.43407006e+03 4.28766901e+03
6.98447534e-07 4.30453327e+03 3.62673492e+03
6.98878588e-07 4.97370502e+03 3.63187318e+03
6.99309643e-07 4.68767552e+03 3.47242231e+03
6.99740698e-07 4.45068388e+03 3.50601148e+03
7.00171753e-07 4.83817298e+03 3.80890833e+03
7.00602807e-07 4.61184824e+03 3.84845089e+03
7.01033862e-07 4.31024020e+03 3.80076210e+03
7.01464917e-07 4.35825119e+03 3.54558185e+03
7.01895972e-07 3.91863638e+03 3.20270269e+03
7.02327026e-07 4.24138758e+03 3.26541512e+03
7.02758081e-07 4.33545663e+03 3.25012186e+03
7.03189136e-07 4.17570785e+03 3.20919350e+03
7.03620191e-07 4.87658879e+03 5.17013542e+03
7.04051245e-07 4.28498873e+03 5.26739461e+03
7.04482300e-07 4.20228730e+03 5.70424526e+03
7.04913355e-07 5.24799638e+03 4.13749936e+03
7.05344410e-07 4.51361180e+03 3.70460141e+03
7.05775464e-07 4.10535589e+03 3.40670426e+03
7.06206519e-07 4.14035318e+03 3.56722783e+03
7.06637574e-07 4.74043774e+03 3.75859971e+03
7.07068629e-07 4.14360647e+03 3.51634033e+03
7.07499683e-07 4.16448078e+03 3.53072705e+03
7.07930738e-07 4.37605330e+03 3.63649912e+03
7.08361793e-07 3.93410096e+03 3.49343948e+03
7.08792848e-07 4.29379955e+03 3.64914380e+03
7.09223902e-07 4.22055556e+03 3.50747950e+03
7.09654957e-07 4.38280900e+03 3.42282929e+03
7.10086012e-07 4.61865873e+03 3.45662427e+03
7.10517066e-07 4.38442222e+03 3.36524264e+03
7.10948121e-07 4.37738619e+03 3.36398311e+03
7.11379176e-07 4.46893888e+03 3.35091022e+03
7.11810231e-07 4.23858017e+03 3.27323601e+03
7.12241285e-07 3.89942444e+03 3.26030697e+03
7.12672340e-07 4.05127067e+03 3.36248017e+03
7.13103395e-07 4.45772472e+03 3.54373049e+03
7.13534450e-07 4.27980176e+03 3.46942960e+03
7.13965504e-07 4.04208881e+03 3.51588564e+03
7.14396559e-07 4.54255075e+03 3.74356906e+03
7.14827614e-07 3.99999279e+03 3.54446566e+03
7.15258669e-07 4.24431472e+03 3.40634482e+03
7.15689723e-07 4.12328998e+03 3.42596416e+03
7.16120778e-07 4.26992666e+03 3.43699797e+03
7.16551833e-07 4.46492170e+03 3.46190137e+03
7.16982888e-07 3.76808926e+03 3.18022817e+03
7.17413942e-07 3.34288299e+03 3.01130831e+03
7.17844997e-07 3.74613726e+03 3.12447024e+03
7.18276052e-07 3.15154630e+03 2.85557088e+03
7.18707107e-07 2.98212232e+03 2.71091102e+03
7.19138161e-07 3.38169748e+03 2.80898826e+03
7.19569216e-07 3.61704025e+03 2.84172912e+03
7.20000271e-07 3.64709050e+03 2.83294945e+03
7.20431326e-07 3.63796130e+03 2.89245662e+03
7.20862380e-07 3.53100045e+03 2.91669612e+03
7.21293435e-07 3.51355061e+03 2.95848092e+03
7.21724490e-07 3.41458405e+03 2.95976819e+03
7.22155544e-07 3.34331335e+03 3.00691736e+03
7.22586599e-07 3.73245391e+03 3.15461023e+03
7.23017654e-07 3.57018599e+03 3.43583583e+03
7.23448709e-07 3.63863266e+03 5.18891861e+03
7.23879763e-07 3.42786103e+03 8.09634339e+03
7.24310818e-07 2.97389370e+03 8.68963953e+03
7.24741873e-07 2.72533179e+03 6.36298920e+03
7.25172928e-07 3.63356708e+03 4.63764509e+03
7.25603982e-07 3.48829258e+03 3.86578631e+03
7.26035037e-07 3.27848797e+03 3.40403156e+03
7.26466092e-07 3.65075021e+03 3.48788759e+03
7.26897147e-07 4.20081640e+03 5.08305837e+03
7.27328201e-07 3.59513775e+03 7.71734561e+03
7.27759256e-07 3.25780845e+03 8.44986169e+03
7.28190311e-07 3.87133480e+03 6.92158368e+03
7.28621366e-07 3.18336933e+03 5.20785114e+03
7.29052420e-07 3.41497976e+03 4.17119745e+03
7.29483475e-07 3.81444399e+03 4.16909630e+03
7.29914530e-07 3.64342072e+03 4.39618278e+03
7.30345585e-07 3.60932143e+03 4.63876982e+03
7.30776639e-07 3.87804417e+03 4.78376568e+03
7.31207694e-07 4.20218497e+03 6.68327003e+03
7.31638749e-07 3.15061996e+03 7.27462848e+03
7.32069804e-07 3.72607562e+03 5.41499712e+03
7.32500858e-07 4.39657663e+03 5.03915507e+03
7.32931913e-07 3.83948683e+03 5.33174478e+03
7.33362968e-07 4.24381386e+03 5.80188616e+03
7.33794022e-07 3.99180515e+03 8.20572902e+03
7.34225077e-07 3.26479140e+03 7.94867976e+03
7.34656132e-07 4.04942272e+03 5.16460090e+03
7.35087187e-07 4.31806189e+03 4.37773083e+03
7.35518241e-07 3.82209543e+03 5.00476559e+03
7.35949296e-07 3.79774903e+03 5.42410956e+03
7.36380351e-07 4.74252271e+03 6.37505456e+03
7.36811406e-07 4.70352654e+03 7.68053652e+03
7.37242460e-07 3.94361461e+03 6.10632754e+03
7.37673515e-07 4.14503904e+03 4.17087435e+03
7.38104570e-07 4.37897058e+03 3.79269109e+03
7.38535625e-07 3.87012128e+03 3.99568521e+03
7.38966679e-07 3.73822289e+03 4.74249464e+03
7.39397734e-07 3.73961720e+03 5.02980241e+03
7.39828789e-07 3.97099807e+03 5.92692934e+03
7.40259844e-07 4.13601806e+03 6.06015241e+03
7.40690898e-07 4.43936993e+03 4.64159988e+03
7.41121953e-07 4.53736167e+03 3.92867618e+03
7.41553008e-07 4.25826321e+03 3.75927421e+03
7.41984063e-07 4.04541617e+03 3.70000844e+03
7.42415117e-07 4.60006459e+03 4.12887543e+03
7.42846172e-07 3.93326653e+03 4.33909711e+03
7.43277227e-07 4.13790641e+03 4.79841611e+03
7.43708282e-07 4.47673436e+03 5.24413048e+03
7.44139336e-07 4.09304375e+03 4.59342993e+03
7.44570391e-07 4.15367615e+03 3.87333283e+03
7.45001446e-07 4.18767999e+03 3.66249831e+03
7.45432500e-07 4.43152282e+03 3.85671956e+03
7.45863555e-07 4.32207498e+03 4.12688375e+03
7.46294610e-07 4.49614178e+03 4.59395405e+03
7.46725665e-07 5.32746677e+03 5.34965298e+03
7.47156719e-07 4.61813136e+03 5.66691600e+03
7.47587774e-07 4.62554606e+03 5.78079339e+03
7.48018829e-07 4.83473439e+03 6.08450536e+03
7.48449884e-07 4.61090069e+03 5.35465186e+03
7.48880938e-07 4.58751127e+03 4.53473562e+03
7.49311993e-07 4.32738579e+03 4.23222361e+03
7.49743048e-07 4.94942270e+03 4.18577558e+03
7.50174103e-07 4.95283082e+03 4.09045157e+03
7.50605157e-07 4.68551949e+03 3.91625543e+03
7.51036212e-07 5.00186435e+03 3.98588213e+03
7.51467267e-07 5.25083651e+03 4.66994587e+03
7.51898322e-07 5.53487248e+03 6.51905518e+03
7.52329376e-07 4.48651555e+03 7.79112140e+03
7.52760431e-07 4.51068627e+03 6.62705650e+03
7.53191486e-07 4.89962284e+03 5.17539549e+03
7.53622541e-07 4.70841117e+03 4.46807540e+03
7.54053595e-07 4.32978205e+03 4.05327506e+03
7.54484650e-07 4.29220000e+03 3.86546012e+03
7.54915705e-07 4.12513420e+03 3.88649097e+03
7.55346760e-07 4.38372737e+03 4.33559632e+03
7.55777814e-07 3.92404635e+03 4.40613647e+03
7.56208869e-07 4.70262928e+03 4.47135690e+03
7.56639924e-07 5.22851030e+03 5.52067288e+03
7.57070978e-07 4.88374857e+03 6.62013735e+03
7.57502033e-07 4.59770359e+03 5.43882510e+03
7.57933088e-07 4.36207967e+03 4.33434677e+03
7.58364143e-07 4.39087631e+03 4.59532208e+03
7.58795197e-07 4.48403321e+03 4.42426303e+03
7.59226252e-07 3.33671442e+03 3.59247494e+03
7.59657307e-07 1.73733315e+03 2.98443955e+03
7.60088362e-07 1.06841737e+03 2.33246082e+03
7.60519416e-07 9.51406300e+02 1.86110978e+03
7.60950471e-07 1.52870143e+03 2.24924535e+03
7.61381526e-07 2.13873289e+03 3.06319673e+03
7.61812581e-07 2.96721756e+03 3.69700834e+03
7.62243635e-07 2.35500678e+03 3.38717551e+03
7.62674690e-07 1.88868254e+03 3.24381011e+03
7.63105745e-07 1.86998224e+03 3.05950507e+03
7.63536800e-07 2.18072232e+03 2.79573246e+03
7.63967854e-07 2.36458267e+03 2.72513738e+03
7.64398909e-07 2.71922991e+03 2.87934842e+03
7.64829964e-07 3.12369600e+03 3.24238459e+03
7.65261019e-07 3.24731735e+03 3.50914009e+03
7.65692073e-07 3.39088597e+03 3.83126720e+03
7.66123128e-07 3.70730829e+03 4.13355457e+03
7.66554183e-07 3.89998909e+03 3.90881208e+03
7.66985238e-07 4.07886814e+03 3.57985545e+03
7.67416292e-07 4.15738287e+03 3.57765111e+03
7.67847347e-07 4.02036569e+03 3.74066032e+03
7.68278402e-07 3.91919079e+03 3.99222321e+03
7.68709457e-07 4.13959059e+03 4.26591936e+03
7.69140511e-07 4.32040924e+03 4.41358125e+03
7.69571566e-07 4.17613281e+03 4.34321220e+03
7.70002621e-07 3.98450764e+03 4.22516592e+03
7.70433675e-07 5.23346250e+03 5.08499985e+03
7.70864730e-07 6.34498353e+03 9.06724679e+03
7.71295785e-07 5.14275257e+03 1.33853598e+04
7.71726840e-07 5.17470188e+03 1.21798770e+04
7.72157894e-07 5.71614979e+03 8.28232269e+03
7.72588949e-07 4.41503169e+03 5.99357425e+03
7.73020004e-07 4.03928846e+03 4.86438849e+03
7.73451059e-07 3.68827985e+03 4.33928146e+03
7.73882113e-07 4.11678437e+03 4.33019441e+03
7.74313168e-07 5.13170480e+03 6.27072105e+03
7.74744223e-07 4.68137224e+03 1.09430571e+04
7.75175278e-07 4.40279369e+03 1.16614697e+04
7.75606332e-07 5.37704691e+03 8.67859910e+03
7.76037387e-07 4.20391256e+03 6.73405573e+03
7.76468442e-07 4.14070958e+03 5.17893663e+03
7.76899497e-07 3.55247129e+03 4.79362563e+03
7.77330551e-07 3.84212610e+03 5.55475370e+03
7.77761606e-07 4.23044742e+03 6.01683885e+03
7.78192661e-07 4.43363539e+03 5.68577129e+03
7.78623716e-07 4.89183971e+03 6.30969842e+03
7.79054770e-07 5.10315096e+03 9.31156652e+03
7.79485825e-07 3.65599461e+03 9.24919970e+03
7.79916880e-07 4.89598253e+03 6.25103830e+03
7.80347935e-07 4.22829708e+03 5.65040522e+03
7.80778989e-07 3.77281435e+03 6.41967130e+03
7.81210044e-07 4.82436030e+03 6.41970666e+03
7.81641099e-07 6.56488996e+03 9.07882379e+03
7.82072153e-07 4.69258378e+03 1.13862673e+04
7.82503208e-07 4.30771014e+03 7.88576304e+03
7.82934263e-07 4.84737665e+03 4.83275537e+03
7.83365318e-07 4.27203352e+03 6.85545555e+03
7.83796372e-07 4.50509588e+03 8.55794083e+03
7.84227427e-07 5.10126141e+03 9.61458902e+03
7.84658482e-07 6.12905669e+03 1.19465311e+04
7.85089537e-07 5.88362404e+03 1.24444138e+04
7.85520591e-07 4.95744901e+03 1.22943453e+04
7.85951646e-07 4.85332556e+03 8.96867857e+03
7.86382701e-07 4.71151727e+03 7.79290751e+03
7.86813756e-07 4.03779123e+03 8.41110289e+03
7.87244810e-07 4.23735725e+03 7.71237574e+03
7.87675865e-07 4.27331019e+03 7.16640187e+03
7.88106920e-07 4.26823885e+03 7.18948290e+03
7.88537975e-07 4.73220224e+03 7.99270073e+03
7.88969029e-07 3.88272341e+03 8.13792076e+03
7.89400084e-07 3.43752332e+03 5.74368167e+03
7.89831139e-07 3.57723592e+03 4.24412077e+03
7.90262194e-07 4.57212609e+03 4.56383430e+03
7.90693248e-07 6.54704109e+03 8.08407429e+03
7.91124303e-07 5.88578655e+03 1.35772363e+04
7.91555358e-07 4.71966475e+03 1.37605181e+04
7.91986413e-07 4.45841795e+03 1.00401477e+04
7.92417467e-07 5.54342218e+03 1.19178683e+04
