1.20910000e-01
3.57708000e-07 1.12835720e+02 3.99977824e+01
3.58139006e-07 1.11875186e+02 3.94034164e+01
3.58570012e-07 1.20043807e+02 3.97320208e+01
3.59001018e-07 1.15957200e+02 5.85806520e+01
3.59432023e-07 1.34809317e+02 6.35156164e+01
3.59863029e-07 8.29556016e+01 4.76067107e+01
3.60294035e-07 1.33783188e+02 5.46222789e+01
3.60725041e-07 1.33459077e+02 5.76634189e+01
3.61156047e-07 1.07843997e+02 4.30096466e+01
3.61587053e-07 7.90159296e+01 6.73827074e+01
3.62018059e-07 9.02508469e+01 7.62097960e+01
3.62449065e-07 1.84652920e+02 8.43647737e+01
3.62880070e-07 7.96845372e+01 8.45918008e+01
3.63311076e-07 9.18408216e+01 9.71864158e+01
3.63742082e-07 1.27498072e+02 1.16228173e+02
3.64173088e-07 1.52926449e+02 1.13040763e+02
3.64604094e-07 1.64127183e+02 8.48767736e+01
3.65035100e-07 2.23076494e+02 8.94131898e+01
3.65466106e-07 2.07313306e+02 8.69448598e+01
3.65897111e-07 1.60477898e+02 9.02141532e+01
3.66328117e-07 1.69661711e+02 8.16312385e+01
3.66759123e-07 1.60025030e+02 9.17102861e+01
3.67190129e-07 9.35332631e+01 7.57877977e+01
3.67621135e-07 1.54127199e+02 9.73938652e+01
3.68052141e-07 1.73867552e+02 9.45159070e+01
3.68483147e-07 5.97882081e+01 1.02760232e+02
3.68914152e-07 1.73869824e+02 1.01012970e+02
3.69345158e-07 2.10621451e+02 8.12781247e+01
3.69776164e-07 2.26029181e+02 8.94752085e+01
3.70207170e-07 2.66443455e+02 9.78667743e+01
3.70638176e-07 2.09292527e+02 1.16919070e+02
3.71069182e-07 1.94323694e+02 1.26332552e+02
3.71500188e-07 1.67224566e+02 1.28021175e+02
3.71931194e-07 2.71598249e+02 1.10143662e+02
3.72362199e-07 1.73129771e+02 9.42284562e+01
3.72793205e-07 2.76574771e+02 1.22639329e+02
3.73224211e-07 2.43162816e+02 1.31648947e+02
3.73655217e-07 2.41437696e+02 1.31673186e+02
3.74086223e-07 2.25245697e+02 1.65402463e+02
3.74517229e-07 2.28356942e+02 1.65949351e+02
3.74948235e-07 3.32234991e+02 1.34331349e+02
3.75379240e-07 3.82411160e+02 1.21047167e+02
3.75810246e-07 1.61415328e+02 1.12350709e+02
3.76241252e-07 3.57678336e+02 1.03933333e+02
3.76672258e-07 2.26937540e+02 1.02871271e+02
3.77103264e-07 2.76061744e+02 8.86135448e+01
3.77534270e-07 1.06755978e+02 1.14472662e+02
3.77965276e-07 1.65106430e+02 1.14394392e+02
3.78396282e-07 3.16683559e+02 1.41620377e+02
3.78827287e-07 5.04217268e+02 1.38390356e+02
3.79258293e-07 2.38714358e+02 1.24473376e+02
3.79689299e-07 2.18973236e+02 1.29074934e+02
3.80120305e-07 1.57885060e+02 1.40127179e+02
3.80551311e-07 1.75619495e+02 1.14245100e+02
3.80982317e-07 2.42647959e+02 1.34067724e+02
3.81413323e-07 3.76620950e+02 1.45114038e+02
3.81844328e-07 2.82418346e+02 1.47404877e+02
3.82275334e-07 3.44360806e+02 1.40284739e+02
3.82706340e-07 3.09620794e+02 1.48934023e+02
3.83137346e-07 2.82612801e+02 1.82420747e+02
3.83568352e-07 2.57524745e+02 1.85273228e+02
3.83999358e-07 1.45441651e+02 1.62648675e+02
3.84430364e-07 2.12090379e+02 1.42939990e+02
3.84861370e-07 2.82333923e+02 1.50082541e+02
3.85292375e-07 2.16444253e+02 1.56060140e+02
3.85723381e-07 2.36676788e+02 1.31947695e+02
3.86154387e-07 3.48381113e+02 1.31233016e+02
3.86585393e-07 3.28553737e+02 1.20450867e+02
3.87016399e-07 2.32864297e+02 1.22496870e+02
3.87447405e-07 4.58636162e+02 1.16230770e+02
3.87878411e-07 3.66018648e+02 1.26888690e+02
3.88309416e-07 2.85434846e+02 1.08661558e+02
3.88740422e-07 2.91308349e+02 1.21401062e+02
3.89171428e-07 4.33986018e+02 1.21909149e+02
3.89602434e-07 3.84158091e+02 1.57050447e+02
3.90033440e-07 5.36889254e+02 1.47427874e+02
3.90464446e-07 2.54987509e+02 1.90245372e+02
3.90895452e-07 3.56449562e+02 2.09835006e+02
3.91326457e-07 2.36968892e+02 2.13134602e+02
3.91757463e-07 3.39331839e+02 1.72511102e+02
3.92188469e-07 2.64375719e+02 1.44042122e+02
3.92619475e-07 4.11326208e+02 1.35162416e+02
3.93050481e-07 3.40797473e+02 1.50850938e+02
3.93481487e-07 3.34940622e+02 1.41115357e+02
3.93912493e-07 3.11754464e+02 1.48954999e+02
3.94343499e-07 3.24901656e+02 1.93260386e+02
3.94774504e-07 3.61775952e+02 1.83642612e+02
3.95205510e-07 3.49765850e+02 2.02550027e+02
3.95636516e-07 4.12645346e+02 1.96274581e+02
3.96067522e-07 3.98374465e+02 1.61564245e+02
3.96498528e-07 3.77812036e+02 1.53417480e+02
3.96929534e-07 4.14290657e+02 1.45508349e+02
3.97360540e-07 4.04457904e+02 1.55720500e+02
3.97791545e-07 3.92449886e+02 1.89015422e+02
3.98222551e-07 3.24936375e+02 2.06321274e+02
3.98653557e-07 4.02360815e+02 1.89972128e+02
3.99084563e-07 5.20711793e+02 1.80321472e+02
3.99515569e-07 5.30284926e+02 1.94429288e+02
3.99946575e-07 4.91835958e+02 2.07445633e+02
4.00377581e-07 4.06515441e+02 2.23042782e+02
4.00808587e-07 3.61502439e+02 2.35230759e+02
4.01239592e-07 4.56626746e+02 2.44215882e+02
4.01670598e-07 3.02407302e+02 2.49354856e+02
4.02101604e-07 3.98123363e+02 2.24946747e+02
4.02532610e-07 5.00574595e+02 2.44508861e+02
4.02963616e-07 5.17692336e+02 2.15480212e+02
4.03394622e-07 4.92939874e+02 2.25490195e+02
4.03825628e-07 3.77527760e+02 2.70993619e+02
4.04256633e-07 3.81259152e+02 2.69953230e+02
4.04687639e-07 4.01899795e+02 2.81288498e+02
4.05118645e-07 6.10050098e+02 2.43566028e+02
4.05549651e-07 4.00685916e+02 2.58081891e+02
4.05980657e-07 6.27851115e+02 2.86348099e+02
4.06411663e-07 5.45477628e+02 2.91185127e+02
4.06842669e-07 5.06571514e+02 2.89708778e+02
4.07273674e-07 4.72511484e+02 2.91546526e+02
4.07704680e-07 4.91673564e+02 2.90289720e+02
4.08135686e-07 5.30396231e+02 2.84378763e+02
4.08566692e-07 3.74822058e+02 2.73189502e+02
4.08997698e-07 3.55804880e+02 2.71931409e+02
4.09428704e-07 3.18387782e+02 2.67249525e+02
4.09859710e-07 5.23564428e+02 2.16614228e+02
4.10290716e-07 6.35052876e+02 2.40309529e+02
4.10721721e-07 5.62472041e+02 2.52316201e+02
4.11152727e-07 5.56059359e+02 2.55569714e+02
4.11583733e-07 4.43133101e+02 2.77873798e+02
4.12014739e-07 5.33922785e+02 2.95444555e+02
4.12445745e-07 6.34489702e+02 2.66130288e+02
4.12876751e-07 5.04156509e+02 2.56770009e+02
4.13307757e-07 4.16994773e+02 2.72474909e+02
4.13738762e-07 4.79128987e+02 2.66401881e+02
4.14169768e-07 6.30126220e+02 2.61188938e+02
4.14600774e-07 5.76031336e+02 2.57969990e+02
4.15031780e-07 6.16735990e+02 2.72075029e+02
4.15462786e-07 5.37564473e+02 2.76286333e+02
4.15893792e-07 5.57967314e+02 2.81284623e+02
4.16324798e-07 5.99824014e+02 3.43225056e+02
4.16755804e-07 5.00980936e+02 3.57647261e+02
4.17186809e-07 8.75918373e+02 3.42581298e+02
4.17617815e-07 1.20699218e+03 3.45369452e+02
4.18048821e-07 1.33029868e+03 3.24062409e+02
4.18479827e-07 8.42992840e+02 3.15214457e+02
4.18910833e-07 5.65148617e+02 2.98587807e+02
4.19341839e-07 5.47690504e+02 2.81740540e+02
4.19772845e-07 4.75389872e+02 2.74581665e+02
4.20203850e-07 6.11685324e+02 2.75710262e+02
4.20634856e-07 6.98251119e+02 2.58737185e+02
4.21065862e-07 6.21474782e+02 2.87844827e+02
4.21496868e-07 7.47339198e+02 3.06509092e+02
4.21927874e-07 7.69319922e+02 2.93397278e+02
4.22358880e-07 8.14286750e+02 2.76813729e+02
4.22789886e-07 8.41834119e+02 2.82367719e+02
4.23220891e-07 7.62366611e+02 2.91432707e+02
4.23651897e-07 7.66546650e+02 2.84604275e+02
4.24082903e-07 8.25286709e+02 2.68782407e+02
4.24513909e-07 8.52274953e+02 2.72374769e+02
4.24944915e-07 6.93585474e+02 3.22365480e+02
4.25375921e-07 7.17422514e+02 3.12571667e+02
4.25806927e-07 6.26859645e+02 2.97594227e+02
4.26237933e-07 6.72969295e+02 3.09292780e+02
4.26668938e-07 7.63376462e+02 3.23342517e+02
4.27099944e-07 8.31411203e+02 3.20635564e+02
4.27530950e-07 9.27217022e+02 2.98480927e+02
4.27961956e-07 8.26473649e+02 3.06530745e+02
4.28392962e-07 9.21559101e+02 3.05604228e+02
4.28823968e-07 8.88524978e+02 3.07819911e+02
4.29254974e-07 6.83545141e+02 3.14062252e+02
4.29685979e-07 5.95521329e+02 3.02444217e+02
4.30116985e-07 6.93575381e+02 2.67018946e+02
4.30547991e-07 7.45568118e+02 2.91662970e+02
4.30978997e-07 8.82569357e+02 3.40727935e+02
4.31410003e-07 9.84653513e+02 3.59144750e+02
4.31841009e-07 8.97568528e+02 3.80417395e+02
4.32272015e-07 9.59292515e+02 3.50407563e+02
4.32703021e-07 8.96449877e+02 3.42635441e+02
4.33134026e-07 9.63400985e+02 3.69497131e+02
4.33565032e-07 1.09362946e+03 3.35466641e+02
4.33996038e-07 9.90844087e+02 3.37816188e+02
4.34427044e-07 1.07484451e+03 3.54672256e+02
4.34858050e-07 9.64631102e+02 3.57401355e+02
4.35289056e-07 8.97386741e+02 3.67737238e+02
4.35720062e-07 7.82343120e+02 3.37356003e+02
4.36151067e-07 9.52409933e+02 3.46898147e+02
4.36582073e-07 9.55353609e+02 3.88809362e+02
4.37013079e-07 9.99499130e+02 3.51280634e+02
4.37444085e-07 9.16673019e+02 3.67666878e+02
4.37875091e-07 1.09564997e+03 3.46038898e+02
4.38306097e-07 1.20017811e+03 3.47437230e+02
4.38737103e-07 1.27342830e+03 3.16974256e+02
4.39168109e-07 1.02995494e+03 3.45109773e+02
4.39599114e-07 1.17799606e+03 4.00846851e+02
4.40030120e-07 1.04551981e+03 4.11916540e+02
4.40461126e-07 8.84692657e+02 4.55783017e+02
4.40892132e-07 9.29948367e+02 4.65112997e+02
4.41323138e-07 1.09997373e+03 4.63000044e+02
4.41754144e-07 9.15392457e+02 4.66860010e+02
4.42185150e-07 1.02450032e+03 4.48595652e+02
4.42616155e-07 1.20908588e+03 4.49466253e+02
4.43047161e-07 1.12510359e+03 4.43775194e+02
4.43478167e-07 1.29917651e+03 4.65716045e+02
4.43909173e-07 9.37003379e+02 4.50797047e+02
4.44340179e-07 9.88193589e+02 4.28151204e+02
4.44771185e-07 8.63479956e+02 4.29247590e+02
4.45202191e-07 8.12211354e+02 4.31040508e+02
4.45633196e-07 9.37464205e+02 4.04587023e+02
4.46064202e-07 1.17313936e+03 4.10141132e+02
4.46495208e-07 1.33474779e+03 3.83226630e+02
4.46926214e-07 1.27739143e+03 4.02769415e+02
4.47357220e-07 1.34276452e+03 4.45334936e+02
4.47788226e-07 1.51008677e+03 4.18437821e+02
4.48219232e-07 1.18300410e+03 4.29548162e+02
4.48650238e-07 1.23894449e+03 4.45512756e+02
4.49081243e-07 1.37095654e+03 4.18742712e+02
4.49512249e-07 1.57461198e+03 4.29607158e+02
4.49943255e-07 1.58305946e+03 4.31410209e+02
4.50374261e-07 1.47786041e+03 4.74707262e+02
4.50805267e-07 1.34555089e+03 4.55876519e+02
4.51236273e-07 1.53121415e+03 4.59204654e+02
4.51667279e-07 1.38584760e+03 5.08233954e+02
4.52098284e-07 1.42957537e+03 5.09668462e+02
4.52529290e-07 1.48012236e+03 4.69758366e+02
4.52960296e-07 1.42131705e+03 4.93163455e+02
4.53391302e-07 1.40476059e+03 5.26937478e+02
4.53822308e-07 1.53406157e+03 5.14634156e+02
4.54253314e-07 1.65920513e+03 5.25820293e+02
4.54684320e-07 1.51702958e+03 5.40303213e+02
4.55115326e-07 1.49203598e+03 5.44601889e+02
4.55546331e-07 1.61534979e+03 5.16675015e+02
4.55977337e-07 1.61368516e+03 5.15722937e+02
4.56408343e-07 1.48387142e+03 5.05256737e+02
4.56839349e-07 1.44983822e+03 5.06978509e+02
4.57270355e-07 1.44981475e+03 5.18971122e+02
4.57701361e-07 1.56882325e+03 5.42875456e+02
4.58132367e-07 1.61872303e+03 5.44531515e+02
4.58563372e-07 1.54509855e+03 5.20633697e+02
4.58994378e-07 1.54268189e+03 5.37377104e+02
4.59425384e-07 1.37365058e+03 5.12337252e+02
4.59856390e-07 1.30804224e+03 4.83460321e+02
4.60287396e-07 1.35468001e+03 4.94364155e+02
4.60718402e-07 1.35927994e+03 5.40934326e+02
4.61149408e-07 1.64823921e+03 5.13378229e+02
4.61580413e-07 1.90050978e+03 5.10165139e+02
4.62011419e-07 1.75951972e+03 5.31873334e+02
4.62442425e-07 1.54896309e+03 5.43830352e+02
4.62873431e-07 1.59398541e+03 5.40700480e+02
4.63304437e-07 1.91067734e+03 5.15560845e+02
4.63735443e-07 1.81405826e+03 5.01563803e+02
4.64166449e-07 1.60628956e+03 5.15400714e+02
4.64597455e-07 1.68334164e+03 4.92202073e+02
4.65028460e-07 1.70962863e+03 5.30232416e+02
4.65459466e-07 1.80597185e+03 5.24251801e+02
4.65890472e-07 1.69017855e+03 5.80527140e+02
4.66321478e-07 1.73567266e+03 5.67483248e+02
4.66752484e-07 1.86915387e+03 5.67081822e+02
4.67183490e-07 1.84684779e+03 5.57201157e+02
4.67614496e-07 1.74250166e+03 5.61566497e+02
4.68045501e-07 1.60692512e+03 5.75516832e+02
4.68476507e-07 1.63507258e+03 5.79902115e+02
4.68907513e-07 1.78039983e+03 5.74403824e+02
4.69338519e-07 1.75600570e+03 5.57587996e+02
4.69769525e-07 1.74997402e+03 5.68873810e+02
4.70200531e-07 1.63363490e+03 5.59144968e+02
4.70631537e-07 1.72390023e+03 5.65925741e+02
4.71062543e-07 1.97284657e+03 5.56630057e+02
4.71493548e-07 1.65463266e+03 5.80886460e+02
4.71924554e-07 1.97267786e+03 5.78685315e+02
4.72355560e-07 2.15724257e+03 6.04494543e+02
4.72786566e-07 1.70020931e+03 5.98428855e+02
4.73217572e-07 1.93185900e+03 6.05186242e+02
4.73648578e-07 1.95649672e+03 5.63657674e+02
4.74079584e-07 1.90003044e+03 5.90334480e+02
4.74510589e-07 1.96698699e+03 5.83163836e+02
4.74941595e-07 1.77957139e+03 6.16907302e+02
4.75372601e-07 1.76872560e+03 5.78718090e+02
4.75803607e-07 2.04587817e+03 5.60469785e+02
4.76234613e-07 1.84593178e+03 6.08167105e+02
4.76665619e-07 2.06912962e+03 6.16442929e+02
4.77096625e-07 1.79326083e+03 5.69221772e+02
4.77527630e-07 1.93066102e+03 5.84499897e+02
4.77958636e-07 2.07852643e+03 5.94712878e+02
4.78389642e-07 2.11076236e+03 5.81254079e+02
4.78820648e-07 2.01494670e+03 5.96819569e+02
4.79251654e-07 1.83308522e+03 5.99315231e+02
4.79682660e-07 1.95732939e+03 6.33004873e+02
4.80113666e-07 2.16498733e+03 6.58615525e+02
4.80544672e-07 2.02836337e+03 6.13530821e+02
4.80975677e-07 2.09115906e+03 6.13081416e+02
4.81406683e-07 2.05874155e+03 6.56919283e+02
4.81837689e-07 1.73925937e+03 6.76046311e+02
4.82268695e-07 1.67230223e+03 6.87052315e+02
4.82699701e-07 1.83577871e+03 7.02526807e+02
4.83130707e-07 1.91450285e+03 7.34932539e+02
4.83561713e-07 1.97060322e+03 7.13915138e+02
4.83992718e-07 1.99019009e+03 6.95896960e+02
4.84423724e-07 1.77342208e+03 7.33296878e+02
4.84854730e-07 1.85880748e+03 7.00629634e+02
4.85285736e-07 2.02178453e+03 6.47943269e+02
4.85716742e-07 1.94313766e+03 6.09304692e+02
4.86147748e-07 1.94029660e+03 5.97063083e+02
4.86578754e-07 2.21767622e+03 6.09876363e+02
4.87009760e-07 1.99944685e+03 5.91960856e+02
4.87440765e-07 2.08413769e+03 6.21676255e+02
4.87871771e-07 1.91376039e+03 6.72388161e+02
4.88302777e-07 2.10188182e+03 6.40872041e+02
4.88733783e-07 2.19920556e+03 6.54433979e+02
4.89164789e-07 2.27385506e+03 7.11124367e+02
4.89595795e-07 2.16962516e+03 6.96927420e+02
4.90026801e-07 2.06237816e+03 6.95359231e+02
4.90457806e-07 2.36957022e+03 6.40710932e+02
4.90888812e-07 2.23181818e+03 6.81785798e+02
4.91319818e-07 2.04781599e+03 6.66267436e+02
4.91750824e-07 2.17666234e+03 6.54022713e+02
4.92181830e-07 2.03188140e+03 6.43073489e+02
4.92612836e-07 2.26488468e+03 6.79720158e+02
4.93043842e-07 2.39059338e+03 6.76372403e+02
4.93474848e-07 1.92778064e+03 6.25648222e+02
4.93905853e-07 2.11848473e+03 6.60106885e+02
4.94336859e-07 2.40126033e+03 6.82007735e+02
4.94767865e-07 2.68093495e+03 6.59194681e+02
4.95198871e-07 2.20370128e+03 6.93454014e+02
4.95629877e-07 2.39772181e+03 6.79339586e+02
4.96060883e-07 2.11684028e+03 6.91300608e+02
4.96491889e-07 2.12684845e+03 7.60896394e+02
4.96922894e-07 2.19274627e+03 7.19085509e+02
4.97353900e-07 1.90662227e+03 7.60988690e+02
4.97784906e-07 2.70800786e+03 7.43830087e+02
4.98215912e-07 2.66933977e+03 7.08168858e+02
4.98646918e-07 2.51498152e+03 7.23450015e+02
4.99077924e-07 2.26350995e+03 7.30995298e+02
4.99508930e-07 2.43290427e+03 7.81018541e+02
4.99939935e-07 2.38129601e+03 7.66925959e+02
5.00370941e-07 2.42626013e+03 7.21754984e+02
5.00801947e-07 2.66521124e+03 7.12798711e+02
5.01232953e-07 2.78526218e+03 6.68302509e+02
5.01663959e-07 2.90861291e+03 7.03114785e+02
5.02094965e-07 2.52371318e+03 7.21582597e+02
5.02525971e-07 2.43105443e+03 7.14159211e+02
5.02956977e-07 2.28435271e+03 7.25391503e+02
5.03387982e-07 2.55934487e+03 7.48629222e+02
5.03818988e-07 2.82365423e+03 7.22200592e+02
5.04249994e-07 2.76668575e+03 6.94485407e+02
5.04681000e-07 2.83664564e+03 7.17507448e+02
5.05112006e-07 2.94819615e+03 7.60083530e+02
5.05543012e-07 3.05700340e+03 7.91827773e+02
5.05974018e-07 2.66347781e+03 7.70778963e+02
5.06405023e-07 2.78750833e+03 7.48308140e+02
5.06836029e-07 2.69374620e+03 7.45660133e+02
5.07267035e-07 2.63378447e+03 7.66430786e+02
5.07698041e-07 2.50106730e+03 7.23954947e+02
5.08129047e-07 2.69779213e+03 7.14659368e+02
5.08560053e-07 2.65909047e+03 6.95410804e+02
5.08991059e-07 2.75141450e+03 7.42195170e+02
5.09422065e-07 2.43669549e+03 7.47438816e+02
5.09853070e-07 2.69646058e+03 7.53049183e+02
5.10284076e-07 2.73021516e+03 7.89041816e+02
5.10715082e-07 2.82033043e+03 7.47410421e+02
5.11146088e-07 2.64165761e+03 8.03150233e+02
5.11577094e-07 2.86475415e+03 7.78707531e+02
5.12008100e-07 2.68664820e+03 7.83440787e+02
5.12439106e-07 2.94472874e+03 8.16587323e+02
5.12870111e-07 3.03825397e+03 7.81444542e+02
5.13301117e-07 2.81901425e+03 8.06974391e+02
5.13732123e-07 2.83508746e+03 7.97672069e+02
5.14163129e-07 2.61543698e+03 8.39534530e+02
5.14594135e-07 2.81793985e+03 8.10036207e+02
5.15025141e-07 2.70063965e+03 8.35222262e+02
5.15456147e-07 2.92908564e+03 7.78721283e+02
5.15887152e-07 3.03405454e+03 7.95953791e+02
5.16318158e-07 2.95835157e+03 8.06542474e+02
5.16749164e-07 2.90315534e+03 7.69217492e+02
5.17180170e-07 3.05495658e+03 7.51295789e+02
5.17611176e-07 3.12033340e+03 7.80168248e+02
5.18042182e-07 2.88234567e+03 8.34828944e+02
5.18473188e-07 2.97395369e+03 8.28626055e+02
5.18904194e-07 3.19773743e+03 7.81563567e+02
5.19335199e-07 3.21676549e+03 8.88264122e+02
5.19766205e-07 2.62839499e+03 1.03724537e+03
5.20197211e-07 2.76409809e+03 1.00598459e+03
5.20628217e-07 2.70867788e+03 9.39867554e+02
5.21059223e-07 2.74514835e+03 9.06998420e+02
5.21490229e-07 2.72243254e+03 8.94058300e+02
5.21921235e-07 3.01994904e+03 9.01114474e+02
5.22352240e-07 3.05113243e+03 9.06909713e+02
5.22783246e-07 2.95156361e+03 8.58046938e+02
5.23214252e-07 3.04417634e+03 8.38910739e+02
5.23645258e-07 2.95560380e+03 9.18840377e+02
5.24076264e-07 3.02380662e+03 9.12319095e+02
5.24507270e-07 3.10459339e+03 8.79899606e+02
5.24938276e-07 3.23085469e+03 9.07585110e+02
5.25369282e-07 3.31160623e+03 8.77228008e+02
5.25800287e-07 3.19350055e+03 9.13535181e+02
5.26231293e-07 3.18156231e+03 8.61275550e+02
5.26662299e-07 3.13905999e+03 8.56412751e+02
5.27093305e-07 3.18050368e+03 8.62800764e+02
5.27524311e-07 3.20784941e+03 9.03330476e+02
5.27955317e-07 3.28361151e+03 8.39619378e+02
5.28386323e-07 3.53687753e+03 8.19091528e+02
5.28817328e-07 3.46355383e+03 9.20932234e+02
5.29248334e-07 3.16657738e+03 9.25408698e+02
5.29679340e-07 3.22124006e+03 8.77899730e+02
5.30110346e-07 3.11390277e+03 9.39442842e+02
5.30541352e-07 3.33600870e+03 9.07682474e+02
5.30972358e-07 3.40709993e+03 9.96026122e+02
5.31403364e-07 3.10107913e+03 1.00394329e+03
5.31834370e-07 3.24162093e+03 9.56801640e+02
5.32265375e-07 3.31386849e+03 8.81609196e+02
5.32696381e-07 3.31866164e+03 9.52930639e+02
5.33127387e-07 3.31310301e+03 1.00434832e+03
5.33558393e-07 3.55505721e+03 9.37082835e+02
5.33989399e-07 3.44787295e+03 9.09294236e+02
5.34420405e-07 3.17483626e+03 9.75007801e+02
5.34851411e-07 3.26709617e+03 1.00836450e+03
5.35282416e-07 3.53635079e+03 1.00277096e+03
5.35713422e-07 3.39817518e+03 9.99839270e+02
5.36144428e-07 3.35384879e+03 9.98769250e+02
5.36575434e-07 3.21314864e+03 9.51858457e+02
5.37006440e-07 3.27857168e+03 9.36684603e+02
5.37437446e-07 3.40123123e+03 9.12180525e+02
5.37868452e-07 3.41597989e+03 9.45793343e+02
5.38299457e-07 3.44408849e+03 9.41240425e+02
5.38730463e-07 3.34980288e+03 9.66149059e+02
5.39161469e-07 3.17570901e+03 9.56218187e+02
5.39592475e-07 3.25459991e+03 9.42725109e+02
5.40023481e-07 3.13713525e+03 9.04116637e+02
5.40454487e-07 3.12547766e+03 9.04888967e+02
5.40885493e-07 3.38132744e+03 8.74248823e+02
5.41316499e-07 3.59556984e+03 9.43533437e+02
5.41747504e-07 3.27875042e+03 9.57027742e+02
5.42178510e-07 3.21563303e+03 9.32696937e+02
5.42609516e-07 3.04112866e+03 9.35047566e+02
5.43040522e-07 3.19779376e+03 9.22200534e+02
5.43471528e-07 2.95755051e+03 1.00975270e+03
5.43902534e-07 3.30858872e+03 1.04206756e+03
5.44333540e-07 3.89766683e+03 1.03972161e+03
5.44764545e-07 5.19705414e+03 9.91307214e+02
5.45195551e-07 4.67832421e+03 9.95074564e+02
5.45626557e-07 3.61355339e+03 1.04722151e+03
5.46057563e-07 3.05078131e+03 1.07485701e+03
5.46488569e-07 3.19331701e+03 1.04455300e+03
5.46919575e-07 3.27465586e+03 1.02206087e+03
5.47350581e-07 3.27627874e+03 1.02608939e+03
5.47781587e-07 3.45607898e+03 1.02518882e+03
5.48212592e-07 3.65559703e+03 1.05222819e+03
5.48643598e-07 3.85922125e+03 9.98667461e+02
5.49074604e-07 3.82197778e+03 1.03267354e+03
5.49505610e-07 3.53060812e+03 1.10656741e+03
5.49936616e-07 3.81884067e+03 1.10608482e+03
5.50367622e-07 3.59697514e+03 1.08154021e+03
5.50798628e-07 3.51415546e+03 1.07333544e+03
5.51229633e-07 3.32948393e+03 1.12897129e+03
5.51660639e-07 3.03248439e+03 1.14527186e+03
5.52091645e-07 3.34308165e+03 1.10461408e+03
5.52522651e-07 3.77292558e+03 1.04973855e+03
5.52953657e-07 3.94945767e+03 1.04428024e+03
5.53384663e-07 3.37566934e+03 1.10534108e+03
5.53815669e-07 3.48038357e+03 1.15584949e+03
5.54246674e-07 3.65916158e+03 1.19135286e+03
5.54677680e-07 4.20797323e+03 1.20011142e+03
5.55108686e-07 4.22129296e+03 1.19493536e+03
5.55539692e-07 4.13281986e+03 1.12395292e+03
5.55970698e-07 4.31005385e+03 1.17146725e+03
5.56401704e-07 3.78794767e+03 1.14211908e+03
5.56832710e-07 4.11307444e+03 2.28697585e+03
5.57263716e-07 3.01236893e+03 1.12043774e+04
5.57694721e-07 4.49521645e+03 2.19712900e+04
5.58125727e-07 2.95224025e+03 1.65814529e+04
5.58556733e-07 2.83618811e+03 5.73747669e+03
5.58987739e-07 3.97065402e+03 1.85302697e+03
5.59418745e-07 3.84894156e+03 1.30278037e+03
5.59849751e-07 3.59316666e+03 1.23238666e+03
5.60280757e-07 4.06696316e+03 1.15713175e+03
5.60711762e-07 4.04560644e+03 1.25736469e+03
5.61142768e-07 4.62335325e+03 1.20941775e+03
5.61573774e-07 4.52502086e+03 1.14108495e+03
5.62004780e-07 3.85358276e+03 1.16608225e+03
5.62435786e-07 3.65224036e+03 1.22785666e+03
5.62866792e-07 3.29036817e+03 1.26628773e+03
5.63297798e-07 4.12772805e+03 1.18512603e+03
5.63728804e-07 4.02617968e+03 1.15825292e+03
5.64159809e-07 3.87890908e+03 1.20592416e+03
5.64590815e-07 3.38797431e+03 1.21068720e+03
5.65021821e-07 3.65985842e+03 1.19843353e+03
5.65452827e-07 3.62736673e+03 1.18903046e+03
5.65883833e-07 3.82888043e+03 1.12785642e+03
5.66314839e-07 3.59498795e+03 1.17640354e+03
5.66745845e-07 3.85329506e+03 1.20909760e+03
5.67176850e-07 3.95619705e+03 1.22902745e+03
5.67607856e-07 3.46033744e+03 1.25734683e+03
5.68038862e-07 3.73299024e+03 1.24335374e+03
5.68469868e-07 4.08274112e+03 1.28802436e+03
5.68900874e-07 3.87905661e+03 1.31579198e+03
5.69331880e-07 3.57952739e+03 1.25515924e+03
5.69762886e-07 3.61486470e+03 1.30675039e+03
5.70193891e-07 3.94892922e+03 1.23995851e+03
5.70624897e-07 3.82727832e+03 1.29994368e+03
5.71055903e-07 3.84245579e+03 1.21719585e+03
5.71486909e-07 3.35944434e+03 1.26176807e+03
5.71917915e-07 3.85595655e+03 1.29473731e+03
5.72348921e-07 3.48310701e+03 1.32200587e+03
5.72779927e-07 3.93900966e+03 1.28537547e+03
5.73210933e-07 3.68823300e+03 1.25136836e+03
5.73641938e-07 3.91221966e+03 1.25617480e+03
5.74072944e-07 3.75806830e+03 1.28674233e+03
5.74503950e-07 4.04858109e+03 1.30131136e+03
5.74934956e-07 3.54294747e+03 1.30540758e+03
5.75365962e-07 3.82024493e+03 1.24459775e+03
5.75796968e-07 4.08107292e+03 1.21679845e+03
5.76227974e-07 3.73069422e+03 1.28572380e+03
5.76658979e-07 3.53512713e+03 1.34373749e+03
5.77089985e-07 4.24533613e+03 1.31789271e+03
5.77520991e-07 3.66967993e+03 1.24732895e+03
5.77951997e-07 3.98866481e+03 1.30840576e+03
5.78383003e-07 3.92440983e+03 1.27659075e+03
5.78814009e-07 3.72545095e+03 1.24034811e+03
5.79245015e-07 3.82623280e+03 1.25079908e+03
5.79676021e-07 3.37233654e+03 1.27198955e+03
5.80107026e-07 3.65076819e+03 1.29882574e+03
5.80538032e-07 3.61255099e+03 1.38917711e+03
5.80969038e-07 3.63755316e+03 1.32867062e+03
5.81400044e-07 3.56618886e+03 1.33930015e+03
5.81831050e-07 3.84143197e+03 1.30859671e+03
5.82262056e-07 3.88294647e+03 1.37103825e+03
5.82693062e-07 3.93368404e+03 1.36560370e+03
5.83124067e-07 4.32261656e+03 1.33548172e+03
5.83555073e-07 3.76001249e+03 1.33007539e+03
5.83986079e-07 3.98239908e+03 1.34759015e+03
5.84417085e-07 3.97450690e+03 1.34747971e+03
5.84848091e-07 3.65526402e+03 1.36613113e+03
5.85279097e-07 4.03653758e+03 1.36980384e+03
5.85710103e-07 3.97011061e+03 1.29319783e+03
5.86141109e-07 3.76834963e+03 1.50617357e+03
5.86572114e-07 4.13733766e+03 1.71975812e+03
5.87003120e-07 3.95778599e+03 1.70151558e+03
5.87434126e-07 3.80902653e+03 1.57161085e+03
5.87865132e-07 4.42294699e+03 1.48799719e+03
5.88296138e-07 3.61645800e+03 1.94331324e+03
5.88727144e-07 3.97530872e+03 3.30307344e+03
5.89158150e-07 4.17694042e+03 4.15801589e+03
5.89589155e-07 4.52177075e+03 3.56483694e+03
5.90020161e-07 3.87495308e+03 2.31669913e+03
5.90451167e-07 4.16266855e+03 1.76621481e+03
5.90882173e-07 4.07462521e+03 1.57565572e+03
5.91313179e-07 3.75803949e+03 1.67702130e+03
5.91744185e-07 3.84925000e+03 1.68269003e+03
5.92175191e-07 4.58327315e+03 1.59718356e+03
5.92606196e-07 4.30714041e+03 1.58147336e+03
5.93037202e-07 3.95543071e+03 1.71125855e+03
5.93468208e-07 3.99952152e+03 1.69480526e+03
5.93899214e-07 4.03670510e+03 1.60506340e+03
5.94330220e-07 4.23423610e+03 1.50476519e+03
5.94761226e-07 4.17327342e+03 1.49114099e+03
5.95192232e-07 4.27477018e+03 1.65216904e+03
5.95623238e-07 4.15926138e+03 1.66875896e+03
5.96054243e-07 4.55696997e+03 1.49829610e+03
5.96485249e-07 4.43989047e+03 1.51762721e+03
5.96916255e-07 3.58625147e+03 1.57050129e+03
5.97347261e-07 3.79794243e+03 1.66753052e+03
5.97778267e-07 4.23862284e+03 1.60513809e+03
5.98209273e-07 4.13985962e+03 1.46800955e+03
5.98640279e-07 3.93656435e+03 1.48857754e+03
5.99071284e-07 4.80666136e+03 1.45447400e+03
5.99502290e-07 5.08733215e+03 1.48169062e+03
5.99933296e-07 4.17483538e+03 1.55254567e+03
6.00364302e-07 4.30931378e+03 1.54980190e+03
6.00795308e-07 4.47438431e+03 1.47238368e+03
6.01226314e-07 4.34682190e+03 1.35790993e+03
6.01657320e-07 4.48396387e+03 1.38004696e+03
6.02088326e-07 4.55855624e+03 1.40761698e+03
6.02519331e-07 4.36636828e+03 1.40957473e+03
6.02950337e-07 4.55346702e+03 1.41923215e+03
6.03381343e-07 4.61918601e+03 1.46738789e+03
6.03812349e-07 4.39615265e+03 1.44367809e+03
6.04243355e-07 4.80983441e+03 1.35682283e+03
6.04674361e-07 4.28606595e+03 1.39926640e+03
6.05105367e-07 4.28433890e+03 1.38912002e+03
6.05536372e-07 4.12262480e+03 1.35052566e+03
6.05967378e-07 4.31956340e+03 1.41207853e+03
6.06398384e-07 4.22947473e+03 1.42249982e+03
6.06829390e-07 4.72658103e+03 1.33403483e+03
6.07260396e-07 4.26808080e+03 1.40047718e+03
6.07691402e-07 4.38649807e+03 1.40099329e+03
6.08122408e-07 4.47108657e+03 1.36856688e+03
6.08553413e-07 4.29571741e+03 1.33706889e+03
6.08984419e-07 4.69616373e+03 1.38994336e+03
6.09415425e-07 4.88312800e+03 1.36845056e+03
6.09846431e-07 4.68157255e+03 1.43620151e+03
6.10277437e-07 4.66997570e+03 1.38707133e+03
6.10708443e-07 4.65934960e+03 1.40012669e+03
6.11139449e-07 4.51683252e+03 1.37184192e+03
6.11570455e-07 4.77665019e+03 1.34068296e+03
6.12001460e-07 4.70036713e+03 1.35496627e+03
6.12432466e-07 4.65233564e+03 1.33047121e+03
6.12863472e-07 4.67997521e+03 1.33264495e+03
6.13294478e-07 4.54821179e+03 1.37055951e+03
6.13725484e-07 4.52735928e+03 1.47569104e+03
6.14156490e-07 4.75177584e+03 1.45979772e+03
6.14587496e-07 4.88320701e+03 1.46710600e+03
6.15018501e-07 4.56201217e+03 1.46074619e+03
6.15449507e-07 4.08422460e+03 1.35981294e+03
6.15880513e-07 4.82352706e+03 1.36328311e+03
6.16311519e-07 4.73450846e+03 1.39092876e+03
6.16742525e-07 4.60905370e+03 1.49733500e+03
6.17173531e-07 4.59726456e+03 1.53326709e+03
6.17604537e-07 4.64374856e+03 1.42618855e+03
6.18035543e-07 4.53908684e+03 1.40416597e+03
6.18466548e-07 4.66397098e+03 1.39050851e+03
6.18897554e-07 4.98399267e+03 1.37017519e+03
6.19328560e-07 4.88619005e+03 1.43412199e+03
6.19759566e-07 4.79896127e+03 1.41564673e+03
6.20190572e-07 4.62387125e+03 1.53984685e+03
6.20621578e-07 4.52489462e+03 1.48209980e+03
6.21052584e-07 4.54614237e+03 1.51078203e+03
6.21483589e-07 4.72612782e+03 1.45891000e+03
6.21914595e-07 5.08759674e+03 1.52077868e+03
6.22345601e-07 5.00523228e+03 1.55220082e+03
6.22776607e-07 4.69967941e+03 1.57963605e+03
6.23207613e-07 4.89119712e+03 1.90084076e+03
6.23638619e-07 4.51296367e+03 2.28614517e+03
6.24069625e-07 4.77351429e+03 2.02026825e+03
6.24500630e-07 4.70382495e+03 1.70902490e+03
6.24931636e-07 4.53119437e+03 1.59655477e+03
6.25362642e-07 4.39077798e+03 1.79577700e+03
6.25793648e-07 4.42849956e+03 2.12675248e+03
6.26224654e-07 5.21172064e+03 1.92760237e+03
6.26655660e-07 4.89931607e+03 1.77943049e+03
6.27086666e-07 4.81078731e+03 1.60750935e+03
6.27517672e-07 4.63070197e+03 1.50717137e+03
6.27948677e-07 4.62678210e+03 1.55320931e+03
6.28379683e-07 4.71784496e+03 1.61003525e+03
6.28810689e-07 4.45538692e+03 1.92684232e+03
6.29241695e-07 4.87903991e+03 2.79546496e+03
6.29672701e-07 4.31535314e+03 6.54242433e+03
6.30103707e-07 3.27663459e+03 9.22503357e+03
6.30534713e-07 4.20138768e+03 5.89251787e+03
6.30965718e-07 4.32612406e+03 2.69513243e+03
6.31396724e-07 4.44611954e+03 1.60658740e+03
6.31827730e-07 4.48447245e+03 1.52892566e+03
6.32258736e-07 4.50398897e+03 1.71047007e+03
6.32689742e-07 4.73085012e+03 1.89363418e+03
6.33120748e-07 5.03772909e+03 1.96929497e+03
6.33551754e-07 4.92010893e+03 1.68688558e+03
6.33982760e-07 4.60549167e+03 1.53626613e+03
6.34413765e-07 4.49843481e+03 1.54894062e+03
6.34844771e-07 4.49514090e+03 1.68393275e+03
6.35275777e-07 4.39026463e+03 1.80269511e+03
6.35706783e-07 4.71401119e+03 2.36739623e+03
6.36137789e-07 4.95844710e+03 3.74744366e+03
6.36568795e-07 4.78674952e+03 3.75472258e+03
6.36999801e-07 5.07020192e+03 2.32900503e+03
6.37430806e-07 5.11375077e+03 1.53909643e+03
6.37861812e-07 5.30743474e+03 1.52479559e+03
6.38292818e-07 4.96195943e+03 1.64242818e+03
6.38723824e-07 4.93421351e+03 1.62736791e+03
6.39154830e-07 5.31024905e+03 1.48971543e+03
6.39585836e-07 5.17593489e+03 1.34330025e+03
6.40016842e-07 4.85309916e+03 1.32753872e+03
6.40447848e-07 4.61961807e+03 1.38824282e+03
6.40878853e-07 5.21311838e+03 1.41149400e+03
6.41309859e-07 4.82296938e+03 1.43894723e+03
6.41740865e-07 5.00654758e+03 1.45907529e+03
6.42171871e-07 5.41771716e+03 1.52884446e+03
6.42602877e-07 5.44769303e+03 1.36817432e+03
6.43033883e-07 5.29629626e+03 1.40537189e+03
6.43464889e-07 4.97948201e+03 1.40308827e+03
6.43895894e-07 4.84046142e+03 1.41996161e+03
6.44326900e-07 4.36590850e+03 1.34073274e+03
6.44757906e-07 4.57344083e+03 1.42089152e+03
6.45188912e-07 5.17903065e+03 1.53563142e+03
6.45619918e-07 5.21655458e+03 1.57511152e+03
6.46050924e-07 5.08007279e+03 1.66471549e+03
6.46481930e-07 4.85690229e+03 2.04718926e+03
6.46912935e-07 4.89064262e+03 1.98708369e+03
6.47343941e-07 4.73965520e+03 1.83799808e+03
6.47774947e-07 4.77258119e+03 1.67855848e+03
6.48205953e-07 5.55570946e+03 1.39990458e+03
6.48636959e-07 5.38773395e+03 1.29682951e+03
6.49067965e-07 5.57177282e+03 1.47768928e+03
6.49498971e-07 5.38623785e+03 1.89644461e+03
6.49929977e-07 5.20919505e+03 2.19230855e+03
6.50360982e-07 5.53575110e+03 2.03163108e+03
6.50791988e-07 5.20118917e+03 1.69862837e+03
6.51222994e-07 5.42760057e+03 1.53147352e+03
6.51654000e-07 5.62048187e+03 1.46855242e+03
6.52085006e-07 5.93621418e+03 1.55006914e+03
6.52516012e-07 5.58079519e+03 1.59574413e+03
6.52947018e-07 6.02641319e+03 1.90230308e+03
6.53378023e-07 5.54378573e+03 2.01164350e+03
6.53809029e-07 5.80719749e+03 1.84766550e+03
6.54240035e-07 5.91580607e+03 1.73197021e+03
6.54671041e-07 5.80755218e+03 1.75992005e+03
6.55102047e-07 5.61127260e+03 2.04622571e+03
6.55533053e-07 5.42947862e+03 2.12738309e+03
6.55964059e-07 5.53073491e+03 1.70365050e+03
6.56395065e-07 5.70961517e+03 1.54838252e+03
6.56826070e-07 5.35257812e+03 1.62603994e+03
6.57257076e-07 5.09894393e+03 1.85802800e+03
6.57688082e-07 5.70924304e+03 1.98985399e+03
6.58119088e-07 6.30893326e+03 1.77147587e+03
6.58550094e-07 6.34428249e+03 1.54544776e+03
6.58981100e-07 5.94991274e+03 1.50562023e+03
6.59412106e-07 5.70959318e+03 1.47403462e+03
6.59843111e-07 5.21308273e+03 1.62131759e+03
6.60274117e-07 4.94648776e+03 1.74230376e+03
6.60705123e-07 5.03829829e+03 1.72403226e+03
6.61136129e-07 5.61717491e+03 1.56826362e+03
6.61567135e-07 5.70819044e+03 1.49434281e+03
6.61998141e-07 5.49040228e+03 1.41480824e+03
6.62429147e-07 5.63152501e+03 1.55251237e+03
6.62860152e-07 5.06609618e+03 1.50132970e+03
6.63291158e-07 5.44680413e+03 1.58877344e+03
6.63722164e-07 5.63048445e+03 1.54857621e+03
6.64153170e-07 5.96347911e+03 1.43754671e+03
6.64584176e-07 5.26625764e+03 1.39875465e+03
6.65015182e-07 5.65380318e+03 1.40088803e+03
6.65446188e-07 6.11419398e+03 1.49947073e+03
6.65877194e-07 5.59800723e+03 1.43332726e+03
6.66308199e-07 6.10394438e+03 1.43677976e+03
6.66739205e-07 5.58116001e+03 1.43298685e+03
6.67170211e-07 5.34426019e+03 1.57409568e+03
6.67601217e-07 5.78754773e+03 1.44147051e+03
6.68032223e-07 5.63193885e+03 1.44584834e+03
6.68463229e-07 5.78165792e+03 1.39999357e+03
6.68894235e-07 5.82344530e+03 1.43745779e+03
6.69325240e-07 5.68590601e+03 1.52203516e+03
6.69756246e-07 5.82140019e+03 1.48545971e+03
6.70187252e-07 6.45095980e+03 1.50976886e+03
6.70618258e-07 5.43756187e+03 1.51078921e+03
6.71049264e-07 5.57707313e+03 1.51056910e+03
6.71480270e-07 5.45571623e+03 1.48659481e+03
6.71911276e-07 5.46808679e+03 1.49143364e+03
6.72342282e-07 5.96518517e+03 1.35711362e+03
6.72773287e-07 5.32028348e+03 1.42403128e+03
6.73204293e-07 5.34441477e+03 1.52132140e+03
6.73635299e-07 5.48655226e+03 1.53437090e+03
6.74066305e-07 5.38954376e+03 1.53812578e+03
6.74497311e-07 5.95464567e+03 1.50781306e+03
6.74928317e-07 5.93054071e+03 1.49178823e+03
6.75359323e-07 5.39579906e+03 1.41510591e+03
6.75790328e-07 5.64643330e+03 1.42918400e+03
6.76221334e-07 5.70135965e+03 1.41269070e+03
6.76652340e-07 5.82095281e+03 1.43625567e+03
6.77083346e-07 5.26912796e+03 1.42267887e+03
6.77514352e-07 5.69552906e+03 1.39909168e+03
6.77945358e-07 5.94577539e+03 1.39517221e+03
6.78376364e-07 5.68398104e+03 1.41833287e+03
6.78807370e-07 5.55093363e+03 1.43415223e+03
6.79238375e-07 5.87505167e+03 1.38442577e+03
6.79669381e-07 5.13292693e+03 1.37109567e+03
6.80100387e-07 5.59735317e+03 1.39158112e+03
6.80531393e-07 5.70857251e+03 1.42018444e+03
6.80962399e-07 5.43170987e+03 1.40182940e+03
6.81393405e-07 5.67099521e+03 1.35362152e+03
6.81824411e-07 6.18642634e+03 1.38866897e+03
6.82255416e-07 5.65214690e+03 1.82952540e+03
6.82686422e-07 5.58732805e+03 2.78333501e+03
6.83117428e-07 5.38754313e+03 3.36204022e+03
6.83548434e-07 5.44016021e+03 2.94676614e+03
6.83979440e-07 5.39220357e+03 2.23987443e+03
6.84410446e-07 5.41289235e+03 1.65940043e+03
6.84841452e-07 5.50558895e+03 1.55976420e+03
6.85272457e-07 5.90622046e+03 1.55458994e+03
6.85703463e-07 5.93804566e+03 1.97977309e+03
6.86134469e-07 6.21527586e+03 3.10667725e+03
6.86565475e-07 5.13836259e+03 3.28457211e+03
6.86996481e-07 4.14392401e+03 2.10724001e+03
6.87427487e-07 4.17313235e+03 1.43385994e+03
6.87858493e-07 5.13509899e+03 1.45730205e+03
6.88289499e-07 4.91614568e+03 1.61059006e+03
6.88720504e-07 4.93361434e+03 1.70872060e+03
6.89151510e-07 4.65850028e+03 1.67065463e+03
6.89582516e-07 4.70288609e+03 1.65941344e+03
6.90013522e-07 5.04279861e+03 1.83115269e+03
6.90444528e-07 5.49548696e+03 1.61188911e+03
6.90875534e-07 5.27029759e+03 1.71461196e+03
6.91306540e-07 4.75540877e+03 1.88446138e+03
6.91737545e-07 5.04663881e+03 2.10437076e+03
6.92168551e-07 5.28471511e+03 2.47386472e+03
6.92599557e-07 5.57352981e+03 2.20757438e+03
6.93030563e-07 5.42208708e+03 1.61278745e+03
6.93461569e-07 5.30689845e+03 1.59801517e+03
6.93892575e-07 5.18866989e+03 1.87908133e+03
6.94323581e-07 5.07034018e+03 2.14748929e+03
6.94754587e-07 5.50008927e+03 2.52577145e+03
6.95185592e-07 5.31117426e+03 2.37453828e+03
6.95616598e-07 5.08938273e+03 1.64451207e+03
6.96047604e-07 5.77910846e+03 1.44321875e+03
6.96478610e-07 5.95941885e+03 1.65249358e+03
6.96909616e-07 5.78936384e+03 1.95798128e+03
6.97340622e-07 5.69803794e+03 2.07225378e+03
6.97771628e-07 5.62841848e+03 2.34218206e+03
6.98202633e-07 5.61978731e+03 2.07133999e+03
6.98633639e-07 5.58075241e+03 1.54219757e+03
6.99064645e-07 5.45723120e+03 1.45351707e+03
6.99495651e-07 5.07738461e+03 1.49054540e+03
6.99926657e-07 4.99658095e+03 1.58104676e+03
7.00357663e-07 5.40414298e+03 1.68382516e+03
7.00788669e-07 5.33410288e+03 1.71920512e+03
7.01219674e-07 5.54182399e+03 1.65878383e+03
7.01650680e-07 5.42832170e+03 1.49472658e+03
7.02081686e-07 5.39920415e+03 1.32898785e+03
7.02512692e-07 5.56341469e+03 1.36106897e+03
7.02943698e-07 5.29967928e+03 1.39514448e+03
7.03374704e-07 5.68934443e+03 1.29343143e+03
7.03805710e-07 5.29503694e+03 1.39757914e+03
7.04236716e-07 5.26677284e+03 1.61144642e+03
7.04667721e-07 5.77530116e+03 1.82753389e+03
7.05098727e-07 6.04158603e+03 1.93140097e+03
7.05529733e-07 5.47988034e+03 1.65414164e+03
7.05960739e-07 5.61826798e+03 1.55074917e+03
7.06391745e-07 5.74898673e+03 1.55395150e+03
7.06822751e-07 5.62528467e+03 1.61825941e+03
7.07253757e-07 5.56099481e+03 1.55818743e+03
7.07684762e-07 5.77865318e+03 1.54739451e+03
7.08115768e-07 6.22459305e+03 1.55600761e+03
7.08546774e-07 6.26682528e+03 1.63337259e+03
7.08977780e-07 5.64107014e+03 1.61616367e+03
7.09408786e-07 5.83290631e+03 1.50513262e+03
7.09839792e-07 5.71098077e+03 1.40963266e+03
7.10270798e-07 5.74865710e+03 1.42541521e+03
7.10701804e-07 5.64232520e+03 1.44864650e+03
7.11132809e-07 5.76613273e+03 1.39927868e+03
7.11563815e-07 5.90254620e+03 1.34995636e+03
7.11994821e-07 5.58454555e+03 1.41603207e+03
7.12425827e-07 5.62523070e+03 1.43423886e+03
7.12856833e-07 5.78990807e+03 1.47302910e+03
7.13287839e-07 5.88941146e+03 1.51832295e+03
7.13718845e-07 5.71445290e+03 1.51820641e+03
7.14149850e-07 5.71418941e+03 1.62128088e+03
7.14580856e-07 5.38555531e+03 1.66210856e+03
7.15011862e-07 5.25127676e+03 1.52200447e+03
7.15442868e-07 5.52710693e+03 1.45237519e+03
7.15873874e-07 5.65824007e+03 1.50897195e+03
7.16304880e-07 5.55287591e+03 1.45233638e+03
7.16735886e-07 5.08484807e+03 1.40314228e+03
7.17166891e-07 4.69427847e+03 1.38470419e+03
7.17597897e-07 4.75748056e+03 1.30496849e+03
7.18028903e-07 4.25189055e+03 1.32657028e+03
7.18459909e-07 4.15057945e+03 1.19451148e+03
7.18890915e-07 4.10361440e+03 1.09612046e+03
7.19321921e-07 4.37747732e+03 1.09027596e+03
7.19752927e-07 4.21090543e+03 1.10652166e+03
7.20183933e-07 4.50694649e+03 1.11124458e+03
7.20614938e-07 5.03666427e+03 1.13015532e+03
7.21045944e-07 4.96792102e+03 1.11789249e+03
7.21476950e-07 5.16828936e+03 1.19981763e+03
7.21907956e-07 5.09538065e+03 1.23861111e+03
7.22338962e-07 4.97253126e+03 1.32150408e+03
7.22769968e-07 4.70873548e+03 1.34738837e+03
7.23200974e-07 4.80549840e+03 1.52896990e+03
7.23631979e-07 4.25623293e+03 3.04197257e+03
7.24062985e-07 4.39491716e+03 5.09148660e+03
7.24493991e-07 4.97184218e+03 5.06762111e+03
7.24924997e-07 4.83714070e+03 3.19705518e+03
7.25356003e-07 4.53592230e+03 2.04933692e+03
7.25787009e-07 4.69238045e+03 1.67542812e+03
7.26218015e-07 5.46118841e+03 1.35942037e+03
7.26649021e-07 4.37506927e+03 1.53244144e+03
7.27080026e-07 4.10403717e+03 2.68674687e+03
7.27511032e-07 5.15339816e+03 4.67482194e+03
7.27942038e-07 5.23740142e+03 4.46851792e+03
7.28373044e-07 5.29614530e+03 3.49798164e+03
7.28804050e-07 4.79872896e+03 2.57985053e+03
7.29235056e-07 4.52086174e+03 1.83367243e+03
7.29666062e-07 4.67693434e+03 1.85336591e+03
7.30097067e-07 4.58396582e+03 2.22342856e+03
7.30528073e-07 5.41797125e+03 2.09357803e+03
7.30959079e-07 4.55272931e+03 2.27036583e+03
7.31390085e-07 4.65236968e+03 3.86193940e+03
7.31821091e-07 5.93996695e+03 4.01802688e+03
7.32252097e-07 4.59196260e+03 2.61451588e+03
7.32683103e-07 6.28698827e+03 2.50115238e+03
7.33114109e-07 6.85045412e+03 2.69883550e+03
7.33545114e-07 6.54805467e+03 3.11563325e+03
7.33976120e-07 8.39495791e+03 4.81967003e+03
7.34407126e-07 8.10806037e+03 4.25422738e+03
7.34838132e-07 1.12775926e+04 2.15588966e+03
7.35269138e-07 2.10681490e+04 2.04923866e+03
7.35700144e-07 2.27432314e+04 2.66138836e+03
7.36131150e-07 1.18627314e+04 2.68854019e+03
7.36562155e-07 6.73166891e+03 3.25052635e+03
7.36993161e-07 6.57265390e+03 4.05490367e+03
7.37424167e-07 8.93950114e+03 2.75444140e+03
7.37855173e-07 1.21252855e+04 1.62521714e+03
7.38286179e-07 9.76179781e+03 1.49492525e+03
7.38717185e-07 6.16533511e+03 1.74577162e+03
7.39148191e-07 5.89808217e+03 2.22092754e+03
7.39579196e-07 5.49203490e+03 2.48210715e+03
7.40010202e-07 5.24544117e+03 3.15511339e+03
7.40441208e-07 5.89660286e+03 2.86423583e+03
7.40872214e-07 5.40002858e+03 1.77017874e+03
7.41303220e-07 4.32788501e+03 1.53721608e+03
7.41734226e-07 4.96827427e+03 1.43293049e+03
7.42165232e-07 5.17336913e+03 1.47885841e+03
7.42596238e-07 5.21443255e+03 1.59106443e+03
7.43027243e-07 5.12427653e+03 1.93650382e+03
7.43458249e-07 5.44633029e+03 2.26305428e+03
7.43889255e-07 5.45586345e+03 2.39205835e+03
7.44320261e-07 4.21022084e+03 1.92637337e+03
7.44751267e-07 5.17473689e+03 1.36781066e+03
7.45182273e-07 5.09333148e+03 1.31233409e+03
7.45613279e-07 5.06920047e+03 1.53274871e+03
7.46044284e-07 5.77871746e+03 1.65830491e+03
7.46475290e-07 4.88652131e+03 1.93441542e+03
7.46906296e-07 5.39233260e+03 2.21802022e+03
7.47337302e-07 5.02472943e+03 2.53263627e+03
7.47768308e-07 5.04209064e+03 2.74226471e+03
7.48199314e-07 5.06322549e+03 2.82731267e+03
7.48630320e-07 4.80288629e+03 2.32869870e+03
7.49061326e-07 5.18982137e+03 1.73774450e+03
7.49492331e-07 5.35235079e+03 1.64974959e+03
7.49923337e-07 5.26975763e+03 1.53223414e+03
7.50354343e-07 5.58532324e+03 1.39559798e+03
7.50785349e-07 5.06087821e+03 1.35379664e+03
7.51216355e-07 4.70943473e+03 1.38380957e+03
7.51647361e-07 4.64787926e+03 1.81343549e+03
7.52078367e-07 6.42386638e+03 3.03376869e+03
7.52509372e-07 7.65174949e+03 3.91992854e+03
7.52940378e-07 7.80361148e+03 2.91701544e+03
7.53371384e-07 7.14422274e+03 2.04908856e+03
7.53802390e-07 6.05481804e+03 1.73568737e+03
7.54233396e-07 7.06661976e+03 1.56163483e+03
7.54664402e-07 7.14668314e+03 1.51687432e+03
7.55095408e-07 5.41127653e+03 1.56407892e+03
7.55526413e-07 4.69111493e+03 1.80993277e+03
7.55957419e-07 4.57663812e+03 1.85264854e+03
7.56388425e-07 5.27347503e+03 1.77430306e+03
7.56819431e-07 5.24580552e+03 2.60736969e+03
7.57250437e-07 4.63181013e+03 3.23923598e+03
7.57681443e-07 4.85562214e+03 2.21255574e+03
7.58112449e-07 4.69119043e+03 1.67749663e+03
7.58543455e-07 4.50493574e+03 1.90977992e+03
7.58974460e-07 4.38371308e+03 1.74897441e+03
7.59405466e-07 3.03498791e+03 1.42201289e+03
7.59836472e-07 1.88866606e+03 1.18901775e+03
7.60267478e-07 8.76004121e+02 8.97397728e+02
7.60698484e-07 1.65782883e+03 6.68038896e+02
7.61129490e-07 1.71934144e+03 8.74687371e+02
7.61560496e-07 3.04181446e+03 1.31621144e+03
7.61991501e-07 3.10437499e+03 1.60619447e+03
7.62422507e-07 2.86910613e+03 1.50711074e+03
7.62853513e-07 3.07693166e+03 1.55312502e+03
7.63284519e-07 2.92564546e+03 1.33998275e+03
7.63715525e-07 2.90940487e+03 1.04320431e+03
7.64146531e-07 3.08372580e+03 1.02030642e+03
7.64577537e-07 2.78082726e+03 1.12281469e+03
7.65008543e-07 2.96626473e+03 1.24362591e+03
7.65439548e-07 3.41355710e+03 1.32383444e+03
7.65870554e-07 4.03678454e+03 1.57221037e+03
7.66301560e-07 3.85848825e+03 1.65699823e+03
7.66732566e-07 3.97102628e+03 1.47780624e+03
7.67163572e-07 3.93795901e+03 1.32673343e+03
7.67594578e-07 4.60788680e+03 1.24855844e+03
7.68025584e-07 4.93002804e+03 1.36965920e+03
7.68456589e-07 5.23403771e+03 1.60994513e+03
7.68887595e-07 5.46981089e+03 1.60797336e+03
7.69318601e-07 5.17132737e+03 1.68518125e+03
7.69749607e-07 4.61334894e+03 1.78036569e+03
7.70180613e-07 5.30802930e+03 1.75287820e+03
7.70611619e-07 5.17255257e+03 2.36166036e+03
7.71042625e-07 5.97335389e+03 5.39577510e+03
7.71473630e-07 5.57123847e+03 8.01163683e+03
7.71904636e-07 5.35566785e+03 6.54374348e+03
7.72335642e-07 5.46675005e+03 4.01094580e+03
7.72766648e-07 5.49027552e+03 2.73099249e+03
7.73197654e-07 5.93623242e+03 2.07420952e+03
7.73628660e-07 5.28338009e+03 1.79837331e+03
7.74059666e-07 5.22674928e+03 1.87677937e+03
7.74490672e-07 6.18838655e+03 3.23115804e+03
7.74921677e-07 5.43889721e+03 6.76833366e+03
7.75352683e-07 5.95957152e+03 6.49823376e+03
7.75783689e-07 6.24745762e+03 4.29106818e+03
7.76214695e-07 5.53093308e+03 3.36914460e+03
7.76645701e-07 5.72225761e+03 2.24140387e+03
7.77076707e-07 5.48911744e+03 2.66039289e+03
7.77507713e-07 4.58095216e+03 3.40098979e+03
7.77938718e-07 4.63295355e+03 3.26202955e+03
7.78369724e-07 4.43319874e+03 2.68472476e+03
7.78800730e-07 5.28181183e+03 2.88661854e+03
7.79231736e-07 5.27603737e+03 5.21677426e+03
7.79662742e-07 4.60109331e+03 5.09545902e+03
7.80093748e-07 5.13027664e+03 2.74406794e+03
7.80524754e-07 5.44715647e+03 2.68465736e+03
7.80955760e-07 5.22819940e+03 3.28464546e+03
7.81386765e-07 5.95879513e+03 2.96677062e+03
7.81817771e-07 6.18028728e+03 4.85075658e+03
7.82248777e-07 4.63684808e+03 6.53939601e+03
7.82679783e-07 5.77912979e+03 3.65332404e+03
7.83110789e-07 4.94357742e+03 1.88142202e+03
7.83541795e-07 4.29656715e+03 2.02016863e+03
7.83972801e-07 4.79815278e+03 2.76454029e+03
7.84403806e-07 5.04847075e+03 2.96039047e+03
7.84834812e-07 6.48519993e+03 4.07925473e+03
7.85265818e-07 5.29725333e+03 6.74936641e+03
7.85696824e-07 5.23137395e+03 6.41445725e+03
7.86127830e-07 5.45827978e+03 4.48545603e+03
7.86558836e-07 5.60265215e+03 3.77119153e+03
7.86989842e-07 5.31902853e+03 4.19109871e+03
7.87420848e-07 5.66837694e+03 3.65028083e+03
7.87851853e-07 4.76918630e+03 3.40882632e+03
7.88282859e-07 4.67920747e+03 3.49575321e+03
7.88713865e-07 5.28920460e+03 4.08884809e+03
7.89144871e-07 5.27562197e+03 4.19466193e+03
7.89575877e-07 4.88342865e+03 2.68283258e+03
7.90006883e-07 4.48466842e+03 1.74582405e+03
7.90437889e-07 5.71588442e+03 1.52765960e+03
7.90868894e-07 5.84399225e+03 3.86115616e+03
7.91299900e-07 5.87121706e+03 7.18265059e+03
7.91730906e-07 5.92036927e+03 7.17463029e+03
7.92161912e-07 7.90167444e+03 4.19151250e+03
7.92592918e-07 5.82963728e+03 9.60453685e+02
