1.35860000e-01
3.61197000e-07 1.30155586e+00 2.90027165e+02
3.61628030e-07 6.55498304e+01 3.29435503e+02
3.62059061e-07 8.45320786e+01 3.46599735e+02
3.62490091e-07 6.61996069e+01 3.83392838e+02
3.62921121e-07 6.09248989e+01 3.50396720e+02
3.63352152e-07 5.81257187e+01 3.38747009e+02
3.63783182e-07 3.54521203e+01 3.51953266e+02
3.64214212e-07 9.33245794e+01 3.66330863e+02
3.64645242e-07 8.41277988e+01 3.49588824e+02
3.65076273e-07 3.30624398e+01 3.43175867e+02
3.65507303e-07 3.21798573e+01 3.42801233e+02
3.66369364e-07 9.80930146e+01 3.85641924e+02
3.66800394e-07 1.22670658e+01 3.35424041e+02
3.67231424e-07 3.39426036e+01 3.62847679e+02
3.67662455e-07 1.04707232e+02 3.41179848e+02
3.68093485e-07 1.55357859e+01 3.12542807e+02
3.68524515e-07 8.95348353e+01 3.77736401e+02
3.69817606e-07 1.51926232e+01 3.53833443e+02
3.70248636e-07 5.35158706e+01 3.87932641e+02
3.70679667e-07 1.31347542e+02 4.24756009e+02
3.71110697e-07 5.76245568e+01 3.72791098e+02
3.71541727e-07 1.88579713e+00 3.42244699e+02
3.73265848e-07 1.02714361e+01 3.27785148e+02
3.73696879e-07 7.35335375e+01 3.63639055e+02
3.74127909e-07 8.13775370e+01 3.70263386e+02
3.74558939e-07 1.42226691e+01 3.33803345e+02
3.74989970e-07 1.04935599e+02 3.74255603e+02
3.75421000e-07 5.31261695e+01 3.90210264e+02
3.75852030e-07 8.76404502e+01 3.88592697e+02
3.76283061e-07 8.41823092e+01 3.49510396e+02
3.76714091e-07 5.97691041e+01 3.64494304e+02
3.77145121e-07 1.30215560e+02 4.13186477e+02
3.77576152e-07 1.54617377e+01 3.76434924e+02
3.78438212e-07 3.62308881e+01 3.58847224e+02
3.78869242e-07 1.49340449e+00 3.34161042e+02
3.79300273e-07 6.50568027e+01 3.80671546e+02
3.79731303e-07 1.34226080e+02 3.88096063e+02
3.80162333e-07 5.97413215e+01 3.42115161e+02
3.80593364e-07 1.00981152e+02 3.93760749e+02
3.81024394e-07 2.80645819e+01 3.62037686e+02
3.81455424e-07 7.90178157e+01 3.96344212e+02
3.81886455e-07 4.78255460e+01 3.51822349e+02
3.82317485e-07 2.46258380e+01 3.42835747e+02
3.82748515e-07 2.40140721e+01 3.37350440e+02
3.83179545e-07 1.00650788e+02 3.86291282e+02
3.83610576e-07 5.94770412e+01 3.57588179e+02
3.84041606e-07 5.35211664e+01 3.55880669e+02
3.85334697e-07 6.58425541e+01 7.27469645e+02
3.85765727e-07 8.78964826e+01 6.89106294e+02
3.86196758e-07 9.21163531e+01 3.63811481e+02
3.86627788e-07 4.71593321e+01 3.64676107e+02
3.87058818e-07 3.26505160e+01 3.61251453e+02
3.87489848e-07 7.46034025e+01 3.71115653e+02
3.87920879e-07 1.05777277e+02 3.71871826e+02
3.88351909e-07 2.41124753e+01 3.35701641e+02
3.88782939e-07 9.53732466e+01 3.71917394e+02
3.89645000e-07 5.39024461e+01 3.99867379e+02
3.90076030e-07 5.09841223e+01 4.09794627e+02
3.90938091e-07 2.44162600e+01 4.19092433e+02
3.91800152e-07 1.30409067e+01 3.95790321e+02
3.92231182e-07 7.68366437e+01 3.99708060e+02
3.92662212e-07 2.73127097e+01 3.50602524e+02
3.93093242e-07 4.17395557e+01 3.17415692e+02
3.93524273e-07 3.65233881e+01 3.06593154e+02
3.93955303e-07 2.42080227e+01 3.46244773e+02
3.94386333e-07 2.74423711e+01 3.90050076e+02
3.94817364e-07 4.84697606e+01 4.36269356e+02
3.95248394e-07 8.84347871e+01 4.44596965e+02
3.95679424e-07 9.45055059e+01 4.46994146e+02
3.96110455e-07 9.95011570e+01 4.13495983e+02
3.96541485e-07 1.46428507e+02 3.72942764e+02
3.96972515e-07 1.42746252e+02 3.53173603e+02
3.97403545e-07 7.41839838e+01 3.85221960e+02
3.97834576e-07 6.35908711e+01 4.47481644e+02
3.98265606e-07 5.71543103e+01 4.69873509e+02
3.98696636e-07 1.50594646e+02 4.90415681e+02
3.99127667e-07 1.45090683e+02 5.05967174e+02
3.99558697e-07 1.15780411e+02 4.97098227e+02
3.99989727e-07 9.60371914e+01 5.16559811e+02
4.00420758e-07 1.23386642e+02 5.35604474e+02
4.00851788e-07 4.37796568e+01 5.29924655e+02
4.01282818e-07 2.63121992e+01 5.36273941e+02
4.01713848e-07 1.12100361e+02 5.39782902e+02
4.02144879e-07 1.08470714e+02 5.39257573e+02
4.02575909e-07 1.35543729e+02 5.35858381e+02
4.03006939e-07 6.13623120e+01 5.20817128e+02
4.03437970e-07 7.96264771e+01 5.22932827e+02
4.03869000e-07 2.65542801e+01 5.16038047e+02
4.04300030e-07 1.16110236e+02 5.54665002e+02
4.04731061e-07 1.59284688e+02 5.56631025e+02
4.05162091e-07 6.28356171e+01 5.15440391e+02
4.05593121e-07 2.71798473e+01 5.29600541e+02
4.06024152e-07 4.13819853e+01 5.17454000e+02
4.06455182e-07 3.20730892e+01 5.16804774e+02
4.06886212e-07 3.32680701e+01 5.21263692e+02
4.07748273e-07 1.23049243e+01 5.43828701e+02
4.08179303e-07 1.57686100e+02 5.77446936e+02
4.08610333e-07 1.59341785e+02 5.74660406e+02
4.09041364e-07 1.12985810e+02 5.66299000e+02
4.09472394e-07 1.44304936e+02 5.53249149e+02
4.09903424e-07 1.38003690e+02 5.26086768e+02
4.10334455e-07 1.35158766e+02 5.27723606e+02
4.10765485e-07 4.85360553e+01 5.37004744e+02
4.11196515e-07 5.31122838e+01 5.50836399e+02
4.11627545e-07 1.11900640e+02 5.60258827e+02
4.12058576e-07 1.06821321e+02 5.69709122e+02
4.12489606e-07 1.12858197e+02 5.55789733e+02
4.12920636e-07 1.51150612e+02 5.78874300e+02
4.13351667e-07 1.50201931e+02 5.69770639e+02
4.13782697e-07 1.49800085e+02 5.81389405e+02
4.14213727e-07 1.76899827e+02 5.90116546e+02
4.14644758e-07 6.30179380e+01 5.42491971e+02
4.15075788e-07 8.46876073e+01 5.57711872e+02
4.15506818e-07 1.59301834e+02 5.91942666e+02
4.15937848e-07 1.05211149e+02 6.02423076e+02
4.16368879e-07 1.32813988e+02 6.26711043e+02
4.16799909e-07 1.05035140e+02 6.16821570e+02
4.17230939e-07 1.37219617e+02 6.10583566e+02
4.17661970e-07 1.67399507e+02 6.07917539e+02
4.18093000e-07 6.56684073e+01 5.91326280e+02
4.18524030e-07 7.81035163e+01 5.91650691e+02
4.18955061e-07 1.84516729e+02 6.04393251e+02
4.19386091e-07 8.29457439e+01 5.79169916e+02
4.19817121e-07 1.93156015e+02 5.90340509e+02
4.20248152e-07 2.17002873e+02 1.27245726e+03
4.20679182e-07 1.46651672e+02 1.29361211e+03
4.21110212e-07 1.41184113e+02 1.28796906e+03
4.21541242e-07 2.39164219e+02 1.32546315e+03
4.21972273e-07 4.07308458e+02 6.75898274e+02
4.22403303e-07 1.99532741e+02 6.00880166e+02
4.22834333e-07 2.09841923e+02 6.10006270e+02
4.23265364e-07 2.52076696e+02 6.41329370e+02
4.23696394e-07 7.26325861e+01 5.86566509e+02
4.24127424e-07 1.33348968e+02 6.08024733e+02
4.24558455e-07 1.73708514e+02 6.23180492e+02
4.24989485e-07 1.97428060e+02 6.51114207e+02
4.25420515e-07 1.18970515e+02 6.29960717e+02
4.25851545e-07 3.28235391e+01 6.10629967e+02
4.26282576e-07 1.13798021e+02 6.38108145e+02
4.26713606e-07 2.31762583e+02 6.72039464e+02
4.27144636e-07 2.15003542e+02 6.34492518e+02
4.27575667e-07 1.51474071e+02 6.23952930e+02
4.28006697e-07 2.56514822e+02 6.77329427e+02
4.28437727e-07 2.05652301e+02 6.42928798e+02
4.28868758e-07 2.29242468e+02 6.42415779e+02
4.29299788e-07 4.44318906e+02 7.03042767e+02
4.29730818e-07 3.74890674e+02 6.76769501e+02
4.30161848e-07 2.63313219e+02 6.15524141e+02
4.30592879e-07 2.28996408e+02 5.87060338e+02
4.31023909e-07 1.01835185e+02 5.83680523e+02
4.31454939e-07 1.52021898e+02 6.67766824e+02
4.31885970e-07 1.67000963e+02 7.16302076e+02
4.32317000e-07 2.41788578e+02 6.80058981e+02
4.32748030e-07 2.89593739e+02 6.90291442e+02
4.33179061e-07 2.69025259e+02 7.28376595e+02
4.33610091e-07 2.35456565e+02 7.00682654e+02
4.34041121e-07 1.61311119e+02 6.42682225e+02
4.34472152e-07 2.32166386e+02 7.01822196e+02
4.34903182e-07 1.36128980e+02 6.79444144e+02
4.35334212e-07 1.19339755e+02 7.05020401e+02
4.35765242e-07 1.00643643e+02 7.16898170e+02
4.36196273e-07 1.04222487e+02 7.57275903e+02
4.36627303e-07 2.62966211e+02 7.91753709e+02
4.37058333e-07 3.09995554e+02 7.72597770e+02
4.37489364e-07 1.51168410e+02 7.25659722e+02
4.37920394e-07 1.84794218e+02 7.42961140e+02
4.38351424e-07 2.47453912e+02 7.26993722e+02
4.38782455e-07 2.84923443e+02 7.48187082e+02
4.39213485e-07 2.22447940e+02 7.60926533e+02
4.39644515e-07 2.02849741e+02 7.64721242e+02
4.40075545e-07 2.81874188e+02 8.01927578e+02
4.40506576e-07 2.86901020e+02 8.00794793e+02
4.40937606e-07 1.81379492e+02 7.89424500e+02
4.41368636e-07 2.55616080e+02 8.20167474e+02
4.41799667e-07 2.78083817e+02 8.50757577e+02
4.42230697e-07 4.34864883e+02 8.85099033e+02
4.42661727e-07 4.35980300e+02 9.06356393e+02
4.43092758e-07 4.08114872e+02 8.96949687e+02
4.43523788e-07 2.71534721e+02 8.57771582e+02
4.43954818e-07 2.70071821e+02 8.69730184e+02
4.44385848e-07 3.57182797e+02 9.09412252e+02
4.44816879e-07 4.31995903e+02 9.15948207e+02
4.45247909e-07 3.78280512e+02 8.80304262e+02
4.45678939e-07 2.88998343e+02 8.20773446e+02
4.46109970e-07 2.95615199e+02 8.32309170e+02
4.46541000e-07 9.29839777e+01 7.80891717e+02
4.47403061e-07 2.01031155e+02 8.35653493e+02
4.47834091e-07 2.86078023e+02 8.63808052e+02
4.48265121e-07 3.77910427e+02 8.87900354e+02
4.48696152e-07 3.52926198e+02 8.94885927e+02
4.49127182e-07 3.07567139e+02 8.80554756e+02
4.49558212e-07 3.37120560e+02 8.74612078e+02
4.49989242e-07 2.41187981e+02 8.72726495e+02
4.50420273e-07 1.29859415e+02 8.37144363e+02
4.50851303e-07 8.26807191e+01 8.38703507e+02
4.51282333e-07 6.02059275e+01 8.25507758e+02
4.51713364e-07 3.32357869e+02 8.97107371e+02
4.52144394e-07 2.79080257e+02 9.18045049e+02
4.52575424e-07 3.52243643e+02 9.23967253e+02
4.53006455e-07 5.03800740e+02 9.76124201e+02
4.53437485e-07 4.12012187e+02 9.45670613e+02
4.53868515e-07 4.28148588e+02 9.92249682e+02
4.54299545e-07 4.50296211e+02 9.95069490e+02
4.54730576e-07 5.54373434e+02 1.01946166e+03
4.55161606e-07 7.44652350e+02 1.07410068e+03
4.55592636e-07 6.12718848e+02 1.04450675e+03
4.56023667e-07 5.95884134e+02 1.05857929e+03
4.56454697e-07 6.57114195e+02 1.06947194e+03
4.56885727e-07 6.15918839e+02 1.02605024e+03
4.57316758e-07 6.90760679e+02 1.08506241e+03
4.57747788e-07 5.53988510e+02 1.01094532e+03
4.58178818e-07 5.04590124e+02 1.02979953e+03
4.58609848e-07 5.41060093e+02 1.01672074e+03
4.59040879e-07 7.54713808e+02 1.11438525e+03
4.59471909e-07 3.64060700e+02 9.82264115e+02
4.59902939e-07 4.98203810e+02 1.01868054e+03
4.60333970e-07 6.10642107e+02 1.09685040e+03
4.60765000e-07 6.42403797e+02 1.07569888e+03
4.61196030e-07 4.84720488e+02 1.02394451e+03
4.61627061e-07 7.28159745e+02 1.10720109e+03
4.62058091e-07 5.43823789e+02 1.06078434e+03
4.62489121e-07 4.73995063e+02 1.03783168e+03
4.62920152e-07 5.31307956e+02 1.07711218e+03
4.63351182e-07 7.26620823e+02 1.16532415e+03
4.63782212e-07 5.83453472e+02 1.09348566e+03
4.64213242e-07 8.24936677e+02 1.16160381e+03
4.64644273e-07 6.94713384e+02 1.10236119e+03
4.65075303e-07 5.97546945e+02 1.07756894e+03
4.65506333e-07 6.58023924e+02 1.12352215e+03
4.65937364e-07 5.90762540e+02 1.14204010e+03
4.66368394e-07 4.72828278e+02 1.07226166e+03
4.66799424e-07 5.29133412e+02 1.10310010e+03
4.67230455e-07 5.56732865e+02 1.11556840e+03
4.67661485e-07 6.63516991e+02 1.16192573e+03
4.68092515e-07 9.69558399e+02 1.24093389e+03
4.68523545e-07 9.40242366e+02 1.22223577e+03
4.68954576e-07 6.07106389e+02 1.13428576e+03
4.69385606e-07 6.92605324e+02 1.14153374e+03
4.69816636e-07 6.71012156e+02 1.14393917e+03
4.70247667e-07 6.97057515e+02 1.16414463e+03
4.70678697e-07 9.23438463e+02 1.21233058e+03
4.71109727e-07 7.71883112e+02 1.19786565e+03
4.71540758e-07 6.83423064e+02 1.16473803e+03
4.71971788e-07 7.40570586e+02 1.20426775e+03
4.72402818e-07 8.01453784e+02 1.23366368e+03
4.72833848e-07 8.92353223e+02 1.26241235e+03
4.73264879e-07 8.59711684e+02 1.20282827e+03
4.73695909e-07 8.14904348e+02 1.21693388e+03
4.74126939e-07 6.92818414e+02 1.19341095e+03
4.74557970e-07 5.52949157e+02 1.13992641e+03
4.74989000e-07 6.72162396e+02 1.15588441e+03
4.75420030e-07 6.80718750e+02 1.17715985e+03
4.75851061e-07 7.83471506e+02 1.18290015e+03
4.76282091e-07 8.94434423e+02 1.23251684e+03
4.76713121e-07 8.85017078e+02 1.22481088e+03
4.77144152e-07 7.62471931e+02 1.25472035e+03
4.77575182e-07 7.65577571e+02 1.22890427e+03
4.78006212e-07 9.66172463e+02 1.31447760e+03
4.78437242e-07 9.63283872e+02 1.32518663e+03
4.78868273e-07 9.99063850e+02 1.28045120e+03
4.79299303e-07 8.67741381e+02 1.26973673e+03
4.79730333e-07 8.25499197e+02 1.27875958e+03
4.80161364e-07 8.73401368e+02 1.30703545e+03
4.80592394e-07 8.47426496e+02 1.27584343e+03
4.81023424e-07 8.55053828e+02 1.31430092e+03
4.81454455e-07 9.37446869e+02 1.32801693e+03
4.81885485e-07 9.44591984e+02 1.35976897e+03
4.82316515e-07 1.08136358e+03 1.41152543e+03
4.82747545e-07 9.77227130e+02 1.37970179e+03
4.83178576e-07 8.92144617e+02 1.35428851e+03
4.83609606e-07 9.08229825e+02 1.35815199e+03
4.84040636e-07 8.90648150e+02 1.34449973e+03
4.84471667e-07 9.29191700e+02 1.34158679e+03
4.84902697e-07 8.97868899e+02 1.33973569e+03
4.85333727e-07 1.00485486e+03 1.30866190e+03
4.85764758e-07 9.31579030e+02 1.23787326e+03
4.86195788e-07 9.01793980e+02 1.20560979e+03
4.86626818e-07 9.02035491e+02 1.23812270e+03
4.87057848e-07 9.03731167e+02 1.27184027e+03
4.87488879e-07 8.74972669e+02 1.29065287e+03
4.87919909e-07 9.83086900e+02 1.31168600e+03
4.88350939e-07 9.14123823e+02 1.31854068e+03
4.88781970e-07 7.48289219e+02 1.22590192e+03
4.89213000e-07 6.79822868e+02 1.23455826e+03
4.89644030e-07 7.06786660e+02 1.28847410e+03
4.90075061e-07 8.97011459e+02 1.32264626e+03
4.90506091e-07 1.11261644e+03 1.38305285e+03
4.90937121e-07 1.10568418e+03 1.38178931e+03
4.91368152e-07 9.88460539e+02 1.34057019e+03
4.91799182e-07 1.15694870e+03 1.37003014e+03
4.92230212e-07 1.29406275e+03 1.42121157e+03
4.92661242e-07 1.05134335e+03 1.35572064e+03
4.93092273e-07 8.70630695e+02 1.32272616e+03
4.93523303e-07 1.05762234e+03 1.39213123e+03
4.93954333e-07 1.16347419e+03 1.40644969e+03
4.94385364e-07 1.16149738e+03 1.45871685e+03
4.94816394e-07 1.12704925e+03 1.42354176e+03
4.95247424e-07 1.20856309e+03 1.43053053e+03
4.95678455e-07 1.33755199e+03 1.48143080e+03
4.96109485e-07 1.25935104e+03 1.50101305e+03
4.96540515e-07 1.21977918e+03 1.50414358e+03
4.96971545e-07 9.23400588e+02 1.39635846e+03
4.97402576e-07 9.64029956e+02 1.41594308e+03
4.97833606e-07 1.02949170e+03 1.38187525e+03
4.98264636e-07 1.00609673e+03 1.39836253e+03
4.98695667e-07 1.25342193e+03 1.49579814e+03
4.99126697e-07 1.33387336e+03 1.50054438e+03
4.99557727e-07 1.15230091e+03 1.47707070e+03
4.99988758e-07 1.14051039e+03 1.43006569e+03
5.00419788e-07 1.06850564e+03 1.40491105e+03
5.00850818e-07 1.10772184e+03 1.42292222e+03
5.01281848e-07 1.32813987e+03 1.48261695e+03
5.01712879e-07 1.29522181e+03 1.48203459e+03
5.02143909e-07 1.29171821e+03 1.48918286e+03
5.02574939e-07 1.13786874e+03 2.74108892e+03
5.03005970e-07 1.15778520e+03 2.75382218e+03
5.03437000e-07 1.17613176e+03 2.78225301e+03
5.03868030e-07 1.40359402e+03 2.79062072e+03
5.04299061e-07 1.69117208e+03 1.65370355e+03
5.04730091e-07 1.23841096e+03 1.50941302e+03
5.05161121e-07 1.35288554e+03 1.55056377e+03
5.05592152e-07 1.33179923e+03 1.56542902e+03
5.06023182e-07 1.37602643e+03 1.57942796e+03
5.06454212e-07 1.34864776e+03 1.54335334e+03
5.06885242e-07 1.30522682e+03 1.52399450e+03
5.07316273e-07 1.58054810e+03 1.58180622e+03
5.07747303e-07 1.31057865e+03 1.53308250e+03
5.08178333e-07 1.55576680e+03 1.62184665e+03
5.08609364e-07 1.63364039e+03 1.63433654e+03
5.09040394e-07 1.42317127e+03 1.57335648e+03
5.09471424e-07 1.39886179e+03 1.60560808e+03
5.09902455e-07 1.70557906e+03 1.66861328e+03
5.10333485e-07 1.47651978e+03 1.58675995e+03
5.10764515e-07 1.47307920e+03 1.57300347e+03
5.11195545e-07 1.53172401e+03 1.63279313e+03
5.11626576e-07 1.61695212e+03 1.67645696e+03
5.12057606e-07 1.78326188e+03 1.66482163e+03
5.12488636e-07 1.60430769e+03 1.63215597e+03
5.12919667e-07 1.74915941e+03 1.66637240e+03
5.13350697e-07 1.78468073e+03 1.72862025e+03
5.13781727e-07 1.59071914e+03 1.65149125e+03
5.14212758e-07 1.17482700e+03 1.55878289e+03
5.14643788e-07 1.38502015e+03 1.60212649e+03
5.15074818e-07 1.31076073e+03 1.61010199e+03
5.15505848e-07 1.31010369e+03 1.61792471e+03
5.15936879e-07 1.57026533e+03 1.67301948e+03
5.16367909e-07 1.60179493e+03 1.64851207e+03
5.16798939e-07 1.55682043e+03 1.56080352e+03
5.17229970e-07 1.72091327e+03 1.62958365e+03
5.17661000e-07 2.06117943e+03 1.74963026e+03
5.18092030e-07 1.96079881e+03 1.73214540e+03
5.18523061e-07 1.73784366e+03 1.70615142e+03
5.18954091e-07 1.51464691e+03 1.69577332e+03
5.19385121e-07 1.64794676e+03 1.85226834e+03
5.19816152e-07 1.84304459e+03 1.95011454e+03
5.20247182e-07 1.87867323e+03 1.95747984e+03
5.20678212e-07 1.66878411e+03 1.79933968e+03
5.21109242e-07 1.60020937e+03 1.71729571e+03
5.21540273e-07 1.84794884e+03 1.78339224e+03
5.21971303e-07 1.98457426e+03 1.85328295e+03
5.22402333e-07 1.68223115e+03 1.81095049e+03
5.22833364e-07 1.69636025e+03 1.80530395e+03
5.23264394e-07 1.81966767e+03 1.78930837e+03
5.23695424e-07 1.86685546e+03 1.83867539e+03
5.24126455e-07 1.83962392e+03 1.87090924e+03
5.24557485e-07 1.76567696e+03 1.83796847e+03
5.24988515e-07 1.84617704e+03 1.83389286e+03
5.25419545e-07 1.93231835e+03 1.90786521e+03
5.25850576e-07 1.92937704e+03 1.89778725e+03
5.26281606e-07 2.15991153e+03 1.85089230e+03
5.26712636e-07 1.95250500e+03 1.77644149e+03
5.27143667e-07 1.71323539e+03 1.77108715e+03
5.27574697e-07 1.89586767e+03 1.84709221e+03
5.28005727e-07 1.80570511e+03 1.81264055e+03
5.28436758e-07 2.10487730e+03 1.91390479e+03
5.28867788e-07 1.91382097e+03 1.89773639e+03
5.29298818e-07 1.92580842e+03 1.90563322e+03
5.29729848e-07 1.71644295e+03 1.84335954e+03
5.30160879e-07 1.83626231e+03 1.87264803e+03
5.30591909e-07 1.63014544e+03 1.84631676e+03
5.31022939e-07 1.84184670e+03 1.89401359e+03
5.31453970e-07 1.95533532e+03 1.92897405e+03
5.31885000e-07 1.91741730e+03 1.88789010e+03
5.32316030e-07 1.73210575e+03 1.85625895e+03
5.32747061e-07 1.94926948e+03 1.93793708e+03
5.33178091e-07 1.92376369e+03 1.93615534e+03
5.33609121e-07 1.75885059e+03 1.85086553e+03
5.34040152e-07 1.73560902e+03 1.84068341e+03
5.34471182e-07 1.82160681e+03 1.89720991e+03
5.34902212e-07 1.90839925e+03 1.92136277e+03
5.35333242e-07 1.82735469e+03 1.93338035e+03
5.35764273e-07 1.93366641e+03 1.97023828e+03
5.36195303e-07 1.94868409e+03 1.93693443e+03
5.36626333e-07 1.93417274e+03 1.91255684e+03
5.37057364e-07 1.93352215e+03 1.88724955e+03
5.37488394e-07 1.89344736e+03 1.92469114e+03
5.37919424e-07 1.74885356e+03 1.89747914e+03
5.38350455e-07 2.06159262e+03 1.99076871e+03
5.38781485e-07 2.22876883e+03 1.98910819e+03
5.39212515e-07 2.21564816e+03 1.99864736e+03
5.39643545e-07 2.33958735e+03 2.02538876e+03
5.40074576e-07 2.13246166e+03 1.94977471e+03
5.40505606e-07 2.08917689e+03 1.93326463e+03
5.40936636e-07 2.09994539e+03 1.94729096e+03
5.41367667e-07 1.79963784e+03 1.88421809e+03
5.41798697e-07 2.15174088e+03 2.01049897e+03
5.42229727e-07 2.10916563e+03 2.02664209e+03
5.42660758e-07 2.45323594e+03 2.10651101e+03
5.43091788e-07 1.99466373e+03 1.98698007e+03
5.43522818e-07 1.95863905e+03 1.98421322e+03
5.43953848e-07 2.17224487e+03 2.06852713e+03
5.44384879e-07 2.01283079e+03 1.99573516e+03
5.44815909e-07 2.01797019e+03 2.03109515e+03
5.45246939e-07 2.00259599e+03 2.02930058e+03
5.45677970e-07 1.88515830e+03 2.03761552e+03
5.46109000e-07 2.11864013e+03 2.09601084e+03
5.46540030e-07 2.15423733e+03 2.12600833e+03
5.46971061e-07 1.99840308e+03 2.07510653e+03
5.47402091e-07 2.35762554e+03 2.15288335e+03
5.47833121e-07 2.46864344e+03 2.18845238e+03
5.48264152e-07 2.47947842e+03 2.17256866e+03
5.48695182e-07 2.07970934e+03 2.07512355e+03
5.49126212e-07 2.15121650e+03 2.12245239e+03
5.49557242e-07 1.94377179e+03 2.10552920e+03
5.49988273e-07 1.98655366e+03 2.11420771e+03
5.50419303e-07 2.23681345e+03 2.19763964e+03
5.50850333e-07 2.14817111e+03 2.16951865e+03
5.51281364e-07 1.97513738e+03 2.12763969e+03
5.51712394e-07 1.97679511e+03 2.13576312e+03
5.52143424e-07 1.72605937e+03 2.01121890e+03
5.52574455e-07 1.77043605e+03 2.06010138e+03
5.53005485e-07 1.93129740e+03 2.12105757e+03
5.53436515e-07 1.69249529e+03 2.06881919e+03
5.53867545e-07 1.99158341e+03 2.21120285e+03
5.54298576e-07 2.25551563e+03 2.36124333e+03
5.54729606e-07 1.90053251e+03 2.26751760e+03
5.55160636e-07 2.01812626e+03 2.21151018e+03
5.55591667e-07 2.09050559e+03 2.22983488e+03
5.56022697e-07 1.98020928e+03 2.24213965e+03
5.56453727e-07 2.29702085e+03 2.48392916e+03
5.56884758e-07 1.13985737e+03 2.68361671e+03
5.57746818e-07 5.90804058e+03 2.77445141e+04
5.58177848e-07 2.30133970e+03 1.47792750e+04
5.58608879e-07 1.59091987e+03 2.59521064e+03
5.59039909e-07 2.07335032e+03 2.31511975e+03
5.59470939e-07 2.15936808e+03 2.31400735e+03
5.59901970e-07 2.13294640e+03 2.28396648e+03
5.60333000e-07 2.19948350e+03 2.37551861e+03
5.60764030e-07 2.28591614e+03 2.41107776e+03
5.61195061e-07 2.39449152e+03 2.36922735e+03
5.61626091e-07 2.29631921e+03 2.35170000e+03
5.62057121e-07 2.33729220e+03 2.44695240e+03
5.62488152e-07 2.25314443e+03 2.47030297e+03
5.62919182e-07 2.23563599e+03 2.37793857e+03
5.63350212e-07 2.38734585e+03 2.40499028e+03
5.63781242e-07 2.46970650e+03 2.42866633e+03
5.64212273e-07 2.25778046e+03 2.42005274e+03
5.64643303e-07 2.45225209e+03 2.48288565e+03
5.65074333e-07 2.52814049e+03 2.49125498e+03
5.65505364e-07 2.23449299e+03 2.36662742e+03
5.65936394e-07 2.08614491e+03 2.35747551e+03
5.66367424e-07 1.83795417e+03 2.30144588e+03
5.66798455e-07 2.11066693e+03 2.39422938e+03
5.67229485e-07 2.43106423e+03 2.48719509e+03
5.67660515e-07 2.10709564e+03 2.41826846e+03
5.68091545e-07 2.20044597e+03 2.40402439e+03
5.68522576e-07 2.27170323e+03 2.41142666e+03
5.68953606e-07 2.54916261e+03 2.53822497e+03
5.69384636e-07 2.13622578e+03 2.47198517e+03
5.69815667e-07 1.89011720e+03 2.43830950e+03
5.70246697e-07 2.10819555e+03 2.47416873e+03
5.70677727e-07 2.19088867e+03 2.46602964e+03
5.71108758e-07 2.36281686e+03 2.48904048e+03
5.71539788e-07 2.36937258e+03 2.55636722e+03
5.71970818e-07 2.24616251e+03 2.56109357e+03
5.72401848e-07 2.32226030e+03 2.52520875e+03
5.72832879e-07 2.22746448e+03 2.51081822e+03
5.73263909e-07 2.32826753e+03 2.53944346e+03
5.73694939e-07 2.33834492e+03 2.55569275e+03
5.74125970e-07 2.33439801e+03 2.55074123e+03
5.74557000e-07 2.47833295e+03 2.60067347e+03
5.74988030e-07 2.57858216e+03 2.57994591e+03
5.75419061e-07 2.40301335e+03 2.54668996e+03
5.75850091e-07 2.58682270e+03 2.56347867e+03
5.76281121e-07 2.24220712e+03 2.52496181e+03
5.76712152e-07 2.41889172e+03 2.59259904e+03
5.77143182e-07 2.43202921e+03 2.57703198e+03
5.77574212e-07 2.73672688e+03 2.64276229e+03
5.78005242e-07 2.57988189e+03 2.60756232e+03
5.78436273e-07 2.33082749e+03 2.54513634e+03
5.78867303e-07 2.53349308e+03 2.59309802e+03
5.79298333e-07 2.16005445e+03 2.52323684e+03
5.79729364e-07 2.32514347e+03 2.53659834e+03
5.80160394e-07 2.33787083e+03 2.55099631e+03
5.80591424e-07 2.13339527e+03 2.56130441e+03
5.81022455e-07 2.31426952e+03 2.64709075e+03
5.81453485e-07 2.51221727e+03 2.65756329e+03
5.81884515e-07 2.40788504e+03 2.66089503e+03
5.82315545e-07 2.19808294e+03 2.58648908e+03
5.82746576e-07 2.19091122e+03 2.60113428e+03
5.83177606e-07 2.53453343e+03 2.72970693e+03
5.83608636e-07 2.40195291e+03 2.62664021e+03
5.84039667e-07 2.28344753e+03 2.61743385e+03
5.84470697e-07 2.33964575e+03 2.65007304e+03
5.84901727e-07 2.61159842e+03 2.70056116e+03
5.85332758e-07 2.27015558e+03 2.61004385e+03
5.85763788e-07 2.55017954e+03 2.74422057e+03
5.86194818e-07 1.89171166e+03 2.73554990e+03
5.86625848e-07 2.29272966e+03 3.27484759e+03
5.87056879e-07 2.29510499e+03 3.09929704e+03
5.87487909e-07 1.75189237e+03 2.74247784e+03
5.87918939e-07 1.87750129e+03 2.79425404e+03
5.88781000e-07 1.84629151e+03 8.04090948e+03
5.89212030e-07 3.23422262e+03 9.87211211e+03
5.89643061e-07 3.24534685e+03 7.38900576e+03
5.90074091e-07 2.43567246e+03 4.30189143e+03
5.90505121e-07 2.19044850e+03 3.03196298e+03
5.90936152e-07 2.21825157e+03 3.01172190e+03
5.91367182e-07 2.29981749e+03 3.21541701e+03
5.91798212e-07 2.42609313e+03 3.18173561e+03
5.92229242e-07 2.68346391e+03 3.17804253e+03
5.92660273e-07 2.82648392e+03 3.33589489e+03
5.93091303e-07 2.53683783e+03 3.34046587e+03
5.93522333e-07 2.50340197e+03 3.25736620e+03
5.93953364e-07 2.59289021e+03 3.08687294e+03
5.94384394e-07 2.70814729e+03 3.13774392e+03
5.94815424e-07 2.68887633e+03 3.22435177e+03
5.95246455e-07 2.50037524e+03 3.30321117e+03
5.95677485e-07 2.87619573e+03 3.28787901e+03
5.96108515e-07 2.73737656e+03 3.08628855e+03
5.96539545e-07 2.61396894e+03 3.06813316e+03
5.96970576e-07 2.67005646e+03 3.13318370e+03
5.97401606e-07 2.82864066e+03 3.27473100e+03
5.97832636e-07 2.64084384e+03 3.16716451e+03
5.98263667e-07 2.49424382e+03 2.98917398e+03
5.98694697e-07 2.65063051e+03 3.00969682e+03
5.99125727e-07 2.64405889e+03 2.99531583e+03
5.99556758e-07 2.62963202e+03 3.00168651e+03
5.99987788e-07 2.82362462e+03 3.15627105e+03
6.00418818e-07 2.92261794e+03 3.11079877e+03
6.00849848e-07 2.84684366e+03 2.98809537e+03
6.01280879e-07 2.77771179e+03 2.87423189e+03
6.01711909e-07 2.67619193e+03 2.84509617e+03
6.02142939e-07 2.70363099e+03 2.80731081e+03
6.02573970e-07 3.27425766e+03 3.03141804e+03
6.03005000e-07 3.29594069e+03 3.02379498e+03
6.03436030e-07 3.17532543e+03 3.06287933e+03
6.03867061e-07 2.98341363e+03 2.93208629e+03
6.04298091e-07 2.88357570e+03 2.82960389e+03
6.04729121e-07 2.59450047e+03 2.80070053e+03
6.05160152e-07 2.33401346e+03 2.69157376e+03
6.05591182e-07 2.88736507e+03 2.79808376e+03
6.06022212e-07 3.16636387e+03 2.88328442e+03
6.06453242e-07 3.27286214e+03 2.96017297e+03
6.06884273e-07 2.82542286e+03 2.82473891e+03
6.07315303e-07 3.32066126e+03 2.93150018e+03
6.07746333e-07 3.15486775e+03 2.84344696e+03
6.08177364e-07 3.39959913e+03 2.91822348e+03
6.08608394e-07 3.15081327e+03 2.86362324e+03
6.09039424e-07 2.82946350e+03 2.81106421e+03
6.09470455e-07 3.03114462e+03 2.88142670e+03
6.09901485e-07 2.99648526e+03 2.86043738e+03
6.10332515e-07 3.33771605e+03 2.91622718e+03
6.10763545e-07 3.36522137e+03 2.99203862e+03
6.11194576e-07 3.29928308e+03 2.96622240e+03
6.11625606e-07 3.01852856e+03 2.80270768e+03
6.12056636e-07 3.13636627e+03 2.81341738e+03
6.12487667e-07 2.96632696e+03 2.77247446e+03
6.12918697e-07 2.96710843e+03 2.77728066e+03
6.13349727e-07 3.30451484e+03 2.91902107e+03
6.13780758e-07 2.85748043e+03 2.89055267e+03
6.14211788e-07 3.21966593e+03 3.00396825e+03
6.14642818e-07 3.04248900e+03 2.93464611e+03
6.15073848e-07 3.10445680e+03 2.88024605e+03
6.15504879e-07 3.43248181e+03 2.97227691e+03
6.15935909e-07 3.53718113e+03 2.91777432e+03
6.16366939e-07 3.19304993e+03 2.84511648e+03
6.16797970e-07 3.22196530e+03 2.99816013e+03
6.17229000e-07 3.14124591e+03 3.11729780e+03
6.17660030e-07 3.28940246e+03 3.00761371e+03
6.18091061e-07 3.50271959e+03 2.96871328e+03
6.18522091e-07 3.18613435e+03 2.89978314e+03
6.18953121e-07 3.24854394e+03 2.90427777e+03
6.19384152e-07 3.17729527e+03 2.91121636e+03
6.19815182e-07 3.65105427e+03 3.11698237e+03
6.20246212e-07 3.59714503e+03 3.20682195e+03
6.20677242e-07 2.84995011e+03 2.90811764e+03
6.21108273e-07 3.36183142e+03 3.02832835e+03
6.21539303e-07 3.30887581e+03 3.03007664e+03
6.21970333e-07 3.35964527e+03 3.13472350e+03
6.22401364e-07 3.02869934e+03 3.03840935e+03
6.22832394e-07 3.44594268e+03 3.20317568e+03
6.23263424e-07 3.33066804e+03 3.82426179e+03
6.23694455e-07 3.20104583e+03 4.16501678e+03
6.24125485e-07 3.46451868e+03 3.80903021e+03
6.24556515e-07 3.56072808e+03 3.37520159e+03
6.24987545e-07 3.30677205e+03 3.19319754e+03
6.25418576e-07 3.10701476e+03 3.56116453e+03
6.25849606e-07 3.18570814e+03 3.88100845e+03
6.26280636e-07 3.11625384e+03 3.58022804e+03
6.26711667e-07 3.53385562e+03 3.42633000e+03
6.27142697e-07 3.10130894e+03 3.16231721e+03
6.27573727e-07 2.79373840e+03 2.98470282e+03
6.28004758e-07 3.20697917e+03 3.15317281e+03
6.28435788e-07 2.86731109e+03 6.99651610e+03
6.28866818e-07 3.01788555e+03 7.44077405e+03
6.29297848e-07 6.00663566e+02 8.66067147e+03
6.29728879e-07 3.07391139e+03 1.01123360e+04
6.30159909e-07 4.38438945e+03 1.17898535e+04
6.30590939e-07 4.64838246e+03 6.40806079e+03
6.31021970e-07 3.44839684e+03 3.64939255e+03
6.31453000e-07 2.99787517e+03 3.07179818e+03
6.31884030e-07 3.46394370e+03 3.26794749e+03
6.32315061e-07 3.00711490e+03 3.36117245e+03
6.32746091e-07 3.78817962e+03 3.82871163e+03
6.33177121e-07 3.55365826e+03 3.68141837e+03
6.33608152e-07 3.08563001e+03 3.11583134e+03
6.34039182e-07 3.15515350e+03 2.96940560e+03
6.34470212e-07 3.40163024e+03 3.17657490e+03
6.34901242e-07 2.85789238e+03 3.18390036e+03
6.35332273e-07 2.83721238e+03 3.34751632e+03
6.35763303e-07 2.69023204e+03 4.18052010e+03
6.36194333e-07 3.19367684e+03 5.79168153e+03
6.36625364e-07 3.69626550e+03 5.24435843e+03
6.37056394e-07 3.95421609e+03 3.48601907e+03
6.37487424e-07 3.32165567e+03 3.01537208e+03
6.37918455e-07 3.02278678e+03 3.05382265e+03
6.38349485e-07 3.54028093e+03 3.23792835e+03
6.38780515e-07 3.22342008e+03 3.26536726e+03
6.39211545e-07 3.52806479e+03 3.06264554e+03
6.39642576e-07 3.28298208e+03 2.88967571e+03
6.40073606e-07 3.08875743e+03 2.80901247e+03
6.40504636e-07 3.56013432e+03 2.91773747e+03
6.40935667e-07 3.29251465e+03 2.88183354e+03
6.41366697e-07 3.60141099e+03 3.05098454e+03
6.41797727e-07 3.37664732e+03 3.02962304e+03
6.42228758e-07 3.37866523e+03 2.95930483e+03
6.42659788e-07 3.16188124e+03 2.78686768e+03
6.43090818e-07 3.60773981e+03 2.92545763e+03
6.43521848e-07 3.56863207e+03 2.91553669e+03
6.43952879e-07 3.47654084e+03 2.85385611e+03
6.44383909e-07 3.51086459e+03 2.87625307e+03
6.44814939e-07 3.49676795e+03 2.87944473e+03
6.45245970e-07 3.48898469e+03 2.96750259e+03
6.45677000e-07 3.63227056e+03 3.09794850e+03
6.46108030e-07 3.66843598e+03 3.47681617e+03
6.46539061e-07 3.83169558e+03 3.90804168e+03
6.46970091e-07 4.01186883e+03 3.89810154e+03
6.47401121e-07 3.62546756e+03 3.35704520e+03
6.47832152e-07 3.55776266e+03 3.01977763e+03
6.48263182e-07 3.63044206e+03 2.92977014e+03
6.48694212e-07 3.35326084e+03 2.76079652e+03
6.49125242e-07 3.61409240e+03 3.03499523e+03
6.49556273e-07 3.44635997e+03 3.78513368e+03
6.49987303e-07 3.69251408e+03 4.09373114e+03
6.50418333e-07 3.85463995e+03 3.61421312e+03
6.50849364e-07 3.80555547e+03 3.19859206e+03
6.51280394e-07 3.88343390e+03 3.08664993e+03
6.51711424e-07 3.40352322e+03 3.00342151e+03
6.52142455e-07 3.99407776e+03 3.25247459e+03
6.52573485e-07 4.04387219e+03 3.35894243e+03
6.53004515e-07 4.08791578e+03 3.77440384e+03
6.53435545e-07 3.72817338e+03 3.77263766e+03
6.53866576e-07 3.93869387e+03 3.46217847e+03
6.54297606e-07 4.13469148e+03 3.41968185e+03
6.54728636e-07 3.95042066e+03 3.54104871e+03
6.55159667e-07 3.87083316e+03 4.05360875e+03
6.55590697e-07 3.79502333e+03 3.75662105e+03
6.56021727e-07 3.31714638e+03 3.20196814e+03
6.56452758e-07 3.22114950e+03 3.17152155e+03
6.56883788e-07 3.02104019e+03 3.19771867e+03
6.57314818e-07 3.48170231e+03 3.56725099e+03
6.57745848e-07 4.21126171e+03 3.96872569e+03
6.58176879e-07 4.29146556e+03 3.51591796e+03
6.58607909e-07 3.75970472e+03 3.04103251e+03
6.59038939e-07 3.66952669e+03 3.03814851e+03
6.59469970e-07 3.78367097e+03 3.19756024e+03
6.59901000e-07 4.14596978e+03 3.52601471e+03
6.60332030e-07 4.09150243e+03 3.58785999e+03
6.60763061e-07 3.76324062e+03 3.20547662e+03
6.61194091e-07 4.24108415e+03 3.11049675e+03
6.61625121e-07 4.44415324e+03 3.15250778e+03
6.62056152e-07 4.07568379e+03 3.12963443e+03
6.62487182e-07 4.17150621e+03 3.23693424e+03
6.62918212e-07 4.45717451e+03 3.37554381e+03
6.63349242e-07 4.05239574e+03 3.33991073e+03
6.63780273e-07 3.89103654e+03 3.17232909e+03
6.64211303e-07 4.00437781e+03 3.06468643e+03
6.64642333e-07 3.71721312e+03 2.94488881e+03
6.65073364e-07 4.05211335e+03 3.01318083e+03
6.65504394e-07 3.92718508e+03 2.99059076e+03
6.65935424e-07 3.84443829e+03 3.03927910e+03
6.66366455e-07 3.85656119e+03 3.06900464e+03
6.66797485e-07 3.77559449e+03 3.06075195e+03
6.67228515e-07 4.14243623e+03 3.10524370e+03
6.67659545e-07 4.14351750e+03 3.03767265e+03
6.68090576e-07 3.87804097e+03 3.00780167e+03
6.68521606e-07 3.61190649e+03 2.95525625e+03
6.68952636e-07 3.60528456e+03 2.88077123e+03
6.69383667e-07 3.61933307e+03 2.91859085e+03
6.69814697e-07 3.55313009e+03 2.96620090e+03
6.70245727e-07 3.70306540e+03 3.02392866e+03
6.70676758e-07 3.88502947e+03 3.04719632e+03
6.71107788e-07 3.99173216e+03 3.06597048e+03
6.71538818e-07 3.64752999e+03 2.95129614e+03
6.71969848e-07 3.80654610e+03 2.98441443e+03
6.72400879e-07 4.13729975e+03 3.07315029e+03
6.72831909e-07 3.78504749e+03 3.02049746e+03
6.73262939e-07 4.07194282e+03 3.02668458e+03
6.73693970e-07 4.18963846e+03 3.07053956e+03
6.74125000e-07 4.13933707e+03 3.08161681e+03
6.74556030e-07 4.07695125e+03 3.12073276e+03
6.74987061e-07 3.93474138e+03 2.97572562e+03
6.75418091e-07 3.79569523e+03 2.94750297e+03
6.75849121e-07 3.89924193e+03 3.02542216e+03
6.76280152e-07 3.74730958e+03 2.93424206e+03
6.76711182e-07 3.93155147e+03 2.95012121e+03
6.77142212e-07 4.19478676e+03 3.02975160e+03
6.77573242e-07 4.08158865e+03 3.03784519e+03
6.78004273e-07 3.97931604e+03 2.96961201e+03
6.78435303e-07 4.20913325e+03 3.03526575e+03
6.78866333e-07 4.00173054e+03 3.01396763e+03
6.79297364e-07 3.53119021e+03 2.87752354e+03
6.79728394e-07 3.83701838e+03 2.93144852e+03
6.80159424e-07 4.05064378e+03 3.05544791e+03
6.80590455e-07 4.19918514e+03 3.00658985e+03
6.81021485e-07 4.07940676e+03 2.96876863e+03
6.81452515e-07 4.23493611e+03 3.06531638e+03
6.81883545e-07 4.04259791e+03 3.10853083e+03
6.82314576e-07 3.76731095e+03 3.81803879e+03
6.82745606e-07 3.19081804e+03 5.26431462e+03
6.83176636e-07 3.79014154e+03 5.91364887e+03
6.83607667e-07 4.38667651e+03 5.02020088e+03
6.84038697e-07 4.08223085e+03 3.82457274e+03
6.84469727e-07 4.06860694e+03 3.34272832e+03
6.84900758e-07 3.86509329e+03 3.01849550e+03
6.85331788e-07 3.79613315e+03 2.99654037e+03
6.85762818e-07 3.67675517e+03 3.96874548e+03
6.86193848e-07 3.18025574e+03 5.55062396e+03
6.86624879e-07 3.87386059e+03 5.22777743e+03
6.87055909e-07 3.57567964e+03 3.29699522e+03
6.87486939e-07 3.09120799e+03 2.73210862e+03
6.87917970e-07 3.11242644e+03 2.97266911e+03
6.88349000e-07 3.49832066e+03 3.30431436e+03
6.88780030e-07 3.65089027e+03 3.53831591e+03
6.89211061e-07 3.88397863e+03 3.39527169e+03
6.89642091e-07 3.86451578e+03 3.23629312e+03
6.90073121e-07 3.79252459e+03 3.43569895e+03
6.90504152e-07 3.77110779e+03 3.34343386e+03
6.90935182e-07 3.61794120e+03 3.59998852e+03
6.91366212e-07 4.04527650e+03 4.01179031e+03
6.91797242e-07 3.91209769e+03 4.06304227e+03
6.92228273e-07 3.79521913e+03 4.60175590e+03
6.92659303e-07 4.64442585e+03 4.20724681e+03
6.93090333e-07 4.26601804e+03 3.31318863e+03
6.93521364e-07 3.52496603e+03 3.43864243e+03
6.93952394e-07 3.76556584e+03 3.98380783e+03
6.94383424e-07 4.32408581e+03 4.51697522e+03
6.94814455e-07 3.98214985e+03 5.17252583e+03
6.95245485e-07 4.67944479e+03 4.57017305e+03
6.95676515e-07 4.24617379e+03 3.26163439e+03
6.96107545e-07 4.16609691e+03 3.25332513e+03
6.96538576e-07 4.13049566e+03 3.56743705e+03
6.96969606e-07 4.09473292e+03 3.89678465e+03
6.97400636e-07 3.77412295e+03 4.11701056e+03
6.97831667e-07 3.84138437e+03 4.41640998e+03
6.98262697e-07 4.35590819e+03 3.81669916e+03
6.98693727e-07 4.12152968e+03 3.20304139e+03
6.99124758e-07 3.81249457e+03 3.11842590e+03
6.99555788e-07 3.74355483e+03 3.11946034e+03
6.99986818e-07 3.94721819e+03 3.33122281e+03
7.00417848e-07 4.05105124e+03 3.54923548e+03
7.00848879e-07 3.98740072e+03 3.72843939e+03
7.01279909e-07 4.31262146e+03 3.70281857e+03
7.01710939e-07 4.09828145e+03 3.21915319e+03
7.02141970e-07 4.16715085e+03 3.16653771e+03
7.02573000e-07 4.05881432e+03 3.10305605e+03
7.03004030e-07 3.42819773e+03 2.94882700e+03
7.03435061e-07 4.00314847e+03 3.11702174e+03
7.03866091e-07 3.97698327e+03 3.21407364e+03
7.04297121e-07 3.61028943e+03 3.40011487e+03
7.04728152e-07 4.25568149e+03 3.79557779e+03
7.05159182e-07 4.48851818e+03 3.72569190e+03
7.05590212e-07 4.11551173e+03 3.33509329e+03
7.06021242e-07 3.63811900e+03 3.19267662e+03
7.06452273e-07 3.84240646e+03 3.30023527e+03
7.06883303e-07 4.02020546e+03 3.35590312e+03
7.07314333e-07 4.00727161e+03 3.35789052e+03
7.07745364e-07 4.07314890e+03 3.37574458e+03
7.08176394e-07 4.21753015e+03 3.48517454e+03
7.08607424e-07 3.80590094e+03 6.70727957e+03
7.09038455e-07 3.45765970e+03 6.38796055e+03
7.09469485e-07 3.96976197e+03 6.34490837e+03
7.09900515e-07 4.24556480e+03 6.35769144e+03
7.10331545e-07 4.06037580e+03 3.20588741e+03
7.10762576e-07 4.07493622e+03 3.20839405e+03
7.11193606e-07 4.48464476e+03 3.30210037e+03
7.11624636e-07 4.22684329e+03 3.25792251e+03
7.12055667e-07 3.97450666e+03 3.19887721e+03
7.12486697e-07 4.30104584e+03 3.36784997e+03
7.12917727e-07 4.00898976e+03 3.35748570e+03
7.13348758e-07 4.30389262e+03 3.41210137e+03
7.13779788e-07 3.80725720e+03 3.22160474e+03
7.14210818e-07 4.12459998e+03 3.49432958e+03
7.14641848e-07 4.60222295e+03 3.65319191e+03
7.15072879e-07 4.27173084e+03 3.41196626e+03
7.15503909e-07 4.28892286e+03 3.36176000e+03
7.15934939e-07 3.99249608e+03 3.34304230e+03
7.16365970e-07 3.82479750e+03 3.24267541e+03
7.16797000e-07 3.76536734e+03 3.21758119e+03
7.17228030e-07 3.64063667e+03 3.14315981e+03
7.17659061e-07 3.54597741e+03 3.18534688e+03
7.18090091e-07 4.14133857e+03 3.33318052e+03
7.18521121e-07 4.24566624e+03 3.23179984e+03
7.18952152e-07 3.78951876e+03 3.05986704e+03
7.19383182e-07 3.90380365e+03 3.05427988e+03
7.19814212e-07 3.62568783e+03 3.03492064e+03
7.20245242e-07 3.72209491e+03 3.06907003e+03
7.20676273e-07 3.82918501e+03 3.05333770e+03
7.21107303e-07 4.26524783e+03 3.24082094e+03
7.21538333e-07 4.10422565e+03 3.25240180e+03
7.21969364e-07 4.15464448e+03 3.33588278e+03
7.22400394e-07 3.38548073e+03 3.14108949e+03
7.22831424e-07 3.82899468e+03 3.25547695e+03
7.23262455e-07 3.58269272e+03 4.11934675e+03
7.23693485e-07 3.50466781e+03 7.46302487e+03
7.24124515e-07 5.23767063e+03 1.08933861e+04
7.24555545e-07 5.54428076e+03 9.10902675e+03
7.24986576e-07 4.80966866e+03 5.67971681e+03
7.25417606e-07 4.02639932e+03 4.28180622e+03
7.25848636e-07 3.81409962e+03 3.66277986e+03
7.26279667e-07 3.65945601e+03 3.33896032e+03
7.26710697e-07 3.69446862e+03 3.72201832e+03
7.27141727e-07 3.61503794e+03 6.36480249e+03
7.27572758e-07 4.32154563e+03 9.61162728e+03
7.28003788e-07 5.57353491e+03 8.38470812e+03
7.28434818e-07 4.56568580e+03 6.20118144e+03
7.28865848e-07 4.39547387e+03 4.63735904e+03
7.29296879e-07 3.29297647e+03 3.81244034e+03
7.29727909e-07 4.18997828e+03 4.34656024e+03
7.30158939e-07 3.58899401e+03 4.57325895e+03
7.30589970e-07 3.67344671e+03 4.55796192e+03
7.31021000e-07 4.35110901e+03 5.31171675e+03
7.31452030e-07 3.72263007e+03 7.77086416e+03
7.31883061e-07 5.42365911e+03 7.18731660e+03
7.32314091e-07 4.59328952e+03 4.81786550e+03
7.32745121e-07 3.63856019e+03 5.23208678e+03
7.33176152e-07 4.54982521e+03 5.49255808e+03
7.33607182e-07 4.02265058e+03 6.67463128e+03
7.34038212e-07 4.62944740e+03 9.51017492e+03
7.34469242e-07 5.86632463e+03 7.09765860e+03
7.34900273e-07 3.67863589e+03 3.75289557e+03
7.35331303e-07 3.49092783e+03 4.19465418e+03
7.35762333e-07 3.84299034e+03 5.28760176e+03
7.36193364e-07 4.44713845e+03 5.57693003e+03
7.36624394e-07 3.53783190e+03 7.11076458e+03
7.37055424e-07 4.47234243e+03 7.65571338e+03
7.37486455e-07 4.73569838e+03 4.86594250e+03
7.37917485e-07 3.74750697e+03 3.28986215e+03
7.38348515e-07 3.52414123e+03 3.28049162e+03
7.38779545e-07 3.24320141e+03 3.89354075e+03
7.39210576e-07 3.92136780e+03 4.89936868e+03
7.39641606e-07 3.96829274e+03 5.22487463e+03
7.40072636e-07 3.66377149e+03 6.25025840e+03
7.40503667e-07 4.56274963e+03 5.41534812e+03
7.40934697e-07 3.77998513e+03 3.52471646e+03
7.41365727e-07 4.11832692e+03 3.40019662e+03
7.41796758e-07 4.14944830e+03 3.36932743e+03
7.42227788e-07 3.52756919e+03 3.29955068e+03
7.42658818e-07 4.28748564e+03 4.02665134e+03
7.43089848e-07 3.87922181e+03 4.28753827e+03
7.43520879e-07 4.07653982e+03 4.75675643e+03
7.43951909e-07 4.24647655e+03 4.87218177e+03
7.44382939e-07 3.98453474e+03 3.68837912e+03
7.44813970e-07 3.60557745e+03 3.15962122e+03
7.45245000e-07 3.09887388e+03 3.00211451e+03
7.45676030e-07 3.44051962e+03 3.29486363e+03
7.46107061e-07 3.35515546e+03 3.80720846e+03
7.46538091e-07 3.71982393e+03 4.51091928e+03
7.46969121e-07 4.00334754e+03 5.20396524e+03
7.47400152e-07 4.12613036e+03 5.54186954e+03
7.47831182e-07 4.16470571e+03 5.59500484e+03
7.48262212e-07 3.67284485e+03 5.48271187e+03
7.48693242e-07 3.73981996e+03 4.28928715e+03
7.49124273e-07 3.69073506e+03 3.66498001e+03
7.49555303e-07 3.93185761e+03 3.58507121e+03
7.49986333e-07 3.99179521e+03 3.37625081e+03
7.50417364e-07 3.42688604e+03 3.08806855e+03
7.50848394e-07 3.38419491e+03 3.06333980e+03
7.51279424e-07 3.68203081e+03 3.33983464e+03
7.51710455e-07 4.14420261e+03 4.46701869e+03
7.52141485e-07 2.86091896e+03 6.57743281e+03
7.52572515e-07 3.73751034e+03 7.21137132e+03
7.53003545e-07 3.56542134e+03 5.18292140e+03
7.53434576e-07 3.42592098e+03 3.80386132e+03
7.53865606e-07 3.97741532e+03 3.58621976e+03
7.54296636e-07 3.87892562e+03 3.43827820e+03
7.54727667e-07 3.63128279e+03 3.28824956e+03
7.55158697e-07 3.41488833e+03 3.44539074e+03
7.55589727e-07 3.06318758e+03 3.83693523e+03
7.56020758e-07 3.50932776e+03 3.77284914e+03
7.56451788e-07 4.06158504e+03 4.03606847e+03
7.56882818e-07 2.76192830e+03 5.18023795e+03
7.57313848e-07 3.78059892e+03 5.69826672e+03
7.57744879e-07 4.07402959e+03 4.08296636e+03
7.58175909e-07 3.66878812e+03 3.73863627e+03
7.58606939e-07 4.10660144e+03 4.31628090e+03
7.59037970e-07 3.30654108e+03 3.46761861e+03
7.59469000e-07 1.88151882e+03 2.73612736e+03
7.59900030e-07 1.48631945e+03 2.53384235e+03
7.60331061e-07 9.27045270e+02 1.75247817e+03
7.60762091e-07 9.23316635e+02 1.48519726e+03
7.61193121e-07 1.56236101e+03 2.09665771e+03
7.61624152e-07 2.13955199e+03 3.07426426e+03
7.62055182e-07 2.69450005e+03 3.32409092e+03
7.62486212e-07 1.62509040e+03 2.92281509e+03
7.62917242e-07 2.01774469e+03 2.99953842e+03
7.63348273e-07 2.08112456e+03 2.36670929e+03
7.63779303e-07 2.44448259e+03 2.19367580e+03
7.64210333e-07 2.42024116e+03 2.25307149e+03
7.64641364e-07 2.50924669e+03 2.49753788e+03
7.65072394e-07 1.99816077e+03 2.75807029e+03
7.65503424e-07 2.39591527e+03 3.12805108e+03
7.65934455e-07 2.82112028e+03 3.68866534e+03
7.66365485e-07 3.45601660e+03 3.92500374e+03
7.66796515e-07 3.67972849e+03 3.26597737e+03
7.67227545e-07 3.31147976e+03 2.96767700e+03
7.67658576e-07 3.17578754e+03 2.99096598e+03
7.68089606e-07 3.23739621e+03 3.13351888e+03
7.68520636e-07 3.04125562e+03 3.30879889e+03
7.68951667e-07 3.51385382e+03 3.70345844e+03
7.69382697e-07 3.64396444e+03 3.77546136e+03
7.69813727e-07 3.24072881e+03 3.70555043e+03
7.70244758e-07 3.30849930e+03 3.71823394e+03
7.70675788e-07 4.00944547e+03 5.59893534e+03
7.71106818e-07 2.65399813e+03 1.02402182e+04
7.71537848e-07 4.09330230e+03 1.29145973e+04
7.71968879e-07 6.09439200e+03 9.76482555e+03
7.72399909e-07 4.51782075e+03 6.08255391e+03
7.72830939e-07 4.02297415e+03 4.73976491e+03
7.73261970e-07 3.61463872e+03 3.95044472e+03
7.73693000e-07 3.26007019e+03 3.65104690e+03
7.74124030e-07 3.57878293e+03 4.09333570e+03
7.74555061e-07 3.36273776e+03 7.22601257e+03
7.74986091e-07 3.54339412e+03 1.08700938e+04
7.75417121e-07 6.01006503e+03 9.84581144e+03
7.75848152e-07 4.21851537e+03 6.82322390e+03
7.76279182e-07 4.46122987e+03 5.54640120e+03
7.76710212e-07 4.51347832e+03 4.41010245e+03
7.77141242e-07 3.50305342e+03 4.60846123e+03
7.77572273e-07 3.72946630e+03 5.28304726e+03
7.78003303e-07 3.43659861e+03 5.36266019e+03
7.78434333e-07 3.99098428e+03 5.01864077e+03
7.78865364e-07 3.60435720e+03 6.42811295e+03
7.79296394e-07 3.13918019e+03 8.74090358e+03
7.79727424e-07 4.95434724e+03 7.39951055e+03
7.80158455e-07 4.32330189e+03 4.94448128e+03
7.80589485e-07 3.01630046e+03 5.37698879e+03
7.81020515e-07 3.86236503e+03 5.89498113e+03
7.81451545e-07 4.43612506e+03 6.22090797e+03
7.81882576e-07 1.82240065e+03 8.59088557e+03
7.82313606e-07 4.66991765e+03 9.54328108e+03
7.82744636e-07 6.01240883e+03 5.80249000e+03
7.83175667e-07 3.63170787e+03 3.69927314e+03
7.83606697e-07 2.99264500e+03 4.35695611e+03
7.84037727e-07 3.13638893e+03 5.52738070e+03
7.84468758e-07 4.05700319e+03 6.47606309e+03
7.84899788e-07 2.95797716e+03 9.53353387e+03
7.85330818e-07 3.16061728e+03 1.24425115e+04
7.85761848e-07 4.52976853e+03 1.07029280e+04
7.86192879e-07 4.28989005e+03 8.32987760e+03
7.86623909e-07 3.86193933e+03 8.09179312e+03
7.87054939e-07 3.01966523e+03 7.89291727e+03
7.87485970e-07 4.35566366e+03 7.12662541e+03
7.87917000e-07 3.20956142e+03 6.61775667e+03
7.88348030e-07 3.58064123e+03 6.96106692e+03
7.88779061e-07 2.95932396e+03 7.28166967e+03
7.89210091e-07 3.77180048e+03 6.68023571e+03
7.89641121e-07 4.45519995e+03 4.66244174e+03
7.90072152e-07 3.09242243e+03 3.50856669e+03
7.90503182e-07 3.22867552e+03 4.84505904e+03
7.90934212e-07 2.39873583e+03 9.73493957e+03
7.91365242e-07 2.84300023e+03 1.39889420e+04
7.91796273e-07 6.13737903e+03 1.23951170e+04
7.92227303e-07 4.57031510e+03 8.26803133e+03
7.92658333e-07 3.60686599e+03 6.43439234e+03
7.93089364e-07 2.97530522e+03 6.13091421e+03
7.93520394e-07 4.36573920e+03 5.20932185e+03
7.93951424e-07 4.09719251e+03 4.06213912e+03
7.94382455e-07 3.04525888e+03 4.60171212e+03
7.94813485e-07 2.63947508e+03 5.46110580e+03
7.95244515e-07 3.76249050e+03 4.96791744e+03
7.95675545e-07 4.16463744e+03 4.97560821e+03
7.96106576e-07 2.51807295e+03 8.13904496e+03
7.96537606e-07 2.83059397e+03 1.01119413e+04
7.96968636e-07 5.58200445e+03 7.21673319e+03
7.97399667e-07 1.01226048e+04 5.26279149e+03
7.97830697e-07 2.94817939e+03 6.35211464e+03
7.98261727e-07 4.63460517e+03 6.15216943e+03
7.98692758e-07 4.20134748e+03 6.75554826e+03
7.99123788e-07 2.80319934e+03 1.07288222e+04
7.99554818e-07 1.84249507e+04 1.00821336e+04
7.99985848e-07 7.43974850e+03 5.81184841e+03
8.00416879e-07 2.53897852e+03 1.72670115e+03
