7.37100000e-02
3.64081000e-07 1.47149355e+01 1.76841485e+02
3.64512055e-07 8.50847951e+01 1.59273448e+03
3.64943109e-07 2.00656663e+01 2.35745511e+02
3.65374164e-07 1.11796245e+02 3.20798387e+03
3.65805219e-07 3.72950745e+01 6.34574362e+02
3.66667328e-07 3.77026522e+01 5.78937682e+02
3.67098383e-07 7.45550608e+01 6.86214198e+02
3.67960493e-07 4.32965716e+01 3.05365902e+02
3.68822602e-07 1.02834191e+02 9.65113883e+02
3.69253657e-07 3.08162320e+01 2.28992358e+02
3.70115766e-07 9.86020571e+01 4.57541530e+02
3.73564204e-07 2.71414234e+01 4.40414162e+02
3.74857369e-07 7.15558064e+00 3.48493232e+02
3.75288423e-07 2.98735285e+01 3.44749100e+02
3.76581587e-07 7.92528030e+01 3.59818378e+02
3.77012642e-07 4.03725913e+01 2.91640604e+02
3.77443697e-07 4.75327092e+01 2.93323432e+02
3.77874752e-07 5.36275938e+01 3.51401894e+02
3.78736861e-07 1.73426406e+01 2.87368228e+02
3.79167916e-07 5.30598369e+01 4.61532957e+02
3.80461080e-07 2.44800261e+01 3.68247377e+02
3.81323190e-07 3.63977486e+01 3.71822037e+02
3.81754244e-07 8.70846646e+01 6.67199532e+02
3.82185299e-07 1.40549176e+02 5.59863613e+02
3.83478463e-07 7.67519279e+01 3.95780582e+02
3.86064792e-07 4.14867811e+01 3.46175969e+02
3.86926901e-07 8.30260407e+01 3.51870958e+02
3.87357956e-07 7.68750358e+01 3.65217704e+02
3.87789011e-07 2.75396198e+01 3.49189539e+02
3.88651120e-07 8.65457653e+00 3.02471790e+02
3.89082175e-07 2.25317731e+01 3.25321504e+02
3.89513230e-07 5.95528629e+00 3.19130278e+02
3.89944284e-07 1.66072709e+01 3.54820995e+02
3.90806394e-07 5.53230889e+01 4.11505845e+02
3.91237449e-07 7.17290874e+01 4.53682338e+02
3.91668503e-07 1.80214616e+01 4.16895395e+02
3.92099558e-07 1.66401259e+01 4.09223724e+02
3.92530613e-07 1.82042761e+01 3.74159061e+02
3.92961668e-07 9.63231974e+01 3.71840044e+02
3.93392722e-07 9.13787261e+01 3.51166737e+02
3.93823777e-07 2.15096217e+01 3.62365408e+02
3.94254832e-07 1.33288810e+01 4.07752317e+02
3.94685887e-07 6.99541567e+01 4.65415011e+02
3.95116941e-07 4.11763452e+01 4.07538563e+02
3.95547996e-07 3.84071463e+01 4.30225361e+02
3.95979051e-07 7.90654317e+01 4.43210626e+02
3.96410106e-07 8.25533199e+01 3.71584992e+02
3.96841160e-07 1.66695182e+02 3.52348179e+02
3.97272215e-07 7.52479052e+01 3.99948458e+02
3.97703270e-07 9.48386296e+00 4.25512599e+02
3.98134325e-07 6.60612008e+01 4.79916244e+02
3.98565379e-07 1.24175021e+02 4.96990876e+02
3.98996434e-07 1.63682025e+01 4.70335857e+02
3.99427489e-07 1.05126229e+00 4.34941852e+02
3.99858543e-07 1.17672923e+02 5.20942061e+02
4.00289598e-07 3.05288805e+02 6.27315728e+02
4.00720653e-07 2.06604259e+02 6.10261895e+02
4.01151708e-07 3.06527249e+01 5.44727710e+02
4.01582762e-07 7.43570529e+01 5.73527125e+02
4.02013817e-07 5.06849900e+01 5.40117830e+02
4.02444872e-07 2.50295692e+00 4.99918935e+02
4.02875927e-07 1.91220354e+01 5.05160094e+02
4.03306981e-07 1.08916468e+02 5.26387868e+02
4.03738036e-07 1.06593929e+02 5.57556918e+02
4.04169091e-07 1.68473616e+02 6.38568147e+02
4.04600146e-07 1.00718338e+02 6.12302504e+02
4.05031200e-07 1.97796014e+01 5.51805658e+02
4.05462255e-07 8.54086236e+01 6.18703156e+02
4.06324365e-07 1.36261305e+02 5.92654750e+02
4.06755419e-07 8.39534632e-01 5.66497132e+02
4.07186474e-07 1.46422706e+01 5.83235232e+02
4.07617529e-07 1.22155208e+02 6.22806095e+02
4.08048584e-07 1.51201739e+02 5.97075481e+02
4.08479638e-07 1.32874849e+02 6.18811657e+02
4.08910693e-07 1.29247340e+02 5.93550097e+02
4.09341748e-07 1.73881382e+02 6.22004160e+02
4.09772803e-07 2.66889433e+02 6.19024336e+02
4.10203857e-07 2.19827258e+02 6.16799123e+02
4.10634912e-07 1.70910434e+02 5.70738981e+02
4.11065967e-07 9.10234926e+01 5.57205375e+02
4.11497022e-07 3.45049955e+01 5.43523565e+02
4.12359131e-07 1.24360851e+01 5.58323904e+02
4.12790186e-07 1.44800280e+02 5.84868887e+02
4.13221240e-07 1.20980968e+01 5.16386346e+02
4.14083350e-07 2.94667960e+02 6.56773612e+02
4.14514405e-07 2.16634672e+02 6.07211653e+02
4.14945459e-07 2.14569584e+02 6.55262431e+02
4.15376514e-07 1.56175815e+02 6.32808996e+02
4.15807569e-07 1.60030078e+02 6.76104069e+02
4.16238624e-07 2.98221388e+02 7.52337233e+02
4.16669678e-07 1.95426653e+02 7.33551722e+02
4.17100733e-07 1.82367144e+02 7.16102752e+02
4.17531788e-07 1.13103707e+02 6.62673524e+02
4.17962843e-07 1.32704675e+02 6.70374331e+02
4.18393897e-07 1.40541346e+02 6.63615463e+02
4.18824952e-07 2.09732992e+02 7.12822129e+02
4.19256007e-07 2.26347047e+02 6.90080378e+02
4.19687062e-07 2.74785116e+02 6.92368575e+02
4.20118116e-07 3.89250029e+02 6.93141285e+02
4.20549171e-07 2.37055299e+02 6.64671763e+02
4.20980226e-07 2.10096710e+02 6.73316149e+02
4.21411281e-07 2.84046167e+02 7.28328108e+02
4.21842335e-07 2.86339745e+02 7.00541507e+02
4.22273390e-07 3.61059630e+01 5.21806645e+02
4.22704445e-07 5.91876731e+01 6.09376545e+02
4.23135500e-07 2.10496156e+02 6.86625954e+02
4.23566554e-07 3.57530326e+02 7.07496367e+02
4.23997609e-07 2.76664315e+02 6.92347736e+02
4.24428664e-07 2.62468426e+02 7.30302494e+02
4.24859718e-07 2.67088452e+02 6.87649738e+02
4.25290773e-07 3.18061130e+02 7.21291864e+02
4.25721828e-07 2.38558025e+02 7.24224366e+02
4.26152883e-07 2.24694011e+02 7.07039990e+02
4.26583937e-07 1.06892945e+02 6.79549824e+02
4.27014992e-07 3.25798226e+02 7.18397937e+02
4.27446047e-07 2.36584230e+02 7.29895754e+02
4.27877102e-07 2.21444929e+02 7.23463346e+02
4.28308156e-07 2.36632860e+02 7.37633119e+02
4.28739211e-07 3.87312021e+02 7.86607910e+02
4.29170266e-07 3.79312171e+02 7.79686912e+02
4.29601321e-07 2.83249000e+02 7.49675302e+02
4.30032375e-07 3.10446720e+02 7.25233507e+02
4.30463430e-07 3.47603487e+02 7.31893034e+02
4.30894485e-07 4.47942187e+02 7.99378119e+02
4.31325540e-07 3.68161301e+02 8.30705789e+02
4.31756594e-07 2.87394512e+02 8.34477094e+02
4.32187649e-07 3.31029591e+02 8.36671156e+02
4.32618704e-07 4.37599214e+02 8.48249017e+02
4.33049759e-07 3.18411673e+02 8.25679748e+02
4.33480813e-07 4.67533157e+02 8.69127219e+02
4.33911868e-07 3.78686102e+02 8.06753775e+02
4.34342923e-07 4.13224816e+02 8.68393740e+02
4.34773978e-07 4.56285154e+02 8.77804820e+02
4.35205032e-07 5.59167049e+02 9.24895662e+02
4.35636087e-07 4.45727137e+02 8.98153404e+02
4.36067142e-07 4.29950431e+02 9.31398193e+02
4.36498196e-07 3.88657265e+02 9.08919742e+02
4.36929251e-07 3.50197477e+02 8.56081574e+02
4.37360306e-07 3.38655118e+02 8.67736693e+02
4.37791361e-07 3.90956618e+02 8.97450257e+02
4.38222415e-07 4.11691858e+02 8.72945999e+02
4.38653470e-07 3.97749631e+02 8.44704448e+02
4.39084525e-07 4.38189573e+02 9.00581512e+02
4.39515580e-07 4.11335460e+02 8.83888505e+02
4.39946634e-07 4.08643839e+02 9.06611037e+02
4.40377689e-07 4.06258043e+02 9.21140456e+02
4.40808744e-07 2.68330926e+02 9.10461990e+02
4.41239799e-07 3.57009911e+02 9.79667555e+02
4.41670853e-07 4.04848730e+02 1.00775636e+03
4.42101908e-07 3.65005665e+02 9.89738976e+02
4.42532963e-07 3.78335480e+02 9.88080890e+02
4.42964018e-07 4.12145376e+02 9.87769190e+02
4.43395072e-07 4.34034300e+02 9.79502407e+02
4.43826127e-07 5.13632899e+02 1.01876027e+03
4.44257182e-07 5.67842735e+02 1.02972264e+03
4.44688237e-07 4.08364144e+02 9.73476686e+02
4.45119291e-07 4.68087592e+02 9.55954542e+02
4.45550346e-07 5.21774121e+02 9.93254477e+02
4.45981401e-07 5.22256831e+02 9.70005192e+02
4.46412456e-07 4.03385754e+02 9.22323291e+02
4.46843510e-07 4.23194916e+02 9.72417713e+02
4.47274565e-07 4.65070681e+02 1.00248856e+03
4.47705620e-07 6.02003057e+02 1.01463870e+03
4.48136674e-07 6.21321271e+02 1.05948828e+03
4.48567729e-07 5.41700893e+02 1.00336279e+03
4.48998784e-07 6.38412424e+02 1.06627841e+03
4.49429839e-07 6.29916697e+02 1.04891722e+03
4.49860893e-07 6.28400754e+02 1.10059293e+03
4.50291948e-07 6.73431214e+02 1.13914551e+03
4.50723003e-07 6.41095104e+02 1.12813138e+03
4.51154058e-07 5.53796509e+02 1.07895137e+03
4.51585112e-07 6.44929608e+02 1.11399961e+03
4.52016167e-07 6.05108034e+02 1.10783665e+03
4.52447222e-07 5.84500220e+02 1.14915327e+03
4.52878277e-07 7.45471691e+02 1.18974029e+03
4.53309331e-07 7.58906039e+02 1.19072972e+03
4.53740386e-07 5.38524189e+02 1.15212410e+03
4.54171441e-07 5.27743077e+02 1.13585016e+03
4.54602496e-07 7.60037114e+02 1.19950236e+03
4.55033550e-07 7.39335415e+02 1.25236645e+03
4.55464605e-07 7.66722432e+02 1.22387814e+03
4.55895660e-07 6.69092242e+02 1.17331050e+03
4.56326715e-07 5.92907296e+02 1.15622124e+03
4.56757769e-07 6.31782520e+02 1.19764584e+03
4.57188824e-07 4.97902996e+02 1.16221020e+03
4.57619879e-07 6.89885596e+02 1.21093480e+03
4.58050934e-07 5.53700184e+02 1.17606660e+03
4.58481988e-07 6.88471088e+02 1.23205933e+03
4.58913043e-07 6.10859219e+02 1.20280699e+03
4.59344098e-07 5.70643441e+02 1.18587444e+03
4.59775152e-07 8.71224058e+02 1.31544544e+03
4.60206207e-07 5.05106356e+02 1.14429344e+03
4.60637262e-07 6.67819522e+02 1.20230089e+03
4.61068317e-07 7.01355634e+02 1.20621510e+03
4.61499371e-07 6.32344851e+02 1.22175701e+03
4.61930426e-07 4.96839125e+02 1.19342393e+03
4.62361481e-07 7.22168841e+02 1.28050265e+03
4.62792536e-07 5.25003043e+02 1.19608875e+03
4.63223590e-07 5.93225173e+02 1.19562359e+03
4.63654645e-07 7.06779455e+02 1.23817119e+03
4.65378864e-07 6.60073175e+02 1.32128515e+03
4.65809919e-07 6.38049161e+02 1.31496940e+03
4.66240974e-07 9.61593802e+02 1.41484828e+03
4.66672028e-07 8.77994496e+02 1.36067904e+03
4.67103083e-07 7.56265308e+02 1.30196796e+03
4.67534138e-07 7.78707737e+02 1.37061313e+03
4.67965193e-07 7.53769546e+02 1.36513898e+03
4.68396247e-07 7.86273428e+02 1.33132412e+03
4.68827302e-07 7.60289939e+02 1.36452801e+03
4.69258357e-07 5.73650547e+02 1.29659774e+03
4.69689412e-07 6.74287217e+02 1.35170569e+03
4.70120466e-07 9.31096623e+02 1.36609860e+03
4.70551521e-07 1.03627364e+03 1.41298675e+03
4.70982576e-07 7.85071272e+02 1.36064982e+03
4.71413630e-07 6.93477334e+02 1.38592008e+03
4.71844685e-07 1.05796547e+03 1.47814567e+03
4.72275740e-07 8.30163418e+02 1.36735352e+03
4.72706795e-07 8.53410452e+02 1.38925734e+03
4.73137849e-07 8.27219087e+02 1.39438798e+03
4.73568904e-07 8.02153295e+02 1.39534626e+03
4.73999959e-07 8.54664691e+02 1.39682641e+03
4.74431014e-07 8.86877598e+02 1.38055563e+03
4.74862068e-07 9.89769008e+02 1.49276598e+03
4.75293123e-07 1.08498199e+03 1.49548283e+03
4.75724178e-07 1.00686011e+03 1.55864636e+03
4.76155233e-07 1.11808712e+03 1.60686992e+03
4.76586287e-07 9.71870781e+02 1.55821240e+03
4.77017342e-07 1.11607532e+03 1.48435553e+03
4.77448397e-07 9.96422106e+02 1.51144291e+03
4.77879452e-07 9.22999681e+02 1.46286117e+03
4.78310506e-07 9.29995605e+02 1.50188262e+03
4.78741561e-07 9.44416441e+02 1.49379913e+03
4.79172616e-07 9.97380693e+02 1.50715003e+03
4.79603671e-07 1.00193982e+03 1.50450605e+03
4.80034725e-07 1.17770284e+03 1.56944760e+03
4.80465780e-07 1.13893272e+03 1.56906394e+03
4.80896835e-07 1.04464041e+03 1.52901905e+03
4.81327890e-07 1.12773841e+03 1.55055103e+03
4.81758944e-07 1.11602315e+03 1.56173886e+03
4.82189999e-07 1.03704905e+03 1.64814948e+03
4.82621054e-07 1.14532279e+03 1.72039904e+03
4.83052109e-07 9.35936448e+02 1.62799633e+03
4.83483163e-07 9.71559304e+02 1.58274672e+03
4.83914218e-07 1.15116130e+03 1.68374735e+03
4.84345273e-07 1.28214454e+03 1.70630039e+03
4.84776327e-07 1.11549329e+03 1.61752091e+03
4.85207382e-07 1.10303777e+03 1.56734449e+03
4.85638437e-07 1.25290225e+03 1.59818186e+03
4.86069492e-07 1.03019082e+03 1.56446155e+03
4.86500546e-07 9.86431483e+02 1.48213804e+03
4.86931601e-07 1.20367870e+03 1.57180473e+03
4.87362656e-07 1.21676509e+03 1.59649823e+03
4.87793711e-07 1.13398346e+03 1.60092641e+03
4.88224765e-07 1.15579914e+03 1.66256062e+03
4.88655820e-07 1.21470920e+03 1.61363119e+03
4.89086875e-07 1.09303239e+03 1.62328300e+03
4.89517930e-07 1.15875171e+03 1.64922792e+03
4.89948984e-07 1.16740274e+03 1.66347276e+03
4.90380039e-07 1.06912280e+03 1.66244750e+03
4.90811094e-07 1.12742914e+03 1.64604410e+03
4.91242149e-07 1.18170787e+03 1.65005948e+03
4.91673203e-07 1.22286771e+03 1.67465863e+03
4.92104258e-07 1.37059487e+03 1.72578918e+03
4.92535313e-07 1.20232442e+03 1.64711907e+03
4.92966368e-07 1.27458253e+03 1.72837995e+03
4.93397422e-07 1.34684886e+03 1.75268654e+03
4.93828477e-07 1.34988630e+03 1.73256845e+03
4.94259532e-07 1.52737847e+03 1.82674039e+03
4.94690587e-07 1.44350994e+03 1.78792117e+03
4.95121641e-07 1.26609363e+03 1.79494609e+03
4.95552696e-07 1.36642569e+03 1.77136921e+03
4.95983751e-07 1.22376758e+03 1.75499059e+03
4.96414805e-07 1.28197194e+03 1.79385142e+03
4.96845860e-07 1.63451949e+03 1.91362533e+03
4.97276915e-07 1.42173736e+03 1.86980827e+03
4.97707970e-07 1.29987365e+03 1.84061428e+03
4.98139024e-07 1.33083662e+03 1.78358963e+03
4.98570079e-07 1.29562012e+03 1.76142065e+03
4.99001134e-07 1.43961158e+03 1.86268990e+03
4.99432189e-07 1.52089446e+03 1.89957876e+03
4.99863243e-07 1.46451532e+03 1.86196970e+03
5.00294298e-07 1.48187661e+03 1.86516242e+03
5.00725353e-07 1.60029878e+03 1.91017583e+03
5.01156408e-07 1.46593750e+03 1.85763030e+03
5.01587462e-07 1.32401429e+03 1.76566343e+03
5.02018517e-07 1.33394732e+03 1.77090069e+03
5.02449572e-07 1.36496056e+03 1.81909669e+03
5.02880627e-07 1.55662659e+03 1.90995837e+03
5.03311681e-07 1.51032420e+03 1.87866881e+03
5.03742736e-07 1.27559280e+03 1.80510091e+03
5.04173791e-07 1.32293087e+03 1.75950772e+03
5.04604846e-07 1.44471571e+03 1.85028185e+03
5.05035900e-07 1.51717757e+03 1.85940954e+03
5.05466955e-07 1.40859970e+03 1.84385699e+03
5.05898010e-07 1.60071497e+03 1.98330851e+03
5.06329065e-07 1.63129171e+03 1.96217437e+03
5.06760119e-07 1.52172547e+03 1.87922812e+03
5.07191174e-07 1.52220686e+03 1.89438763e+03
5.07622229e-07 1.81905904e+03 1.99877314e+03
5.08053283e-07 1.36972025e+03 1.84926192e+03
5.08484338e-07 1.35194967e+03 1.87065265e+03
5.08915393e-07 1.41004155e+03 1.92260963e+03
5.09346448e-07 1.77787132e+03 2.03476790e+03
5.09777502e-07 1.57179238e+03 1.92767279e+03
5.10208557e-07 1.54062122e+03 1.94318768e+03
5.10639612e-07 1.60450619e+03 1.95719782e+03
5.11070667e-07 1.78011298e+03 2.01937511e+03
5.11501721e-07 1.62863007e+03 1.99174653e+03
5.11932776e-07 1.56955523e+03 2.01431442e+03
5.12363831e-07 1.45277624e+03 1.92187783e+03
5.12794886e-07 1.47427743e+03 1.94815688e+03
5.13225940e-07 1.73722951e+03 2.07779056e+03
5.13656995e-07 1.71029192e+03 2.05816483e+03
5.14088050e-07 1.56956337e+03 2.09350930e+03
5.14519105e-07 1.72624198e+03 2.10216550e+03
5.14950159e-07 1.77542340e+03 2.13487353e+03
5.15381214e-07 1.54884378e+03 2.05377334e+03
5.15812269e-07 1.60871851e+03 2.07727751e+03
5.16243324e-07 1.82833952e+03 2.11416225e+03
5.16674378e-07 1.71384025e+03 2.02259590e+03
5.17105433e-07 1.78215697e+03 1.96096199e+03
5.17536488e-07 1.62631252e+03 1.93779590e+03
5.17967543e-07 1.57160386e+03 1.98439206e+03
5.18398597e-07 1.83072629e+03 2.05422377e+03
5.18829652e-07 1.54516292e+03 2.01619462e+03
5.19260707e-07 1.77169771e+03 2.17433194e+03
5.19691761e-07 1.55106625e+03 2.28383747e+03
5.20122816e-07 1.48073569e+03 2.28815632e+03
5.20553871e-07 1.87852432e+03 2.30039043e+03
5.20984926e-07 1.92619696e+03 2.20235613e+03
5.21415980e-07 1.79741446e+03 2.14327871e+03
5.21847035e-07 2.16978918e+03 2.30233537e+03
5.22278090e-07 1.98378989e+03 2.29858524e+03
5.22709145e-07 1.62520966e+03 2.13854366e+03
5.23140199e-07 1.32591162e+03 1.99439055e+03
5.23571254e-07 1.52120036e+03 2.07713656e+03
5.24002309e-07 1.54921636e+03 2.09248579e+03
5.24433364e-07 1.83203385e+03 2.24509067e+03
5.24864418e-07 1.71307118e+03 2.14788087e+03
5.25295473e-07 1.73886796e+03 2.21823178e+03
5.25726528e-07 1.99746275e+03 2.30907755e+03
5.26157583e-07 1.59852724e+03 2.13241859e+03
5.26588637e-07 1.84447605e+03 2.14278206e+03
5.27019692e-07 1.66002536e+03 2.07504219e+03
5.27450747e-07 1.87915389e+03 2.23153878e+03
5.27881802e-07 2.18675681e+03 2.36449489e+03
5.28312856e-07 1.67094678e+03 2.14042008e+03
5.28743911e-07 1.64349403e+03 2.15032081e+03
5.29174966e-07 1.84890193e+03 2.28426348e+03
5.29606021e-07 1.63367625e+03 2.20027799e+03
5.30037075e-07 1.97179842e+03 2.32730307e+03
5.30468130e-07 1.63213497e+03 2.28307577e+03
5.30899185e-07 2.06904446e+03 2.44504741e+03
5.31330239e-07 2.23142606e+03 2.52647084e+03
5.31761294e-07 1.88325376e+03 2.35461919e+03
5.32192349e-07 1.78205042e+03 2.29689472e+03
5.32623404e-07 1.97854979e+03 2.29039140e+03
5.33054458e-07 1.96599751e+03 2.39527825e+03
5.33485513e-07 1.82890698e+03 2.38939742e+03
5.33916568e-07 1.75407490e+03 2.28268661e+03
5.34347623e-07 1.92347962e+03 2.36388725e+03
5.34778677e-07 1.76001387e+03 2.27128490e+03
5.35209732e-07 1.46845457e+03 2.20754889e+03
5.35640787e-07 1.67913873e+03 2.28352832e+03
5.36071842e-07 1.78413965e+03 2.31585297e+03
5.36502896e-07 1.83168553e+03 2.31754487e+03
5.36933951e-07 2.09074123e+03 2.37669943e+03
5.37365006e-07 1.98965917e+03 2.35819461e+03
5.37796061e-07 2.07004645e+03 2.38571593e+03
5.38227115e-07 2.09911525e+03 2.38542775e+03
5.38658170e-07 2.00009827e+03 2.36322559e+03
5.39089225e-07 1.72822805e+03 2.26899571e+03
5.39520280e-07 1.74733743e+03 2.22426912e+03
5.39951334e-07 2.02925402e+03 2.31977916e+03
5.40382389e-07 2.17517104e+03 2.42336734e+03
5.40813444e-07 2.28013948e+03 2.41961513e+03
5.41244499e-07 1.79466986e+03 2.29511443e+03
5.41675553e-07 2.18527368e+03 2.44468357e+03
5.42106608e-07 2.00188465e+03 2.35823516e+03
5.42537663e-07 2.01523814e+03 2.41006477e+03
5.42968717e-07 2.03188836e+03 2.39246966e+03
5.43399772e-07 2.12671255e+03 2.45526990e+03
5.43830827e-07 2.15001007e+03 2.51010262e+03
5.44261882e-07 1.99604630e+03 2.47089861e+03
5.44692936e-07 1.86466793e+03 2.36156292e+03
5.45123991e-07 2.26912517e+03 2.57436758e+03
5.45555046e-07 2.11087039e+03 2.51236960e+03
5.45986101e-07 1.92267828e+03 2.47023598e+03
5.46417155e-07 2.18170621e+03 2.58487429e+03
5.46848210e-07 2.32589454e+03 2.66821134e+03
5.47279265e-07 1.90165123e+03 2.46353541e+03
5.47710320e-07 1.91656474e+03 2.40439969e+03
5.48141374e-07 1.79253402e+03 2.39546721e+03
5.48572429e-07 2.34899984e+03 2.59267160e+03
5.49003484e-07 2.21659527e+03 2.58502131e+03
5.49434539e-07 2.08101972e+03 2.56303006e+03
5.49865593e-07 2.10455491e+03 2.63849512e+03
5.50296648e-07 1.76920111e+03 2.48178995e+03
5.50727703e-07 1.95579951e+03 2.56213340e+03
5.51158758e-07 2.27700078e+03 2.64636328e+03
5.51589812e-07 2.17487977e+03 2.60682045e+03
5.52020867e-07 1.95373897e+03 2.59174013e+03
5.52451922e-07 1.81341477e+03 2.51654141e+03
5.52882977e-07 2.22077755e+03 2.65265942e+03
5.53314031e-07 2.08338984e+03 2.57379852e+03
5.53745086e-07 2.51572573e+03 2.80453852e+03
5.54176141e-07 2.02731300e+03 2.70433488e+03
5.54607196e-07 2.14862064e+03 2.70987147e+03
5.55038250e-07 1.94147495e+03 2.60783410e+03
5.55469305e-07 1.91917343e+03 2.59392259e+03
5.55900360e-07 1.90491091e+03 2.62924423e+03
5.56331414e-07 2.10797837e+03 2.78549487e+03
5.56762469e-07 1.39540033e+03 2.85743578e+03
5.57624579e-07 3.00971480e+03 2.42421489e+04
5.58055633e-07 1.69232791e+03 2.26252474e+04
5.58917743e-07 2.56392186e+03 2.93136874e+03
5.59348798e-07 2.17624043e+03 2.77450770e+03
5.59779852e-07 2.17869493e+03 2.76310106e+03
5.60210907e-07 2.10756290e+03 2.77181038e+03
5.60641962e-07 2.40254269e+03 2.88535747e+03
5.61073017e-07 2.11604561e+03 2.78285162e+03
5.61504071e-07 2.20549713e+03 2.71991075e+03
5.61935126e-07 2.22059245e+03 2.79011784e+03
5.62366181e-07 2.32923429e+03 2.85833963e+03
5.62797236e-07 2.41978233e+03 2.86605540e+03
5.63228290e-07 2.32971070e+03 2.75788447e+03
5.63659345e-07 2.35955965e+03 2.77618479e+03
5.64090400e-07 2.20382592e+03 2.67961450e+03
5.64521455e-07 2.74143792e+03 2.93876561e+03
5.64952509e-07 2.20082686e+03 2.77660979e+03
5.65383564e-07 2.18916274e+03 2.75091593e+03
5.65814619e-07 2.43720531e+03 2.79309763e+03
5.66245674e-07 2.38611176e+03 2.84352508e+03
5.66676728e-07 2.37504552e+03 2.86926612e+03
5.67107783e-07 2.20150849e+03 2.86844253e+03
5.67538838e-07 2.54180541e+03 2.92309590e+03
5.67969892e-07 2.45153628e+03 2.90275459e+03
5.68400947e-07 2.38140888e+03 2.93232894e+03
5.68832002e-07 2.15007677e+03 2.82529891e+03
5.69263057e-07 2.10261366e+03 2.79619013e+03
5.69694111e-07 2.53590795e+03 2.98586940e+03
5.70125166e-07 2.43920852e+03 2.92018520e+03
5.70556221e-07 2.40897378e+03 2.89236905e+03
5.70987276e-07 2.57338489e+03 2.92133267e+03
5.71418330e-07 2.62773435e+03 3.00076703e+03
5.71849385e-07 2.67334559e+03 3.02905383e+03
5.72280440e-07 2.11763199e+03 2.84492465e+03
5.72711495e-07 2.48372530e+03 2.96693795e+03
5.73142549e-07 2.56856572e+03 3.00155937e+03
5.73573604e-07 2.66419691e+03 2.99392938e+03
5.74004659e-07 2.57431335e+03 2.97616469e+03
5.74435714e-07 2.47631044e+03 2.89556866e+03
5.74866768e-07 2.60386055e+03 2.93905189e+03
5.75297823e-07 2.56626234e+03 2.91896684e+03
5.75728878e-07 2.87291268e+03 3.03776383e+03
5.76159933e-07 2.70310173e+03 3.02499807e+03
5.76590987e-07 2.52066647e+03 3.00025277e+03
5.77022042e-07 2.71453870e+03 3.10708363e+03
5.77453097e-07 2.58257166e+03 3.01057222e+03
5.77884152e-07 2.36563048e+03 2.90167586e+03
5.78315206e-07 2.61601657e+03 2.98562255e+03
5.78746261e-07 2.59413556e+03 3.01164632e+03
5.79177316e-07 2.52101639e+03 2.96826968e+03
5.79608370e-07 2.78809265e+03 3.08561956e+03
5.80039425e-07 2.58836766e+03 3.05977826e+03
5.80470480e-07 2.52641891e+03 3.02247199e+03
5.80901535e-07 2.19926880e+03 2.95614427e+03
5.81332589e-07 2.34130509e+03 2.94273431e+03
5.81763644e-07 2.68173633e+03 3.10225511e+03
5.82194699e-07 2.98086603e+03 3.16594039e+03
5.82625754e-07 2.66379763e+03 3.07019256e+03
5.83056808e-07 2.55920775e+03 3.06332927e+03
5.83487863e-07 2.54588856e+03 3.09438803e+03
5.83918918e-07 2.75764229e+03 3.11914836e+03
5.84349973e-07 2.92225642e+03 3.22511686e+03
5.84781027e-07 2.86996359e+03 3.20172684e+03
5.85212082e-07 2.63023333e+03 3.10869732e+03
5.85643137e-07 2.71934110e+03 3.11961978e+03
5.86074192e-07 2.71119564e+03 3.19345230e+03
5.86505246e-07 2.93418375e+03 3.59308317e+03
5.86936301e-07 2.59472495e+03 3.60571985e+03
5.87367356e-07 2.64207340e+03 3.37625529e+03
5.87798411e-07 2.95332649e+03 3.30210668e+03
5.88229465e-07 1.76824565e+03 3.14263651e+03
5.88660520e-07 1.63512492e+03 4.62378944e+03
5.89091575e-07 2.73390303e+03 6.74135378e+03
5.89522630e-07 2.43286617e+03 6.17241484e+03
5.89953684e-07 2.31845932e+03 4.47215226e+03
5.90384739e-07 2.75493056e+03 3.51277999e+03
5.90815794e-07 2.61780024e+03 3.29320758e+03
5.91246848e-07 2.46776876e+03 3.31932608e+03
5.91677903e-07 2.53896703e+03 3.50441855e+03
5.92108958e-07 2.78182172e+03 3.39354740e+03
5.92540013e-07 3.05878783e+03 3.43838367e+03
5.92971067e-07 2.76348366e+03 3.51108747e+03
5.93402122e-07 2.72561414e+03 3.59594537e+03
5.93833177e-07 2.75144184e+03 3.41459928e+03
5.94264232e-07 2.47864158e+03 3.19170967e+03
5.94695286e-07 2.47263461e+03 3.19275117e+03
5.95126341e-07 2.66220517e+03 3.52667602e+03
5.95557396e-07 3.03389051e+03 3.68513400e+03
5.95988451e-07 3.04477118e+03 3.46777960e+03
5.96419505e-07 2.92670986e+03 3.30857704e+03
5.96850560e-07 2.64027660e+03 3.25618982e+03
5.97281615e-07 2.92280858e+03 3.38786381e+03
5.97712670e-07 3.02420192e+03 3.47178033e+03
5.98143724e-07 3.15771565e+03 3.43125351e+03
5.98574779e-07 2.52730386e+03 3.18833858e+03
5.99005834e-07 2.69003226e+03 3.21013796e+03
5.99436889e-07 3.05920596e+03 3.36173288e+03
5.99867943e-07 2.69052865e+03 3.29055923e+03
6.00298998e-07 2.50459452e+03 3.25449523e+03
6.00730053e-07 2.73291115e+03 3.25455669e+03
6.01161108e-07 2.51319514e+03 3.11730187e+03
6.01592162e-07 2.95362867e+03 3.18216567e+03
6.02023217e-07 3.79755459e+03 3.48531540e+03
6.02454272e-07 3.32750301e+03 3.31187718e+03
6.02885326e-07 3.13770615e+03 3.29302643e+03
6.03316381e-07 3.61788213e+03 3.50297611e+03
6.03747436e-07 3.08228684e+03 3.26308360e+03
6.04178491e-07 2.59895449e+03 3.05687697e+03
6.04609545e-07 2.97023619e+03 3.20055217e+03
6.05040600e-07 2.75302535e+03 3.10574614e+03
6.05471655e-07 3.24788051e+03 3.29663355e+03
6.05902710e-07 3.20939168e+03 3.35831083e+03
6.06333764e-07 3.30885060e+03 3.31988722e+03
6.06764819e-07 2.81529668e+03 3.21636121e+03
6.07195874e-07 2.90145272e+03 3.18646736e+03
6.07626929e-07 2.90218280e+03 3.21693526e+03
6.08057983e-07 3.00322822e+03 3.18843285e+03
6.08489038e-07 3.03503794e+03 3.16445568e+03
6.08920093e-07 2.99373026e+03 3.21480132e+03
6.09351148e-07 3.21774878e+03 3.25964227e+03
6.09782202e-07 3.12730362e+03 3.25010495e+03
6.10213257e-07 2.76513580e+03 3.17054401e+03
6.10644312e-07 2.88739626e+03 3.18467407e+03
6.11075367e-07 3.20345512e+03 3.30057390e+03
6.11506421e-07 3.08309762e+03 3.22753894e+03
6.11937476e-07 3.05712806e+03 3.17136666e+03
6.12368531e-07 3.01039080e+03 3.17131213e+03
6.12799586e-07 3.07981715e+03 3.17447784e+03
6.13230640e-07 2.88641365e+03 3.27412317e+03
6.13661695e-07 2.90884247e+03 3.33570822e+03
6.14092750e-07 3.22570945e+03 3.63506574e+03
6.14523804e-07 3.26468324e+03 3.57583247e+03
6.14954859e-07 3.01388907e+03 3.35247412e+03
6.15385914e-07 3.13625777e+03 3.30894210e+03
6.15816969e-07 3.15149377e+03 3.28630089e+03
6.16248023e-07 3.13115960e+03 3.23514863e+03
6.16679078e-07 3.04180676e+03 3.29755506e+03
6.17110133e-07 2.87880087e+03 3.43059662e+03
6.17541188e-07 3.21217822e+03 3.43821932e+03
6.17972242e-07 2.99902263e+03 3.28931284e+03
6.18403297e-07 2.97067394e+03 3.20761442e+03
6.18834352e-07 2.89170215e+03 3.16023919e+03
6.19265407e-07 3.05107043e+03 3.27688085e+03
6.19696461e-07 3.39188046e+03 3.39001706e+03
6.20127516e-07 3.47811131e+03 3.50954169e+03
6.20558571e-07 3.09552179e+03 3.37049086e+03
6.20989626e-07 2.91974214e+03 3.23892272e+03
6.21420680e-07 3.23491418e+03 3.32808543e+03
6.21851735e-07 2.85616509e+03 3.34112820e+03
6.22282790e-07 3.11453900e+03 3.41479492e+03
6.22713845e-07 3.16613882e+03 3.38031506e+03
6.23144899e-07 3.04860969e+03 3.66585734e+03
6.23575954e-07 3.35701070e+03 4.43777894e+03
6.24007009e-07 3.56659737e+03 4.37212042e+03
6.24438064e-07 3.36903552e+03 3.83232955e+03
6.24869118e-07 2.84414186e+03 3.36454378e+03
6.25300173e-07 3.19417030e+03 3.53168569e+03
6.25731228e-07 3.11773439e+03 4.07871602e+03
6.26162283e-07 3.06007261e+03 4.08278197e+03
6.26593337e-07 3.10946614e+03 3.77931136e+03
6.27024392e-07 3.25838068e+03 3.57643644e+03
6.27455447e-07 3.03371493e+03 3.41758558e+03
6.27886501e-07 2.90794965e+03 3.30981012e+03
6.28317556e-07 2.85203876e+03 3.48896662e+03
6.28748611e-07 2.76823785e+03 3.90109917e+03
6.29179666e-07 2.17434359e+03 3.76667919e+03
6.29610720e-07 2.77603079e+03 7.66428462e+03
6.30041775e-07 3.05394412e+03 1.31397275e+04
6.30472830e-07 3.22854132e+03 9.44063326e+03
6.30903885e-07 2.12013340e+03 4.37328682e+03
6.31334939e-07 3.11756080e+03 3.48717121e+03
6.31765994e-07 3.04679242e+03 3.32437788e+03
6.32197049e-07 2.76036722e+03 3.40727851e+03
6.32628104e-07 2.48811222e+03 3.62717392e+03
6.33059158e-07 2.55070236e+03 3.78743776e+03
6.33490213e-07 2.98286271e+03 3.54633984e+03
6.33921268e-07 3.12190175e+03 3.29617801e+03
6.34352323e-07 3.34459521e+03 3.43521567e+03
6.34783377e-07 3.51607841e+03 3.56096185e+03
6.35214432e-07 3.27907167e+03 3.65943313e+03
6.35645487e-07 2.93066380e+03 3.99086400e+03
6.36076542e-07 3.42927080e+03 5.73523815e+03
6.36507596e-07 3.36160289e+03 6.56314909e+03
6.36938651e-07 2.70449875e+03 4.40498364e+03
6.37369706e-07 3.20787038e+03 3.40064518e+03
6.37800761e-07 3.41040396e+03 3.46186160e+03
6.38231815e-07 3.27371704e+03 3.56234246e+03
6.38662870e-07 3.37176565e+03 3.59876934e+03
6.39093925e-07 3.44025574e+03 3.54399970e+03
6.39524979e-07 3.54634896e+03 3.39127358e+03
6.39956034e-07 3.53161390e+03 3.37345480e+03
6.40387089e-07 3.31684297e+03 3.28285502e+03
6.40818144e-07 3.26950919e+03 3.27224012e+03
6.41249198e-07 3.52963690e+03 3.36413479e+03
6.41680253e-07 3.69515887e+03 3.47387484e+03
6.42111308e-07 3.56045347e+03 3.44560047e+03
6.42542363e-07 3.21491217e+03 3.23438114e+03
6.42973417e-07 3.20384959e+03 3.23135990e+03
6.43404472e-07 3.42027534e+03 3.30391069e+03
6.43835527e-07 3.50891873e+03 3.30560268e+03
6.44266582e-07 3.56734978e+03 3.30850023e+03
6.44697636e-07 3.31232281e+03 3.36881411e+03
6.45128691e-07 3.11369348e+03 3.28309179e+03
6.45559746e-07 3.17871944e+03 3.29826766e+03
6.45990801e-07 2.92528660e+03 3.40925541e+03
6.49008184e-07 4.72106784e+03 3.37802925e+03
6.49439239e-07 3.46234403e+03 3.80280369e+03
6.49870293e-07 3.77058928e+03 4.52266172e+03
6.50301348e-07 3.16847317e+03 4.28800817e+03
6.50732403e-07 3.00778075e+03 3.64610901e+03
6.51163457e-07 3.22132858e+03 3.40175488e+03
6.51594512e-07 3.09298849e+03 3.32779354e+03
6.52025567e-07 3.35273450e+03 3.50684463e+03
6.52456622e-07 3.31761082e+03 3.58196517e+03
6.52887676e-07 2.97601769e+03 3.72176644e+03
6.53318731e-07 3.97803246e+03 4.48161596e+03
6.53749786e-07 3.26443247e+03 3.94812648e+03
6.54180841e-07 3.49380847e+03 3.73141479e+03
6.54611895e-07 3.43609140e+03 3.82807149e+03
6.55042950e-07 3.20484322e+03 4.00764845e+03
6.55474005e-07 3.65308510e+03 4.37703829e+03
6.55905060e-07 2.96073519e+03 3.63466157e+03
6.56336114e-07 3.63294161e+03 3.59495852e+03
6.56767169e-07 3.49098632e+03 3.64015454e+03
6.57198224e-07 3.46721612e+03 3.81234083e+03
6.57629279e-07 3.12771884e+03 4.02175785e+03
6.58060333e-07 3.45712873e+03 3.98149277e+03
6.58491388e-07 3.50758800e+03 3.57238704e+03
6.58922443e-07 3.49752225e+03 3.39400442e+03
6.59353498e-07 3.26707483e+03 3.43262777e+03
6.59784552e-07 3.63011405e+03 3.66789840e+03
6.60215607e-07 3.61352071e+03 3.81035874e+03
6.60646662e-07 3.35653998e+03 3.64536532e+03
6.61077717e-07 3.27147311e+03 3.28582740e+03
6.61508771e-07 3.68365985e+03 3.40976084e+03
6.61939826e-07 3.24096033e+03 3.32268892e+03
6.62370881e-07 2.99968178e+03 3.28052023e+03
6.62801935e-07 2.79112335e+03 3.26517511e+03
6.63232990e-07 2.97629816e+03 3.42583876e+03
6.63664045e-07 3.59019322e+03 3.56968199e+03
6.64095100e-07 3.29382430e+03 3.41497488e+03
6.64526154e-07 3.34594896e+03 3.36924001e+03
6.64957209e-07 3.37201949e+03 3.32136002e+03
6.65388264e-07 3.57492154e+03 3.37577567e+03
6.65819319e-07 3.60177026e+03 3.43735227e+03
6.66250373e-07 3.47934837e+03 3.41564130e+03
6.66681428e-07 3.65852292e+03 3.54309151e+03
6.67112483e-07 3.37035354e+03 3.36977406e+03
6.67543538e-07 3.32009885e+03 3.26535624e+03
6.67974592e-07 3.27306010e+03 3.31002928e+03
6.68405647e-07 3.77085226e+03 3.43770487e+03
6.68836702e-07 3.51416061e+03 3.38357990e+03
6.69267757e-07 3.20600958e+03 3.31441121e+03
6.69698811e-07 3.31740934e+03 3.36841314e+03
6.70129866e-07 3.47178419e+03 3.38416830e+03
6.70560921e-07 3.17599302e+03 3.29214556e+03
6.70991976e-07 2.96620080e+03 3.28677824e+03
6.71423030e-07 3.38083047e+03 3.37531023e+03
6.71854085e-07 3.52510913e+03 3.44292842e+03
6.72285140e-07 3.33477636e+03 3.29740483e+03
6.72716195e-07 3.55845593e+03 3.39928622e+03
6.73147249e-07 3.23213579e+03 3.29979927e+03
6.73578304e-07 3.64201231e+03 3.45806877e+03
6.74009359e-07 3.41302184e+03 3.38886950e+03
6.74440413e-07 3.61996210e+03 3.41459255e+03
6.74871468e-07 3.62025657e+03 3.35903310e+03
6.75302523e-07 3.29212843e+03 3.27511740e+03
6.75733578e-07 3.62366570e+03 3.31697980e+03
6.76164632e-07 3.32681171e+03 3.28212248e+03
6.76595687e-07 3.62679531e+03 3.33748973e+03
6.77026742e-07 3.54143730e+03 3.32400944e+03
6.77457797e-07 3.28964503e+03 3.24779459e+03
6.77888851e-07 3.48088758e+03 3.31782908e+03
6.78319906e-07 3.62120422e+03 3.34738600e+03
6.78750961e-07 3.57186255e+03 3.29834482e+03
6.79182016e-07 3.77695982e+03 3.41489709e+03
6.79613070e-07 3.27125154e+03 3.22403895e+03
6.80044125e-07 3.25694628e+03 3.25430312e+03
6.80475180e-07 3.18503446e+03 3.18204080e+03
6.80906235e-07 3.30362780e+03 3.19359507e+03
6.81337289e-07 3.34451005e+03 3.22740327e+03
6.81768344e-07 3.61904771e+03 3.34680987e+03
6.82199399e-07 3.67848462e+03 3.69371874e+03
6.82630454e-07 4.06714062e+03 4.98419508e+03
6.83061508e-07 3.66163594e+03 5.88980952e+03
6.83492563e-07 3.03871580e+03 5.33295714e+03
6.83923618e-07 2.50655482e+03 4.06870637e+03
6.84354673e-07 3.37264777e+03 3.77328127e+03
6.84785727e-07 3.71147966e+03 3.48082818e+03
6.85216782e-07 3.34804046e+03 3.36746895e+03
6.85647837e-07 3.33007533e+03 3.63095522e+03
6.86078891e-07 4.16688367e+03 5.47558215e+03
6.86509946e-07 2.81561309e+03 5.80293872e+03
6.86941001e-07 2.05673302e+03 3.70148023e+03
6.87372056e-07 2.83553307e+03 3.05019720e+03
6.87803110e-07 3.19099137e+03 3.25334040e+03
6.88234165e-07 3.14593610e+03 3.48964433e+03
6.88665220e-07 2.76187287e+03 3.55790121e+03
6.89096275e-07 2.93446085e+03 3.49227214e+03
6.89527329e-07 3.41484881e+03 3.49627551e+03
6.89958384e-07 3.04199625e+03 3.47741656e+03
6.90389439e-07 3.17262154e+03 3.51232206e+03
6.90820494e-07 3.66750108e+03 3.81964772e+03
6.91251548e-07 3.26137581e+03 3.93459569e+03
6.91682603e-07 3.53793098e+03 4.06287063e+03
6.92113658e-07 3.76166638e+03 4.54204879e+03
6.92544713e-07 3.23509204e+03 4.28710610e+03
6.92975767e-07 2.75081183e+03 3.40738419e+03
6.93406822e-07 3.69548905e+03 3.43428467e+03
6.93837877e-07 3.50386443e+03 3.77493873e+03
6.94268932e-07 3.26245221e+03 3.86493914e+03
6.94699986e-07 3.10461855e+03 4.25791015e+03
6.95131041e-07 3.31709277e+03 4.33766957e+03
6.95562096e-07 3.19090389e+03 3.52499274e+03
6.95993151e-07 3.21300978e+03 3.24547059e+03
6.96424205e-07 3.56057009e+03 3.56429458e+03
6.96855260e-07 3.75623341e+03 3.82442659e+03
6.97286315e-07 3.52902808e+03 3.97802853e+03
6.97717370e-07 3.04199080e+03 4.13068214e+03
6.98148424e-07 2.92663729e+03 3.89787967e+03
6.98579479e-07 2.89865765e+03 3.21674572e+03
6.99010534e-07 3.37727563e+03 3.25894224e+03
6.99441588e-07 3.26276077e+03 3.17280968e+03
6.99872643e-07 3.51005164e+03 3.38422390e+03
7.00303698e-07 3.47017360e+03 3.47004764e+03
7.00734753e-07 3.21238782e+03 3.44664991e+03
7.01165807e-07 3.31111634e+03 3.53071129e+03
7.01596862e-07 2.94952324e+03 3.17254763e+03
7.02027917e-07 3.43394603e+03 3.11204829e+03
7.02458972e-07 3.30300455e+03 3.07906053e+03
7.02890026e-07 3.63021319e+03 3.31636949e+03
7.03321081e-07 3.94392100e+03 3.37173576e+03
7.03752136e-07 4.47763871e+03 3.57692035e+03
7.04183191e-07 6.62119012e+03 4.51094283e+03
7.04614245e-07 9.76299257e+03 5.82733991e+03
7.05045300e-07 7.70821597e+03 5.08179675e+03
7.05476355e-07 3.78193108e+03 3.52226133e+03
7.05907410e-07 3.21547286e+03 3.25850634e+03
7.06338464e-07 4.76681180e+03 3.84854537e+03
7.06769519e-07 6.31558316e+03 4.37373009e+03
7.07200574e-07 5.56160034e+03 4.10637428e+03
7.07631629e-07 3.96974657e+03 3.55080896e+03
7.08062683e-07 3.37591680e+03 3.38927121e+03
7.08493738e-07 3.37223428e+03 3.42982087e+03
7.08924793e-07 3.46033956e+03 3.43231643e+03
7.09355848e-07 3.37466607e+03 3.31788544e+03
7.09786902e-07 3.27660011e+03 3.23285787e+03
7.10217957e-07 3.30316802e+03 3.22550776e+03
7.10649012e-07 3.35993017e+03 3.23472474e+03
7.11080066e-07 3.36401979e+03 3.18535046e+03
7.11511121e-07 2.91691748e+03 3.07048130e+03
7.11942176e-07 3.60445134e+03 3.26789626e+03
7.12373231e-07 3.61770043e+03 3.33679236e+03
7.12804285e-07 3.19213517e+03 3.20840449e+03
7.13235340e-07 3.40792477e+03 3.25745005e+03
7.13666395e-07 3.41211341e+03 3.29869464e+03
7.14097450e-07 3.19138005e+03 3.26791649e+03
7.14528504e-07 3.16596402e+03 3.36479892e+03
7.14959559e-07 3.48038577e+03 3.33815188e+03
7.15390614e-07 3.23290129e+03 3.18309916e+03
7.15821669e-07 2.99722721e+03 3.11634666e+03
7.16252723e-07 3.13680081e+03 3.09134003e+03
7.16683778e-07 2.63276433e+03 2.86868722e+03
7.17114833e-07 2.49233840e+03 2.63960958e+03
7.17545888e-07 2.35229179e+03 2.61777586e+03
7.17976942e-07 2.55616863e+03 2.62252215e+03
7.18407997e-07 2.59178241e+03 2.52889252e+03
7.18839052e-07 2.36565577e+03 2.41854455e+03
7.19270107e-07 2.46134344e+03 2.47159159e+03
7.19701161e-07 2.57105565e+03 2.45806933e+03
7.20132216e-07 2.30347378e+03 2.34251393e+03
7.20563271e-07 2.58666787e+03 2.47413060e+03
7.20994326e-07 2.68525611e+03 2.66736359e+03
7.21425380e-07 2.62195248e+03 2.75150995e+03
7.21856435e-07 2.68257743e+03 2.72132663e+03
7.22287490e-07 3.20030687e+03 2.95594345e+03
7.22718544e-07 3.41170390e+03 3.09668184e+03
7.23149599e-07 3.25452670e+03 3.34024662e+03
7.23580654e-07 2.74416014e+03 4.65130179e+03
7.24011709e-07 1.63159230e+03 6.32080539e+03
7.24442763e-07 9.84594504e+02 6.42497714e+03
7.24873818e-07 1.44323571e+03 4.55100518e+03
7.25304873e-07 1.56825062e+03 3.14317930e+03
7.25735928e-07 2.51961460e+03 2.94189641e+03
7.26166982e-07 2.88687185e+03 2.92043299e+03
7.26598037e-07 2.60994824e+03 3.11171886e+03
7.27029092e-07 2.75997141e+03 4.09582886e+03
7.27460147e-07 1.90605610e+03 5.55388906e+03
7.27891201e-07 1.35347928e+03 5.79053721e+03
7.28322256e-07 1.76768706e+03 4.86638029e+03
7.28753311e-07 1.77972678e+03 3.90769020e+03
7.29184366e-07 1.98223815e+03 3.18708162e+03
7.29615420e-07 3.58141687e+03 4.02373574e+03
7.30046475e-07 3.07314219e+03 3.93835427e+03
7.30477530e-07 3.25577585e+03 4.60726015e+03
7.30908585e-07 3.72133641e+03 4.95569566e+03
7.31339639e-07 2.47337993e+03 5.67884139e+03
7.31770694e-07 1.28785128e+03 5.59996539e+03
7.32201749e-07 2.13194080e+03 4.27409009e+03
7.32632804e-07 2.35547064e+03 3.87129567e+03
7.33063858e-07 2.59568942e+03 4.56800428e+03
7.33494913e-07 3.02715029e+03 5.12634822e+03
7.33925968e-07 1.78822732e+03 6.26479158e+03
7.34357022e-07 1.52065312e+03 6.10857641e+03
7.34788077e-07 2.17309108e+03 3.83597147e+03
7.35219132e-07 2.56623126e+03 3.49736478e+03
7.35650187e-07 2.37430781e+03 4.04883707e+03
7.36081241e-07 2.62139808e+03 4.50712430e+03
7.36512296e-07 2.68469088e+03 4.74963675e+03
7.36943351e-07 1.60422131e+03 5.06070677e+03
7.37374406e-07 2.64470489e+03 4.44176412e+03
7.37805460e-07 3.05431515e+03 3.26519475e+03
7.38236515e-07 2.83293322e+03 3.07437144e+03
7.38667570e-07 2.76969694e+03 3.40614096e+03
7.39098625e-07 3.14514719e+03 4.07423054e+03
7.39529679e-07 3.15190122e+03 4.48356447e+03
7.39960734e-07 2.35928706e+03 4.64204391e+03
7.40391789e-07 2.12910151e+03 4.49929983e+03
7.40822844e-07 2.60929626e+03 3.50469766e+03
7.41253898e-07 3.06530896e+03 3.14893095e+03
7.41684953e-07 3.29873474e+03 3.22934005e+03
7.42116008e-07 3.27731411e+03 3.22949781e+03
7.42547063e-07 3.43088593e+03 3.52175244e+03
7.42978117e-07 3.08532089e+03 3.82483705e+03
7.43409172e-07 3.10249238e+03 4.05414116e+03
7.43840227e-07 2.90980391e+03 4.10625432e+03
7.44271282e-07 3.14388809e+03 3.69211228e+03
7.44702336e-07 2.97116918e+03 3.09751160e+03
7.45133391e-07 3.27482845e+03 3.19245732e+03
7.45564446e-07 3.18251632e+03 3.19347346e+03
7.45995500e-07 3.22930302e+03 3.54119001e+03
7.46426555e-07 3.30517644e+03 4.06431981e+03
7.46857610e-07 3.04056826e+03 4.35298995e+03
7.47288665e-07 2.86488124e+03 4.65025800e+03
7.47719719e-07 2.46732387e+03 4.72237450e+03
7.48150774e-07 2.64542461e+03 4.78806226e+03
7.48581829e-07 2.79725158e+03 4.28833901e+03
7.49012884e-07 2.65107431e+03 3.55444460e+03
7.49443938e-07 3.14725971e+03 3.49367597e+03
7.49874993e-07 3.25293700e+03 3.35372956e+03
7.50306048e-07 2.88591449e+03 3.13844638e+03
7.50737103e-07 3.34165689e+03 3.39530795e+03
7.51168157e-07 3.44113821e+03 3.53679396e+03
7.51599212e-07 3.34244807e+03 4.21015931e+03
7.52030267e-07 2.87799576e+03 5.52151664e+03
7.52461322e-07 1.87397331e+03 6.17653038e+03
7.52892376e-07 1.31615637e+03 5.16243341e+03
7.53323431e-07 2.28380964e+03 4.01244440e+03
7.53754486e-07 2.76125957e+03 3.37430384e+03
7.54185541e-07 3.19227402e+03 3.41926205e+03
7.54616595e-07 3.41969379e+03 3.41805995e+03
7.55047650e-07 2.91186426e+03 3.31305178e+03
7.55478705e-07 2.95692080e+03 3.64877547e+03
7.55909760e-07 3.54591752e+03 4.10413387e+03
7.56340814e-07 3.36020043e+03 4.11392200e+03
7.56771869e-07 2.65189340e+03 4.43749066e+03
7.57202924e-07 2.96794340e+03 5.50857528e+03
7.57633978e-07 1.96451283e+03 4.44855472e+03
7.58065033e-07 2.52303296e+03 3.65634249e+03
7.58496088e-07 3.12441548e+03 3.94857436e+03
7.58927143e-07 2.52525444e+03 3.45816901e+03
7.59358197e-07 2.26409245e+03 2.87900515e+03
7.59789252e-07 1.91910856e+03 2.52034821e+03
7.60220307e-07 1.10217206e+03 2.01704115e+03
7.60651362e-07 9.16531200e+02 1.66810357e+03
7.61082416e-07 1.48657963e+03 2.08848854e+03
7.61513471e-07 1.56190926e+03 2.59570405e+03
7.61944526e-07 1.76820231e+03 3.03930207e+03
7.62375581e-07 1.24580511e+03 2.73273964e+03
7.62806635e-07 1.39721861e+03 2.67188286e+03
7.63237690e-07 1.38609795e+03 2.56366660e+03
7.63668745e-07 1.23913538e+03 2.12520647e+03
7.64099800e-07 1.99711969e+03 2.29599787e+03
7.64530854e-07 1.97513226e+03 2.43663635e+03
7.64961909e-07 2.37838881e+03 2.81750181e+03
7.65392964e-07 2.70673794e+03 3.17075553e+03
7.65824019e-07 2.48244189e+03 3.22693061e+03
7.66255073e-07 2.45247422e+03 3.33689833e+03
7.66686128e-07 2.29324588e+03 3.12371519e+03
7.67117183e-07 2.24492315e+03 2.81224847e+03
7.67548238e-07 3.22979101e+03 3.14475594e+03
7.67979292e-07 3.14368797e+03 3.21114023e+03
7.68410347e-07 3.01696859e+03 3.27819441e+03
7.68841402e-07 3.29627578e+03 3.52868479e+03
7.69272457e-07 2.94522997e+03 3.67104313e+03
7.69703511e-07 3.11803462e+03 3.89288815e+03
7.70134566e-07 3.93794308e+03 4.58395026e+03
7.70565621e-07 3.55450062e+03 5.33044324e+03
7.70996675e-07 2.09380458e+03 7.20701191e+03
7.71427730e-07 1.65346417e+03 9.58941126e+03
7.71858785e-07 1.45175566e+03 8.50190313e+03
7.72289840e-07 6.05192277e+02 5.20149947e+03
7.72720894e-07 2.47286784e+03 4.46723095e+03
7.73151949e-07 2.25807404e+03 3.74936764e+03
7.73583004e-07 3.57382769e+03 4.11674384e+03
7.74014059e-07 3.27331931e+03 4.54836321e+03
7.74445113e-07 2.34184334e+03 5.43136948e+03
7.74876168e-07 1.89426789e+03 7.98828981e+03
7.75307223e-07 1.82545780e+03 8.51007390e+03
7.75738278e-07 9.07303648e+02 5.75016998e+03
7.76169332e-07 3.18805471e+03 5.36985260e+03
7.76600387e-07 2.79480146e+03 4.42895286e+03
7.77031442e-07 2.52946972e+03 4.29994478e+03
7.77462497e-07 2.44415132e+03 4.81547517e+03
7.77893551e-07 2.73403580e+03 5.20505218e+03
7.78324606e-07 2.87774362e+03 5.02823702e+03
7.78755661e-07 2.09696274e+03 4.85667240e+03
7.79186716e-07 2.45641114e+03 6.39726802e+03
7.79617770e-07 3.34904945e+03 7.33508421e+03
7.80048825e-07 1.53358073e+03 4.60506048e+03
7.80479880e-07 2.82381082e+03 4.45810120e+03
7.80910935e-07 3.02267973e+03 5.49034673e+03
7.81341989e-07 2.32918609e+03 5.30469334e+03
7.81773044e-07 1.90218018e+03 6.06635994e+03
7.82204099e-07 2.60717150e+03 7.79877639e+03
7.82635153e-07 1.80566493e+03 5.69364826e+03
7.83066208e-07 1.98531269e+03 3.62151430e+03
7.83497263e-07 3.60679368e+03 4.10616307e+03
7.83928318e-07 2.83720644e+03 4.89029152e+03
7.84359372e-07 3.35900878e+03 5.99064853e+03
7.84790427e-07 2.26987181e+03 6.58791959e+03
7.85221482e-07 2.60122426e+03 8.95313483e+03
7.85652537e-07 1.46572946e+03 8.78236662e+03
7.86083591e-07 9.47986384e+02 6.84625783e+03
7.86514646e-07 2.26855401e+03 6.24780266e+03
7.86945701e-07 2.21344616e+03 6.61185655e+03
7.87376756e-07 2.63252827e+03 6.33004922e+03
7.87807810e-07 2.10399078e+03 5.32190060e+03
7.88238865e-07 3.14868376e+03 5.70513285e+03
7.88669920e-07 2.05759084e+03 5.41487264e+03
7.89100975e-07 3.22645385e+03 5.91586490e+03
7.89532029e-07 3.44517858e+03 5.13254513e+03
7.89963084e-07 3.16572918e+03 4.23895181e+03
7.90394139e-07 3.21208670e+03 4.84652630e+03
7.90825194e-07 2.78628152e+03 6.64412425e+03
7.91256248e-07 9.99393378e+02 9.38297518e+03
7.91687303e-07 1.28229237e+03 9.87560920e+03
7.92118358e-07 4.77631045e+02 6.89254482e+03
7.92549413e-07 2.33597975e+03 5.49449828e+03
7.92980467e-07 1.98224464e+03 4.73876593e+03
7.93411522e-07 3.00001807e+03 4.94066190e+03
7.93842577e-07 2.42951849e+03 3.76535580e+03
7.94273631e-07 2.72724339e+03 3.72284922e+03
7.94704686e-07 2.65327080e+03 4.63012238e+03
7.95135741e-07 2.49246245e+03 5.05323983e+03
7.95566796e-07 2.94881604e+03 4.88932458e+03
7.97291015e-07 1.08047013e+02 2.30775636e-02
7.97722069e-07 3.38431757e+02 2.57147359e-02
