8.33800000e-02
3.58861000e-07 1.39799276e+02 4.64591695e+02
3.59292030e-07 9.12152950e+01 5.04706125e+02
3.59723061e-07 7.21372117e+01 4.39106796e+02
3.60154091e-07 9.45360772e+01 4.63728920e+02
3.60585121e-07 1.22799490e+02 3.73835332e+02
3.61016152e-07 1.09552052e+02 2.84719604e+02
3.61447182e-07 1.29191938e+02 4.75582459e+02
3.61878212e-07 9.10299968e+01 7.94898648e+02
3.62309242e-07 1.57789835e+02 7.38847589e+02
3.62740273e-07 1.68892936e+02 8.68611030e+02
3.63171303e-07 2.83603470e+02 7.82912561e+02
3.63602333e-07 1.62826517e+02 6.02880659e+02
3.64033364e-07 1.57491394e+02 5.71082994e+02
3.64464394e-07 1.99936024e+02 6.23825879e+02
3.64895424e-07 1.98369902e+02 4.46731608e+02
3.65326455e-07 2.45032056e+02 6.53981951e+02
3.65757485e-07 1.90424962e+02 5.98731831e+02
3.66188515e-07 8.15836461e+01 3.95570803e+02
3.66619545e-07 6.49947542e+01 3.69409357e+02
3.67050576e-07 1.81288947e+02 5.14680071e+02
3.67481606e-07 2.02141384e+02 5.78184249e+02
3.67912636e-07 1.76098672e+02 4.49788858e+02
3.68343667e-07 1.51030627e+02 3.79123722e+02
3.68774697e-07 1.71972855e+02 4.81787997e+02
3.69205727e-07 1.10187657e+02 4.48129424e+02
3.69636758e-07 1.58203298e+02 4.65684986e+02
3.70067788e-07 2.46647891e+02 6.10804449e+02
3.70498818e-07 2.26356244e+02 5.48461346e+02
3.70929848e-07 1.69960265e+02 4.87882190e+02
3.71360879e-07 1.66397453e+02 4.87085050e+02
3.71791909e-07 3.08620253e+02 5.74577995e+02
3.72222939e-07 2.05730978e+02 4.66426580e+02
3.72653970e-07 1.57546373e+02 4.34433194e+02
3.73085000e-07 2.61522458e+02 5.85226847e+02
3.73516030e-07 3.00773582e+02 6.72469591e+02
3.73947061e-07 2.66643214e+02 6.23994420e+02
3.74378091e-07 1.52926820e+02 5.04415510e+02
3.74809121e-07 2.61502108e+02 6.13881110e+02
3.75240152e-07 2.46392846e+02 5.69370491e+02
3.75671182e-07 2.03399097e+02 5.23420353e+02
3.76102212e-07 3.36880774e+02 6.03501325e+02
3.76533242e-07 2.70936955e+02 5.85682569e+02
3.76964273e-07 3.41428633e+02 6.49968192e+02
3.77395303e-07 3.17035984e+02 6.01249408e+02
3.77826333e-07 2.10911692e+02 5.18062624e+02
3.78257364e-07 2.32493191e+02 5.35521169e+02
3.78688394e-07 2.37037760e+02 5.45228152e+02
3.79119424e-07 2.04446046e+02 5.48417900e+02
3.79550455e-07 2.78488261e+02 6.05963704e+02
3.79981485e-07 1.91017143e+02 5.52274342e+02
3.80412515e-07 9.11853783e+01 4.85327599e+02
3.80843545e-07 2.22488858e+02 5.63550839e+02
3.81274576e-07 2.34764982e+02 5.58936309e+02
3.81705606e-07 2.87661560e+02 5.92865038e+02
3.82136636e-07 2.86782443e+02 5.85649248e+02
3.82567667e-07 2.44108115e+02 5.83163882e+02
3.82998697e-07 2.69200011e+02 6.41322051e+02
3.83429727e-07 2.39975491e+02 6.55575882e+02
3.83860758e-07 3.05560780e+02 6.53222262e+02
3.84291788e-07 2.73250225e+02 6.35530134e+02
3.84722818e-07 3.33795556e+02 6.68541254e+02
3.85153848e-07 3.83670591e+02 6.69880761e+02
3.85584879e-07 2.72536119e+02 6.01693104e+02
3.86015909e-07 2.25099361e+02 5.73717962e+02
3.86446939e-07 3.19983243e+02 6.23485992e+02
3.86877970e-07 3.00131746e+02 6.23004916e+02
3.87309000e-07 2.75919107e+02 6.00792632e+02
3.87740030e-07 2.45524979e+02 5.64630396e+02
3.88171061e-07 3.02023688e+02 5.82948236e+02
3.88602091e-07 3.99581710e+02 6.34566529e+02
3.89033121e-07 2.65240298e+02 6.33348449e+02
3.89464152e-07 2.63862772e+02 6.32257493e+02
3.89895182e-07 4.92942157e+02 7.56368283e+02
3.90326212e-07 4.13412288e+02 7.40829355e+02
3.90757242e-07 3.38204907e+02 7.50693246e+02
3.91188273e-07 3.77253302e+02 7.64912569e+02
3.91619303e-07 3.36005029e+02 6.82952013e+02
3.92050333e-07 2.99941297e+02 6.32287727e+02
3.92481364e-07 2.86593332e+02 6.56309734e+02
3.92912394e-07 3.43861901e+02 6.17548551e+02
3.93343424e-07 2.85566594e+02 5.80550913e+02
3.93774455e-07 3.92996398e+02 7.00435396e+02
3.94205485e-07 4.56425481e+02 7.62987343e+02
3.94636515e-07 3.42731758e+02 7.23609214e+02
3.95067545e-07 4.28974451e+02 7.31937500e+02
3.95498576e-07 2.55329985e+02 6.63275066e+02
3.95929606e-07 3.96625295e+02 7.31302989e+02
3.96360636e-07 4.74735431e+02 6.97355100e+02
3.96791667e-07 4.08549266e+02 6.46183013e+02
3.97222697e-07 3.89143834e+02 6.85088567e+02
3.97653727e-07 3.44359147e+02 7.12820486e+02
3.98084758e-07 3.75464703e+02 7.64742140e+02
3.98515788e-07 3.55595489e+02 7.32815493e+02
3.98946818e-07 3.89982560e+02 7.61855781e+02
3.99377848e-07 5.04724877e+02 8.20968678e+02
3.99808879e-07 3.67385042e+02 7.62839351e+02
4.00239909e-07 3.65582344e+02 7.86158657e+02
4.00670939e-07 4.43571144e+02 8.00651858e+02
4.01101970e-07 4.53364843e+02 8.27594613e+02
4.01533000e-07 4.78152664e+02 8.37367634e+02
4.01964030e-07 3.97297822e+02 8.14117738e+02
4.02395061e-07 4.68553464e+02 8.29859524e+02
4.02826091e-07 6.03996202e+02 8.92948842e+02
4.03257121e-07 1.08662701e+03 1.06686066e+03
4.03688152e-07 1.72572134e+03 1.34706267e+03
4.04119182e-07 1.54172146e+03 1.92295713e+03
4.04550212e-07 1.06521729e+03 1.71788129e+03
4.04981242e-07 7.24844547e+02 1.44943083e+03
4.05412273e-07 4.21449353e+02 1.22563638e+03
4.05843303e-07 5.73227426e+02 9.53329511e+02
4.06274333e-07 5.37274698e+02 9.34177608e+02
4.06705364e-07 5.86004521e+02 9.56698705e+02
4.07136394e-07 4.57021807e+02 8.97435066e+02
4.07567424e-07 3.89824112e+02 8.79747191e+02
4.07998455e-07 3.95259469e+02 8.64697508e+02
4.08429485e-07 5.09346602e+02 9.15407662e+02
4.08860515e-07 6.38805668e+02 9.51602935e+02
4.09291545e-07 6.20622820e+02 9.14144613e+02
4.09722576e-07 6.47260181e+02 9.03437630e+02
4.10153606e-07 6.87854205e+02 8.91678555e+02
4.10584636e-07 6.11193060e+02 8.86071040e+02
4.11015667e-07 5.47411996e+02 8.84019588e+02
4.11446697e-07 5.31267244e+02 8.84180847e+02
4.11877727e-07 5.17322343e+02 9.22394339e+02
4.12308758e-07 6.40762044e+02 9.91155013e+02
4.12739788e-07 6.30551211e+02 9.79256567e+02
4.13170818e-07 7.99004100e+02 1.06681247e+03
4.13601848e-07 6.77989046e+02 9.84208746e+02
4.14032879e-07 6.02841348e+02 9.50351131e+02
4.14463909e-07 4.54130885e+02 8.81123154e+02
4.14894939e-07 5.27477214e+02 9.23781561e+02
4.15325970e-07 6.45276457e+02 1.01998149e+03
4.15757000e-07 5.07184616e+02 9.86602257e+02
4.16188030e-07 7.35648078e+02 1.10650632e+03
4.16619061e-07 7.55990817e+02 1.13272572e+03
4.17050091e-07 7.66906298e+02 1.12811495e+03
4.17481121e-07 5.84641670e+02 1.03155247e+03
4.17912152e-07 7.38872551e+02 1.07156439e+03
4.18343182e-07 9.26108515e+02 1.11044868e+03
4.18774212e-07 9.40773395e+02 1.12424564e+03
4.19205242e-07 8.31880528e+02 1.06565942e+03
4.19636273e-07 6.93328874e+02 9.80291027e+02
4.20067303e-07 4.92176184e+02 9.26652350e+02
4.20498333e-07 5.82363491e+02 9.64605779e+02
4.20929364e-07 6.91133545e+02 1.02809824e+03
4.21360394e-07 6.91101955e+02 1.00090433e+03
4.21791424e-07 7.87081131e+02 1.03304260e+03
4.22222455e-07 8.20025441e+02 1.03482506e+03
4.22653485e-07 7.49159226e+02 1.00375092e+03
4.23084515e-07 8.31964326e+02 1.03177175e+03
4.23515545e-07 8.88853222e+02 1.06888498e+03
4.23946576e-07 8.00360161e+02 1.05077124e+03
4.24377606e-07 7.42786616e+02 1.05203428e+03
4.24808636e-07 8.08213307e+02 1.08210238e+03
4.25239667e-07 8.03837651e+02 1.09829880e+03
4.25670697e-07 7.87363973e+02 1.08906430e+03
4.26101727e-07 7.94539252e+02 1.10812957e+03
4.26532758e-07 7.68627445e+02 1.11622587e+03
4.26963788e-07 7.63205553e+02 1.10361843e+03
4.27394818e-07 9.52122420e+02 1.15489266e+03
4.27825848e-07 9.40262958e+02 1.17246342e+03
4.28256879e-07 8.44656236e+02 1.12623216e+03
4.28687909e-07 8.69094769e+02 1.11609485e+03
4.29118939e-07 7.56436701e+02 1.06487587e+03
4.29549970e-07 6.41608327e+02 1.01899722e+03
4.29981000e-07 7.22153416e+02 1.04281520e+03
4.30412030e-07 8.21688976e+02 1.08304193e+03
4.30843061e-07 8.24953608e+02 1.12427030e+03
4.31274091e-07 8.17106146e+02 1.19171112e+03
4.31705121e-07 8.97183561e+02 1.24024318e+03
4.32136152e-07 1.07408488e+03 1.27181915e+03
4.32567182e-07 9.58595101e+02 1.23393382e+03
4.32998212e-07 1.01911314e+03 1.23963051e+03
4.33429242e-07 9.90570996e+02 1.24759086e+03
4.33860273e-07 9.62362823e+02 1.23159648e+03
4.34291303e-07 9.72831400e+02 1.24785396e+03
4.34722333e-07 1.11216469e+03 1.33665556e+03
4.35153364e-07 1.12411643e+03 1.33322668e+03
4.35584394e-07 9.63666057e+02 1.30300701e+03
4.36015424e-07 1.14805114e+03 1.37508722e+03
4.36446455e-07 1.12126834e+03 1.33290095e+03
4.36877485e-07 1.13865947e+03 1.33911169e+03
4.37308515e-07 1.07420070e+03 1.31013806e+03
4.37739545e-07 1.01945515e+03 1.28130284e+03
4.38170576e-07 1.18986988e+03 1.31373831e+03
4.38601606e-07 1.21413077e+03 1.34661211e+03
4.39032636e-07 1.10796631e+03 1.31134990e+03
4.39463667e-07 1.05426146e+03 1.31903560e+03
4.39894697e-07 1.04414056e+03 1.34408207e+03
4.40325727e-07 1.26707791e+03 1.50115488e+03
4.40756758e-07 1.18915322e+03 1.46889264e+03
4.41187788e-07 1.12783638e+03 1.47953562e+03
4.41618818e-07 1.09487841e+03 1.46630953e+03
4.42049848e-07 1.05879611e+03 1.45603799e+03
4.42480879e-07 1.00982662e+03 1.45458521e+03
4.42911909e-07 9.52322562e+02 1.39677040e+03
4.43342939e-07 8.82237059e+02 1.36204830e+03
4.43773970e-07 1.08700707e+03 1.43621290e+03
4.44205000e-07 9.96534094e+02 1.40411976e+03
4.44636030e-07 1.01230007e+03 1.40957040e+03
4.45067061e-07 9.89714155e+02 1.37708836e+03
4.45498091e-07 9.87561725e+02 1.35072047e+03
4.45929121e-07 1.04891049e+03 1.36346499e+03
4.46360152e-07 1.24678351e+03 1.41066013e+03
4.46791182e-07 1.27710773e+03 1.49434802e+03
4.47222212e-07 1.10991266e+03 1.47034362e+03
4.47653242e-07 1.27689307e+03 1.51509337e+03
4.48084273e-07 1.10709109e+03 1.44079655e+03
4.48515303e-07 1.24818082e+03 1.52338085e+03
4.48946333e-07 1.14301658e+03 1.48230596e+03
4.49377364e-07 1.47227888e+03 1.62445278e+03
4.49808394e-07 1.21278250e+03 1.54182551e+03
4.50239424e-07 1.13500947e+03 1.51950581e+03
4.50670455e-07 1.15319114e+03 1.53362163e+03
4.51101485e-07 1.25465233e+03 1.58962098e+03
4.51532515e-07 1.19165737e+03 1.57333134e+03
4.51963545e-07 1.19683677e+03 1.61280993e+03
4.52394576e-07 1.18131475e+03 1.60043854e+03
4.52825606e-07 1.19072251e+03 1.61523429e+03
4.53256636e-07 1.41782745e+03 1.69153942e+03
4.53687667e-07 1.30134480e+03 1.69099886e+03
4.54118697e-07 1.23166479e+03 1.65332462e+03
4.54549727e-07 1.34914108e+03 1.71808304e+03
4.54980758e-07 1.39934170e+03 1.70555849e+03
4.55411788e-07 1.34616561e+03 1.68455051e+03
4.55842818e-07 1.35548754e+03 1.70110711e+03
4.56273848e-07 1.28434288e+03 1.68113114e+03
4.56704879e-07 1.55214858e+03 1.78320934e+03
4.57135909e-07 1.45086278e+03 1.75000239e+03
4.57566939e-07 1.35154909e+03 1.72550789e+03
4.57997970e-07 1.23842241e+03 1.70083789e+03
4.58429000e-07 1.18282533e+03 1.66353351e+03
4.58860030e-07 1.41190855e+03 1.76962423e+03
4.59291061e-07 1.42917040e+03 1.76046975e+03
4.59722091e-07 1.33260617e+03 1.70032820e+03
4.60153121e-07 1.49972267e+03 1.78507371e+03
4.60584152e-07 1.48899866e+03 1.78470796e+03
4.61015182e-07 1.28532250e+03 1.68222767e+03
4.61446212e-07 1.33124348e+03 1.71223990e+03
4.61877242e-07 1.34505712e+03 1.74937798e+03
4.62308273e-07 1.29790749e+03 1.74693654e+03
4.62739303e-07 1.25591394e+03 1.71247773e+03
4.63170333e-07 1.33797044e+03 1.74668162e+03
4.63601364e-07 1.18373399e+03 1.69383461e+03
4.64032394e-07 1.36868041e+03 1.75945766e+03
4.64463424e-07 1.42890665e+03 1.76475037e+03
4.64894455e-07 1.27923566e+03 1.72234606e+03
4.65325485e-07 1.58404978e+03 1.89134564e+03
4.65756515e-07 1.34190994e+03 1.82473338e+03
4.66187545e-07 1.17695706e+03 1.72544337e+03
4.66618576e-07 1.32565454e+03 1.80560536e+03
4.67049606e-07 1.37185788e+03 1.83784434e+03
4.67480636e-07 1.51147770e+03 1.90178628e+03
4.67911667e-07 1.49246442e+03 1.90823724e+03
4.68342697e-07 1.42378266e+03 1.88160329e+03
4.68773727e-07 1.36169878e+03 1.85090276e+03
4.69204758e-07 1.31964961e+03 1.83270248e+03
4.69635788e-07 1.32065283e+03 1.78163324e+03
4.70066818e-07 1.59808392e+03 1.90482627e+03
4.70497848e-07 1.45626003e+03 1.87832901e+03
4.70928879e-07 1.32041579e+03 1.85372719e+03
4.71359909e-07 1.50969335e+03 1.93571846e+03
4.71790939e-07 1.48702600e+03 1.91524363e+03
4.72221970e-07 1.55507915e+03 1.91969751e+03
4.72653000e-07 1.59794893e+03 1.89872447e+03
4.73084030e-07 1.47404127e+03 1.85338318e+03
4.73515061e-07 1.49401654e+03 1.89231937e+03
4.73946091e-07 1.42726622e+03 1.86533207e+03
4.74377121e-07 1.33750349e+03 1.84153581e+03
4.74808152e-07 1.35928347e+03 1.86878028e+03
4.75239182e-07 1.49513054e+03 1.91835888e+03
4.75670212e-07 1.47361005e+03 1.88460163e+03
4.76101242e-07 1.45183951e+03 1.88920213e+03
4.76532273e-07 1.53030174e+03 1.93625790e+03
4.76963303e-07 1.62449488e+03 1.96875102e+03
4.77394333e-07 1.54272556e+03 1.96295631e+03
4.77825364e-07 1.57319383e+03 1.95657591e+03
4.78256394e-07 1.58573872e+03 1.96756560e+03
4.78687424e-07 1.60110409e+03 2.02201772e+03
4.79118455e-07 1.63177403e+03 2.00896750e+03
4.79549485e-07 1.78592358e+03 2.04869801e+03
4.79980515e-07 1.49166405e+03 1.93240642e+03
4.80411545e-07 1.37472376e+03 1.93172920e+03
4.80842576e-07 1.73392699e+03 2.09789933e+03
4.81273606e-07 1.63525757e+03 2.08953807e+03
4.81704636e-07 1.59134354e+03 2.11098834e+03
4.82135667e-07 1.69553495e+03 2.19384444e+03
4.82566697e-07 1.58189964e+03 2.14973545e+03
4.82997727e-07 1.67301184e+03 2.15813337e+03
4.83428758e-07 1.71753762e+03 2.19176640e+03
4.83859788e-07 1.77939759e+03 2.16648248e+03
4.84290818e-07 1.71505510e+03 2.15508639e+03
4.84721848e-07 1.67444326e+03 2.09399320e+03
4.85152879e-07 1.58598850e+03 2.01666690e+03
4.85583909e-07 1.69027250e+03 2.02037757e+03
4.86014939e-07 1.71529269e+03 2.08202332e+03
4.86445970e-07 1.77437237e+03 2.10216360e+03
4.86877000e-07 1.38324367e+03 1.91048815e+03
4.87308030e-07 1.56616781e+03 2.02327146e+03
4.87739061e-07 1.60597421e+03 2.09157128e+03
4.88170091e-07 1.56107620e+03 2.11911863e+03
4.88601121e-07 1.79232068e+03 2.18761590e+03
4.89032152e-07 1.70490278e+03 2.15488897e+03
4.89463182e-07 1.86681274e+03 2.25043830e+03
4.89894212e-07 1.74249710e+03 2.18727450e+03
4.90325242e-07 1.70368400e+03 2.21179026e+03
4.90756273e-07 1.68127029e+03 2.19159913e+03
4.91187303e-07 1.78479394e+03 2.19336027e+03
4.91618333e-07 1.67826249e+03 2.13966509e+03
4.92049364e-07 2.05773056e+03 2.24452648e+03
4.92480394e-07 1.57626077e+03 2.15698074e+03
4.92911424e-07 1.72415913e+03 2.20563297e+03
4.93342455e-07 1.94201302e+03 2.31597532e+03
4.93773485e-07 1.73531358e+03 2.25089674e+03
4.94204515e-07 1.90069600e+03 2.30517747e+03
4.94635545e-07 1.95277827e+03 2.31941002e+03
4.95066576e-07 1.91132942e+03 2.31309537e+03
4.95497606e-07 1.91137194e+03 2.32122313e+03
4.95928636e-07 1.88001314e+03 2.35235222e+03
4.96359667e-07 2.09720411e+03 2.41711648e+03
4.96790697e-07 2.04613953e+03 2.42201496e+03
4.97221727e-07 1.95828826e+03 2.40258614e+03
4.97652758e-07 2.11195863e+03 2.46438568e+03
4.98083788e-07 1.84206062e+03 2.31808663e+03
4.98514818e-07 1.94808006e+03 2.36865892e+03
4.98945848e-07 2.16177857e+03 2.49392463e+03
4.99376879e-07 2.10110469e+03 2.50773977e+03
4.99807909e-07 1.88774229e+03 2.37847054e+03
5.00238939e-07 1.84274888e+03 2.41291013e+03
5.00669970e-07 1.84904942e+03 2.38235530e+03
5.01101000e-07 2.01718407e+03 2.45460101e+03
5.01532030e-07 2.23936729e+03 2.47525395e+03
5.01963061e-07 1.78476154e+03 2.38292870e+03
5.02394091e-07 1.98173183e+03 2.45042423e+03
5.02825121e-07 2.04076313e+03 2.43092711e+03
5.03256152e-07 1.85660332e+03 2.37531052e+03
5.03687182e-07 1.95675228e+03 2.39386080e+03
5.04118212e-07 1.90781502e+03 2.40507204e+03
5.04549242e-07 1.88956663e+03 2.40127579e+03
5.04980273e-07 1.89116456e+03 2.44132211e+03
5.05411303e-07 2.10928263e+03 2.51166040e+03
5.05842333e-07 2.13674419e+03 2.53630623e+03
5.06273364e-07 2.17938830e+03 2.51484745e+03
5.06704394e-07 1.97748224e+03 2.47183037e+03
5.07135424e-07 2.03915600e+03 2.49693678e+03
5.07566455e-07 2.36920356e+03 2.60007873e+03
5.07997485e-07 2.32491352e+03 2.59403467e+03
5.08428515e-07 2.34502806e+03 2.60578196e+03
5.08859545e-07 1.99460454e+03 2.52005181e+03
5.09290576e-07 2.07702792e+03 2.56637871e+03
5.09721606e-07 2.29187394e+03 2.61174954e+03
5.10152636e-07 2.09553132e+03 2.55353361e+03
5.10583667e-07 2.17755055e+03 2.57656114e+03
5.11014697e-07 2.42628765e+03 2.70359830e+03
5.11445727e-07 2.11829204e+03 2.61694743e+03
5.11876758e-07 2.13988825e+03 2.57029311e+03
5.12307788e-07 1.94645905e+03 2.54944670e+03
5.12738818e-07 1.97431465e+03 2.54138207e+03
5.13169848e-07 2.32861945e+03 2.72002140e+03
5.13600879e-07 2.19811865e+03 2.71392381e+03
5.14031909e-07 2.05834652e+03 2.66827978e+03
5.14462939e-07 2.19426441e+03 2.70921301e+03
5.14893970e-07 2.40021817e+03 2.79007680e+03
5.15325000e-07 2.27093252e+03 2.69903298e+03
5.15756030e-07 2.01411505e+03 2.64661300e+03
5.16187061e-07 2.26989795e+03 2.69774193e+03
5.16618091e-07 2.27701285e+03 2.60245000e+03
5.17049121e-07 2.12832652e+03 2.59906853e+03
5.17480152e-07 2.07845215e+03 2.59968453e+03
5.17911182e-07 2.40164144e+03 2.70544969e+03
5.18342212e-07 2.45042914e+03 2.80382995e+03
5.18773242e-07 2.29210118e+03 2.83379805e+03
5.19204273e-07 2.41591872e+03 3.07928008e+03
5.19635303e-07 2.12551268e+03 3.25800958e+03
5.20066333e-07 2.15910930e+03 3.24566944e+03
5.20497364e-07 2.55727065e+03 3.07835224e+03
5.20928394e-07 2.49494626e+03 2.94737430e+03
5.21359424e-07 2.28639850e+03 2.87873162e+03
5.21790455e-07 2.28862475e+03 2.92274383e+03
5.22221485e-07 2.27565717e+03 2.91531036e+03
5.22652515e-07 2.12281298e+03 2.85463747e+03
5.23083545e-07 2.35018737e+03 2.98879318e+03
5.23514576e-07 2.22972825e+03 2.91905262e+03
5.23945606e-07 2.44103140e+03 3.01680389e+03
5.24376636e-07 2.50384204e+03 2.98623486e+03
5.24807667e-07 2.06157588e+03 2.85638598e+03
5.25238697e-07 1.97741906e+03 2.90253307e+03
5.25669727e-07 2.12739324e+03 2.94205106e+03
5.26100758e-07 2.94584053e+03 3.11378688e+03
5.26531788e-07 3.78717242e+03 3.35050867e+03
5.26962818e-07 3.42016087e+03 3.26262337e+03
5.27393848e-07 2.80991046e+03 3.12878324e+03
5.27824879e-07 2.20303989e+03 2.91346604e+03
5.28255909e-07 1.98414626e+03 2.84261565e+03
5.28686939e-07 2.28882692e+03 2.92879490e+03
5.29117970e-07 2.34196110e+03 3.00429527e+03
5.29549000e-07 2.36191401e+03 3.04622132e+03
5.29980030e-07 2.25682930e+03 3.02451221e+03
5.30411061e-07 2.22259691e+03 3.02382396e+03
5.30842091e-07 2.46073132e+03 3.16683337e+03
5.31273121e-07 2.35970001e+03 3.10757190e+03
5.31704152e-07 2.45837430e+03 3.13021325e+03
5.32135182e-07 2.17394597e+03 3.02335548e+03
5.32566212e-07 2.18807822e+03 2.99107690e+03
5.32997242e-07 2.47401986e+03 3.11566931e+03
5.33428273e-07 2.40787728e+03 3.06412591e+03
5.33859303e-07 2.32710516e+03 3.04893912e+03
5.34290333e-07 2.17617390e+03 3.03035583e+03
5.34721364e-07 2.39736534e+03 3.11636685e+03
5.35152394e-07 2.52403680e+03 3.16904014e+03
5.35583424e-07 2.56641660e+03 3.20567447e+03
5.36014455e-07 2.21256258e+03 3.05118706e+03
5.36445485e-07 2.53246616e+03 3.14743620e+03
5.36876515e-07 3.32363940e+03 3.45558355e+03
5.37307545e-07 3.80362838e+03 3.61687654e+03
5.37738576e-07 2.97473352e+03 3.32913912e+03
5.38169606e-07 2.64959363e+03 3.21463876e+03
5.38600636e-07 2.76615495e+03 3.21645617e+03
5.39031667e-07 2.66322111e+03 3.19544030e+03
5.39462697e-07 2.38711596e+03 3.07146353e+03
5.39893727e-07 2.33331154e+03 3.04444297e+03
5.40324758e-07 2.74100008e+03 3.21159679e+03
5.40755788e-07 2.44570646e+03 3.09865275e+03
5.41186818e-07 2.28230040e+03 3.10844195e+03
5.41617848e-07 3.00801484e+03 3.40439260e+03
5.42048879e-07 4.88686865e+03 4.06472178e+03
5.42479909e-07 5.88611712e+03 4.41216646e+03
5.42910939e-07 4.74659605e+03 4.03331344e+03
5.43341970e-07 3.25799200e+03 3.52662031e+03
5.43773000e-07 2.51633361e+03 3.27423073e+03
5.44204030e-07 2.50947969e+03 3.25169125e+03
5.44635061e-07 2.55408386e+03 3.28792033e+03
5.45066091e-07 2.56059094e+03 3.34451925e+03
5.45497121e-07 2.23080677e+03 3.27210519e+03
5.45928152e-07 2.58022829e+03 3.47007186e+03
5.46359182e-07 2.86993720e+03 3.55281606e+03
5.46790212e-07 2.56405214e+03 3.39254334e+03
5.47221242e-07 2.39807215e+03 3.30621825e+03
5.47652273e-07 2.36329427e+03 3.28594119e+03
5.48083303e-07 2.32701932e+03 3.37747317e+03
5.48514333e-07 2.75083720e+03 3.52205469e+03
5.48945364e-07 2.40948922e+03 3.37046231e+03
5.49376394e-07 2.57635900e+03 3.46234478e+03
5.49807424e-07 2.53579240e+03 3.46214305e+03
5.50238455e-07 2.55789595e+03 3.49722645e+03
5.50669485e-07 2.77289529e+03 3.60147810e+03
5.51100515e-07 2.61634424e+03 3.55801820e+03
5.51531545e-07 2.49674861e+03 3.50147188e+03
5.51962576e-07 2.34913203e+03 3.48429155e+03
5.52393606e-07 2.67113288e+03 3.55374091e+03
5.52824636e-07 2.92620562e+03 3.59382801e+03
5.53255667e-07 2.72114655e+03 3.53008508e+03
5.53686697e-07 2.75952168e+03 3.72556910e+03
5.54117727e-07 2.86535431e+03 3.90314004e+03
5.54548758e-07 2.59985501e+03 3.85375929e+03
5.54979788e-07 2.59044996e+03 3.73689100e+03
5.55410818e-07 2.47079760e+03 3.65742242e+03
5.55841848e-07 2.38104870e+03 3.67389535e+03
5.56272879e-07 2.72350654e+03 3.84407458e+03
5.56703909e-07 4.88123343e+03 7.24049145e+03
5.57134939e-07 5.19871627e+03 2.01767276e+04
5.57565970e-07 5.35797166e+03 3.30929939e+04
5.57997000e-07 5.28023596e+03 2.45623013e+04
5.58428030e-07 3.07508474e+02 9.02702132e+03
5.58859061e-07 1.00361311e+03 4.44011799e+03
5.59290091e-07 2.25623341e+03 3.83320840e+03
5.59721121e-07 2.79041678e+03 3.96664070e+03
5.60152152e-07 2.57307251e+03 3.93811099e+03
5.60583182e-07 2.80297509e+03 4.03336719e+03
5.61014212e-07 2.55928996e+03 3.85260158e+03
5.61445242e-07 2.76227294e+03 3.86483855e+03
5.61876273e-07 2.61085042e+03 3.91043886e+03
5.62307303e-07 2.47489707e+03 3.85038301e+03
5.62738333e-07 2.76164819e+03 3.86664687e+03
5.63169364e-07 2.55674028e+03 3.80075952e+03
5.63600394e-07 2.62594622e+03 3.83966129e+03
5.64031424e-07 2.58289700e+03 3.88274247e+03
5.64462455e-07 2.23488566e+03 3.77167460e+03
5.64893485e-07 2.60406991e+03 3.85435074e+03
5.65324515e-07 2.71900052e+03 3.87178043e+03
5.65755545e-07 2.67417261e+03 3.87186694e+03
5.66186576e-07 2.70895540e+03 3.93502351e+03
5.66617606e-07 2.85052218e+03 4.05364230e+03
5.67048636e-07 2.93589204e+03 4.04979899e+03
5.67479667e-07 3.09074174e+03 4.14901467e+03
5.67910697e-07 3.08501634e+03 4.13775309e+03
5.68341727e-07 3.00584281e+03 4.12802048e+03
5.68772758e-07 2.87974178e+03 4.16234093e+03
5.69203788e-07 3.31373330e+03 4.33772492e+03
5.69634818e-07 2.85335241e+03 4.14978419e+03
5.70065848e-07 2.74459356e+03 4.09688328e+03
5.70496879e-07 2.50098408e+03 4.02285952e+03
5.70927909e-07 2.29793888e+03 3.91993925e+03
5.71358939e-07 2.45881019e+03 4.06703551e+03
5.71789970e-07 2.68519316e+03 4.14823111e+03
5.72221000e-07 2.98562313e+03 6.37733806e+03
5.72652030e-07 3.06533580e+03 6.42616451e+03
5.73083061e-07 2.88692698e+03 6.36188174e+03
5.73514091e-07 3.04736164e+03 6.40632649e+03
5.73945121e-07 3.09986669e+03 6.38263695e+03
5.74376152e-07 2.84672643e+03 4.20761188e+03
5.74807182e-07 2.87471068e+03 4.19045415e+03
5.75238212e-07 3.02684125e+03 4.25735272e+03
5.75669242e-07 2.97731528e+03 4.20183397e+03
5.76100273e-07 2.82928476e+03 4.15789140e+03
5.76531303e-07 3.01815507e+03 4.26376571e+03
5.76962333e-07 2.91422044e+03 4.21021131e+03
5.77393364e-07 2.53482644e+03 4.04716715e+03
5.77824394e-07 2.86400868e+03 4.16905984e+03
5.78255424e-07 3.10953598e+03 4.23968568e+03
5.78686455e-07 3.00694525e+03 4.22609246e+03
5.79117485e-07 2.86540028e+03 4.30200231e+03
5.79548515e-07 2.87612619e+03 4.25705263e+03
5.79979545e-07 2.90678353e+03 4.30850532e+03
5.80410576e-07 3.11948766e+03 4.42938164e+03
5.80841606e-07 3.04493733e+03 4.42855769e+03
5.81272636e-07 2.92282890e+03 4.37077673e+03
5.81703667e-07 3.20671906e+03 4.48499190e+03
5.82134697e-07 3.19730510e+03 4.53849835e+03
5.82565727e-07 3.22622796e+03 4.51628697e+03
5.82996758e-07 3.19629714e+03 4.50638864e+03
5.83427788e-07 2.71298717e+03 4.37572347e+03
5.83858818e-07 3.02296810e+03 4.45492303e+03
5.84289848e-07 3.10075532e+03 4.49161927e+03
5.84720879e-07 3.00912977e+03 4.41897733e+03
5.85151909e-07 2.94902977e+03 4.45199585e+03
5.85582939e-07 2.76750592e+03 4.47272313e+03
5.86013970e-07 3.08925147e+03 5.05026070e+03
5.86445000e-07 3.42548245e+03 5.72517519e+03
5.86876030e-07 3.45081462e+03 5.70900024e+03
5.87307061e-07 2.69349201e+03 4.98046894e+03
5.87738091e-07 3.23895681e+03 5.20916241e+03
5.88169121e-07 3.03981747e+03 7.18039036e+03
5.88600152e-07 3.38686870e+03 1.21067167e+04
5.89031182e-07 4.03358624e+03 1.49337520e+04
5.89462212e-07 3.08673104e+03 1.22849385e+04
5.89893242e-07 2.61846764e+03 8.15004370e+03
5.90324273e-07 2.62364980e+03 5.91482570e+03
5.90755303e-07 2.77772435e+03 5.40378650e+03
5.91186333e-07 3.03651316e+03 5.55919857e+03
5.91617364e-07 3.14740821e+03 5.63943358e+03
5.92048394e-07 2.69706751e+03 5.36539986e+03
5.92479424e-07 3.15386300e+03 5.62242541e+03
5.92910455e-07 3.14715816e+03 5.84195706e+03
5.93341485e-07 2.96905974e+03 5.67073326e+03
5.93772515e-07 2.85283525e+03 5.27010805e+03
5.94203545e-07 2.72343440e+03 5.16772309e+03
5.94634576e-07 2.90090854e+03 5.46746234e+03
5.95065606e-07 2.87478591e+03 5.70351292e+03
5.95496636e-07 2.97046297e+03 5.54125397e+03
5.95927667e-07 3.00423364e+03 5.17624202e+03
5.96358697e-07 2.63982506e+03 4.97233618e+03
5.96789727e-07 2.81543925e+03 5.24223756e+03
5.97220758e-07 3.01673103e+03 5.48828091e+03
5.97651788e-07 2.96034207e+03 5.40556745e+03
5.98082818e-07 2.54448666e+03 5.05945256e+03
5.98513848e-07 2.79239581e+03 4.98208109e+03
5.98944879e-07 3.09215318e+03 4.96282991e+03
5.99375909e-07 3.37206945e+03 5.16290760e+03
5.99806939e-07 3.63513646e+03 5.38262097e+03
6.00237970e-07 3.24998564e+03 5.21378123e+03
6.00669000e-07 3.32906767e+03 5.02757986e+03
6.01100030e-07 2.91490505e+03 4.66092977e+03
6.01531061e-07 2.88973623e+03 4.67562201e+03
6.01962091e-07 2.96981692e+03 4.67877796e+03
6.02393121e-07 3.08468572e+03 4.73902018e+03
6.02824152e-07 2.83036081e+03 4.74350879e+03
6.03255182e-07 2.99093891e+03 4.75529188e+03
6.03686212e-07 2.93852390e+03 4.69609368e+03
6.04117242e-07 3.25597504e+03 4.75619880e+03
6.04548273e-07 3.73971240e+03 4.86200062e+03
6.04979303e-07 3.27442630e+03 4.65000481e+03
6.05410333e-07 2.74366567e+03 4.44771088e+03
6.05841364e-07 3.13934090e+03 4.66532950e+03
6.06272394e-07 2.96930248e+03 4.57516890e+03
6.06703424e-07 2.82166891e+03 4.44444157e+03
6.07134455e-07 3.01614053e+03 4.52798657e+03
6.07565485e-07 3.29108254e+03 4.57534279e+03
6.07996515e-07 2.64735676e+03 4.33021643e+03
6.08427545e-07 2.70047937e+03 4.35516763e+03
6.08858576e-07 3.08460453e+03 4.47938174e+03
6.09289606e-07 3.04018104e+03 4.48288256e+03
6.09720636e-07 3.41774933e+03 4.64450986e+03
6.10151667e-07 2.85313868e+03 4.48559411e+03
6.10582697e-07 3.17048069e+03 4.60836078e+03
6.11013727e-07 2.95705553e+03 4.48259364e+03
6.11444758e-07 3.10919411e+03 4.44587543e+03
6.11875788e-07 3.36627840e+03 4.55933292e+03
6.12306818e-07 2.88823649e+03 4.31390842e+03
6.12737848e-07 2.49892327e+03 4.21643309e+03
6.13168879e-07 3.03428170e+03 4.58490667e+03
6.13599909e-07 2.99550312e+03 4.74673861e+03
6.14030939e-07 3.25895652e+03 4.97188343e+03
6.14461970e-07 2.96834404e+03 4.70557078e+03
6.14893000e-07 2.95992433e+03 4.54543238e+03
6.15324030e-07 2.95723206e+03 4.41685200e+03
6.15755061e-07 3.42882122e+03 4.54049803e+03
6.16186091e-07 3.51194881e+03 4.71858169e+03
6.16617121e-07 2.85157787e+03 4.79428418e+03
6.17048152e-07 3.38525837e+03 5.11580185e+03
6.17479182e-07 3.19947021e+03 4.79972563e+03
6.17910212e-07 2.95725988e+03 4.54703260e+03
6.18341242e-07 3.14581866e+03 4.57836336e+03
6.18772273e-07 3.33875240e+03 4.57531714e+03
6.19203303e-07 3.14556147e+03 4.60890153e+03
6.19634333e-07 3.25048242e+03 4.79709587e+03
6.20065364e-07 3.32685351e+03 4.93404643e+03
6.20496394e-07 3.14061077e+03 4.86262931e+03
6.20927424e-07 2.93767863e+03 4.68407514e+03
6.21358455e-07 3.45694859e+03 4.85828596e+03
6.21789485e-07 3.11393134e+03 4.92281229e+03
6.22220515e-07 3.44784054e+03 5.09624497e+03
6.22651545e-07 3.12106855e+03 5.14017267e+03
6.23082576e-07 3.76633081e+03 6.40196190e+03
6.23513606e-07 3.27352152e+03 7.05140450e+03
6.23944636e-07 3.16008173e+03 6.49005674e+03
6.24375667e-07 3.29461336e+03 5.56275235e+03
6.24806697e-07 3.38535692e+03 5.26240123e+03
6.25237727e-07 2.82640591e+03 5.72292722e+03
6.25668758e-07 3.37558677e+03 6.61502577e+03
6.26099788e-07 3.18576851e+03 6.24626612e+03
6.26530818e-07 3.09224523e+03 5.62894793e+03
6.26961848e-07 2.94925010e+03 5.19618153e+03
6.27392879e-07 3.01023676e+03 4.95652938e+03
6.27823909e-07 3.10636874e+03 5.09411512e+03
6.28254939e-07 3.15361038e+03 5.73469600e+03
6.28685970e-07 3.78102718e+03 6.34224320e+03
6.29117000e-07 3.78514539e+03 9.49130331e+03
6.29548030e-07 3.87800283e+03 1.99624315e+04
6.29979061e-07 4.33454711e+03 2.44537597e+04
6.30410091e-07 3.40389638e+03 1.56201232e+04
6.30841121e-07 2.76141362e+03 8.01155122e+03
6.31272152e-07 2.88373386e+03 5.38875099e+03
6.31703182e-07 2.97238281e+03 5.21367038e+03
6.32134212e-07 3.30348402e+03 5.70506616e+03
6.32565242e-07 3.40847652e+03 6.37765395e+03
6.32996273e-07 3.17289848e+03 6.07100190e+03
6.33427303e-07 3.26012556e+03 5.28741166e+03
6.33858333e-07 3.31144377e+03 4.87249180e+03
6.34289364e-07 3.25412774e+03 4.98685870e+03
6.34720394e-07 3.30296007e+03 5.33729323e+03
6.35151424e-07 2.88035600e+03 5.77748782e+03
6.35582455e-07 3.47694274e+03 7.79140288e+03
6.36013485e-07 4.62043158e+03 1.14208106e+04
6.36444515e-07 3.94533702e+03 1.05800526e+04
6.36875545e-07 3.30382457e+03 7.01688437e+03
6.37306576e-07 3.35896391e+03 5.26405311e+03
6.37737606e-07 3.39438971e+03 5.12156812e+03
6.38168636e-07 3.49266863e+03 5.31984578e+03
6.38599667e-07 3.38258436e+03 5.20537442e+03
6.39030697e-07 3.28892618e+03 4.92168958e+03
6.39461727e-07 3.45756522e+03 4.75286551e+03
6.39892758e-07 3.56435683e+03 4.67420188e+03
6.40323788e-07 3.20894092e+03 4.54397219e+03
6.40754818e-07 3.71197746e+03 7.00241734e+03
6.41185848e-07 3.60528835e+03 7.12717850e+03
6.41616879e-07 3.07364942e+03 7.04907265e+03
6.42047909e-07 3.50127361e+03 7.31226358e+03
6.42478939e-07 3.34651896e+03 4.61900348e+03
6.42909970e-07 3.01530068e+03 4.44652858e+03
6.43341000e-07 3.20396312e+03 4.50491294e+03
6.43772030e-07 3.02370857e+03 4.48405466e+03
6.44203061e-07 3.59690450e+03 4.65608342e+03
6.44634091e-07 3.34885867e+03 4.66101378e+03
6.45065121e-07 3.41745906e+03 4.79387007e+03
6.45496152e-07 3.22838028e+03 4.94764548e+03
6.45927182e-07 3.34899345e+03 5.69269954e+03
6.46358212e-07 3.68754171e+03 6.74574397e+03
6.46789242e-07 4.02343633e+03 6.87227801e+03
6.47220273e-07 3.77807954e+03 6.05020537e+03
6.47651303e-07 3.71645863e+03 5.27821280e+03
6.48082333e-07 3.46360066e+03 4.78297707e+03
6.48513364e-07 3.63834830e+03 4.66223997e+03
6.48944394e-07 3.40180193e+03 4.96927774e+03
6.49375424e-07 3.21654737e+03 6.36512416e+03
6.49806455e-07 4.28207430e+03 7.50558007e+03
6.50237485e-07 3.57720453e+03 6.69196495e+03
6.50668515e-07 3.17801111e+03 5.43479945e+03
6.51099545e-07 3.19019908e+03 4.95775697e+03
6.51530576e-07 3.31180694e+03 4.95179196e+03
6.51961606e-07 3.45595757e+03 5.21883595e+03
6.52392636e-07 3.41694708e+03 5.51050563e+03
6.52823667e-07 3.54252494e+03 6.26986208e+03
6.53254697e-07 4.00228921e+03 6.60823438e+03
6.53685727e-07 3.79625728e+03 6.03571137e+03
6.54116758e-07 3.63642090e+03 5.70988743e+03
6.54547788e-07 4.02471750e+03 6.19374531e+03
6.54978818e-07 3.71424411e+03 6.86632263e+03
6.55409848e-07 3.95715441e+03 6.86498165e+03
6.55840879e-07 4.05745592e+03 6.18886766e+03
6.56271909e-07 3.76773192e+03 5.74929392e+03
6.56702939e-07 3.25873425e+03 5.69971585e+03
6.57133970e-07 3.74325737e+03 6.23614478e+03
6.57565000e-07 3.83558436e+03 6.50604577e+03
6.57996030e-07 3.99379190e+03 5.91320151e+03
6.58427061e-07 4.28890519e+03 5.24782391e+03
6.58858091e-07 3.72682209e+03 4.98716070e+03
6.59289121e-07 3.71347226e+03 5.23516738e+03
6.59720152e-07 3.92107980e+03 5.62015920e+03
6.60151182e-07 3.46222695e+03 5.72859004e+03
6.60582212e-07 3.92358655e+03 5.53207038e+03
6.61013242e-07 3.54418805e+03 4.92329432e+03
6.61444273e-07 3.30699839e+03 4.63960381e+03
6.61875303e-07 3.79258453e+03 4.77350447e+03
6.62306333e-07 3.83628782e+03 4.97565564e+03
6.62737364e-07 4.07179194e+03 5.24310329e+03
6.63168394e-07 3.79960718e+03 5.23400192e+03
6.63599424e-07 3.76341207e+03 5.01875330e+03
6.64030455e-07 3.75379802e+03 4.79685690e+03
6.64461485e-07 3.58849243e+03 4.64524809e+03
6.64892515e-07 3.64360111e+03 4.70126277e+03
6.65323545e-07 3.73878528e+03 4.74559356e+03
6.65754576e-07 3.59613184e+03 4.77637037e+03
6.66185606e-07 3.50937213e+03 4.82916043e+03
6.66616636e-07 3.39393973e+03 4.83019807e+03
6.67047667e-07 3.17447379e+03 4.61394661e+03
6.67478697e-07 3.55852377e+03 4.67361547e+03
6.67909727e-07 3.79971333e+03 4.72860260e+03
6.68340758e-07 3.51183955e+03 4.65933056e+03
6.68771788e-07 3.40454842e+03 4.60180868e+03
6.69202818e-07 3.38071036e+03 4.68030198e+03
6.69633848e-07 3.53756562e+03 4.77420633e+03
6.70064879e-07 3.51114420e+03 4.81604858e+03
6.70495909e-07 3.67892643e+03 4.79380808e+03
6.70926939e-07 3.39838037e+03 4.62527842e+03
6.71357970e-07 4.03498284e+03 4.78721654e+03
6.71789000e-07 3.99184953e+03 4.80534864e+03
6.72220030e-07 3.64997904e+03 4.70400616e+03
6.72651061e-07 3.79257642e+03 4.72053736e+03
6.73082091e-07 3.45327636e+03 4.60814089e+03
6.73513121e-07 3.29416137e+03 4.62618030e+03
6.73944152e-07 3.45009164e+03 4.69449230e+03
6.74375182e-07 3.19395358e+03 4.58752761e+03
6.74806212e-07 3.56600043e+03 4.67861877e+03
6.75237242e-07 3.74287618e+03 4.64085088e+03
6.75668273e-07 3.47199226e+03 4.53353971e+03
6.76099303e-07 3.62698193e+03 4.60802434e+03
6.76530333e-07 3.08016402e+03 6.52319328e+03
6.76961364e-07 3.02688713e+03 6.52355821e+03
6.77392394e-07 3.16210886e+03 6.52767974e+03
6.77823424e-07 3.45245617e+03 4.45017546e+03
6.78254455e-07 3.25573310e+03 4.46379993e+03
6.78685485e-07 3.71243563e+03 4.66816092e+03
6.79116515e-07 3.34645431e+03 4.48166600e+03
6.79547545e-07 3.43309220e+03 4.46038784e+03
6.79978576e-07 3.49078525e+03 4.46203358e+03
6.80409606e-07 3.69976385e+03 4.57565766e+03
6.80840636e-07 3.81816833e+03 4.61403080e+03
6.81271667e-07 3.43614531e+03 4.54514141e+03
6.81702697e-07 4.10276426e+03 5.03541363e+03
6.82133727e-07 4.21222823e+03 6.50178252e+03
6.82564758e-07 3.93371879e+03 9.53748487e+03
6.82995788e-07 4.47447518e+03 1.13699502e+04
6.83426818e-07 3.97036375e+03 9.56054121e+03
6.83857848e-07 3.91255761e+03 7.09659572e+03
6.84288879e-07 3.85320080e+03 5.70105686e+03
6.84719909e-07 2.96230936e+03 4.75144510e+03
6.85150939e-07 3.47297356e+03 4.86242133e+03
6.85581970e-07 3.94706343e+03 6.83321802e+03
6.86013000e-07 3.48042208e+03 9.96247324e+03
6.86444030e-07 3.37640071e+03 9.77554212e+03
6.86875061e-07 2.33560157e+03 6.20260558e+03
6.87306091e-07 2.25945090e+03 4.54672696e+03
6.87737121e-07 3.25551570e+03 4.99046753e+03
6.88168152e-07 2.84911363e+03 5.30838121e+03
6.88599182e-07 2.63417515e+03 5.50404072e+03
6.89030212e-07 3.35887077e+03 5.57504163e+03
6.89461242e-07 3.33269298e+03 5.31400639e+03
6.89892273e-07 3.16291516e+03 5.24678116e+03
6.90323303e-07 2.98150405e+03 5.25553779e+03
6.90754333e-07 3.20251511e+03 5.94064915e+03
6.91185364e-07 3.82509418e+03 6.69509837e+03
6.91616394e-07 3.13420209e+03 6.85701477e+03
6.92047424e-07 3.25496447e+03 7.69098764e+03
6.92478455e-07 3.68072129e+03 7.05679473e+03
6.92909485e-07 3.25181777e+03 5.38524521e+03
6.93340515e-07 2.83068150e+03 5.32773024e+03
6.93771545e-07 3.62022665e+03 6.42581911e+03
6.94202576e-07 3.28545508e+03 7.24271710e+03
6.94633606e-07 3.03939875e+03 8.39683889e+03
6.95064636e-07 3.31008691e+03 7.56009523e+03
6.95495667e-07 2.66517684e+03 5.30493389e+03
6.95926697e-07 3.10170792e+03 4.82055077e+03
6.96357727e-07 3.01396888e+03 5.27311806e+03
6.96788758e-07 3.46159039e+03 6.08673841e+03
6.97219788e-07 2.73894230e+03 6.55552009e+03
6.97650818e-07 3.25075824e+03 7.20280853e+03
6.98081848e-07 3.32339047e+03 6.19362214e+03
6.98512879e-07 2.89555951e+03 4.84420859e+03
6.98943909e-07 3.28022960e+03 4.62601531e+03
6.99374939e-07 2.89470689e+03 4.49301528e+03
6.99805970e-07 2.88300965e+03 4.76489827e+03
7.00237000e-07 3.55578233e+03 5.40252641e+03
7.00668030e-07 3.59173612e+03 5.74151895e+03
7.01099061e-07 3.40010060e+03 5.60068166e+03
7.01530091e-07 2.99449213e+03 4.80313506e+03
7.01961121e-07 3.16662176e+03 4.37090095e+03
7.02392152e-07 3.31593386e+03 4.38546007e+03
7.02823182e-07 3.11014124e+03 4.36623651e+03
7.03254212e-07 3.33415737e+03 4.52046568e+03
7.03685242e-07 3.22637945e+03 4.71632159e+03
7.04116273e-07 3.00200111e+03 5.05369672e+03
7.04547303e-07 3.99145635e+03 5.84196848e+03
7.04978333e-07 3.64428977e+03 5.49009704e+03
7.05409364e-07 3.28233616e+03 4.86630912e+03
7.05840394e-07 3.34144606e+03 4.69111630e+03
7.06271424e-07 3.31449163e+03 4.76679803e+03
7.06702455e-07 3.09869935e+03 4.80281065e+03
7.07133485e-07 2.75861619e+03 4.65020777e+03
7.07564515e-07 3.19989633e+03 4.79714045e+03
7.07995545e-07 3.17726495e+03 4.92226651e+03
7.08426576e-07 2.89667056e+03 4.86491556e+03
7.08857606e-07 3.21862060e+03 4.90868784e+03
7.09288636e-07 2.66374002e+03 6.58323411e+03
7.09719667e-07 3.26992419e+03 6.66760260e+03
7.10150697e-07 3.19242072e+03 6.67382520e+03
7.10581727e-07 7.29159289e+03 1.79910742e+04
7.11012758e-07 1.50288799e+04 1.27023395e+04
7.11443788e-07 9.16879914e+03 9.68445720e+03
7.11874818e-07 4.32902163e+03 4.75047068e+03
7.12305848e-07 3.24177818e+03 4.51982318e+03
7.12736879e-07 3.75626303e+03 4.85447083e+03
7.13167909e-07 4.36733787e+03 5.00134349e+03
7.13598939e-07 4.30858105e+03 5.04727129e+03
7.14029970e-07 2.79145429e+03 4.72113766e+03
7.14461000e-07 3.25881780e+03 4.96631891e+03
7.14892030e-07 2.31669229e+03 6.53511221e+03
7.15323061e-07 3.03525371e+03 6.66775571e+03
7.15754091e-07 2.56444841e+03 6.56704687e+03
7.16185121e-07 2.47058627e+03 4.30242572e+03
7.16616152e-07 2.29083535e+03 4.15238992e+03
7.17047182e-07 2.62892353e+03 4.22845892e+03
7.17478212e-07 2.20001556e+03 4.07220663e+03
7.17909242e-07 1.93383267e+03 3.85243485e+03
7.18340273e-07 2.29457044e+03 3.74870395e+03
7.18771303e-07 1.73290633e+03 3.42323427e+03
7.19202333e-07 1.71081135e+03 3.40055434e+03
7.19633364e-07 1.86888539e+03 3.44527552e+03
7.20064394e-07 2.12123360e+03 3.58786485e+03
7.20495424e-07 2.30968216e+03 3.58824113e+03
7.20926455e-07 2.64851125e+03 3.83370906e+03
7.21357485e-07 2.53960222e+03 3.83800644e+03
7.21788515e-07 2.01896839e+03 3.74022523e+03
7.22219545e-07 2.65627298e+03 4.03101367e+03
7.22650576e-07 2.26280243e+03 4.10661962e+03
7.23081606e-07 1.82835829e+03 5.50356525e+03
7.23512636e-07 8.52292372e+02 1.01779917e+04
7.23943667e-07 2.08137341e+03 1.63192762e+04
7.24374697e-07 1.36133275e+03 1.51295494e+04
7.24805727e-07 1.49407365e+03 9.56668909e+03
7.25236758e-07 1.63908171e+03 6.29309387e+03
7.25667788e-07 2.08153941e+03 4.97982970e+03
7.26098818e-07 2.71157019e+03 4.53805853e+03
7.26529848e-07 3.04200706e+03 5.45875138e+03
7.26960879e-07 1.04403711e+03 9.03239189e+03
7.27391909e-07 3.80575348e+03 1.59492376e+04
7.27822939e-07 3.19002598e+03 1.53824718e+04
7.28253970e-07 3.02709745e+03 1.08913145e+04
7.28685000e-07 2.71377119e+03 7.53253176e+03
7.29116030e-07 3.88190622e+03 6.52792205e+03
7.29547061e-07 3.01637839e+03 6.49488758e+03
7.29978091e-07 1.98081328e+03 6.76026747e+03
7.30409121e-07 2.41490184e+03 6.94315195e+03
7.30840152e-07 2.05018266e+03 8.05825430e+03
7.31271182e-07 2.70983831e+03 1.24799520e+04
7.31702212e-07 2.41623792e+03 1.22334412e+04
7.32133242e-07 2.85079938e+03 8.35583926e+03
7.32564273e-07 2.68231229e+03 8.06202879e+03
7.32995303e-07 2.69666443e+03 8.64149284e+03
7.33426333e-07 1.70248426e+03 1.05896931e+04
7.33857364e-07 2.64328694e+03 1.56241820e+04
7.34288394e-07 2.85406975e+03 1.26554407e+04
7.34719424e-07 3.28902828e+03 6.98661384e+03
7.35150455e-07 2.34038094e+03 6.17497982e+03
7.35581485e-07 3.11904530e+03 8.32123586e+03
7.36012515e-07 3.06319381e+03 8.91075203e+03
7.36443545e-07 2.89347275e+03 1.13528081e+04
7.36874576e-07 3.13699498e+03 1.29563990e+04
7.37305606e-07 2.04504300e+03 8.18332521e+03
7.37736636e-07 3.33305629e+03 5.29185788e+03
7.38167667e-07 2.97521797e+03 4.93655107e+03
7.38598697e-07 2.31494004e+03 5.94527445e+03
7.39029727e-07 2.71846120e+03 7.47008560e+03
7.39460758e-07 3.01354995e+03 8.70167826e+03
7.39891788e-07 3.87408899e+03 1.07948297e+04
7.40322818e-07 3.15566274e+03 9.21472040e+03
7.40753848e-07 2.90140423e+03 5.86492362e+03
7.41184879e-07 3.12361314e+03 4.86108784e+03
7.41615909e-07 3.32616665e+03 4.89658112e+03
7.42046939e-07 2.80171843e+03 4.91401837e+03
7.42477970e-07 2.90616946e+03 5.66762962e+03
7.42909000e-07 3.33889872e+03 6.76803870e+03
7.43340030e-07 3.53902229e+03 7.69946594e+03
7.43771061e-07 3.59006217e+03 7.99923607e+03
7.44202091e-07 3.53771873e+03 6.23390916e+03
7.44633121e-07 2.95797243e+03 4.75410025e+03
7.45064152e-07 3.47176897e+03 4.87451602e+03
7.45495182e-07 3.17043342e+03 5.13455840e+03
7.45926212e-07 3.19928589e+03 6.09164576e+03
7.46357242e-07 3.16020098e+03 7.23219592e+03
7.46788273e-07 3.29670922e+03 8.47267228e+03
7.47219303e-07 3.74121817e+03 9.56087623e+03
7.47650333e-07 4.06101981e+03 1.01743143e+04
7.48081364e-07 3.80472342e+03 9.87850645e+03
7.48512394e-07 3.25045065e+03 7.63288096e+03
7.48943424e-07 3.51417450e+03 6.27741256e+03
7.49374455e-07 3.74480083e+03 5.95334459e+03
7.49805485e-07 3.02261176e+03 5.16907275e+03
7.50236515e-07 2.62284287e+03 4.71372654e+03
7.50667545e-07 2.73608125e+03 4.67853496e+03
7.51098576e-07 2.92709747e+03 5.02562223e+03
7.51529606e-07 3.16612174e+03 7.18876742e+03
7.51960636e-07 3.67177491e+03 1.22843757e+04
7.52391667e-07 3.40959016e+03 1.40715639e+04
7.52822697e-07 4.30920206e+03 1.06804142e+04
7.53253727e-07 3.90653824e+03 7.35753589e+03
7.53684758e-07 3.01106245e+03 5.71767383e+03
7.54115788e-07 2.73633507e+03 5.25655220e+03
7.54546818e-07 3.34506573e+03 5.24117265e+03
7.54977848e-07 3.35432641e+03 5.63823543e+03
7.55408879e-07 3.25511639e+03 6.47198678e+03
7.55839909e-07 3.53342739e+03 6.51298079e+03
7.56270939e-07 3.33737003e+03 6.72090229e+03
7.56701970e-07 3.16466597e+03 9.48268416e+03
7.57133000e-07 3.38286651e+03 1.08661072e+04
7.57564030e-07 3.36440132e+03 7.80542236e+03
7.57995061e-07 3.41920887e+03 6.42275558e+03
7.58426091e-07 3.32967933e+03 6.98774288e+03
7.58857121e-07 2.38296618e+03 5.80181061e+03
7.59288152e-07 1.80608814e+03 4.64711595e+03
7.59719182e-07 7.61400551e+02 3.95667771e+03
7.60150212e-07 5.25667425e+02 2.75291557e+03
7.60581242e-07 5.74463733e+02 2.33169692e+03
7.61012273e-07 7.50672267e+02 3.07266226e+03
7.61443303e-07 9.52780595e+02 4.62920677e+03
7.61874333e-07 1.26636872e+03 5.12629296e+03
7.62305364e-07 1.61353700e+03 4.72606321e+03
7.62736394e-07 9.51019236e+02 4.50630009e+03
7.63167424e-07 9.77273017e+02 3.74373526e+03
7.63598455e-07 9.79209789e+02 3.14635147e+03
7.64029485e-07 1.21112856e+03 3.23176836e+03
7.64460515e-07 1.60805366e+03 3.66427653e+03
7.64891545e-07 1.62313899e+03 4.35340873e+03
7.65322576e-07 2.14207972e+03 5.09721138e+03
7.65753606e-07 2.29307899e+03 5.86184784e+03
7.66184636e-07 2.22076437e+03 6.08875855e+03
7.66615667e-07 2.20886419e+03 4.98186802e+03
7.67046697e-07 2.12457717e+03 4.28130907e+03
7.67477727e-07 2.40167598e+03 4.49021918e+03
7.67908758e-07 1.91638422e+03 4.69612015e+03
7.68339788e-07 1.81213918e+03 5.14467852e+03
7.68770818e-07 2.17465050e+03 5.63885447e+03
7.69201848e-07 2.19912934e+03 5.82108343e+03
7.69632879e-07 1.97732567e+03 5.83511448e+03
7.70063909e-07 2.38374837e+03 5.99716045e+03
7.70494939e-07 1.94253623e+03 8.59512583e+03
7.70925970e-07 3.72116524e+02 1.79710537e+04
7.71357000e-07 2.84730926e+02 2.49214308e+04
7.71788030e-07 2.87261600e+03 1.93809311e+04
7.72219061e-07 3.79651389e+03 1.18919646e+04
7.72650091e-07 2.67142820e+03 8.24207552e+03
7.73081121e-07 2.84047508e+03 6.45086066e+03
7.73512152e-07 2.84037099e+03 5.89317748e+03
7.73943182e-07 3.03899088e+03 6.66747048e+03
7.74374212e-07 6.60774169e+02 1.16340020e+04
7.75236273e-07 2.81847327e+03 1.92530647e+04
7.75667303e-07 2.95221424e+03 1.30415728e+04
7.76098333e-07 2.64911118e+03 9.68996050e+03
7.76529364e-07 2.75358346e+03 6.89448768e+03
7.76960394e-07 1.82774317e+03 6.93897635e+03
7.77391424e-07 1.90921390e+03 8.38312848e+03
7.77822455e-07 1.75561772e+03 8.64843111e+03
7.78253485e-07 2.06733670e+03 7.98254597e+03
7.78684515e-07 1.51673624e+03 1.02509094e+04
7.79115545e-07 9.34952809e+02 1.61888837e+04
7.79546576e-07 3.42481329e+03 1.44887569e+04
7.79977606e-07 3.28901572e+03 8.43221682e+03
7.80408636e-07 1.13963134e+03 8.75408030e+03
7.80839667e-07 1.45643481e+03 9.77341742e+03
7.81270697e-07 1.54066798e+03 9.77132955e+03
7.82132758e-07 3.01663593e+03 1.94518792e+04
7.82563788e-07 6.04302778e+03 1.14153181e+04
7.82994818e-07 2.62784339e+03 5.77499006e+03
7.83425848e-07 1.42923235e+03 6.45765414e+03
7.83856879e-07 1.17031895e+03 8.84770200e+03
7.84287909e-07 2.20713547e+03 1.03767633e+04
7.84718939e-07 5.35332043e+02 1.53074996e+04
7.85581000e-07 3.02364106e+03 2.16558488e+04
7.86012030e-07 3.61786458e+03 1.53464221e+04
7.86443061e-07 2.83518472e+03 1.40975462e+04
7.86874091e-07 1.81752360e+03 1.46775497e+04
7.87305121e-07 2.65063534e+03 1.26916085e+04
7.87736152e-07 2.44311676e+03 1.17034768e+04
7.88167182e-07 2.77126739e+03 1.21176450e+04
7.88598212e-07 2.12240021e+03 1.31867884e+04
7.89029242e-07 3.25226419e+03 1.26470326e+04
7.89460273e-07 4.20305908e+03 7.94050907e+03
7.89891303e-07 2.39513159e+03 5.16405305e+03
7.90322333e-07 1.65993469e+03 6.61429855e+03
7.90753364e-07 3.10569057e+03 1.69701391e+04
