8.15100000e-02
3.61197000e-07 3.28222948e+02 4.32726811e+02
3.61628030e-07 6.31584212e+02 3.74294501e+02
3.62059061e-07 1.93816928e+02 3.16786411e+02
3.62490091e-07 3.07470263e+01 2.65351321e+02
3.62921121e-07 9.45240651e+01 3.00228279e+02
3.63352152e-07 1.17447335e+02 3.24371196e+02
3.63783182e-07 2.21548680e+01 3.01194543e+02
3.64214212e-07 4.89873413e+01 2.85037122e+02
3.64645242e-07 1.02345312e+01 2.66482629e+02
3.65076273e-07 3.18585433e+01 2.69354930e+02
3.65507303e-07 6.89360351e+01 2.72092189e+02
3.65938333e-07 2.71119557e+01 2.66404721e+02
3.66800394e-07 5.09447977e+01 2.56646984e+02
3.67231424e-07 7.91112066e+01 2.63243656e+02
3.67662455e-07 7.58509941e+01 2.58535676e+02
3.68093485e-07 3.22926094e+01 2.49997001e+02
3.68955545e-07 9.58905349e+01 2.66171045e+02
3.69386576e-07 4.09694439e+01 2.54252273e+02
3.69817606e-07 7.57267715e+01 2.83685212e+02
3.70248636e-07 7.60350715e+01 3.07028835e+02
3.70679667e-07 5.16548379e+01 2.98390475e+02
3.71110697e-07 4.66368673e+01 2.76562820e+02
3.71541727e-07 5.29237209e+01 2.72643573e+02
3.71972758e-07 9.48757698e+01 2.97932005e+02
3.72403788e-07 4.14595887e+01 2.73142682e+02
3.72834818e-07 7.29432958e+01 3.07578900e+02
3.73696879e-07 5.80815583e+01 3.31061343e+02
3.74127909e-07 5.52728107e+01 3.32719394e+02
3.74989970e-07 8.07880962e+01 3.03605813e+02
3.75421000e-07 8.44907733e+01 3.04951211e+02
3.75852030e-07 6.41043503e+01 3.20748967e+02
3.76283061e-07 3.29192034e+01 4.16593457e+02
3.76714091e-07 2.11377106e+01 4.26276823e+02
3.77145121e-07 5.79150516e+01 4.26630574e+02
3.77576152e-07 3.27395506e+01 4.13846488e+02
3.78438212e-07 1.84055927e+02 3.28859406e+02
3.78869242e-07 1.28312670e+02 3.05360342e+02
3.79300273e-07 1.09231760e+02 2.94229150e+02
3.79731303e-07 6.89197373e+01 2.95260387e+02
3.80162333e-07 2.69765293e+01 2.70792844e+02
3.80593364e-07 9.10615529e+01 2.74573233e+02
3.81024394e-07 7.56283438e+01 2.92890745e+02
3.81455424e-07 6.25000876e+01 3.04980041e+02
3.81886455e-07 6.55934126e+01 2.96737123e+02
3.82317485e-07 1.05183058e+02 3.09399775e+02
3.82748515e-07 1.48846141e+02 3.46926491e+02
3.83179545e-07 1.18205072e+02 3.52121926e+02
3.83610576e-07 1.71990410e+02 3.63387885e+02
3.84041606e-07 1.88464496e+02 3.57038320e+02
3.84472636e-07 8.04898474e+01 3.23580598e+02
3.84903667e-07 1.31149351e+02 3.24864413e+02
3.85334697e-07 9.21995061e+01 3.00530214e+02
3.85765727e-07 7.31740945e+01 3.05665008e+02
3.86196758e-07 7.04617516e+01 2.80291922e+02
3.86627788e-07 1.14867157e+02 2.85062233e+02
3.87058818e-07 1.65264654e+01 2.68230875e+02
3.87489848e-07 1.11302325e+02 2.82321333e+02
3.87920879e-07 4.94814817e+01 2.64345910e+02
3.88351909e-07 2.19168261e+01 2.40930443e+02
3.88782939e-07 1.24853573e+02 2.90006166e+02
3.89213970e-07 1.48701444e+02 3.03097076e+02
3.89645000e-07 3.39590354e+01 2.87645275e+02
3.90076030e-07 9.18121497e+01 3.03883829e+02
3.90507061e-07 4.26292038e+01 3.25442000e+02
3.90938091e-07 1.81062463e+02 3.77895698e+02
3.91369121e-07 7.13142880e+01 3.25012561e+02
3.91800152e-07 4.74111385e+01 3.06399796e+02
3.92231182e-07 1.23996340e+02 3.24277046e+02
3.92662212e-07 6.73589943e+01 2.80339848e+02
3.93093242e-07 1.63058766e+02 2.85403114e+02
3.93524273e-07 1.69177254e+02 2.88391010e+02
3.93955303e-07 3.79723919e+01 3.10484862e+02
3.94386333e-07 6.59692523e+01 3.26611741e+02
3.94817364e-07 6.03906444e+01 3.29202012e+02
3.95248394e-07 9.01626268e+01 3.21751081e+02
3.95679424e-07 7.10637878e+01 3.14044896e+02
3.96110455e-07 1.06797950e+02 2.96425223e+02
3.96541485e-07 7.74851880e+01 2.83845118e+02
3.96972515e-07 6.16873492e+01 2.90047417e+02
3.97403545e-07 1.22285917e+02 3.26506940e+02
3.97834576e-07 1.79620557e+02 3.44677230e+02
3.98265606e-07 1.30037024e+02 3.53495095e+02
3.98696636e-07 1.55897554e+02 3.54329507e+02
3.99127667e-07 6.30556485e+01 3.21521395e+02
3.99558697e-07 3.57956540e+01 3.27474000e+02
3.99989727e-07 1.28603664e+02 3.87050716e+02
4.00420758e-07 1.53384405e+02 3.93512516e+02
4.00851788e-07 1.14739135e+02 3.81631889e+02
4.01282818e-07 1.36033922e+02 3.88094251e+02
4.01713848e-07 1.59833689e+02 3.96595432e+02
4.02144879e-07 1.23205590e+02 3.78371015e+02
4.02575909e-07 2.88002881e+02 4.38667711e+02
4.03006939e-07 5.89539166e+02 5.16668703e+02
4.03437970e-07 5.02458822e+02 4.89033556e+02
4.03869000e-07 1.73769713e+02 4.27221620e+02
4.04300030e-07 6.10852859e+01 4.20199656e+02
4.04731061e-07 7.01963223e+01 4.32056028e+02
4.05162091e-07 9.80355235e+01 4.01298404e+02
4.05593121e-07 1.61369525e+02 4.01742538e+02
4.06024152e-07 1.85044823e+02 4.37424134e+02
4.06455182e-07 1.84403151e+02 4.59826338e+02
4.06886212e-07 1.44382886e+02 4.48583394e+02
4.07317242e-07 1.64417859e+02 4.34859821e+02
4.07748273e-07 1.49026077e+02 4.39209584e+02
4.08179303e-07 9.40687704e+01 4.18426588e+02
4.08610333e-07 1.65240930e+02 4.42313733e+02
4.09041364e-07 1.60631473e+02 4.29829305e+02
4.09472394e-07 2.48844729e+02 4.19364438e+02
4.09903424e-07 1.57803104e+02 3.92947226e+02
4.10334455e-07 1.57181907e+02 3.99470124e+02
4.10765485e-07 1.35695134e+02 3.95377360e+02
4.11196515e-07 1.74470679e+02 4.15471870e+02
4.11627545e-07 1.23003692e+02 4.05210588e+02
4.12058576e-07 1.99123382e+02 4.23358459e+02
4.12489606e-07 2.04355875e+02 4.43686925e+02
4.12920636e-07 3.24014294e+02 4.59157302e+02
4.13351667e-07 2.30496734e+02 4.38949783e+02
4.13782697e-07 2.54139589e+02 4.63997663e+02
4.14213727e-07 1.82889279e+02 4.16362002e+02
4.14644758e-07 1.11282174e+02 4.19540329e+02
4.15075788e-07 2.46972709e+02 4.45189924e+02
4.15506818e-07 1.26631099e+02 4.49319453e+02
4.15937848e-07 1.04217899e+02 4.62958427e+02
4.16368879e-07 1.67731994e+02 4.87712253e+02
4.16799909e-07 2.58816031e+02 5.37808328e+02
4.17230939e-07 3.00789308e+02 5.45083581e+02
4.17661970e-07 3.28629861e+02 5.35343991e+02
4.18093000e-07 2.71274219e+02 4.91318715e+02
4.18524030e-07 2.71020678e+02 4.86208708e+02
4.18955061e-07 2.40463377e+02 4.73269883e+02
4.19386091e-07 2.78895567e+02 4.63388195e+02
4.19817121e-07 2.43282521e+02 4.47549295e+02
4.20248152e-07 2.06126486e+02 4.57090529e+02
4.20679182e-07 1.83750640e+02 4.54277707e+02
4.21110212e-07 2.39379358e+02 4.57442499e+02
4.21541242e-07 2.20472243e+02 4.65732031e+02
4.21972273e-07 3.00030588e+02 4.86933356e+02
4.22403303e-07 3.73852945e+02 4.89401804e+02
4.22834333e-07 3.10415484e+02 4.66473700e+02
4.23265364e-07 2.27602841e+02 4.55683936e+02
4.23696394e-07 2.79327664e+02 4.68992249e+02
4.24127424e-07 3.43131351e+02 4.96979567e+02
4.24558455e-07 2.81323296e+02 4.97650085e+02
4.24989485e-07 2.14969222e+02 4.96195201e+02
4.25420515e-07 2.10727637e+02 4.99660286e+02
4.25851545e-07 2.24535907e+02 4.93014773e+02
4.26282576e-07 3.06129942e+02 5.12918474e+02
4.26713606e-07 2.68568157e+02 5.15774902e+02
4.27144636e-07 3.49200881e+02 5.16174586e+02
4.27575667e-07 3.43299064e+02 5.26036442e+02
4.28006697e-07 3.36742371e+02 5.05241602e+02
4.28437727e-07 2.42315576e+02 5.00807251e+02
4.28868758e-07 2.60993104e+02 4.83783745e+02
4.29299788e-07 2.25224389e+02 4.81059519e+02
4.29730818e-07 2.24328836e+02 4.81465584e+02
4.30161848e-07 3.70434637e+02 4.92127770e+02
4.30592879e-07 3.44651399e+02 5.18535421e+02
4.31023909e-07 2.98414759e+02 5.41738582e+02
4.31454939e-07 4.37023589e+02 5.85458193e+02
4.31885970e-07 3.56970999e+02 6.00523840e+02
4.32317000e-07 3.25740028e+02 5.55076274e+02
4.32748030e-07 3.74123969e+02 5.46533855e+02
4.33179061e-07 4.77802129e+02 5.79138512e+02
4.33610091e-07 4.24555645e+02 5.73576569e+02
4.34041121e-07 2.86996720e+02 5.49414308e+02
4.34472152e-07 4.42515290e+02 5.92363752e+02
4.34903182e-07 4.72705573e+02 5.82540473e+02
4.35334212e-07 3.41103467e+02 5.76307439e+02
4.35765242e-07 3.88458013e+02 5.99817050e+02
4.36196273e-07 5.32233672e+02 6.32916484e+02
4.36627303e-07 5.72571540e+02 6.44131419e+02
4.37058333e-07 4.64618362e+02 5.95900445e+02
4.37489364e-07 4.60033672e+02 6.10517582e+02
4.37920394e-07 4.32673630e+02 6.00515963e+02
4.38351424e-07 4.66449477e+02 5.97071290e+02
4.38782455e-07 4.17006873e+02 5.95709199e+02
4.39213485e-07 4.42552913e+02 5.86956553e+02
4.39644515e-07 4.01832000e+02 6.18392931e+02
4.40075545e-07 4.84972124e+02 6.76053966e+02
4.40506576e-07 5.29353980e+02 6.96016562e+02
4.40937606e-07 4.60786133e+02 7.09049839e+02
4.41368636e-07 3.43172190e+02 6.70615701e+02
4.41799667e-07 4.44706374e+02 7.10298635e+02
4.42230697e-07 4.34830764e+02 6.98030843e+02
4.42661727e-07 4.42614552e+02 7.00430071e+02
4.43092758e-07 3.06885845e+02 6.53051210e+02
4.43523788e-07 3.08957288e+02 6.55730078e+02
4.43954818e-07 3.44929846e+02 6.57908702e+02
4.44385848e-07 4.39216776e+02 6.71114679e+02
4.44816879e-07 3.98145055e+02 6.65136254e+02
4.45247909e-07 4.83621580e+02 6.55507473e+02
4.45678939e-07 4.13489605e+02 6.41130482e+02
4.46109970e-07 4.19815547e+02 6.45335283e+02
4.46541000e-07 4.30182807e+02 6.52642338e+02
4.46972030e-07 3.84555282e+02 6.35086972e+02
4.47403061e-07 5.39997764e+02 6.82331322e+02
4.47834091e-07 4.72429303e+02 6.42668231e+02
4.48265121e-07 4.69702261e+02 6.58112266e+02
4.48696152e-07 4.40570690e+02 6.78179850e+02
4.49127182e-07 3.66270293e+02 6.72962941e+02
4.49558212e-07 4.95961204e+02 6.75659790e+02
4.49989242e-07 5.99275168e+02 7.21503795e+02
4.50420273e-07 4.87054587e+02 7.13866375e+02
4.50851303e-07 5.08133643e+02 7.06095190e+02
4.51282333e-07 4.50171199e+02 6.93590301e+02
4.51713364e-07 4.40387289e+02 6.90501831e+02
4.52144394e-07 4.24406955e+02 7.04866284e+02
4.52575424e-07 4.39374879e+02 7.31604698e+02
4.53006455e-07 4.03649714e+02 7.40990747e+02
4.53437485e-07 4.16952532e+02 7.63065592e+02
4.53868515e-07 4.45593074e+02 7.86130466e+02
4.54299545e-07 5.15252850e+02 7.71910020e+02
4.54730576e-07 6.32328439e+02 7.92650170e+02
4.55161606e-07 5.69824188e+02 7.72061545e+02
4.55592636e-07 5.03817824e+02 7.48508853e+02
4.56023667e-07 7.24949460e+02 8.01868529e+02
4.56454697e-07 7.34291282e+02 7.95181101e+02
4.56885727e-07 5.28617525e+02 7.41532832e+02
4.57316758e-07 4.87778263e+02 7.60723263e+02
4.57747788e-07 6.18068960e+02 8.27661466e+02
4.58178818e-07 5.94545557e+02 8.13997006e+02
4.58609848e-07 6.52903620e+02 8.11448450e+02
4.59040879e-07 6.01072009e+02 7.95065729e+02
4.59471909e-07 6.69003174e+02 7.87253157e+02
4.59902939e-07 5.97806026e+02 7.79022076e+02
4.60333970e-07 4.67972927e+02 7.61825985e+02
4.60765000e-07 5.09141946e+02 7.87205856e+02
4.61196030e-07 6.32893867e+02 8.11111826e+02
4.61627061e-07 4.11516952e+02 7.35394375e+02
4.62058091e-07 5.20780117e+02 7.74736078e+02
4.62489121e-07 6.09115598e+02 8.11986353e+02
4.62920152e-07 5.63080921e+02 7.95403671e+02
4.63351182e-07 5.96007961e+02 8.09421481e+02
4.63782212e-07 6.72889580e+02 8.08175483e+02
4.64213242e-07 5.54914528e+02 7.93754077e+02
4.64644273e-07 4.22764399e+02 7.34710129e+02
4.65075303e-07 5.18295806e+02 7.76424629e+02
4.65506333e-07 5.43328763e+02 8.24553151e+02
4.65937364e-07 5.62453433e+02 8.29874528e+02
4.66368394e-07 5.74201755e+02 8.33108584e+02
4.66799424e-07 7.17026306e+02 8.74434706e+02
4.67230455e-07 6.07271751e+02 8.49358534e+02
4.67661485e-07 4.86866390e+02 8.22158515e+02
4.68092515e-07 5.00244368e+02 8.29451507e+02
4.68523545e-07 6.14927632e+02 8.63675350e+02
4.68954576e-07 6.05218199e+02 8.60854149e+02
4.69385606e-07 6.51239375e+02 8.71851062e+02
4.69816636e-07 6.47700513e+02 8.49279210e+02
4.70247667e-07 5.72056787e+02 8.37602823e+02
4.70678697e-07 5.07191216e+02 8.09538311e+02
4.71109727e-07 6.36168803e+02 8.68465231e+02
4.71540758e-07 7.11104541e+02 8.94442808e+02
4.71971788e-07 6.49389655e+02 8.79129718e+02
4.72402818e-07 5.86749969e+02 8.42255798e+02
4.72833848e-07 5.73572810e+02 8.38341383e+02
4.73264879e-07 6.93081652e+02 8.73779049e+02
4.73695909e-07 7.23911658e+02 8.89353674e+02
4.74126939e-07 7.09677740e+02 8.87376430e+02
4.74557970e-07 6.15365820e+02 8.63486050e+02
4.74989000e-07 4.96118315e+02 8.40456658e+02
4.75420030e-07 6.63383882e+02 8.73279399e+02
4.75851061e-07 6.81955761e+02 8.86016817e+02
4.76282091e-07 6.87336760e+02 8.75754135e+02
4.76713121e-07 6.91299153e+02 8.70855169e+02
4.77144152e-07 6.80011014e+02 9.09385390e+02
4.77575182e-07 7.02658837e+02 9.16846911e+02
4.78006212e-07 7.46041243e+02 9.21438254e+02
4.78437242e-07 8.13267233e+02 9.44952591e+02
4.78868273e-07 6.63269692e+02 9.13167657e+02
4.79299303e-07 6.65796816e+02 9.04085507e+02
4.79730333e-07 6.45362397e+02 9.26733732e+02
4.80161364e-07 5.91863500e+02 9.16262143e+02
4.80592394e-07 7.08112715e+02 9.34840260e+02
4.81023424e-07 8.00569636e+02 9.71379049e+02
4.81454455e-07 7.37091427e+02 9.88712845e+02
4.81885485e-07 8.55916565e+02 1.09101000e+03
4.82316515e-07 7.12885011e+02 1.03615773e+03
4.82747545e-07 6.25397793e+02 1.00497195e+03
4.83178576e-07 6.95822200e+02 1.04909700e+03
4.83609606e-07 6.65170977e+02 1.01438446e+03
4.84040636e-07 5.75826720e+02 9.95329097e+02
4.84471667e-07 6.66894647e+02 9.95090963e+02
4.84902697e-07 7.56627817e+02 9.95980456e+02
4.85333727e-07 7.35012366e+02 9.44445929e+02
4.85764758e-07 7.48311892e+02 9.47620800e+02
4.86195788e-07 7.65092787e+02 9.37193259e+02
4.86626818e-07 7.97348764e+02 9.71592517e+02
4.87057848e-07 7.92923022e+02 9.74447989e+02
4.87488879e-07 6.34607022e+02 9.59807660e+02
4.87919909e-07 7.96757590e+02 1.01403922e+03
4.88350939e-07 8.09732606e+02 1.03810660e+03
4.88781970e-07 7.24411136e+02 1.03619654e+03
4.89213000e-07 6.32243546e+02 9.78499415e+02
4.89644030e-07 6.56544593e+02 9.71682323e+02
4.90075061e-07 5.45260862e+02 9.62199071e+02
4.90506091e-07 6.86235055e+02 1.00448912e+03
4.90937121e-07 8.71983468e+02 1.01476324e+03
4.91368152e-07 8.27061705e+02 9.96922047e+02
4.91799182e-07 9.37666142e+02 1.01974035e+03
4.92230212e-07 7.86689944e+02 9.87875555e+02
4.92661242e-07 7.79566524e+02 1.00220962e+03
4.93092273e-07 8.87244172e+02 1.04074459e+03
4.93523303e-07 7.68678616e+02 9.99608164e+02
4.93954333e-07 8.04461614e+02 9.91595192e+02
4.94385364e-07 8.15586651e+02 1.03827071e+03
4.94816394e-07 8.22503901e+02 1.04774033e+03
4.95247424e-07 7.03065886e+02 1.00663406e+03
4.95678455e-07 7.09838614e+02 1.00847232e+03
4.96109485e-07 7.61977581e+02 1.04896780e+03
4.96540515e-07 8.30730243e+02 1.08950232e+03
4.96971545e-07 8.12780089e+02 1.06086589e+03
4.97402576e-07 7.76431795e+02 1.06398039e+03
4.97833606e-07 7.22252094e+02 1.06220005e+03
4.98264636e-07 9.41454868e+02 1.06004078e+03
4.98695667e-07 8.72247249e+02 1.06384509e+03
4.99126697e-07 8.49900493e+02 1.08710352e+03
4.99557727e-07 8.05552064e+02 1.09903414e+03
4.99988758e-07 7.69991198e+02 1.05380456e+03
5.00419788e-07 7.74782171e+02 1.06119739e+03
5.00850818e-07 8.01137145e+02 1.08277423e+03
5.01281848e-07 8.91824166e+02 1.10429194e+03
5.01712879e-07 9.05614685e+02 1.07141850e+03
5.02143909e-07 7.65839846e+02 1.03705518e+03
5.02574939e-07 7.73868097e+02 1.05783107e+03
5.03005970e-07 8.09979845e+02 1.07444389e+03
5.03437000e-07 8.38123182e+02 1.08574446e+03
5.03868030e-07 7.54758386e+02 1.06390820e+03
5.04299061e-07 7.18887633e+02 1.03956241e+03
5.04730091e-07 8.25979098e+02 1.06987671e+03
5.05161121e-07 8.51763971e+02 1.09702012e+03
5.05592152e-07 8.40541298e+02 1.10659753e+03
5.06023182e-07 7.74384120e+02 1.11136732e+03
5.06454212e-07 8.20924090e+02 1.09463312e+03
5.06885242e-07 6.54531833e+02 1.05561574e+03
5.07316273e-07 1.01574530e+03 1.17157559e+03
5.07747303e-07 1.11455917e+03 1.15370639e+03
5.08178333e-07 1.00645599e+03 1.14476603e+03
5.08609364e-07 9.11662056e+02 1.14133088e+03
5.09040394e-07 8.56853655e+02 1.12357054e+03
5.09471424e-07 8.99701754e+02 1.10469139e+03
5.09902455e-07 9.28162741e+02 1.10555740e+03
5.10333485e-07 8.68988564e+02 1.09755302e+03
5.10764515e-07 8.96407460e+02 1.11832564e+03
5.11195545e-07 1.08227895e+03 1.17470562e+03
5.11626576e-07 1.07310609e+03 1.18528195e+03
5.12057606e-07 1.05219820e+03 1.15639697e+03
5.12488636e-07 1.06417452e+03 1.15850559e+03
5.12919667e-07 1.01174059e+03 1.15810231e+03
5.13350697e-07 1.02487495e+03 1.20737237e+03
5.13781727e-07 1.04835880e+03 1.27508002e+03
5.14212758e-07 8.52549183e+02 1.22681641e+03
5.14643788e-07 1.00546001e+03 1.23112411e+03
5.15074818e-07 1.07132922e+03 1.24322818e+03
5.15505848e-07 1.03659878e+03 1.25437345e+03
5.15936879e-07 9.78778772e+02 1.21101137e+03
5.16367909e-07 1.11593514e+03 1.19711044e+03
5.16798939e-07 1.06483337e+03 1.17558209e+03
5.17229970e-07 7.79666205e+02 1.10675243e+03
5.17661000e-07 9.75291545e+02 1.16817614e+03
5.18092030e-07 1.02188892e+03 1.18415014e+03
5.18523061e-07 9.84706327e+02 1.20955258e+03
5.18954091e-07 9.75094162e+02 1.26120254e+03
5.19385121e-07 1.01214769e+03 1.37966249e+03
5.19816152e-07 9.57475308e+02 1.56207829e+03
5.20247182e-07 1.06864950e+03 1.45945685e+03
5.20678212e-07 9.26758980e+02 1.30589880e+03
5.21109242e-07 1.03483461e+03 1.23448601e+03
5.21540273e-07 1.02653563e+03 1.28478763e+03
5.21971303e-07 9.22069670e+02 1.28040401e+03
5.22402333e-07 1.00649053e+03 1.29944348e+03
5.22833364e-07 8.89222404e+02 1.23862957e+03
5.23264394e-07 1.04477086e+03 1.29925580e+03
5.23695424e-07 1.01957681e+03 1.33287851e+03
5.24126455e-07 8.27727845e+02 1.26705109e+03
5.24557485e-07 7.32440525e+02 1.21074521e+03
5.24988515e-07 9.31719579e+02 1.26132368e+03
5.25419545e-07 1.23979908e+03 1.40767361e+03
5.25850576e-07 1.72300253e+03 1.48244460e+03
5.26281606e-07 1.23311840e+03 1.34469877e+03
5.26712636e-07 9.32849130e+02 1.22138477e+03
5.27143667e-07 8.97952353e+02 1.25840035e+03
5.27574697e-07 8.94974746e+02 1.25661524e+03
5.28005727e-07 7.70514489e+02 1.23712091e+03
5.28436758e-07 8.78414627e+02 1.24252034e+03
5.28867788e-07 8.98516216e+02 1.25341428e+03
5.29298818e-07 1.20733808e+03 1.39248256e+03
5.29729848e-07 1.25116181e+03 1.37276166e+03
5.30160879e-07 9.39562127e+02 1.33441567e+03
5.30591909e-07 1.00442810e+03 1.35681587e+03
5.31022939e-07 1.08537616e+03 1.39701711e+03
5.31453970e-07 9.90847570e+02 1.37613185e+03
5.31885000e-07 8.55341007e+02 1.32674196e+03
5.32316030e-07 9.66479930e+02 1.32837331e+03
5.32747061e-07 9.09218970e+02 1.35997186e+03
5.33178091e-07 1.05612094e+03 1.41601528e+03
5.33609121e-07 1.08820977e+03 1.40080480e+03
5.34040152e-07 1.04837948e+03 1.35845943e+03
5.34471182e-07 1.12300763e+03 1.39353173e+03
5.34902212e-07 1.07163584e+03 1.41898348e+03
5.35333242e-07 1.05873265e+03 1.40636700e+03
5.35764273e-07 1.29418509e+03 1.46037862e+03
5.36195303e-07 1.46593639e+03 1.47931055e+03
5.36626333e-07 1.40146493e+03 1.46605219e+03
5.37057364e-07 1.12805977e+03 1.42548697e+03
5.37488394e-07 1.02054589e+03 1.39638750e+03
5.37919424e-07 1.18183897e+03 1.40192076e+03
5.38350455e-07 1.05630905e+03 1.37938803e+03
5.38781485e-07 1.12135002e+03 1.37149248e+03
5.39212515e-07 1.12374045e+03 1.41939639e+03
5.39643545e-07 1.09000167e+03 1.39591238e+03
5.40074576e-07 1.27996545e+03 1.40501060e+03
5.40505606e-07 1.09596123e+03 1.34159316e+03
5.40936636e-07 1.38964360e+03 1.44456008e+03
5.41367667e-07 2.27047491e+03 1.73747558e+03
5.41798697e-07 2.13623375e+03 1.71297192e+03
5.42229727e-07 1.34851417e+03 1.50599708e+03
5.42660758e-07 1.02200827e+03 1.39786441e+03
5.43091788e-07 1.02146379e+03 1.41155469e+03
5.43522818e-07 1.16262346e+03 1.46387859e+03
5.43953848e-07 1.10494669e+03 1.44488125e+03
5.44384879e-07 1.15637769e+03 1.46456022e+03
5.44815909e-07 1.19631902e+03 1.46703916e+03
5.45246939e-07 9.73572280e+02 1.43317219e+03
5.45677970e-07 8.24489985e+02 1.43822509e+03
5.46109000e-07 1.08214610e+03 1.53750881e+03
5.46540030e-07 1.27565686e+03 1.55387028e+03
5.46971061e-07 1.02467311e+03 1.47384070e+03
5.47402091e-07 1.16631734e+03 1.49620311e+03
5.47833121e-07 1.07247791e+03 1.49593213e+03
5.48264152e-07 1.02088174e+03 1.49017714e+03
5.48695182e-07 9.82901227e+02 1.47654781e+03
5.49126212e-07 1.20808166e+03 1.53691393e+03
5.49557242e-07 1.28633155e+03 1.59893456e+03
5.49988273e-07 1.11466130e+03 1.58720155e+03
5.50419303e-07 1.25446931e+03 1.60967680e+03
5.50850333e-07 1.26113426e+03 1.63410817e+03
5.51281364e-07 1.05190318e+03 1.56307367e+03
5.51712394e-07 1.13002661e+03 1.60085321e+03
5.52143424e-07 1.26929644e+03 1.60411179e+03
5.52574455e-07 1.00448786e+03 1.54498099e+03
5.53005485e-07 1.01879808e+03 1.59466891e+03
5.53436515e-07 1.22152137e+03 1.62381437e+03
5.53867545e-07 1.24396769e+03 1.70810021e+03
5.54298576e-07 1.15486008e+03 1.76655816e+03
5.54729606e-07 1.14610783e+03 1.73797913e+03
5.55160636e-07 1.37421239e+03 1.71427303e+03
5.55591667e-07 1.12276904e+03 1.70429578e+03
5.56022697e-07 1.40174795e+03 1.77541465e+03
5.56453727e-07 1.26230877e+03 1.80693524e+03
5.57746818e-07 1.54389210e+02 2.39591675e+04
5.58177848e-07 6.85234841e+02 1.19467577e+04
5.58608879e-07 1.30172116e+03 2.50009287e+03
5.59039909e-07 8.34729436e+02 1.59520717e+03
5.59470939e-07 1.04438366e+03 1.71753218e+03
5.59901970e-07 1.12617391e+03 1.77391202e+03
5.60333000e-07 1.14545819e+03 1.83003655e+03
5.60764030e-07 9.56393588e+02 1.77625728e+03
5.61195061e-07 8.57589933e+02 1.65275238e+03
5.61626091e-07 1.15178651e+03 1.75686191e+03
5.62057121e-07 1.15259593e+03 1.83011852e+03
5.62488152e-07 1.22610834e+03 1.81926042e+03
5.62919182e-07 1.14675845e+03 1.75612866e+03
5.63350212e-07 1.11739427e+03 1.76175397e+03
5.63781242e-07 1.06297298e+03 1.73426696e+03
5.64212273e-07 1.19351286e+03 1.80251059e+03
5.64643303e-07 1.16369517e+03 1.80621726e+03
5.65074333e-07 1.09120532e+03 1.78974573e+03
5.65505364e-07 1.18715827e+03 1.78424965e+03
5.65936394e-07 9.66504072e+02 1.71318171e+03
5.66367424e-07 9.34288432e+02 1.75046511e+03
5.66798455e-07 1.15997524e+03 1.85367292e+03
5.67229485e-07 1.22671777e+03 1.88612281e+03
5.67660515e-07 1.13038685e+03 1.83862030e+03
5.68091545e-07 1.27910814e+03 1.87142125e+03
5.68522576e-07 1.09157232e+03 1.86452589e+03
5.68953606e-07 1.22920999e+03 1.89755643e+03
5.69384636e-07 1.10329429e+03 1.87148876e+03
5.69815667e-07 9.34631787e+02 1.86700355e+03
5.70246697e-07 1.14778050e+03 1.95166236e+03
5.70677727e-07 1.17085620e+03 1.89952021e+03
5.71108758e-07 1.23121470e+03 1.93805489e+03
5.71539788e-07 1.19013275e+03 1.98409032e+03
5.71970818e-07 9.65207969e+02 1.92504230e+03
5.72401848e-07 1.07926934e+03 1.91098247e+03
5.72832879e-07 1.21722011e+03 1.94670520e+03
5.73263909e-07 1.11023153e+03 1.88251190e+03
5.73694939e-07 1.12855846e+03 1.90209794e+03
5.74125970e-07 1.17465180e+03 1.92462231e+03
5.74557000e-07 1.14546922e+03 1.91604043e+03
5.74988030e-07 1.26677192e+03 1.89551787e+03
5.75419061e-07 1.01253061e+03 1.86556167e+03
5.75850091e-07 1.07802267e+03 1.89251002e+03
5.76281121e-07 1.28658597e+03 1.94914052e+03
5.76712152e-07 1.25036419e+03 1.97725382e+03
5.77143182e-07 1.20532807e+03 1.94772107e+03
5.77574212e-07 1.03085387e+03 1.92419591e+03
5.78005242e-07 1.35383936e+03 1.94012546e+03
5.78436273e-07 1.46062079e+03 1.99368388e+03
5.78867303e-07 1.32991884e+03 1.98483543e+03
5.79298333e-07 1.40590282e+03 2.00039770e+03
5.79729364e-07 1.53716859e+03 2.04977345e+03
5.80160394e-07 1.42434532e+03 2.05693235e+03
5.80591424e-07 1.34175786e+03 2.01455297e+03
5.81022455e-07 1.37492649e+03 2.04822170e+03
5.81453485e-07 1.33486914e+03 2.07230148e+03
5.81884515e-07 1.36883936e+03 2.08067374e+03
5.82315545e-07 1.34436006e+03 2.02243712e+03
5.82746576e-07 1.17448347e+03 2.02575576e+03
5.83177606e-07 1.23954742e+03 2.03734127e+03
5.83608636e-07 1.26245225e+03 2.02021236e+03
5.84039667e-07 1.31128966e+03 2.03948011e+03
5.84470697e-07 1.13449059e+03 1.99652865e+03
5.84901727e-07 1.20183201e+03 2.00659223e+03
5.85332758e-07 1.11290809e+03 2.05783929e+03
5.85763788e-07 1.33079507e+03 2.07973337e+03
5.86194818e-07 1.27406002e+03 2.26219793e+03
5.86625848e-07 1.13339432e+03 2.55449315e+03
5.87056879e-07 1.21816516e+03 2.47061808e+03
5.87487909e-07 1.09338683e+03 2.24488999e+03
5.87918939e-07 1.35153085e+03 2.23420711e+03
5.88349970e-07 1.18152768e+03 4.20557926e+03
5.88781000e-07 4.19013033e+02 8.52620039e+03
5.89212030e-07 6.86093572e+02 9.86781202e+03
5.89643061e-07 5.48302523e+02 6.72093621e+03
5.90074091e-07 1.09452162e+03 3.67460470e+03
5.90505121e-07 1.16968828e+03 2.38625905e+03
5.90936152e-07 1.11296352e+03 2.45450189e+03
5.91367182e-07 1.10434597e+03 2.58292777e+03
5.91798212e-07 1.37208728e+03 2.57565383e+03
5.92229242e-07 1.22134628e+03 2.41444665e+03
5.92660273e-07 1.25531614e+03 2.49200324e+03
5.93091303e-07 1.18689326e+03 2.63518076e+03
5.93522333e-07 1.19279593e+03 2.55242572e+03
5.93953364e-07 1.42707152e+03 2.39799062e+03
5.94384394e-07 1.35231579e+03 2.37346647e+03
5.94815424e-07 1.12606814e+03 2.45955030e+03
5.95246455e-07 1.28017406e+03 2.65719725e+03
5.95677485e-07 1.41275036e+03 2.51891716e+03
5.96108515e-07 1.25076098e+03 2.34196773e+03
5.96539545e-07 1.31730669e+03 2.35890938e+03
5.96970576e-07 1.22052313e+03 2.42307603e+03
5.97401606e-07 1.28662736e+03 2.53951777e+03
5.97832636e-07 1.34387727e+03 2.51060506e+03
5.98263667e-07 1.45634888e+03 2.36165955e+03
5.98694697e-07 1.35234567e+03 2.27382164e+03
5.99125727e-07 1.41444404e+03 2.28871615e+03
5.99556758e-07 1.23306123e+03 2.34460153e+03
5.99987788e-07 1.25214251e+03 2.32072340e+03
6.00418818e-07 1.24981184e+03 2.29628822e+03
6.00849848e-07 1.58840371e+03 2.28617311e+03
6.01280879e-07 1.45233857e+03 2.22045953e+03
6.01711909e-07 1.49673641e+03 2.19200909e+03
6.02142939e-07 1.46326411e+03 2.18065650e+03
6.02573970e-07 1.33581652e+03 2.20744463e+03
6.03005000e-07 1.37787021e+03 2.24191429e+03
6.03436030e-07 1.28204500e+03 2.18859296e+03
6.03867061e-07 1.28280105e+03 2.16891060e+03
6.04298091e-07 1.53131005e+03 2.15077048e+03
6.04729121e-07 1.36266721e+03 2.12625454e+03
6.05160152e-07 1.36549316e+03 2.13387855e+03
6.05591182e-07 1.42255141e+03 2.13391637e+03
6.06022212e-07 1.45719122e+03 2.13805720e+03
6.06453242e-07 1.61889649e+03 2.20525073e+03
6.06884273e-07 1.26044125e+03 2.12836065e+03
6.07315303e-07 1.18139951e+03 2.05316205e+03
6.07746333e-07 1.52784211e+03 2.10475566e+03
6.08177364e-07 1.62251591e+03 2.15272818e+03
6.08608394e-07 1.19252255e+03 1.99581099e+03
6.09039424e-07 1.05285767e+03 1.95737015e+03
6.09470455e-07 1.26232905e+03 2.10846529e+03
6.09901485e-07 1.45690337e+03 2.13084568e+03
6.10332515e-07 1.28276941e+03 2.10035336e+03
6.10763545e-07 1.49504616e+03 2.13443645e+03
6.11194576e-07 1.54485106e+03 2.15616059e+03
6.11625606e-07 1.39548668e+03 2.01758626e+03
6.12056636e-07 1.49991607e+03 2.04799669e+03
6.12487667e-07 1.57826218e+03 2.06962194e+03
6.12918697e-07 1.58247332e+03 2.06564439e+03
6.13349727e-07 1.43933511e+03 2.07876102e+03
6.13780758e-07 1.55934797e+03 2.23796056e+03
6.14211788e-07 1.47842768e+03 2.27525037e+03
6.14642818e-07 1.37964237e+03 2.13141012e+03
6.15073848e-07 1.12478382e+03 2.04795794e+03
6.15504879e-07 1.45740512e+03 2.11205747e+03
6.15935909e-07 1.40446170e+03 2.06348826e+03
6.16366939e-07 1.32614258e+03 2.04823560e+03
6.16797970e-07 1.55289094e+03 2.26800098e+03
6.17229000e-07 1.37009247e+03 2.25946674e+03
6.17660030e-07 1.13366047e+03 2.12746567e+03
6.18091061e-07 1.66291105e+03 2.12772686e+03
6.18522091e-07 1.54204632e+03 2.12135441e+03
6.18953121e-07 1.78253109e+03 2.19397298e+03
6.19384152e-07 1.39313423e+03 2.06837521e+03
6.19815182e-07 1.35671912e+03 2.14966856e+03
6.20246212e-07 1.24879858e+03 2.25846085e+03
6.20677242e-07 1.48976773e+03 2.19439998e+03
6.21108273e-07 1.77556146e+03 2.22853430e+03
6.21539303e-07 1.50086967e+03 2.16372338e+03
6.21970333e-07 1.22446625e+03 2.24438253e+03
6.22401364e-07 1.64977685e+03 2.29911987e+03
6.22832394e-07 1.52497564e+03 2.31067039e+03
6.23263424e-07 1.45312681e+03 2.95954717e+03
6.23694455e-07 1.22973448e+03 3.22443760e+03
6.24125485e-07 1.05467243e+03 2.73346009e+03
6.24556515e-07 1.87827538e+03 2.51854843e+03
6.24987545e-07 1.23256301e+03 2.25043089e+03
6.25418576e-07 1.45260177e+03 2.80309468e+03
6.25849606e-07 1.34664671e+03 3.07997229e+03
6.26280636e-07 1.12167205e+03 2.74582446e+03
6.26711667e-07 1.43868861e+03 2.50787914e+03
6.27142697e-07 1.43743360e+03 2.35919022e+03
6.27573727e-07 1.27282540e+03 2.28521658e+03
6.28004758e-07 1.25159591e+03 2.32834556e+03
6.28435788e-07 1.59393337e+03 2.80876075e+03
6.28866818e-07 1.87757956e+03 2.97942299e+03
6.29297848e-07 3.38823880e+01 3.92707594e+03
6.29728879e-07 2.25125368e+03 1.15758272e+04
6.30159909e-07 9.86489988e+02 1.20050803e+04
6.31021970e-07 1.33725118e+03 2.66718680e+03
6.31453000e-07 1.45445360e+03 2.28007971e+03
6.31884030e-07 1.64074595e+03 2.48923709e+03
6.32315061e-07 1.53938981e+03 2.67345579e+03
6.32746091e-07 1.97683363e+03 3.08278258e+03
6.33177121e-07 1.42349434e+03 2.83246565e+03
6.33608152e-07 1.49684734e+03 2.33452493e+03
6.34039182e-07 1.75611757e+03 2.26355364e+03
6.34470212e-07 1.61131555e+03 2.38118656e+03
6.34901242e-07 1.46760804e+03 2.49293603e+03
6.35332273e-07 1.36988226e+03 2.69394526e+03
6.35763303e-07 1.46420365e+03 3.71817851e+03
6.36194333e-07 1.78762087e+03 5.99238689e+03
6.36625364e-07 7.28392070e+02 4.75035827e+03
6.37056394e-07 9.46460790e+02 2.50826357e+03
6.37487424e-07 1.45576942e+03 2.16108200e+03
6.37918455e-07 1.32553133e+03 2.30145110e+03
6.38349485e-07 1.72327314e+03 2.45408346e+03
6.38780515e-07 1.62455947e+03 2.40436597e+03
6.39211545e-07 1.31188985e+03 2.09873057e+03
6.39642576e-07 1.41988346e+03 2.08210827e+03
6.40073606e-07 1.51343254e+03 2.11023010e+03
6.40504636e-07 1.36412596e+03 2.05359175e+03
6.40935667e-07 1.50145914e+03 2.09271102e+03
6.41366697e-07 1.54073759e+03 2.17909620e+03
6.41797727e-07 1.40526954e+03 2.17328240e+03
6.42228758e-07 1.57313103e+03 2.17289671e+03
6.42659788e-07 1.67413869e+03 2.13723127e+03
6.43090818e-07 1.16853226e+03 1.99320382e+03
6.43521848e-07 1.39788331e+03 2.04112109e+03
6.43952879e-07 1.50728511e+03 2.01410296e+03
6.44383909e-07 1.33317176e+03 2.00806461e+03
6.44814939e-07 1.61033194e+03 2.10955952e+03
6.45245970e-07 1.61833346e+03 2.17679134e+03
6.45677000e-07 1.52555137e+03 2.19164063e+03
6.46108030e-07 1.52834888e+03 2.55509348e+03
6.46539061e-07 1.46479264e+03 2.82759134e+03
6.46970091e-07 1.73036744e+03 2.83960822e+03
6.47401121e-07 1.38091029e+03 2.43361051e+03
6.47832152e-07 1.85931078e+03 2.34605665e+03
6.48263182e-07 1.68126596e+03 2.12578602e+03
6.48694212e-07 1.48667193e+03 2.03561690e+03
6.49125242e-07 1.31544475e+03 2.16630640e+03
6.49556273e-07 1.25756102e+03 2.78564244e+03
6.49987303e-07 1.51198272e+03 3.12198666e+03
6.50418333e-07 1.39232728e+03 2.60932911e+03
6.50849364e-07 1.74187529e+03 2.30615707e+03
6.51280394e-07 1.48272701e+03 2.14113791e+03
6.51711424e-07 1.38585433e+03 2.18210767e+03
6.52142455e-07 1.66173825e+03 2.36674213e+03
6.52573485e-07 1.66414712e+03 2.34397812e+03
6.53004515e-07 1.79399708e+03 2.83013585e+03
6.53435545e-07 1.25403324e+03 2.72691507e+03
6.53866576e-07 1.42352207e+03 2.44702945e+03
6.54297606e-07 1.35273110e+03 2.39309845e+03
6.54728636e-07 1.69374231e+03 2.62419448e+03
6.55159667e-07 1.48509052e+03 2.97995740e+03
6.55590697e-07 1.18106868e+03 2.77966172e+03
6.56021727e-07 1.67642055e+03 2.39944783e+03
6.56452758e-07 1.49067538e+03 2.44282387e+03
6.56883788e-07 1.73434267e+03 2.48312950e+03
6.57314818e-07 1.90960150e+03 2.74837153e+03
6.57745848e-07 1.50984558e+03 2.78376402e+03
6.58176879e-07 1.51642358e+03 2.41346021e+03
6.58607909e-07 1.77387023e+03 2.19854126e+03
6.59038939e-07 1.83575944e+03 2.21666930e+03
6.59469970e-07 1.50405925e+03 2.25849821e+03
6.59901000e-07 1.37997395e+03 2.33517039e+03
6.60332030e-07 1.30270583e+03 2.47987675e+03
6.60763061e-07 1.69592375e+03 2.35798981e+03
6.61194091e-07 2.06643009e+03 2.19067999e+03
6.61625121e-07 1.73533323e+03 2.12715667e+03
6.62056152e-07 1.54129557e+03 2.10841073e+03
6.62487182e-07 1.68249402e+03 2.16218750e+03
6.62918212e-07 1.50660127e+03 2.26421273e+03
6.63349242e-07 1.41490978e+03 2.21337785e+03
6.63780273e-07 1.58288301e+03 2.19484844e+03
6.64211303e-07 1.64465749e+03 2.14898704e+03
6.64642333e-07 1.72881334e+03 2.11745232e+03
6.65073364e-07 1.79582342e+03 2.12604811e+03
6.65504394e-07 1.82823494e+03 2.18131487e+03
6.65935424e-07 1.72589027e+03 2.17988638e+03
6.66366455e-07 1.60683183e+03 2.18145976e+03
6.66797485e-07 1.56910588e+03 2.21404683e+03
6.67228515e-07 1.77415612e+03 2.14687966e+03
6.67659545e-07 1.74205539e+03 2.14060213e+03
6.68090576e-07 1.58299922e+03 2.07684445e+03
6.68521606e-07 1.64400775e+03 2.11086472e+03
6.68952636e-07 1.72036650e+03 2.12128234e+03
6.69383667e-07 1.52021752e+03 2.07481499e+03
6.69814697e-07 1.58073962e+03 2.13758743e+03
6.70245727e-07 1.48996144e+03 2.14711871e+03
6.70676758e-07 1.49682038e+03 2.09096318e+03
6.71107788e-07 1.70784219e+03 2.13863642e+03
6.71538818e-07 1.77028603e+03 2.19533420e+03
6.71969848e-07 1.67922163e+03 2.14873930e+03
6.72400879e-07 1.49339353e+03 2.04319612e+03
6.72831909e-07 1.65282795e+03 2.13181682e+03
6.73262939e-07 1.64335751e+03 2.09581662e+03
6.73693970e-07 1.53806695e+03 2.10591027e+03
6.74125000e-07 1.80352085e+03 2.22529165e+03
6.74556030e-07 1.70747886e+03 2.20183714e+03
6.74987061e-07 1.58943204e+03 2.04811376e+03
6.75418091e-07 1.53656445e+03 2.03418661e+03
6.75849121e-07 1.47916979e+03 2.00388564e+03
6.76280152e-07 1.43811263e+03 2.03288864e+03
6.76711182e-07 1.44878195e+03 2.01778662e+03
6.77142212e-07 1.48446127e+03 2.02968024e+03
6.77573242e-07 1.49304899e+03 2.05819058e+03
6.78004273e-07 1.71616974e+03 2.08225392e+03
6.78435303e-07 1.69268854e+03 2.12050561e+03
6.78866333e-07 1.60115144e+03 2.07557515e+03
6.79297364e-07 1.66031907e+03 2.06821449e+03
6.79728394e-07 1.81389781e+03 2.07936605e+03
6.80159424e-07 1.56542640e+03 2.04202130e+03
6.80590455e-07 1.42963233e+03 2.01707340e+03
6.81021485e-07 1.63865058e+03 2.10463279e+03
6.81452515e-07 1.91351104e+03 2.11786958e+03
6.81883545e-07 1.71705419e+03 2.14668805e+03
6.82314576e-07 1.87241043e+03 2.81139867e+03
6.82745606e-07 1.86909731e+03 4.24093558e+03
6.83176636e-07 1.45858708e+03 4.60060665e+03
6.83607667e-07 1.26189477e+03 3.61702748e+03
6.84038697e-07 1.57256867e+03 2.78318357e+03
6.84469727e-07 1.65576588e+03 2.36186517e+03
6.84900758e-07 1.75299771e+03 2.19587730e+03
6.85331788e-07 1.50279467e+03 2.13190939e+03
6.85762818e-07 1.83586631e+03 3.08918381e+03
6.86193848e-07 1.59659801e+03 4.57402790e+03
6.86624879e-07 1.19427210e+03 3.96878631e+03
6.87055909e-07 5.82975078e+02 2.18471132e+03
6.87486939e-07 1.08036534e+03 1.98560621e+03
6.87917970e-07 1.29727871e+03 2.29382766e+03
6.88349000e-07 1.60235812e+03 2.49687534e+03
6.88780030e-07 1.22009065e+03 2.47667355e+03
6.89211061e-07 1.46077607e+03 2.45403093e+03
6.89642091e-07 1.25954366e+03 2.29894600e+03
6.90073121e-07 1.38917728e+03 2.42851179e+03
6.90504152e-07 1.30258127e+03 2.31843429e+03
6.90935182e-07 1.37619415e+03 2.62244770e+03
6.91366212e-07 1.51218846e+03 2.78587052e+03
6.91797242e-07 1.70245584e+03 3.01810494e+03
6.92228273e-07 2.05341203e+03 3.59547599e+03
6.92659303e-07 1.08831902e+03 2.84209302e+03
6.93090333e-07 1.62244430e+03 2.28887238e+03
6.93521364e-07 1.68534570e+03 2.57490736e+03
6.93952394e-07 1.49861071e+03 2.82826976e+03
6.94383424e-07 1.57069093e+03 3.21521512e+03
6.94814455e-07 1.93252240e+03 3.94502495e+03
6.95245485e-07 1.47417522e+03 3.14504768e+03
6.95676515e-07 9.20753219e+02 2.15751156e+03
6.96107545e-07 1.63682830e+03 2.28032646e+03
6.96538576e-07 1.63451742e+03 2.50361226e+03
6.96969606e-07 1.78720849e+03 2.79766327e+03
6.97400636e-07 1.44475209e+03 2.96073955e+03
6.97831667e-07 1.59784300e+03 3.25603401e+03
6.98262697e-07 1.18973419e+03 2.54446023e+03
6.98693727e-07 1.22252360e+03 2.12050933e+03
6.99124758e-07 1.23397747e+03 2.08158759e+03
6.99555788e-07 1.67166978e+03 2.22597133e+03
6.99986818e-07 1.73766205e+03 2.38416864e+03
7.00417848e-07 1.52062624e+03 2.51269542e+03
7.00848879e-07 1.49654747e+03 2.55672612e+03
7.01279909e-07 1.54002523e+03 3.73016553e+03
7.01710939e-07 2.03223094e+03 3.40899229e+03
7.02141970e-07 1.34702605e+03 2.98295384e+03
7.02573000e-07 1.66802426e+03 3.11104059e+03
7.03004030e-07 1.51367356e+03 2.09450977e+03
7.03435061e-07 1.83743264e+03 2.22880380e+03
7.03866091e-07 1.99423443e+03 2.37061069e+03
7.04297121e-07 1.72030534e+03 2.56859693e+03
7.04728152e-07 1.64921010e+03 2.77340634e+03
7.05159182e-07 1.37448464e+03 2.60437117e+03
7.05590212e-07 1.18578854e+03 2.26130181e+03
7.06021242e-07 1.70864744e+03 2.35664372e+03
7.06452273e-07 1.60811456e+03 2.39916672e+03
7.06883303e-07 1.34597397e+03 2.36945037e+03
7.07314333e-07 1.65648997e+03 2.43042725e+03
7.07745364e-07 1.68405337e+03 2.44293359e+03
7.08176394e-07 2.07848773e+03 2.57682281e+03
7.08607424e-07 1.68604791e+03 2.45744075e+03
7.09038455e-07 2.45384228e+03 2.62609405e+03
7.09469485e-07 5.53366131e+03 3.37569593e+03
7.09900515e-07 7.68135417e+03 3.89294696e+03
7.10331545e-07 3.65149906e+03 2.77190351e+03
7.10762576e-07 2.02448214e+03 2.33610520e+03
7.11193606e-07 1.73341356e+03 2.25189301e+03
7.11624636e-07 1.99754150e+03 2.32910847e+03
7.12055667e-07 2.89866794e+03 2.55522781e+03
7.12486697e-07 2.40342070e+03 2.43916198e+03
7.12917727e-07 1.81761981e+03 2.37627775e+03
7.13348758e-07 1.96033548e+03 2.37300342e+03
7.13779788e-07 1.23319379e+03 2.24817120e+03
7.14210818e-07 2.20257552e+03 2.71083338e+03
7.14641848e-07 1.57154105e+03 2.56549131e+03
7.15072879e-07 1.35900927e+03 2.31224979e+03
7.15503909e-07 1.50630693e+03 2.30458824e+03
7.15934939e-07 1.71876248e+03 2.42131897e+03
7.16365970e-07 1.55710274e+03 2.34139538e+03
7.16797000e-07 1.28007587e+03 2.25041083e+03
7.17228030e-07 1.32571408e+03 2.18800500e+03
7.17659061e-07 1.31937714e+03 2.18600758e+03
7.18090091e-07 9.57858319e+02 2.07916149e+03
7.18521121e-07 1.41317034e+03 2.08798995e+03
7.18952152e-07 1.48168822e+03 2.03982955e+03
7.19383182e-07 1.62465622e+03 2.01030120e+03
7.19814212e-07 1.38075863e+03 2.01143093e+03
7.20245242e-07 1.17055012e+03 1.96793819e+03
7.20676273e-07 1.29053580e+03 2.08243973e+03
7.21107303e-07 1.46748809e+03 2.08033196e+03
7.21538333e-07 1.25905639e+03 2.04813964e+03
7.21969364e-07 1.70559400e+03 2.28611441e+03
7.22400394e-07 1.04767463e+03 2.12131311e+03
7.22831424e-07 1.58638808e+03 2.30276463e+03
7.23262455e-07 1.58968423e+03 3.02209825e+03
7.23693485e-07 2.69155275e+03 5.94179001e+03
7.24124515e-07 2.51472869e+03 8.10351706e+03
7.24555545e-07 6.98003651e+02 6.44557726e+03
7.24986576e-07 7.98513366e+02 3.99066473e+03
7.25417606e-07 9.18732114e+02 2.92369938e+03
7.25848636e-07 1.69744848e+03 2.62474165e+03
7.26279667e-07 2.32192784e+03 2.61908809e+03
7.26710697e-07 2.32884947e+03 3.00997231e+03
7.27141727e-07 2.97110380e+03 5.42914727e+03
7.27572758e-07 2.80482979e+03 7.73694528e+03
7.28003788e-07 1.66571285e+03 6.42972644e+03
7.28434818e-07 1.84940951e+03 4.70578034e+03
7.28865848e-07 9.38624779e+02 3.14284516e+03
7.29296879e-07 1.00823397e+03 2.71576307e+03
7.29727909e-07 1.58684110e+03 3.15529779e+03
7.30158939e-07 1.55480138e+03 3.52045597e+03
7.30589970e-07 1.04030912e+03 3.24482093e+03
7.31021000e-07 1.92420751e+03 4.08875484e+03
7.31452030e-07 2.26219027e+03 6.31354238e+03
7.31883061e-07 7.06839711e+02 4.99574169e+03
7.32314091e-07 1.37398739e+03 3.41329794e+03
7.32745121e-07 2.29253252e+03 4.11031103e+03
7.33176152e-07 5.09057159e+02 3.71304963e+03
7.33607182e-07 3.07568345e+03 5.57568117e+03
7.34038212e-07 1.93189547e+03 7.38620432e+03
7.34469242e-07 9.64137883e+01 4.66961088e+03
7.34900273e-07 9.79262207e+02 2.74073092e+03
7.35331303e-07 1.86500951e+03 3.28168103e+03
7.35762333e-07 1.69002594e+03 4.05331268e+03
7.36193364e-07 9.54432539e+02 3.93719647e+03
7.36624394e-07 2.71765310e+03 5.67768153e+03
7.37055424e-07 9.65940846e+02 5.58146491e+03
7.37486455e-07 6.24484668e+02 3.24075003e+03
7.37917485e-07 1.48224077e+03 2.34921670e+03
7.38348515e-07 1.40512498e+03 2.42921990e+03
7.38779545e-07 1.82584945e+03 3.09293228e+03
7.39210576e-07 1.49079058e+03 3.62318384e+03
7.39641606e-07 1.64146650e+03 3.94058643e+03
7.40072636e-07 2.12494678e+03 4.87379841e+03
7.40503667e-07 5.66707959e+02 3.57968755e+03
7.40934697e-07 1.16986864e+03 2.41760023e+03
7.41365727e-07 1.46266099e+03 2.28637809e+03
7.41796758e-07 1.47570110e+03 2.24516660e+03
7.42227788e-07 1.78443810e+03 2.39641372e+03
7.42658818e-07 1.42539994e+03 2.71192016e+03
7.43089848e-07 1.08460756e+03 2.90316573e+03
7.43520879e-07 1.77252513e+03 3.48155773e+03
7.43951909e-07 1.33562173e+03 3.27399520e+03
7.44382939e-07 1.10533962e+03 2.46005285e+03
7.44813970e-07 1.32435200e+03 2.15101978e+03
7.45245000e-07 1.66012866e+03 2.23215960e+03
7.45676030e-07 1.48513031e+03 2.30509125e+03
7.46107061e-07 1.64334597e+03 2.68169639e+03
7.46538091e-07 1.44221772e+03 3.07384791e+03
7.46969121e-07 2.18737589e+03 3.72437632e+03
7.47400152e-07 1.83666922e+03 4.01181663e+03
7.47831182e-07 1.62872207e+03 4.08420692e+03
7.48262212e-07 1.15925436e+03 3.78317469e+03
7.48693242e-07 4.41659740e+02 2.82231774e+03
7.49124273e-07 1.08934087e+03 2.51720569e+03
7.49555303e-07 9.56085953e+02 2.36435446e+03
7.49986333e-07 1.09994284e+03 2.18295806e+03
7.50417364e-07 1.26028750e+03 2.19342371e+03
7.50848394e-07 1.72737171e+03 2.22486292e+03
7.51279424e-07 1.10255693e+03 2.26187474e+03
7.51710455e-07 1.66751111e+03 3.34931277e+03
7.52141485e-07 2.39300301e+03 5.39863744e+03
7.52572515e-07 1.18011356e+03 5.32241104e+03
7.53003545e-07 1.04733049e+03 3.74641095e+03
7.53434576e-07 1.24868624e+03 2.74879682e+03
7.53865606e-07 1.50336323e+03 2.48899470e+03
7.54296636e-07 1.34216394e+03 2.39786386e+03
7.54727667e-07 1.50032284e+03 2.21757091e+03
7.55158697e-07 1.43049593e+03 3.78850032e+03
7.55589727e-07 1.34118746e+03 4.30649585e+03
7.56020758e-07 1.35792809e+03 4.03781333e+03
7.56451788e-07 1.70354296e+03 4.53337754e+03
7.56882818e-07 2.78835187e+03 4.52691263e+03
7.57313848e-07 3.10053351e+02 4.12203238e+03
7.57744879e-07 8.12750747e+02 2.79318707e+03
7.58175909e-07 1.64309681e+03 2.68981319e+03
7.58606939e-07 8.15079360e+02 2.71905298e+03
7.59037970e-07 6.87500300e+02 2.30138431e+03
7.59469000e-07 8.40707835e+02 2.00901059e+03
7.60331061e-07 6.38816265e+01 1.29979390e+03
7.60762091e-07 3.51357965e+02 1.22582349e+03
7.61193121e-07 4.70690670e+02 1.61715254e+03
7.61624152e-07 9.73312298e+02 2.32804951e+03
7.62055182e-07 7.82222804e+02 2.35962719e+03
7.62486212e-07 9.42620562e+02 2.33402224e+03
7.62917242e-07 4.29441680e+02 2.17100590e+03
7.63348273e-07 5.62280740e+02 1.85253651e+03
7.63779303e-07 9.43426486e+02 1.84625288e+03
7.64210333e-07 6.64865654e+02 1.73451021e+03
7.64641364e-07 7.88631189e+02 1.84211834e+03
7.65072394e-07 6.89621477e+02 2.08559614e+03
7.65503424e-07 8.86928371e+02 2.31398594e+03
7.65934455e-07 1.22089974e+03 2.62379391e+03
7.66365485e-07 8.14266612e+02 2.56672035e+03
7.66796515e-07 1.24151115e+03 2.22737161e+03
7.67227545e-07 1.54566963e+03 2.14206601e+03
7.67658576e-07 1.25140468e+03 2.14532536e+03
7.68089606e-07 1.28984598e+03 2.36301636e+03
7.68520636e-07 1.40493856e+03 2.66385295e+03
7.68951667e-07 1.09260097e+03 2.72415584e+03
7.69382697e-07 9.30136939e+02 2.67497252e+03
7.69813727e-07 1.34555846e+03 2.81555912e+03
7.70244758e-07 1.19400517e+03 2.75049853e+03
7.70675788e-07 2.46941159e+03 4.81594066e+03
7.71106818e-07 3.62513667e+03 9.51123827e+03
7.71537848e-07 1.11029408e+03 1.04056730e+04
7.72399909e-07 6.30696652e+02 4.56221235e+03
7.72830939e-07 3.63331106e+02 3.55203439e+03
7.73261970e-07 1.09387975e+03 2.97642816e+03
7.73693000e-07 1.13332095e+03 2.79248969e+03
7.74124030e-07 9.86988168e+02 3.25116766e+03
7.74555061e-07 3.21563443e+03 6.91120508e+03
7.74986091e-07 9.84025173e+02 9.44398751e+03
7.75848152e-07 8.92740802e+02 5.25494284e+03
7.76710212e-07 8.86708123e+02 3.18607635e+03
7.77141242e-07 1.09171393e+03 3.53972260e+03
7.77572273e-07 4.75752734e+02 3.87541672e+03
7.78003303e-07 7.70078791e+02 4.00425082e+03
7.78434333e-07 5.97721093e+02 3.72652277e+03
7.78865364e-07 2.11172783e+03 5.65344488e+03
7.79296394e-07 1.55540107e+03 7.80537521e+03
7.80158455e-07 7.93184187e+02 3.52833571e+03
7.80589485e-07 1.82923824e+03 4.47515232e+03
7.81020515e-07 8.74206630e+02 4.45708032e+03
7.81451545e-07 1.08687780e+03 4.96615737e+03
7.81882576e-07 2.82427071e+03 8.39696485e+03
7.83175667e-07 4.97414321e+02 2.59313607e+03
7.83606697e-07 1.87033461e+03 3.70327399e+03
7.84037727e-07 1.44511902e+03 4.40879253e+03
7.84468758e-07 8.47411595e+02 4.72686529e+03
7.84899788e-07 3.52999622e+03 8.19316428e+03
7.85330818e-07 1.60660438e+03 9.91376747e+03
7.86623909e-07 1.42664697e+03 5.75771078e+03
7.87054939e-07 7.03578661e+02 5.99758792e+03
7.87485970e-07 7.72731019e+02 5.06182262e+03
7.87917000e-07 1.26709607e+03 5.15975662e+03
7.88348030e-07 7.68618606e+02 5.29791541e+03
7.88779061e-07 2.34368932e+03 6.29660766e+03
7.89641121e-07 2.68104210e+01 3.01066003e+03
7.90072152e-07 8.81491785e+02 2.59398021e+03
7.90503182e-07 1.18439750e+03 3.78475025e+03
7.90934212e-07 3.32925621e+03 8.60220522e+03
7.91365242e-07 1.53148531e+03 1.07235543e+04
7.92227303e-07 2.55668363e+02 6.01729817e+03
7.92658333e-07 6.07211142e+02 4.88540767e+03
7.93089364e-07 1.44316340e+03 4.85918316e+03
7.93951424e-07 1.44718733e+02 2.67406651e+03
7.94382455e-07 1.77498521e+03 3.70338927e+03
7.94813485e-07 1.57619191e+03 4.25845939e+03
7.95244515e-07 4.33270691e+02 3.33278729e+03
7.95675545e-07 7.55842475e+02 3.65900982e+03
7.96106576e-07 3.25529382e+03 6.86120385e+03
7.96537606e-07 1.13876067e+03 7.43939839e+03
7.97399667e-07 1.45788061e+03 4.13069588e+03
7.97830697e-07 1.49408126e+03 5.15272199e+03
7.98261727e-07 1.05981244e+03 4.26526428e+03
7.98692758e-07 1.19872672e+04 4.91277391e+03
7.99123788e-07 3.01927439e+03 9.10662431e+03
7.99554818e-07 1.23666278e+03 7.46708813e+03
7.99985848e-07 1.15607588e+03 3.62263746e+03
