7.61500000e-02
3.60033000e-07 6.41426410e+01 4.97642819e+02
3.60464030e-07 1.71595852e+02 1.17738356e+03
3.60895061e-07 2.35540365e+02 9.69506747e+02
3.61757121e-07 2.13228249e+02 1.68683436e+03
3.62188152e-07 1.21227702e+02 9.59120252e+02
3.62619182e-07 1.53071105e+02 6.55148015e+02
3.63050212e-07 2.06988041e+02 1.05229308e+03
3.63481242e-07 1.42794603e+02 1.02861022e+03
3.63912273e-07 1.18411047e+02 8.29541257e+02
3.64343303e-07 1.11782904e+02 5.26284739e+02
3.64774333e-07 1.24677839e+02 7.37245290e+02
3.65205364e-07 3.44841778e+02 1.70474142e+03
3.65636394e-07 1.49511292e+02 7.63792094e+02
3.66067424e-07 7.93541771e+01 5.89866361e+02
3.66498455e-07 4.46185484e+01 4.14703264e+02
3.66929485e-07 1.69555153e+02 6.65696161e+02
3.67360515e-07 1.27484472e+02 6.31206812e+02
3.67791545e-07 5.26536065e+01 5.78110105e+02
3.68222576e-07 1.04365400e+02 5.36587591e+02
3.68653606e-07 1.26206918e+02 6.23592203e+02
3.69084636e-07 1.59215596e+02 6.57615941e+02
3.69515667e-07 2.49634085e+01 5.13689493e+02
3.69946697e-07 1.83317294e+02 6.85005584e+02
3.70377727e-07 2.18377506e+02 8.35240687e+02
3.70808758e-07 1.15235156e+02 9.14185245e+02
3.71239788e-07 1.21291995e+02 6.49744416e+02
3.71670818e-07 1.36461684e+02 5.47229547e+02
3.72101848e-07 4.64326791e+01 6.48778971e+02
3.72532879e-07 9.46454556e+01 6.03921207e+02
3.72963909e-07 6.54373073e+01 6.53066807e+02
3.73394939e-07 7.40615394e+01 5.98305646e+02
3.73825970e-07 8.25486886e+01 7.02892625e+02
3.74257000e-07 1.53891772e+02 7.55600054e+02
3.74688030e-07 9.31406480e+00 6.07843965e+02
3.75119061e-07 1.44522415e+02 6.48644600e+02
3.75550091e-07 3.26724032e+02 8.48050958e+02
3.75981121e-07 7.62502295e+01 6.80036929e+02
3.76412152e-07 2.28363742e+02 8.17919032e+02
3.76843182e-07 9.68262772e+01 6.75924467e+02
3.77274212e-07 1.05942281e+02 6.71528040e+02
3.77705242e-07 1.01379523e+02 6.81129466e+02
3.78136273e-07 1.17120267e+02 7.13448519e+02
3.78998333e-07 1.71616364e+02 6.70766184e+02
3.79429364e-07 1.30689848e+02 5.89365454e+02
3.79860394e-07 1.26349772e+02 6.74803713e+02
3.80291424e-07 1.32015278e+02 6.55499784e+02
3.80722455e-07 7.03148673e+01 6.06115545e+02
3.81153485e-07 2.17079123e+02 7.38626887e+02
3.81584515e-07 2.28848659e+02 7.28338836e+02
3.82015545e-07 1.03097804e+02 6.19503654e+02
3.82446576e-07 5.27237400e+01 6.78280421e+02
3.82877606e-07 1.98404773e+02 8.09960665e+02
3.83308636e-07 1.58162968e+02 6.90837761e+02
3.83739667e-07 6.36346797e+01 6.86257330e+02
3.84170697e-07 1.48024998e+02 6.90848012e+02
3.84601727e-07 1.59417178e+02 7.36753291e+02
3.85032758e-07 8.19848161e+01 7.42229639e+02
3.85463788e-07 9.39726304e+01 6.44954316e+02
3.85894818e-07 2.11718099e+02 7.32061628e+02
3.86325848e-07 1.29975133e+02 7.16064860e+02
3.86756879e-07 7.82582413e+01 5.96967241e+02
3.87618939e-07 1.76622314e+02 7.20804384e+02
3.88049970e-07 1.86672828e+02 6.48373718e+02
3.88481000e-07 1.50191092e+02 6.66666686e+02
3.88912030e-07 1.44692071e+02 6.43675961e+02
3.89343061e-07 1.26265012e+02 6.75180413e+02
3.89774091e-07 1.21899376e+02 6.85544282e+02
3.90205121e-07 1.59504291e+02 6.94049832e+02
3.90636152e-07 8.63060600e+01 7.43325553e+02
3.91067182e-07 1.28511569e+02 8.19654020e+02
3.91498212e-07 1.17597157e+02 7.19359157e+02
3.91929242e-07 5.54080089e+01 7.58821674e+02
3.92360273e-07 1.57607570e+02 7.29544081e+02
3.92791303e-07 1.79011313e+02 7.17424972e+02
3.93222333e-07 1.39599549e+02 6.82289408e+02
3.93653364e-07 5.20545084e+01 6.50239429e+02
3.94084394e-07 7.88291776e+01 6.75091260e+02
3.94515424e-07 1.88431979e+02 7.91311814e+02
3.94946455e-07 2.78627263e+02 8.76709770e+02
3.95377485e-07 2.37713087e+02 8.01557849e+02
3.95808515e-07 2.24232309e+02 8.06442346e+02
3.96239545e-07 1.64204072e+02 7.71449877e+02
3.96670576e-07 1.04667214e+02 6.23264442e+02
3.97101606e-07 1.15345963e+02 6.96318890e+02
3.97532636e-07 1.60899961e+02 7.50502385e+02
3.97963667e-07 2.04692368e+02 7.90248940e+02
3.98394697e-07 1.25726164e+02 7.88016817e+02
3.98825727e-07 1.69655675e+02 8.39181126e+02
3.99256758e-07 2.56516033e+02 8.46540760e+02
3.99687788e-07 3.05510598e+02 8.82706364e+02
4.00118818e-07 1.74776354e+02 8.56811694e+02
4.00549848e-07 4.36181564e+02 9.89778529e+02
4.00980879e-07 4.46873632e+02 1.00243501e+03
4.01411909e-07 4.99587129e+02 1.02646052e+03
4.01842939e-07 4.96752484e+02 1.10923611e+03
4.02273970e-07 1.69550322e+02 9.00317236e+02
4.02705000e-07 1.33324938e+02 8.92698297e+02
4.03136030e-07 1.90824004e+02 9.47327684e+02
4.03567061e-07 2.12743702e+02 9.11997344e+02
4.03998091e-07 2.57729590e+02 9.56203382e+02
4.04429121e-07 2.43096887e+02 9.67288768e+02
4.04860152e-07 2.89211460e+02 9.70777648e+02
4.05291182e-07 3.26174702e+02 9.84474773e+02
4.05722212e-07 1.29543171e+02 8.86943463e+02
4.06153242e-07 1.16651233e+02 9.63526535e+02
4.06584273e-07 3.75474053e+02 1.07819033e+03
4.07015303e-07 3.79064502e+02 1.05918421e+03
4.07446333e-07 2.69553646e+02 1.02282524e+03
4.07877364e-07 3.50936763e+02 1.01862317e+03
4.08308394e-07 3.26164513e+02 1.03573004e+03
4.08739424e-07 2.93777764e+02 9.95003618e+02
4.09170455e-07 2.87478975e+02 9.52850193e+02
4.09601485e-07 3.54845581e+02 9.95055577e+02
4.10032515e-07 1.92666578e+02 9.07409211e+02
4.10463545e-07 1.66356344e+02 8.97081705e+02
4.10894576e-07 2.21887015e+02 9.41740565e+02
4.11325606e-07 1.86264355e+02 9.14308306e+02
4.11756636e-07 1.05979720e+02 9.57693100e+02
4.12187667e-07 1.94722702e+02 9.24819014e+02
4.12618697e-07 2.95135491e+02 1.03811229e+03
4.13049727e-07 1.98353349e+02 9.95137372e+02
4.13480758e-07 1.93333820e+02 1.04101662e+03
4.13911788e-07 2.44545133e+02 1.05231862e+03
4.14342818e-07 2.79489165e+02 1.07645424e+03
4.14773848e-07 4.80176551e+02 1.11179371e+03
4.15204879e-07 3.06840035e+02 1.04170485e+03
4.15635909e-07 3.94243422e+02 1.13439868e+03
4.16066939e-07 3.51824291e+02 1.17483716e+03
4.16497970e-07 3.21787719e+02 1.17671312e+03
4.16929000e-07 1.54233744e+02 1.11521765e+03
4.17360030e-07 1.83629571e+02 1.11016201e+03
4.17791061e-07 2.35611909e+02 1.08197109e+03
4.18222091e-07 2.94812745e+02 1.10805210e+03
4.18653121e-07 3.46100408e+02 1.10713758e+03
4.19084152e-07 3.15665840e+02 1.08209309e+03
4.19515182e-07 2.74305957e+02 1.06138681e+03
4.19946212e-07 2.49466774e+02 1.07363738e+03
4.20377242e-07 3.67140120e+02 1.09018382e+03
4.20808273e-07 3.01022107e+02 1.12383680e+03
4.21239303e-07 3.25872100e+02 1.10311391e+03
4.21670333e-07 4.39097333e+02 1.11284130e+03
4.22101364e-07 3.45082092e+02 1.12317119e+03
4.22532394e-07 2.93382873e+02 1.08037969e+03
4.22963424e-07 2.25264665e+02 1.01282308e+03
4.23394455e-07 2.41389599e+02 1.01613655e+03
4.23825485e-07 3.50877749e+02 1.08533900e+03
4.24256515e-07 2.81846844e+02 1.08513180e+03
4.24687545e-07 2.43249580e+02 1.10564927e+03
4.25118576e-07 2.94566546e+02 1.14766750e+03
4.25549606e-07 1.98427842e+02 1.08300725e+03
4.25980636e-07 2.07407248e+02 1.08766415e+03
4.26411667e-07 3.24386677e+02 1.15881112e+03
4.26842697e-07 2.91905900e+02 1.16955454e+03
4.27273727e-07 2.28094047e+02 1.10697032e+03
4.27704758e-07 2.03701505e+02 1.15643374e+03
4.28135788e-07 2.58608675e+02 1.15961706e+03
4.28566818e-07 3.18857837e+02 1.15979750e+03
4.28997848e-07 2.91647130e+02 1.14244153e+03
4.29428879e-07 3.55725103e+02 1.16344062e+03
4.29859909e-07 4.54130300e+02 1.15542213e+03
4.30290939e-07 4.37332340e+02 1.15806400e+03
4.30721970e-07 4.50773689e+02 1.14040346e+03
4.31153000e-07 5.16234806e+02 1.26362485e+03
4.31584030e-07 4.92322012e+02 1.27827357e+03
4.32015061e-07 4.83378832e+02 1.28827440e+03
4.32446091e-07 3.51710930e+02 1.24185753e+03
4.32877121e-07 4.65743380e+02 1.32260153e+03
4.33308152e-07 3.56597125e+02 1.25853568e+03
4.33739182e-07 5.46925406e+02 1.27369939e+03
4.34170212e-07 5.72245213e+02 1.27835171e+03
4.34601242e-07 5.57414935e+02 1.33860910e+03
4.35032273e-07 4.85238817e+02 1.31813140e+03
4.35463303e-07 5.20355308e+02 1.35795017e+03
4.35894333e-07 5.42193846e+02 1.40131333e+03
4.36325364e-07 4.67442317e+02 1.37503930e+03
4.36756394e-07 3.94114835e+02 1.35907769e+03
4.37187424e-07 6.75572184e+02 1.41182395e+03
4.37618455e-07 6.31069177e+02 1.43159094e+03
4.38049485e-07 5.05755827e+02 1.34251890e+03
4.38480515e-07 4.35695909e+02 1.28435550e+03
4.38911545e-07 3.02434634e+02 1.28341819e+03
4.39342576e-07 5.02181998e+02 1.39438962e+03
4.39773606e-07 3.44345846e+02 1.32563286e+03
4.40204636e-07 3.54909671e+02 1.39067782e+03
4.40635667e-07 4.07757608e+02 1.44937941e+03
4.41066697e-07 2.94695642e+02 1.43015115e+03
4.41497727e-07 2.00838053e+02 1.42283906e+03
4.41928758e-07 3.71004279e+02 1.49077588e+03
4.42359788e-07 4.62408388e+02 1.53997880e+03
4.42790818e-07 3.67993441e+02 1.45259157e+03
4.43221848e-07 3.25833473e+02 1.43843211e+03
4.43652879e-07 5.41367313e+02 1.47691276e+03
4.44083909e-07 4.23916251e+02 1.42451077e+03
4.44514939e-07 4.19916882e+02 1.46761096e+03
4.44945970e-07 4.63651177e+02 1.44016727e+03
4.45377000e-07 6.31541716e+02 1.49735218e+03
4.45808030e-07 5.38825519e+02 1.41976699e+03
4.46239061e-07 4.73096973e+02 1.40213895e+03
4.46670091e-07 5.35207153e+02 1.46908504e+03
4.47101121e-07 6.29468363e+02 1.54570547e+03
4.47532152e-07 4.51575154e+02 1.49229642e+03
4.47963182e-07 4.82757351e+02 1.48225664e+03
4.48394212e-07 4.88300722e+02 1.47035136e+03
4.48825242e-07 4.66101620e+02 1.54133024e+03
4.49256273e-07 4.10467456e+02 1.48992729e+03
4.49687303e-07 6.24309724e+02 1.57372251e+03
4.50118333e-07 4.83112423e+02 1.54258869e+03
4.50549364e-07 3.96955321e+02 1.54250296e+03
4.50980394e-07 4.77914482e+02 1.61403180e+03
4.51411424e-07 5.36979503e+02 1.61358791e+03
4.51842455e-07 5.17670403e+02 1.61158581e+03
4.52273485e-07 5.25833917e+02 1.66721694e+03
4.52704515e-07 8.67405251e+02 1.74097090e+03
4.53135545e-07 8.14052928e+02 1.76930240e+03
4.53566576e-07 6.29257867e+02 1.71828367e+03
4.53997606e-07 7.13633742e+02 1.75525326e+03
4.54428636e-07 5.70561089e+02 1.71851642e+03
4.54859667e-07 5.20093854e+02 1.67060228e+03
4.55290697e-07 5.86718143e+02 1.69450249e+03
4.55721727e-07 7.63062251e+02 1.77628909e+03
4.56152758e-07 6.69960775e+02 1.73115511e+03
4.56583788e-07 7.24760383e+02 1.76358515e+03
4.57014818e-07 7.62546941e+02 1.78849070e+03
4.57445848e-07 6.84053619e+02 1.75201114e+03
4.57876879e-07 5.63117581e+02 1.72175790e+03
4.58307909e-07 6.23655885e+02 1.73803779e+03
4.58738939e-07 5.12804362e+02 1.70912481e+03
4.59169970e-07 5.80373600e+02 1.76208011e+03
4.59601000e-07 5.35577998e+02 1.72031233e+03
4.60032030e-07 5.10928906e+02 1.67826987e+03
4.60463061e-07 8.84551620e+02 1.82266939e+03
4.60894091e-07 7.44051541e+02 1.81629301e+03
4.61325121e-07 6.40417097e+02 1.79558460e+03
4.61756152e-07 5.61477760e+02 1.74199414e+03
4.62187182e-07 6.17620636e+02 1.73947974e+03
4.62618212e-07 6.24644238e+02 1.81009813e+03
4.63049242e-07 6.91466531e+02 1.83684895e+03
4.63480273e-07 7.85317131e+02 1.83661568e+03
4.63911303e-07 6.22623303e+02 1.72071642e+03
4.64342333e-07 6.10232694e+02 1.78480651e+03
4.64773364e-07 6.27104754e+02 1.78876234e+03
4.65204394e-07 5.55711402e+02 1.77378224e+03
4.65635424e-07 7.28512491e+02 1.86995300e+03
4.66066455e-07 7.52226882e+02 1.87913957e+03
4.66497485e-07 5.95851980e+02 1.82690065e+03
4.66928515e-07 7.30036777e+02 1.92069399e+03
4.67359545e-07 6.22670294e+02 1.88755268e+03
4.67790576e-07 5.55853541e+02 1.92346457e+03
4.68221606e-07 8.02087258e+02 2.00723268e+03
4.68652636e-07 6.49062855e+02 1.92871353e+03
4.69083667e-07 5.49044114e+02 1.85978066e+03
4.69514697e-07 6.24755738e+02 1.88730596e+03
4.69945727e-07 8.72735137e+02 1.93998729e+03
4.70376758e-07 6.44529115e+02 1.85474474e+03
4.70807788e-07 6.31391175e+02 1.90689472e+03
4.71238818e-07 8.38417440e+02 2.01703375e+03
4.71669848e-07 7.66944982e+02 1.94648771e+03
4.72100879e-07 6.26081476e+02 1.93636814e+03
4.72531909e-07 4.75494917e+02 1.89229334e+03
4.72962939e-07 7.84295994e+02 2.02154776e+03
4.73393970e-07 4.02508845e+02 1.79905988e+03
4.73825000e-07 7.35064676e+02 1.95081476e+03
4.74256030e-07 8.38670279e+02 1.99684334e+03
4.74687061e-07 8.16603047e+02 2.03472012e+03
4.75118091e-07 8.91292521e+02 2.04299629e+03
4.75549121e-07 7.96212263e+02 2.01484792e+03
4.75980152e-07 9.03833994e+02 2.04039558e+03
4.76411182e-07 6.60354047e+02 1.92687802e+03
4.76842212e-07 5.70156134e+02 1.87141633e+03
4.77273242e-07 7.61859547e+02 1.98094843e+03
4.77704273e-07 9.40338559e+02 2.06547893e+03
4.78135303e-07 1.12754432e+03 2.20835993e+03
4.78566333e-07 7.48654199e+02 2.03185997e+03
4.78997364e-07 9.87459628e+02 2.13736185e+03
4.79428394e-07 7.01914153e+02 2.07373015e+03
4.79859424e-07 7.70933553e+02 2.08528835e+03
4.80290455e-07 9.23980376e+02 2.14335926e+03
4.80721485e-07 8.23447582e+02 2.13346549e+03
4.81152515e-07 7.02993112e+02 2.07876804e+03
4.81583545e-07 6.13610733e+02 2.08830684e+03
4.82014576e-07 9.69334172e+02 2.26017768e+03
4.82445606e-07 6.82357549e+02 2.14489445e+03
4.82876636e-07 6.45168172e+02 2.19392512e+03
4.83307667e-07 9.57342894e+02 2.24962161e+03
4.83738697e-07 8.30240078e+02 2.23430734e+03
4.84169727e-07 8.71884123e+02 2.24533794e+03
4.84600758e-07 6.79640154e+02 2.15105840e+03
4.85031788e-07 8.65943407e+02 2.18472103e+03
4.85462818e-07 8.89406793e+02 2.11912376e+03
4.85893848e-07 7.70865948e+02 2.06957640e+03
4.86324879e-07 6.58114044e+02 1.98416185e+03
4.86755909e-07 7.85907636e+02 2.07209889e+03
4.87186939e-07 6.83566693e+02 2.06683821e+03
4.87617970e-07 6.45304237e+02 2.08589494e+03
4.88049000e-07 7.49287860e+02 2.14322584e+03
4.88480030e-07 7.33002286e+02 2.14955796e+03
4.88911061e-07 8.55190401e+02 2.18969868e+03
4.89342091e-07 9.72233878e+02 2.16192985e+03
4.89773121e-07 7.46420012e+02 2.13071942e+03
4.90204152e-07 6.60759119e+02 2.10976623e+03
4.90635182e-07 6.49332612e+02 2.11025939e+03
4.91066212e-07 7.63278229e+02 2.18846960e+03
4.91497242e-07 8.40132814e+02 2.16471166e+03
4.91928273e-07 8.99623065e+02 2.14389278e+03
4.92359303e-07 8.66883529e+02 2.17244704e+03
4.92790333e-07 8.25525463e+02 2.20683619e+03
4.93221364e-07 8.11312972e+02 2.20813664e+03
4.93652394e-07 9.20441014e+02 2.24850083e+03
4.94083424e-07 7.63937044e+02 2.23726381e+03
4.94514455e-07 7.13186018e+02 2.17527752e+03
4.94945485e-07 9.32292782e+02 2.29151806e+03
4.95376515e-07 1.15809162e+03 2.39628830e+03
4.95807545e-07 1.17944933e+03 2.37936982e+03
4.96238576e-07 9.95130081e+02 2.38913639e+03
4.96669606e-07 1.09872193e+03 2.46926289e+03
4.97100636e-07 1.11692978e+03 2.46713659e+03
4.97531667e-07 9.88241889e+02 2.42316637e+03
4.97962697e-07 1.03650270e+03 2.37828191e+03
4.98393727e-07 1.01417020e+03 2.40311880e+03
4.98824758e-07 1.02288947e+03 2.43527750e+03
4.99255788e-07 1.06134502e+03 2.47197360e+03
4.99686818e-07 9.93429398e+02 2.40874368e+03
5.00117848e-07 1.05811097e+03 2.38456483e+03
5.00548879e-07 1.24788333e+03 2.50746935e+03
5.00979909e-07 9.27798945e+02 2.41149662e+03
5.01410939e-07 8.78020541e+02 2.35048737e+03
5.01841970e-07 1.26529942e+03 2.49653347e+03
5.02273000e-07 1.22012219e+03 2.47240097e+03
5.02704030e-07 1.13622404e+03 2.46884976e+03
5.03135061e-07 1.12184331e+03 2.44700572e+03
5.03566091e-07 1.21364199e+03 2.42981683e+03
5.03997121e-07 1.07448052e+03 2.44373060e+03
5.04428152e-07 1.10195663e+03 2.40655958e+03
5.04859182e-07 1.15077310e+03 2.50691633e+03
5.05290212e-07 1.25449856e+03 2.53424350e+03
5.05721242e-07 8.95432510e+02 2.38146251e+03
5.06152273e-07 8.89414673e+02 2.43173406e+03
5.06583303e-07 7.54635151e+02 2.36766220e+03
5.07014333e-07 9.35724902e+02 2.41138952e+03
5.07445364e-07 9.96418645e+02 2.45781582e+03
5.07876394e-07 9.49701943e+02 2.37389420e+03
5.08307424e-07 9.90392415e+02 2.46544251e+03
5.08738455e-07 7.38425754e+02 2.41897966e+03
5.09169485e-07 1.02437834e+03 2.46885378e+03
5.09600515e-07 1.28550376e+03 2.57689804e+03
5.10031545e-07 1.42859215e+03 2.62730006e+03
5.10462576e-07 1.12497653e+03 2.56484964e+03
5.10893606e-07 1.00996881e+03 2.52156488e+03
5.11324636e-07 1.33361942e+03 2.62943503e+03
5.11755667e-07 1.03997637e+03 2.53237144e+03
5.12186697e-07 1.14574178e+03 2.53799684e+03
5.12617727e-07 1.36068647e+03 2.62111064e+03
5.13048758e-07 1.11813564e+03 2.59572910e+03
5.13479788e-07 1.22921080e+03 2.64036397e+03
5.13910818e-07 1.22293853e+03 2.62318299e+03
5.14341848e-07 1.29376136e+03 2.68605741e+03
5.14772879e-07 1.12615786e+03 2.58478639e+03
5.15203909e-07 1.17290228e+03 2.66813735e+03
5.15634939e-07 1.08658328e+03 2.63147679e+03
5.16065970e-07 1.27160119e+03 2.67584941e+03
5.16497000e-07 1.37101919e+03 2.67435775e+03
5.16928030e-07 1.26925054e+03 2.52478970e+03
5.17359061e-07 1.17379393e+03 2.47948869e+03
5.17790091e-07 1.10117971e+03 2.56528064e+03
5.18221121e-07 1.09557781e+03 2.54871192e+03
5.18652152e-07 1.26825286e+03 2.60270140e+03
5.19083182e-07 1.14004236e+03 2.65014175e+03
5.19514212e-07 1.35241416e+03 2.89003795e+03
5.19945242e-07 1.19040954e+03 3.00895637e+03
5.20376273e-07 1.10212497e+03 2.87206517e+03
5.20807303e-07 1.19179384e+03 2.76861783e+03
5.21238333e-07 8.30370905e+02 2.56767432e+03
5.21669364e-07 8.27219323e+02 2.61351921e+03
5.22100394e-07 1.41596172e+03 2.79906577e+03
5.22531424e-07 1.47523836e+03 2.91193533e+03
5.22962455e-07 1.72626495e+03 2.96980011e+03
5.23393485e-07 1.64291489e+03 2.96979027e+03
5.23824515e-07 1.22177458e+03 2.82578389e+03
5.24255545e-07 9.78348961e+02 2.65000253e+03
5.24686576e-07 1.22173523e+03 2.76470570e+03
5.25117606e-07 1.40644961e+03 2.79735751e+03
5.25548636e-07 1.17465980e+03 2.78561769e+03
5.25979667e-07 1.20767263e+03 2.78125941e+03
5.26410697e-07 1.29422653e+03 2.69797429e+03
5.26841727e-07 1.09890178e+03 2.64687853e+03
5.27272758e-07 1.31155424e+03 2.73100987e+03
5.27703788e-07 1.05573610e+03 2.75638900e+03
5.28134818e-07 1.19822368e+03 2.73759563e+03
5.28565848e-07 1.30524805e+03 2.86998098e+03
5.28996879e-07 1.33084540e+03 2.88285321e+03
5.29427909e-07 1.34128053e+03 2.87002215e+03
5.29858939e-07 7.60148803e+02 2.69566085e+03
5.30289970e-07 1.24900545e+03 2.82914481e+03
5.30721000e-07 1.48529448e+03 3.00514980e+03
5.31152030e-07 1.38474414e+03 2.96696712e+03
5.31583061e-07 1.45142355e+03 2.99793087e+03
5.32014091e-07 1.37758916e+03 2.98637694e+03
5.32445121e-07 1.47557185e+03 2.98683904e+03
5.32876152e-07 1.50418349e+03 2.97330736e+03
5.33307182e-07 1.92209303e+03 3.16756926e+03
5.33738212e-07 1.99999624e+03 3.18106359e+03
5.34169242e-07 1.38898614e+03 2.91259642e+03
5.34600273e-07 1.22108883e+03 2.92373346e+03
5.35031303e-07 1.39536311e+03 2.99097729e+03
5.35462333e-07 1.23209951e+03 2.94872429e+03
5.35893364e-07 1.08931919e+03 2.90184041e+03
5.36324394e-07 1.50835266e+03 2.96303339e+03
5.36755424e-07 1.22590258e+03 2.85114070e+03
5.37186455e-07 1.22579818e+03 2.95110531e+03
5.37617485e-07 1.18316442e+03 2.90755953e+03
5.38048515e-07 1.79173514e+03 3.15697372e+03
5.38479545e-07 3.03658706e+03 3.57168053e+03
5.38910576e-07 3.31002602e+03 3.69901490e+03
5.39341606e-07 1.94996796e+03 3.13993211e+03
5.39772636e-07 1.30881993e+03 2.85818663e+03
5.40203667e-07 1.37636528e+03 2.83418154e+03
5.40634697e-07 1.19276797e+03 2.81513453e+03
5.41065727e-07 1.08507643e+03 2.83811037e+03
5.41496758e-07 1.27612163e+03 2.91419558e+03
5.41927788e-07 9.79621630e+02 2.82419768e+03
5.42358818e-07 1.43675907e+03 2.99367225e+03
5.42789848e-07 1.11829294e+03 2.86467378e+03
5.43220879e-07 9.63072744e+02 2.83763853e+03
5.43651909e-07 1.47357554e+03 3.02393396e+03
5.44082939e-07 1.17239315e+03 2.95742637e+03
5.44513970e-07 1.14685064e+03 2.92350517e+03
5.44945000e-07 1.18453686e+03 2.96030844e+03
5.45376030e-07 1.29435153e+03 3.03064053e+03
5.45807061e-07 1.37306473e+03 3.03136540e+03
5.46238091e-07 1.31376869e+03 3.13583475e+03
5.46669121e-07 1.17169110e+03 3.06087173e+03
5.47100152e-07 1.52453799e+03 3.13760094e+03
5.47531182e-07 1.52057245e+03 3.08194492e+03
5.47962212e-07 1.24965837e+03 3.02107736e+03
5.48393242e-07 1.26039649e+03 3.03243049e+03
5.48824273e-07 1.39240303e+03 3.05626959e+03
5.49255303e-07 1.37877147e+03 3.11446046e+03
5.49686333e-07 1.49953211e+03 3.18382160e+03
5.50117364e-07 1.27086349e+03 3.17346973e+03
5.50548394e-07 1.08497392e+03 3.06814813e+03
5.50979424e-07 1.11853461e+03 3.10874965e+03
5.51410455e-07 1.54332447e+03 3.33348825e+03
5.51841485e-07 1.33730570e+03 3.25607337e+03
5.52272515e-07 1.33165288e+03 3.18899962e+03
5.52703545e-07 1.18284029e+03 3.13486449e+03
5.53134576e-07 1.24341537e+03 3.12940075e+03
5.53565606e-07 1.10757674e+03 3.15282352e+03
5.53996636e-07 1.22838543e+03 3.29594946e+03
5.54427667e-07 1.42088890e+03 3.44264459e+03
5.54858697e-07 1.11031318e+03 3.33240333e+03
5.55289727e-07 1.78490757e+03 3.43564650e+03
5.55720758e-07 1.22256363e+03 3.26322503e+03
5.56151788e-07 1.44826808e+03 3.36332452e+03
5.56582818e-07 1.52694822e+03 3.51023856e+03
5.57013848e-07 3.43319303e+02 6.87663873e+03
5.57444879e-07 3.28986414e+03 2.22087973e+04
5.57875909e-07 5.52501552e+03 3.13021890e+04
5.58306939e-07 5.85587519e+03 1.95602384e+04
5.58737970e-07 2.69694058e+03 7.73644866e+03
5.59169000e-07 1.61020168e+03 3.99794982e+03
5.59600030e-07 1.22429442e+03 3.43252700e+03
5.60031061e-07 1.05324574e+03 3.33709789e+03
5.60462091e-07 1.36247298e+03 3.49010664e+03
5.60893121e-07 1.18361053e+03 3.46598691e+03
5.61324152e-07 1.29820378e+03 3.39639552e+03
5.61755182e-07 1.32054835e+03 3.31075815e+03
5.62186212e-07 1.53976415e+03 3.47088351e+03
5.62617242e-07 1.05485391e+03 3.27546769e+03
5.63048273e-07 1.58851119e+03 3.44332857e+03
5.63479303e-07 1.56024966e+03 3.43255848e+03
5.63910333e-07 2.08191371e+03 3.57161309e+03
5.64341364e-07 1.91721284e+03 3.57015634e+03
5.64772394e-07 1.47159243e+03 3.38722520e+03
5.65203424e-07 1.56017753e+03 3.38409352e+03
5.65634455e-07 1.63225529e+03 3.40853606e+03
5.66065485e-07 1.22457114e+03 3.27990542e+03
5.66496515e-07 1.52860911e+03 3.40504425e+03
5.66927545e-07 1.37011167e+03 3.42103979e+03
5.67358576e-07 1.36054707e+03 3.41001699e+03
5.67789606e-07 8.09463754e+02 3.21209183e+03
5.68220636e-07 9.91242448e+02 3.28269304e+03
5.68651667e-07 1.44066804e+03 3.43010480e+03
5.69082697e-07 1.40477576e+03 3.48761526e+03
5.69513727e-07 1.47104538e+03 3.48121847e+03
5.69944758e-07 1.09566739e+03 3.35820532e+03
5.70375788e-07 1.35896132e+03 3.43235476e+03
5.70806818e-07 1.38152704e+03 3.40735001e+03
5.71237848e-07 1.52160996e+03 3.48285475e+03
5.71668879e-07 1.62302897e+03 3.48688005e+03
5.72099909e-07 1.36323096e+03 3.50771432e+03
5.72530939e-07 1.16410194e+03 3.48083590e+03
5.72961970e-07 1.36266075e+03 3.54013132e+03
5.73393000e-07 1.52677280e+03 3.49789462e+03
5.73824030e-07 1.41697458e+03 3.41494377e+03
5.74255061e-07 1.47193460e+03 3.42882072e+03
5.74686091e-07 1.59383909e+03 3.51527106e+03
5.75117121e-07 1.27879023e+03 3.33768518e+03
5.75548152e-07 1.31642380e+03 3.36522763e+03
5.75979182e-07 1.49273778e+03 3.52551078e+03
5.76410212e-07 1.65274682e+03 3.54440118e+03
5.76841242e-07 1.77269858e+03 3.61964317e+03
5.77272273e-07 1.39734856e+03 3.50699531e+03
5.77703303e-07 1.77449665e+03 3.66751614e+03
5.78134333e-07 1.25565062e+03 3.33733821e+03
5.78565364e-07 1.60873536e+03 3.60546517e+03
5.78996394e-07 1.68421618e+03 3.63343191e+03
5.79427424e-07 1.53586801e+03 3.63519583e+03
5.79858455e-07 1.26622996e+03 3.49655914e+03
5.80289485e-07 1.63036891e+03 3.58594774e+03
5.80720515e-07 1.75560107e+03 3.65999586e+03
5.81151545e-07 1.64877463e+03 3.58516314e+03
5.81582576e-07 1.38420075e+03 3.55455882e+03
5.82013606e-07 1.83377447e+03 3.77809011e+03
5.82444636e-07 1.91970961e+03 3.79482368e+03
5.82875667e-07 1.34318399e+03 3.58821156e+03
5.83306697e-07 1.40200927e+03 3.59363913e+03
5.83737727e-07 1.63758785e+03 3.62888449e+03
5.84168758e-07 1.40338400e+03 3.62267678e+03
5.84599788e-07 1.27319008e+03 3.51893573e+03
5.85030818e-07 1.67636040e+03 3.72522424e+03
5.85461848e-07 1.77856313e+03 3.66671195e+03
5.85892879e-07 1.50471532e+03 3.61074653e+03
5.86323909e-07 1.26422331e+03 3.83292345e+03
5.86754939e-07 1.49315649e+03 4.17629847e+03
5.87185970e-07 1.37214964e+03 3.99109821e+03
5.87617000e-07 1.40991923e+03 3.85939937e+03
5.88048030e-07 1.38785564e+03 3.80044562e+03
5.88479061e-07 1.46174103e+03 4.80952441e+03
5.88910091e-07 1.50392910e+03 6.46356312e+03
5.89341121e-07 2.18859765e+03 7.24428759e+03
5.89772152e-07 1.96738921e+03 5.99142057e+03
5.90203182e-07 1.73149672e+03 4.76160027e+03
5.90634212e-07 1.79236086e+03 4.06569681e+03
5.91065242e-07 1.42712894e+03 3.97801743e+03
5.91496273e-07 1.43948324e+03 4.05488442e+03
5.91927303e-07 1.60376281e+03 4.05139846e+03
5.92358333e-07 1.48395114e+03 3.90740913e+03
5.92789364e-07 1.61354870e+03 4.13800189e+03
5.93220394e-07 1.72828587e+03 4.30807693e+03
5.93651424e-07 1.93980115e+03 4.30022470e+03
5.94082455e-07 1.62691251e+03 3.89165773e+03
5.94513485e-07 1.44726346e+03 3.81559580e+03
5.94944515e-07 1.18928806e+03 3.94919365e+03
5.95375545e-07 1.55437273e+03 4.16450559e+03
5.95806576e-07 1.48364729e+03 4.00025522e+03
5.96237606e-07 1.37589160e+03 3.79491687e+03
5.96668636e-07 2.03483854e+03 4.04149159e+03
5.97099667e-07 2.07571302e+03 4.11162093e+03
5.97530697e-07 1.84011605e+03 4.11894555e+03
5.97961727e-07 1.54725372e+03 3.95550826e+03
5.98392758e-07 2.06134734e+03 4.01989814e+03
5.98823788e-07 1.49663865e+03 3.81268050e+03
5.99254818e-07 1.57295399e+03 3.73694996e+03
5.99685848e-07 1.64415358e+03 3.82702336e+03
6.00116879e-07 1.96952369e+03 4.06072660e+03
6.00547909e-07 2.08955814e+03 4.03572964e+03
6.00978939e-07 1.65992769e+03 3.83715769e+03
6.01409970e-07 1.45768321e+03 3.71691053e+03
6.01841000e-07 1.53718721e+03 3.70195128e+03
6.02272030e-07 1.73348816e+03 3.73689521e+03
6.02703061e-07 1.33531234e+03 3.72220770e+03
6.03134091e-07 1.59399347e+03 3.79760562e+03
6.03565121e-07 1.44509293e+03 3.80970510e+03
6.03996152e-07 1.38069225e+03 3.66495687e+03
6.04427182e-07 1.35300466e+03 3.64816574e+03
6.04858212e-07 1.46282004e+03 3.72226082e+03
6.05289242e-07 1.31641768e+03 3.68364667e+03
6.05720273e-07 1.89957752e+03 3.89230354e+03
6.06151303e-07 1.93176383e+03 3.88119186e+03
6.06582333e-07 1.50910357e+03 3.71796230e+03
6.07013364e-07 1.50603198e+03 3.82893630e+03
6.07444394e-07 1.85782582e+03 3.93343957e+03
6.07875424e-07 1.51626314e+03 3.74815967e+03
6.08306455e-07 1.62270996e+03 3.71575137e+03
6.08737485e-07 1.47653265e+03 3.69856421e+03
6.09168515e-07 1.51243338e+03 3.76322045e+03
6.09599545e-07 1.13386723e+03 3.62711095e+03
6.10030576e-07 1.50080275e+03 3.70962525e+03
6.10461606e-07 1.62815556e+03 3.69651442e+03
6.10892636e-07 1.57173352e+03 3.80397550e+03
6.11323667e-07 1.59020532e+03 3.78422298e+03
6.11754697e-07 1.01731432e+03 3.48936287e+03
6.12185727e-07 1.44081717e+03 3.68209435e+03
6.12616758e-07 1.78667244e+03 3.86158706e+03
6.13047788e-07 1.71605797e+03 3.89432416e+03
6.13478818e-07 1.90066133e+03 3.85137600e+03
6.13909848e-07 1.76222537e+03 3.98265062e+03
6.14340879e-07 1.63855514e+03 3.97068852e+03
6.14771909e-07 1.73637286e+03 3.94634204e+03
6.15202939e-07 1.28492625e+03 3.80708914e+03
6.15633970e-07 1.35967879e+03 3.73555327e+03
6.16065000e-07 1.47235177e+03 3.79665114e+03
6.16496030e-07 1.52465974e+03 3.76539445e+03
6.16927061e-07 1.51467553e+03 3.94517746e+03
6.17358091e-07 1.59280266e+03 3.99744725e+03
6.17789121e-07 1.69061833e+03 3.85970739e+03
6.18220152e-07 1.48632447e+03 3.75833101e+03
6.18651182e-07 1.26437952e+03 3.67547737e+03
6.19082212e-07 1.68280566e+03 3.85332866e+03
6.19513242e-07 1.59896622e+03 3.84165720e+03
6.19944273e-07 1.66816399e+03 3.97403406e+03
6.20375303e-07 2.10501655e+03 4.12399625e+03
6.20806333e-07 1.77770824e+03 4.01072414e+03
6.21237364e-07 1.64445575e+03 3.86881700e+03
6.21668394e-07 1.66086760e+03 3.89854201e+03
6.22099424e-07 1.44242006e+03 3.94189091e+03
6.22530455e-07 1.68592061e+03 3.95909143e+03
6.22961485e-07 1.56156043e+03 4.02023133e+03
6.23392515e-07 1.87302945e+03 4.75119307e+03
6.23823545e-07 1.93318844e+03 4.95971415e+03
6.24254576e-07 2.06870037e+03 4.72251621e+03
6.24685606e-07 1.80324218e+03 4.21357150e+03
6.25116636e-07 1.90187192e+03 4.19180798e+03
6.25547667e-07 1.22084233e+03 4.41861520e+03
6.25978697e-07 1.54333195e+03 4.73707668e+03
6.26409727e-07 1.65747442e+03 4.62033510e+03
6.26840758e-07 1.80434003e+03 4.36764435e+03
6.27271788e-07 1.51818745e+03 4.07585164e+03
6.27702818e-07 1.75412956e+03 4.03826228e+03
6.28133848e-07 1.46833705e+03 4.10930556e+03
6.28564879e-07 1.28753461e+03 4.34109360e+03
6.28995909e-07 1.71245701e+03 4.66833243e+03
6.29426939e-07 1.38446934e+03 7.19677192e+03
6.29857970e-07 1.07590975e+03 1.29612481e+04
6.30289000e-07 2.64403277e+03 1.39151703e+04
6.30720030e-07 2.95305448e+03 8.86578103e+03
6.31151061e-07 1.93359424e+03 5.11380055e+03
6.31582091e-07 1.71073156e+03 4.10487106e+03
6.32013121e-07 1.44226163e+03 4.03231703e+03
6.32444152e-07 1.84939959e+03 4.36374757e+03
6.32875182e-07 1.77363473e+03 4.64347777e+03
6.33306212e-07 1.80781297e+03 4.47321597e+03
6.33737242e-07 1.57306569e+03 4.01098434e+03
6.34168273e-07 1.32799329e+03 3.84096935e+03
6.34599303e-07 1.40510768e+03 3.95154366e+03
6.35030333e-07 1.22642708e+03 4.09385332e+03
6.35461364e-07 1.51061584e+03 4.42468758e+03
6.35892394e-07 1.17821509e+03 5.79388719e+03
6.36323424e-07 1.64814115e+03 7.48655614e+03
6.36754455e-07 2.55405999e+03 6.98887368e+03
6.37185485e-07 2.37672031e+03 5.01260686e+03
6.37616515e-07 1.70560942e+03 4.17919612e+03
6.38047545e-07 1.72480911e+03 4.13470526e+03
6.38478576e-07 1.67977855e+03 4.24649221e+03
6.38909606e-07 1.76475934e+03 4.20619326e+03
6.39340636e-07 2.01545841e+03 4.10874453e+03
6.39771667e-07 1.60801054e+03 3.90683915e+03
6.40202697e-07 1.34974268e+03 3.70758237e+03
6.40633727e-07 1.47294707e+03 3.79063750e+03
6.41064758e-07 1.73443548e+03 3.93982577e+03
6.41495788e-07 1.50899452e+03 3.92054440e+03
6.41926818e-07 1.56116778e+03 4.03271131e+03
6.42357848e-07 1.77317653e+03 3.99114447e+03
6.42788879e-07 1.60459533e+03 3.85830589e+03
6.43219909e-07 1.67228302e+03 3.86672532e+03
6.43650939e-07 1.77818452e+03 3.89839606e+03
6.44081970e-07 1.40990097e+03 3.80195661e+03
6.44513000e-07 1.48363294e+03 3.87974356e+03
6.44944030e-07 1.89671457e+03 4.09987994e+03
6.45375061e-07 1.62518693e+03 4.05950366e+03
6.45806091e-07 1.86435948e+03 4.28081910e+03
6.46237121e-07 2.06965715e+03 4.61842286e+03
6.46668152e-07 1.55727441e+03 4.79077500e+03
6.47099182e-07 1.86948780e+03 4.84767415e+03
6.47530212e-07 1.87119199e+03 4.51604843e+03
6.47961242e-07 1.67952901e+03 4.16390781e+03
6.48392273e-07 1.60817098e+03 4.05753398e+03
6.48823303e-07 1.75306190e+03 3.95273067e+03
6.49254333e-07 1.88994395e+03 4.34280209e+03
6.49685364e-07 1.95183930e+03 5.07886329e+03
6.50116394e-07 1.84633029e+03 5.32618146e+03
6.50547424e-07 1.82151127e+03 4.85996054e+03
6.50978455e-07 1.80614230e+03 4.34389818e+03
6.51409485e-07 1.58112922e+03 4.07069707e+03
6.51840515e-07 1.66421512e+03 4.22194381e+03
6.52271545e-07 1.92228483e+03 4.38574904e+03
6.52702576e-07 1.58501837e+03 4.36825449e+03
6.53133606e-07 1.51038959e+03 4.75315978e+03
6.53564636e-07 1.93127102e+03 5.03912437e+03
6.53995667e-07 1.74690035e+03 4.61956658e+03
6.54426697e-07 1.32843246e+03 4.40494566e+03
6.54857727e-07 1.72683459e+03 4.65738728e+03
6.55288758e-07 1.78020668e+03 5.06023314e+03
6.55719788e-07 2.11723613e+03 4.95484391e+03
6.56150818e-07 1.70318805e+03 4.38682262e+03
6.56581848e-07 1.13762215e+03 4.07756339e+03
6.57012879e-07 1.50699167e+03 4.35289310e+03
6.57443909e-07 1.77068059e+03 4.73071350e+03
6.57874939e-07 1.90161252e+03 4.90213074e+03
6.58305970e-07 1.64120177e+03 4.48798210e+03
6.58737000e-07 1.37573635e+03 4.02620608e+03
6.59168030e-07 1.50323822e+03 4.03776990e+03
6.59599061e-07 1.58223080e+03 4.18997984e+03
6.60030091e-07 1.77088063e+03 4.33022931e+03
6.60461121e-07 1.81896188e+03 4.44558203e+03
6.60892152e-07 2.30954929e+03 4.43839696e+03
6.61323182e-07 1.90371548e+03 4.11553723e+03
6.61754212e-07 1.54855740e+03 3.99571088e+03
6.62185242e-07 1.72000051e+03 4.03295605e+03
6.62616273e-07 2.12105499e+03 4.21248064e+03
6.63047303e-07 2.00535845e+03 4.27229831e+03
6.63478333e-07 1.68724322e+03 4.25267953e+03
6.63909364e-07 1.92865058e+03 4.20292785e+03
6.64340394e-07 1.92839366e+03 4.10306573e+03
6.64771424e-07 1.54821256e+03 3.98904907e+03
6.65202455e-07 1.79377855e+03 4.07180826e+03
6.65633485e-07 1.44258019e+03 3.95764674e+03
6.66064515e-07 1.69007737e+03 4.11046865e+03
6.66495545e-07 1.95046678e+03 4.20848864e+03
6.66926576e-07 2.05926871e+03 4.18590175e+03
6.67357606e-07 1.81548750e+03 4.09632951e+03
6.67788636e-07 1.46720303e+03 3.98132447e+03
6.68219667e-07 1.51614386e+03 4.00724495e+03
6.68650697e-07 1.53771173e+03 4.03244693e+03
6.69081727e-07 1.47706171e+03 3.99150376e+03
6.69512758e-07 1.42801241e+03 3.89652755e+03
6.69943788e-07 1.42970959e+03 4.01073822e+03
6.70374818e-07 1.68891681e+03 4.06876305e+03
6.70805848e-07 1.77428966e+03 4.08405400e+03
6.71236879e-07 1.77803734e+03 4.09944338e+03
6.71667909e-07 1.74497169e+03 3.97101613e+03
6.72098939e-07 1.57115238e+03 3.92463915e+03
6.72529970e-07 1.52781896e+03 3.98167975e+03
6.72961000e-07 1.71504208e+03 3.98919135e+03
6.73392030e-07 1.53162523e+03 4.06515899e+03
6.73823061e-07 1.40991792e+03 3.99533663e+03
6.74254091e-07 1.85065196e+03 4.08209044e+03
6.74685121e-07 1.69659570e+03 4.07303760e+03
6.75116152e-07 1.66593647e+03 4.01240215e+03
6.75547182e-07 1.36265661e+03 3.87134282e+03
6.75978212e-07 1.46678578e+03 3.95017374e+03
6.76409242e-07 1.71972195e+03 3.99490186e+03
6.76840273e-07 1.72298622e+03 4.02228209e+03
6.77271303e-07 1.51653039e+03 3.93901303e+03
6.77702333e-07 1.48067114e+03 3.96583279e+03
6.78133364e-07 1.86790838e+03 4.08206781e+03
6.78564394e-07 1.75115514e+03 4.04075845e+03
6.78995424e-07 1.60979246e+03 3.98726102e+03
6.79426455e-07 1.64960994e+03 3.96400003e+03
6.79857485e-07 1.87048307e+03 3.99135864e+03
6.80288515e-07 1.29145444e+03 3.95281841e+03
6.80719545e-07 1.49448421e+03 4.01289345e+03
6.81150576e-07 1.86623799e+03 4.09344840e+03
6.81581606e-07 1.82468593e+03 3.89118291e+03
6.82012636e-07 1.73593973e+03 4.07174741e+03
6.82443667e-07 1.40182102e+03 4.76478836e+03
6.82874697e-07 8.04184534e+02 5.85226248e+03
6.83305727e-07 1.35945105e+03 6.42245758e+03
6.83736758e-07 1.55491934e+03 5.70565676e+03
6.84167788e-07 1.67907446e+03 4.73202438e+03
6.84598818e-07 1.92421479e+03 4.41046836e+03
6.85029848e-07 1.37709817e+03 4.03139138e+03
6.85460879e-07 1.02004660e+03 3.91922023e+03
6.85891909e-07 1.39408168e+03 5.10884564e+03
6.86322939e-07 1.72437503e+03 6.64941201e+03
6.86753970e-07 1.43716279e+03 5.83857070e+03
6.87185000e-07 9.38836384e+02 4.10067582e+03
6.87616030e-07 7.03347779e+02 3.54542161e+03
6.88047061e-07 1.46380098e+03 4.13363177e+03
6.88478091e-07 1.37818164e+03 4.24312532e+03
6.88909121e-07 1.90415986e+03 4.48997277e+03
6.89340152e-07 9.98251970e+02 4.08367674e+03
6.89771182e-07 1.18239877e+03 4.10076791e+03
6.90202212e-07 1.11785959e+03 4.16308923e+03
6.90633242e-07 1.37706890e+03 4.16565977e+03
6.91064273e-07 2.34538821e+03 4.86537040e+03
6.91495303e-07 1.92433930e+03 5.04003603e+03
6.91926333e-07 1.28396931e+03 4.94095450e+03
6.92357364e-07 1.82800885e+03 5.56137499e+03
6.92788394e-07 1.67583979e+03 4.85681256e+03
6.93219424e-07 1.18487613e+03 4.10959046e+03
6.93650455e-07 1.28570956e+03 4.28557469e+03
6.94081485e-07 1.82094892e+03 4.78473886e+03
6.94512515e-07 1.26847543e+03 5.03024196e+03
6.94943545e-07 1.65978468e+03 5.57718105e+03
6.95374576e-07 1.84869401e+03 5.07745865e+03
6.95805606e-07 1.15880249e+03 4.06879342e+03
6.96236636e-07 9.31858464e+02 3.93885416e+03
6.96667667e-07 9.84440092e+02 4.22461944e+03
6.97098697e-07 1.50445835e+03 4.70620274e+03
6.97529727e-07 1.49779131e+03 4.90014343e+03
6.97960758e-07 1.64707158e+03 5.09051409e+03
6.98391788e-07 1.58611465e+03 4.58207973e+03
6.98822818e-07 1.39748977e+03 4.05724031e+03
6.99253848e-07 1.53836429e+03 4.01548778e+03
6.99684879e-07 1.59065903e+03 4.04924358e+03
7.00115909e-07 9.17261128e+02 3.97606683e+03
7.00546939e-07 1.38220845e+03 4.24799861e+03
7.00977970e-07 1.06347298e+03 4.17265968e+03
7.01409000e-07 1.53702321e+03 4.26001726e+03
7.01840030e-07 1.55654303e+03 3.97171302e+03
7.02271061e-07 1.39120522e+03 3.84445717e+03
7.02702091e-07 1.46443118e+03 3.83477761e+03
7.03133121e-07 1.20289619e+03 3.81668786e+03
7.03564152e-07 1.36932027e+03 3.93831165e+03
7.03995182e-07 1.11305923e+03 3.98486593e+03
7.04426212e-07 1.55654810e+03 4.29659885e+03
7.04857242e-07 1.80646995e+03 4.56925103e+03
7.05288273e-07 2.03801139e+03 4.52541012e+03
7.05719303e-07 5.40307706e+03 5.59841468e+03
7.06150333e-07 7.14955049e+03 6.15276318e+03
7.06581364e-07 4.65409621e+03 5.38240922e+03
7.07012394e-07 1.23631958e+03 4.12006481e+03
7.07443424e-07 1.04310874e+03 4.04458554e+03
7.07874455e-07 2.01362132e+03 4.32874512e+03
7.08305485e-07 2.46087586e+03 4.51982636e+03
7.08736515e-07 2.00536351e+03 4.40434324e+03
7.09167545e-07 1.43680622e+03 4.12771250e+03
7.09598576e-07 7.31039988e+02 3.75897281e+03
7.10029606e-07 1.47651311e+03 3.98032383e+03
7.10460636e-07 1.06950186e+03 3.88106746e+03
7.10891667e-07 1.30276091e+03 3.87130710e+03
7.11322697e-07 1.03612518e+03 3.72465583e+03
7.11753727e-07 1.25420637e+03 3.80313052e+03
7.12184758e-07 1.57583617e+03 3.90865333e+03
7.12615788e-07 1.18969441e+03 3.92691552e+03
7.13046818e-07 7.58959298e+02 3.80652411e+03
7.13477848e-07 1.45206069e+03 4.02558887e+03
7.13908879e-07 1.12656632e+03 3.96955011e+03
7.14339909e-07 1.06063198e+03 4.11715819e+03
7.14770939e-07 1.18999478e+03 4.08664622e+03
7.15201970e-07 8.54455569e+02 3.87487617e+03
7.15633000e-07 1.51409546e+03 3.98267259e+03
7.16064030e-07 9.42717457e+02 3.73842173e+03
7.16495061e-07 9.38638467e+02 3.81065827e+03
7.16926091e-07 1.02445431e+03 3.67622141e+03
7.17357121e-07 5.40556103e+02 3.45061138e+03
7.17788152e-07 4.89648140e+02 3.38269224e+03
7.18219182e-07 7.58365843e+02 3.33673144e+03
7.18650212e-07 1.32251467e+03 3.44987846e+03
7.19081242e-07 8.02593123e+02 3.11368708e+03
7.19512273e-07 7.37589972e+02 3.13372677e+03
7.19943303e-07 6.69214506e+02 3.12763113e+03
7.20374333e-07 1.09623144e+03 3.34107481e+03
7.20805364e-07 8.63407212e+02 3.21006167e+03
7.21236394e-07 6.07105404e+02 3.20970151e+03
7.21667424e-07 8.27976714e+02 3.35564598e+03
7.22098455e-07 1.38838870e+03 3.62031886e+03
7.22529485e-07 1.59055747e+03 3.74576321e+03
7.22960515e-07 1.63218743e+03 3.83592631e+03
7.23391545e-07 9.12017470e+02 4.35017534e+03
7.23822576e-07 1.17565838e+03 6.93242571e+03
7.24253606e-07 6.68012910e+02 8.78172778e+03
7.24684636e-07 9.16643601e+02 7.92608991e+03
7.25115667e-07 5.49804615e+02 5.44525968e+03
7.25546697e-07 8.66371540e+02 4.31639929e+03
7.25977727e-07 4.83983620e+02 3.70939573e+03
7.26408758e-07 4.90211189e+02 3.59729832e+03
7.26839788e-07 4.69372032e+02 4.22465965e+03
7.27270818e-07 4.26123971e+02 6.63250812e+03
7.27701848e-07 4.60311478e+02 8.45938317e+03
7.28132879e-07 7.45569375e+02 7.42727189e+03
7.28563909e-07 7.41129046e+02 6.00869097e+03
7.28994939e-07 7.61811737e+02 4.78333724e+03
7.29425970e-07 5.08161620e+02 4.25281941e+03
7.29857000e-07 5.30031787e+02 4.47404395e+03
7.30288030e-07 3.40235140e+02 4.67397104e+03
7.30719061e-07 1.05266213e+03 4.77515992e+03
7.31150091e-07 9.97229865e+02 6.01000108e+03
7.31581121e-07 8.57992203e+02 7.90503244e+03
7.32012152e-07 9.55414254e+02 6.71581236e+03
7.32443182e-07 1.32159061e+03 5.34087962e+03
7.32874212e-07 7.75730124e+02 5.42411950e+03
7.33305242e-07 1.74829124e+02 5.24975509e+03
7.33736273e-07 4.36168835e+00 7.00559893e+03
7.34167303e-07 6.96913633e+02 8.79837640e+03
7.34598333e-07 7.03002816e+02 6.61071021e+03
7.35029364e-07 1.07327193e+03 4.58860348e+03
7.35460394e-07 8.75791298e+02 4.94458778e+03
7.35891424e-07 6.04330759e+02 5.37148877e+03
7.36322455e-07 1.23469553e+03 5.91659116e+03
7.36753485e-07 1.97462800e+02 6.71131670e+03
7.37184515e-07 5.80066503e+02 7.00422014e+03
7.37615545e-07 1.37667152e+03 5.19917627e+03
7.38046576e-07 1.25305889e+03 4.18421970e+03
7.38477606e-07 1.09915875e+03 4.12449854e+03
7.38908636e-07 7.56410985e+02 4.62163346e+03
7.39339667e-07 1.40401990e+03 5.24425530e+03
7.39770697e-07 1.21804151e+03 5.70011495e+03
7.40201727e-07 9.80257160e+02 6.30671838e+03
7.40632758e-07 1.05585935e+03 5.47249016e+03
7.41063788e-07 1.23925831e+03 4.25946204e+03
7.41494818e-07 9.39528931e+02 3.98860981e+03
7.41925848e-07 1.28916588e+03 4.11958215e+03
7.42356879e-07 7.75958230e+02 3.90638644e+03
7.42787909e-07 7.89297984e+02 4.38485089e+03
7.43218939e-07 1.69489340e+03 5.02838483e+03
7.43649970e-07 1.61613151e+03 5.33917393e+03
7.44081000e-07 1.12535032e+03 5.00199370e+03
7.44512030e-07 1.33973123e+03 4.42184813e+03
7.44943061e-07 1.03136767e+03 3.98885654e+03
7.45374091e-07 9.26877775e+02 4.00073512e+03
7.45805121e-07 1.15368601e+03 4.45179166e+03
7.46236152e-07 1.17790363e+03 4.68333887e+03
7.46667182e-07 1.00006395e+03 5.07698945e+03
7.47098212e-07 1.56577677e+03 5.88762607e+03
7.47529242e-07 1.72523962e+03 6.27786048e+03
7.47960273e-07 1.32674422e+03 6.28442961e+03
7.48391303e-07 1.09454691e+03 6.08617361e+03
7.48822333e-07 1.13605955e+03 5.31479521e+03
7.49253364e-07 1.29391422e+03 4.71303012e+03
7.49684394e-07 1.25645316e+03 4.43319191e+03
7.50115424e-07 1.13842570e+03 4.22329202e+03
7.50546455e-07 1.37877470e+03 4.23615949e+03
7.50977485e-07 1.08005561e+03 4.09848538e+03
7.51408515e-07 9.25828431e+02 4.41586503e+03
7.51839545e-07 1.09607611e+03 5.95047902e+03
7.52270576e-07 1.70060985e+03 8.31718568e+03
7.52701606e-07 1.96735962e+03 8.48910972e+03
7.53132636e-07 2.03354923e+03 6.46753416e+03
7.53563667e-07 1.20271141e+03 4.97746336e+03
7.53994697e-07 1.45934664e+03 4.79779341e+03
7.54425727e-07 1.49924711e+03 4.56676110e+03
7.54856758e-07 1.20611136e+03 4.28981273e+03
7.55287788e-07 1.11980414e+03 4.59219432e+03
7.55718818e-07 1.32214818e+03 5.03377375e+03
7.56149848e-07 1.33988900e+03 4.88216472e+03
7.56580879e-07 1.39073684e+03 5.34228554e+03
7.57011909e-07 1.78709570e+03 7.04341260e+03
7.57442939e-07 2.09919796e+03 7.12101696e+03
7.57873970e-07 1.73628902e+03 5.37057643e+03
7.58305000e-07 1.43762716e+03 5.04120580e+03
7.58736030e-07 1.86691123e+03 5.21588698e+03
7.59167061e-07 9.99403164e+02 4.44487381e+03
7.59598091e-07 6.91657614e+02 3.91934235e+03
7.60029121e-07 6.20655800e+00 3.07889964e+03
7.60460152e-07 5.20831569e+00 2.54666799e+03
7.60891182e-07 2.23787208e+02 2.40682281e+03
7.61322212e-07 8.03937465e+02 3.20872700e+03
7.61753242e-07 1.07116346e+03 4.08000260e+03
7.62184273e-07 1.14741355e+03 4.14419929e+03
7.62615303e-07 6.29836734e+02 3.93164829e+03
7.63046333e-07 1.33065641e+02 3.81221128e+03
7.63477364e-07 2.80606712e+02 3.36715143e+03
7.63908394e-07 3.17356566e+02 3.10273794e+03
7.64339424e-07 7.15066627e+02 3.28656458e+03
7.64770455e-07 9.25648956e+02 3.61612101e+03
7.65201485e-07 7.57713381e+02 3.88431759e+03
7.65632515e-07 5.13905221e+02 4.16450625e+03
7.66063545e-07 6.16623385e+02 4.54855020e+03
7.66494576e-07 1.18694277e+03 4.78318663e+03
7.66925606e-07 1.42928175e+03 4.18930410e+03
7.67356636e-07 1.33158407e+03 4.21137208e+03
7.67787667e-07 1.57362070e+03 4.22920698e+03
7.68218697e-07 1.36118084e+03 4.27494004e+03
7.68649727e-07 7.29033084e+02 4.36383144e+03
7.69080758e-07 7.80293688e+02 4.43760210e+03
7.69511788e-07 7.99585330e+02 4.53855383e+03
7.69942818e-07 7.81124216e+02 4.53250996e+03
7.70373848e-07 1.04021838e+03 4.59904163e+03
7.70804879e-07 9.61020608e+02 6.77084071e+03
7.71235909e-07 2.82589680e+02 1.13621433e+04
7.71666939e-07 2.01439153e+03 1.36664962e+04
7.72097970e-07 1.37820685e+03 9.88568317e+03
7.72529000e-07 1.12038396e+03 6.93822328e+03
7.72960030e-07 1.57381714e+03 5.69643387e+03
7.73391061e-07 1.22908279e+03 5.00592830e+03
7.73822091e-07 1.12685277e+03 4.59837724e+03
7.74253121e-07 1.08383181e+03 5.36016161e+03
7.74684152e-07 4.00160601e+02 8.98327939e+03
7.75115182e-07 2.29990351e+02 1.20866377e+04
7.75546212e-07 1.17387927e+03 1.02020436e+04
7.75977242e-07 1.11203301e+03 7.80176941e+03
7.76408273e-07 1.66163971e+03 6.34294514e+03
7.76839303e-07 8.76752910e+02 5.23320070e+03
7.77270333e-07 5.70884446e+02 6.21098830e+03
7.77701364e-07 1.33099278e+03 6.95700997e+03
7.78132394e-07 9.93280516e+02 6.40076940e+03
7.78563424e-07 4.10283006e+02 5.75487547e+03
7.78994455e-07 4.75068095e+02 7.89176645e+03
7.79856515e-07 6.25159378e+02 7.95928618e+03
7.80287545e-07 9.40054341e+02 5.66654062e+03
7.80718576e-07 1.05257808e+03 6.69478670e+03
7.81149606e-07 9.63042742e+02 6.75734276e+03
7.81580636e-07 3.86144165e+02 7.36679047e+03
7.82011667e-07 4.40323839e+02 1.06640193e+04
7.82442697e-07 1.35183129e+03 1.06221818e+04
7.82873727e-07 1.31298710e+03 6.50425689e+03
7.83304758e-07 5.97861822e+02 4.62903768e+03
7.83735788e-07 2.17290789e+02 5.30205056e+03
7.84166818e-07 2.90423523e+02 6.52745440e+03
7.84597848e-07 1.06835508e+03 7.26468672e+03
7.85028879e-07 9.09433901e+02 1.04401489e+04
7.85890939e-07 1.89932619e+02 1.08274505e+04
7.86321970e-07 1.36622269e+03 8.93642661e+03
7.86753000e-07 8.33566128e+02 8.57892354e+03
7.87184030e-07 5.88413143e+02 8.88948825e+03
7.87615061e-07 1.23854679e+03 7.93212574e+03
7.88046091e-07 2.13657751e+02 7.39300715e+03
7.88477121e-07 5.02439752e+02 7.56351600e+03
7.88908152e-07 1.14911043e+03 8.44552059e+03
7.89339182e-07 1.21135661e+03 7.48735322e+03
7.89770212e-07 1.66361509e+03 5.46887723e+03
7.90201242e-07 9.70159841e+02 4.65700582e+03
7.90632273e-07 7.35965207e+02 6.06495587e+03
7.91494333e-07 9.49518707e+00 1.56172521e+04
7.91925364e-07 1.01262243e+03 1.26973607e+04
7.92356394e-07 1.11222649e+03 8.86167271e+03
7.92787424e-07 1.02610886e+03 7.20920553e+03
7.93218455e-07 3.20302731e+02 6.89848777e+03
7.93649485e-07 1.00904273e+03 5.68954630e+03
7.94080515e-07 1.33779184e+03 4.91703604e+03
7.94511545e-07 1.26235544e+03 5.70976440e+03
7.94942576e-07 1.00298221e+03 6.41682181e+03
7.95373606e-07 9.76087000e+02 5.38600988e+03
7.95804636e-07 8.22016035e+02 5.72302060e+03
7.96235667e-07 6.72344896e+02 9.86280543e+03
7.96666697e-07 9.45279372e+02 1.11600255e+04
7.97097727e-07 1.85811157e+03 7.50026789e+03
7.97528758e-07 1.81933106e+03 7.09404320e+03
8.00114939e-07 7.80210147e+02 1.84470820e-01
