7.56600000e-02
3.60033000e-07 2.91031248e+01 3.87595273e+02
3.60464030e-07 8.99241808e+01 1.21354851e+03
3.61326091e-07 8.03891703e+01 5.68557387e+02
3.61757121e-07 1.05256805e+02 6.32470730e+02
3.62188152e-07 5.08989921e+01 7.66769380e+02
3.62619182e-07 1.18138916e+02 7.28958348e+02
3.63050212e-07 4.34684216e+01 3.77640586e+02
3.63481242e-07 9.37409696e+01 5.29821089e+02
3.63912273e-07 1.39890746e+02 9.41376324e+02
3.64343303e-07 6.08156420e+01 7.45229050e+02
3.64774333e-07 1.11503331e+02 7.27415876e+02
3.65205364e-07 9.71555988e+01 1.01903934e+03
3.65636394e-07 1.24826028e+02 5.68188367e+02
3.66067424e-07 4.48927035e+01 5.50713476e+02
3.66498455e-07 2.00608368e+02 8.02065162e+02
3.66929485e-07 1.64413774e+02 9.54885610e+02
3.67791545e-07 7.89753055e+01 5.16179598e+02
3.68222576e-07 4.40421431e+01 4.03921125e+02
3.68653606e-07 1.01274712e+02 6.00102111e+02
3.69084636e-07 4.76021371e+01 4.90018317e+02
3.69515667e-07 1.96687393e+02 7.10896865e+02
3.69946697e-07 1.38420103e+02 5.47202808e+02
3.70377727e-07 9.25637568e+01 5.11516384e+02
3.70808758e-07 5.61055773e+01 3.97965645e+02
3.71239788e-07 1.83257332e+02 7.83184492e+02
3.71670818e-07 8.96195238e+01 5.08278197e+02
3.72101848e-07 4.12645574e+01 4.56179563e+02
3.72532879e-07 2.07352215e+00 4.19586652e+02
3.73394939e-07 6.23650889e+01 4.42748723e+02
3.73825970e-07 1.68471256e+02 7.54331934e+02
3.74257000e-07 9.51673912e+01 5.99458820e+02
3.74688030e-07 1.76640635e+02 7.62472779e+02
3.75119061e-07 9.49639263e+01 5.70249843e+02
3.75981121e-07 8.73225750e+01 5.35716283e+02
3.76412152e-07 5.51677293e+01 4.44230355e+02
3.76843182e-07 8.91802900e+01 4.26287108e+02
3.77274212e-07 5.35937710e+01 4.91888997e+02
3.77705242e-07 9.46358610e+01 5.59625521e+02
3.78136273e-07 2.12734532e+02 6.64656213e+02
3.78567303e-07 1.36709939e+02 4.95573984e+02
3.78998333e-07 5.38804034e+01 5.24988998e+02
3.79429364e-07 8.97466337e+01 4.96506538e+02
3.79860394e-07 1.53041831e+02 5.55209325e+02
3.80291424e-07 7.05407495e+01 5.02142687e+02
3.81584515e-07 6.72630230e+01 5.65844472e+02
3.82015545e-07 6.88495698e+01 5.16562404e+02
3.82446576e-07 6.70258024e+01 5.10185669e+02
3.82877606e-07 1.03939006e+02 5.24448447e+02
3.83308636e-07 1.40103299e+02 5.77096411e+02
3.83739667e-07 2.01842736e+02 6.31217085e+02
3.84170697e-07 1.24924236e+02 5.73794603e+02
3.84601727e-07 2.27050884e+01 4.72553745e+02
3.85032758e-07 1.41373939e+02 5.72125235e+02
3.85463788e-07 1.73453481e+02 5.97418784e+02
3.85894818e-07 6.95911340e+01 5.16159239e+02
3.86325848e-07 2.69644403e+02 6.36133692e+02
3.86756879e-07 1.61061795e+02 5.64911863e+02
3.87187909e-07 5.39722198e+01 4.98007066e+02
3.87618939e-07 1.07070022e+02 4.83851942e+02
3.88049970e-07 1.78244001e+02 5.67806057e+02
3.88481000e-07 1.79866099e+02 5.16612640e+02
3.88912030e-07 2.14415773e+02 5.18648837e+02
3.89343061e-07 1.56320624e+02 5.97590899e+02
3.89774091e-07 1.44519102e+02 5.20079021e+02
3.90205121e-07 1.46007668e+02 5.41849156e+02
3.90636152e-07 1.66071165e+02 6.17636784e+02
3.91067182e-07 2.29226206e+02 6.91411162e+02
3.91498212e-07 9.00858663e+01 6.64159573e+02
3.91929242e-07 2.25949033e+02 6.80791325e+02
3.92360273e-07 1.95890368e+02 6.17525993e+02
3.92791303e-07 2.36370944e+02 5.95955348e+02
3.93222333e-07 2.19716105e+02 5.37256727e+02
3.93653364e-07 1.09421692e+02 5.39030632e+02
3.94084394e-07 2.02510833e+02 5.87541808e+02
3.94515424e-07 3.15529347e+02 7.31941713e+02
3.94946455e-07 1.93870041e+02 6.45807999e+02
3.95377485e-07 3.37644212e+01 6.06623082e+02
3.95808515e-07 2.06369233e+02 6.12571131e+02
3.96239545e-07 2.02560955e+02 6.27940377e+02
3.96670576e-07 1.72029711e+02 5.59226037e+02
3.97101606e-07 2.45808125e+02 6.73763766e+02
3.97532636e-07 2.11746992e+02 6.11173454e+02
3.97963667e-07 1.53883062e+02 6.17860571e+02
3.98394697e-07 1.89528237e+02 6.37950581e+02
3.98825727e-07 1.44001607e+02 6.91976485e+02
3.99256758e-07 1.56286338e+02 6.51178019e+02
3.99687788e-07 1.94801808e+02 6.68519305e+02
4.00118818e-07 3.06032458e+02 7.43911562e+02
4.00549848e-07 7.29806729e+02 9.92985815e+02
4.00980879e-07 8.63746910e+02 1.10417017e+03
4.01411909e-07 7.10188522e+02 9.53941089e+02
4.01842939e-07 2.83187264e+02 7.98186361e+02
4.02273970e-07 1.48573974e+02 6.92042879e+02
4.02705000e-07 3.19406096e+02 8.35080414e+02
4.03136030e-07 1.55896624e+02 6.64128125e+02
4.03567061e-07 2.22558404e+02 7.08877940e+02
4.03998091e-07 2.44121287e+02 8.15375873e+02
4.04429121e-07 2.20269391e+02 8.38781301e+02
4.04860152e-07 2.23916610e+02 8.25194678e+02
4.05291182e-07 2.31878492e+02 8.15569513e+02
4.05722212e-07 2.92135394e+02 7.84515431e+02
4.06153242e-07 3.26759586e+02 8.20714265e+02
4.06584273e-07 3.42862071e+02 9.00554656e+02
4.07015303e-07 3.41103051e+02 8.18691138e+02
4.07446333e-07 3.53894029e+02 8.89998927e+02
4.07877364e-07 3.24392746e+02 8.72790123e+02
4.08308394e-07 3.05939753e+02 8.49366299e+02
4.08739424e-07 1.65700752e+02 8.02304735e+02
4.09170455e-07 3.36231622e+02 8.71491418e+02
4.09601485e-07 2.89705738e+02 7.92166255e+02
4.10032515e-07 3.15699481e+02 8.03270611e+02
4.10463545e-07 3.28266544e+02 7.94212286e+02
4.10894576e-07 4.02437488e+02 8.24519419e+02
4.11325606e-07 4.40603932e+02 8.56342949e+02
4.11756636e-07 3.21502502e+02 8.41984351e+02
4.12187667e-07 2.52357811e+02 8.56074292e+02
4.12618697e-07 2.19319887e+02 8.32608261e+02
4.13049727e-07 3.36687890e+02 8.90564419e+02
4.13480758e-07 1.89126554e+02 8.08809958e+02
4.13911788e-07 2.62280042e+02 8.45938613e+02
4.14342818e-07 4.76392665e+02 9.20286569e+02
4.14773848e-07 3.74767494e+02 8.80898970e+02
4.15204879e-07 3.80061827e+02 9.18082515e+02
4.15635909e-07 4.53287776e+02 9.28795316e+02
4.16066939e-07 3.74891895e+02 9.23530411e+02
4.16497970e-07 3.02066172e+02 9.48589298e+02
4.16929000e-07 4.20455935e+02 1.01369722e+03
4.17360030e-07 4.77186783e+02 1.01951934e+03
4.17791061e-07 3.37701313e+02 9.66207933e+02
4.18222091e-07 2.28990985e+02 8.87991800e+02
4.18653121e-07 3.75877919e+02 9.82720245e+02
4.19084152e-07 3.45040111e+02 9.52610754e+02
4.19515182e-07 3.63821739e+02 9.08443760e+02
4.19946212e-07 3.88637649e+02 9.17960893e+02
4.20377242e-07 3.74218625e+02 8.91999700e+02
4.20808273e-07 4.21861611e+02 9.57547628e+02
4.21239303e-07 3.60245818e+02 9.47698886e+02
4.21670333e-07 4.77471497e+02 9.77451342e+02
4.22101364e-07 5.33666536e+02 9.89491910e+02
4.22532394e-07 4.03982586e+02 8.89582320e+02
4.22963424e-07 3.14624544e+02 9.07535487e+02
4.23394455e-07 4.49321866e+02 9.60470582e+02
4.23825485e-07 3.48140771e+02 8.92282526e+02
4.24256515e-07 3.83628712e+02 8.84717459e+02
4.24687545e-07 5.25792999e+02 1.01607222e+03
4.25118576e-07 5.66908215e+02 1.05598717e+03
4.25549606e-07 4.86767337e+02 1.03164954e+03
4.25980636e-07 3.07249407e+02 9.30684439e+02
4.26411667e-07 3.15540733e+02 9.45834899e+02
4.26842697e-07 4.35287656e+02 9.81226095e+02
4.27273727e-07 3.99685337e+02 9.45117583e+02
4.27704758e-07 4.08674545e+02 9.71065752e+02
4.28135788e-07 4.09772345e+02 9.93519573e+02
4.28566818e-07 4.36751377e+02 9.77436507e+02
4.28997848e-07 5.48749804e+02 1.01290289e+03
4.29428879e-07 5.05721220e+02 1.00586724e+03
4.29859909e-07 5.24276752e+02 1.01980350e+03
4.30290939e-07 5.62413366e+02 1.02507114e+03
4.30721970e-07 4.75635190e+02 9.51775966e+02
4.31153000e-07 5.51943938e+02 1.04456663e+03
4.31584030e-07 7.28314522e+02 1.17535510e+03
4.32015061e-07 8.38269385e+02 1.21854799e+03
4.32446091e-07 6.92251724e+02 1.15345723e+03
4.32877121e-07 4.53984171e+02 1.05267577e+03
4.33308152e-07 5.42659047e+02 1.10713472e+03
4.33739182e-07 5.63859019e+02 1.06453133e+03
4.34170212e-07 6.22570365e+02 1.10842669e+03
4.34601242e-07 5.94087670e+02 1.10306898e+03
4.35032273e-07 7.49703553e+02 1.18182112e+03
4.35463303e-07 5.31035981e+02 1.12935843e+03
4.35894333e-07 7.73237461e+02 1.23027689e+03
4.36325364e-07 6.60128683e+02 1.16827644e+03
4.36756394e-07 7.42711440e+02 1.18835895e+03
4.37187424e-07 6.43541674e+02 1.16285711e+03
4.37618455e-07 6.58578418e+02 1.19548744e+03
4.38049485e-07 5.72989013e+02 1.11161402e+03
4.38480515e-07 7.47524208e+02 1.21480137e+03
4.38911545e-07 7.70719815e+02 1.23535592e+03
4.39342576e-07 5.75507258e+02 1.15084084e+03
4.39773606e-07 7.08998936e+02 1.24530544e+03
4.40204636e-07 6.80664210e+02 1.26310206e+03
4.40635667e-07 6.60189012e+02 1.27451403e+03
4.41066697e-07 6.39369609e+02 1.31230003e+03
4.41497727e-07 6.20090718e+02 1.27828094e+03
4.41928758e-07 5.32506813e+02 1.25886972e+03
4.42359788e-07 5.91981348e+02 1.28979010e+03
4.42790818e-07 8.39325553e+02 1.30832915e+03
4.43221848e-07 7.58433886e+02 1.36257002e+03
4.43652879e-07 5.93597359e+02 1.22667963e+03
4.44083909e-07 8.11490770e+02 1.32352243e+03
4.44514939e-07 6.21847420e+02 1.23757210e+03
4.44945970e-07 6.43964961e+02 1.28795580e+03
4.45377000e-07 6.70628226e+02 1.25298198e+03
4.45808030e-07 4.94377690e+02 1.16047108e+03
4.46239061e-07 6.78772610e+02 1.20644484e+03
4.46670091e-07 7.81690487e+02 1.27004386e+03
4.47101121e-07 6.77625436e+02 1.27608386e+03
4.47532152e-07 7.11341140e+02 1.30684645e+03
4.47963182e-07 6.73017881e+02 1.28699302e+03
4.48394212e-07 5.82874321e+02 1.25490363e+03
4.48825242e-07 8.05859488e+02 1.34326363e+03
4.49256273e-07 6.55467575e+02 1.32093596e+03
4.49687303e-07 6.69812216e+02 1.31584465e+03
4.50118333e-07 5.61446797e+02 1.27984450e+03
4.50549364e-07 6.47935649e+02 1.30201210e+03
4.50980394e-07 9.22149499e+02 1.44661907e+03
4.51411424e-07 9.62230426e+02 1.45162529e+03
4.51842455e-07 8.72934366e+02 1.42035263e+03
4.52273485e-07 8.55426997e+02 1.44047751e+03
4.52704515e-07 8.72142790e+02 1.46831145e+03
4.53135545e-07 9.00834991e+02 1.51636770e+03
4.53566576e-07 8.46365733e+02 1.53090654e+03
4.53997606e-07 8.82346612e+02 1.51774159e+03
4.54428636e-07 9.36178334e+02 1.48428750e+03
4.54859667e-07 9.68640770e+02 1.52675756e+03
4.55290697e-07 7.72876994e+02 1.44710786e+03
4.55721727e-07 7.84444471e+02 1.43884033e+03
4.56152758e-07 8.65802024e+02 1.53776986e+03
4.56583788e-07 9.36143659e+02 1.52005435e+03
4.57014818e-07 9.06970576e+02 1.53736879e+03
4.57445848e-07 6.45792651e+02 1.41233896e+03
4.57876879e-07 7.47203871e+02 1.46159109e+03
4.58307909e-07 8.74171707e+02 1.52965934e+03
4.58738939e-07 8.90396626e+02 1.52251165e+03
4.59169970e-07 8.86869098e+02 1.57513219e+03
4.59601000e-07 9.01914043e+02 1.54596188e+03
4.60032030e-07 8.84706022e+02 1.58607852e+03
4.60463061e-07 1.11122470e+03 1.61243215e+03
4.60894091e-07 8.43982943e+02 1.52909631e+03
4.61325121e-07 8.21535387e+02 1.52381280e+03
4.61756152e-07 9.16623916e+02 1.55224586e+03
4.62187182e-07 9.14464407e+02 1.54917909e+03
4.62618212e-07 8.62044130e+02 1.51742584e+03
4.63049242e-07 8.70507924e+02 1.52977230e+03
4.63480273e-07 8.85931853e+02 1.55183148e+03
4.63911303e-07 8.21386684e+02 1.50483806e+03
4.64342333e-07 8.03168707e+02 1.46934422e+03
4.64773364e-07 8.60022946e+02 1.50353082e+03
4.65204394e-07 8.28260800e+02 1.56434131e+03
4.65635424e-07 8.98118229e+02 1.61847612e+03
4.66066455e-07 9.77247722e+02 1.64650885e+03
4.66497485e-07 9.30813439e+02 1.63967955e+03
4.66928515e-07 8.99632269e+02 1.61109882e+03
4.67359545e-07 8.92716863e+02 1.63402774e+03
4.67790576e-07 9.13525522e+02 1.64550530e+03
4.68221606e-07 8.47745985e+02 1.59718359e+03
4.68652636e-07 9.30143202e+02 1.63127443e+03
4.69083667e-07 8.88377418e+02 1.61636847e+03
4.69514697e-07 7.36054206e+02 1.57579666e+03
4.69945727e-07 8.81593393e+02 1.63948965e+03
4.70376758e-07 9.77200839e+02 1.63566160e+03
4.70807788e-07 9.94456170e+02 1.67516372e+03
4.71238818e-07 9.34420266e+02 1.62456847e+03
4.71669848e-07 9.85548817e+02 1.69579013e+03
4.72100879e-07 9.77157486e+02 1.68072109e+03
4.72531909e-07 1.02578586e+03 1.72853930e+03
4.72962939e-07 1.10341649e+03 1.73091414e+03
4.73393970e-07 9.73325352e+02 1.70157373e+03
4.73825000e-07 1.08722532e+03 1.70559527e+03
4.74256030e-07 9.88194000e+02 1.71950711e+03
4.74687061e-07 1.11741059e+03 1.68907721e+03
4.75118091e-07 1.10489523e+03 1.75636247e+03
4.75549121e-07 1.06652908e+03 1.77652321e+03
4.75980152e-07 1.00522650e+03 1.69770250e+03
4.76411182e-07 9.98649306e+02 1.71583143e+03
4.76842212e-07 9.12965460e+02 1.68789235e+03
4.77273242e-07 9.10238427e+02 1.65505203e+03
4.77704273e-07 1.15934313e+03 1.77367151e+03
4.78135303e-07 1.32886264e+03 1.87351253e+03
4.78566333e-07 1.17511690e+03 1.82681305e+03
4.78997364e-07 1.13267625e+03 1.84346721e+03
4.79428394e-07 1.21104118e+03 1.82380022e+03
4.79859424e-07 1.15961103e+03 1.81637980e+03
4.80290455e-07 1.28953304e+03 1.87766339e+03
4.80721485e-07 1.31556421e+03 1.90036323e+03
4.81152515e-07 1.23311456e+03 1.91158610e+03
4.81583545e-07 1.09920310e+03 1.85647732e+03
4.82014576e-07 1.10455810e+03 1.90447161e+03
4.82445606e-07 1.26068029e+03 2.01054748e+03
4.82876636e-07 1.29422061e+03 1.97690750e+03
4.83307667e-07 1.27865938e+03 2.01224556e+03
4.83738697e-07 1.25711017e+03 2.02803424e+03
4.84169727e-07 1.06546153e+03 1.91655857e+03
4.84600758e-07 1.02220406e+03 1.88865827e+03
4.85031788e-07 1.10566294e+03 1.84283068e+03
4.85462818e-07 1.33336706e+03 1.96714805e+03
4.85893848e-07 1.26494497e+03 1.86511164e+03
4.86324879e-07 1.44729521e+03 1.92892762e+03
4.86755909e-07 1.24135750e+03 1.86009605e+03
4.87186939e-07 1.36689423e+03 1.88692119e+03
4.87617970e-07 1.20789090e+03 1.85951287e+03
4.88049000e-07 1.28144605e+03 1.89746053e+03
4.88480030e-07 1.25519928e+03 1.88042078e+03
4.88911061e-07 1.25332476e+03 1.90906458e+03
4.89342091e-07 1.34268506e+03 1.98499916e+03
4.89773121e-07 1.14790247e+03 1.92149967e+03
4.90204152e-07 9.97240874e+02 1.79999826e+03
4.90635182e-07 1.39311768e+03 2.04660168e+03
4.91066212e-07 1.30932401e+03 1.98306141e+03
4.91497242e-07 1.36828450e+03 1.97604628e+03
4.91928273e-07 1.15144415e+03 1.86574718e+03
4.92359303e-07 1.20722879e+03 1.88810501e+03
4.92790333e-07 1.35232615e+03 1.99401085e+03
4.93221364e-07 1.21130129e+03 1.95752446e+03
4.93652394e-07 1.23094678e+03 1.94140092e+03
4.94083424e-07 1.35759140e+03 2.02514483e+03
4.94514455e-07 1.25113762e+03 2.00738026e+03
4.94945485e-07 1.29641146e+03 2.05541148e+03
4.95376515e-07 1.30621880e+03 2.05974914e+03
4.95807545e-07 1.29062178e+03 2.02355944e+03
4.96238576e-07 1.43593702e+03 2.11986035e+03
4.96669606e-07 1.59904983e+03 2.17933102e+03
4.97100636e-07 1.21205548e+03 2.04367805e+03
4.97531667e-07 1.24396474e+03 2.03698151e+03
4.97962697e-07 1.37915277e+03 2.10663544e+03
4.98393727e-07 1.55430482e+03 2.17468435e+03
4.98824758e-07 1.37782994e+03 2.12297315e+03
4.99255788e-07 1.43168855e+03 2.15169071e+03
4.99686818e-07 1.31654846e+03 2.08164846e+03
5.00117848e-07 1.72775826e+03 2.30080191e+03
5.00548879e-07 1.65899869e+03 2.25923925e+03
5.00979909e-07 1.40853809e+03 2.17123243e+03
5.01410939e-07 1.61426658e+03 2.18738584e+03
5.01841970e-07 1.62972738e+03 2.24684651e+03
5.02273000e-07 1.52038489e+03 2.21207230e+03
5.02704030e-07 1.86222416e+03 2.37579150e+03
5.03135061e-07 1.41758228e+03 2.19750334e+03
5.03566091e-07 1.80765855e+03 2.27285613e+03
5.03997121e-07 1.77030274e+03 2.28469077e+03
5.04428152e-07 1.68722919e+03 2.23192182e+03
5.04859182e-07 1.67443481e+03 2.30621532e+03
5.05290212e-07 1.17370649e+03 2.09891628e+03
5.05721242e-07 1.62563100e+03 2.24669424e+03
5.06152273e-07 1.68048305e+03 2.27729471e+03
5.06583303e-07 1.56180849e+03 2.21309518e+03
5.07014333e-07 1.50300750e+03 2.22293876e+03
5.07445364e-07 1.58450047e+03 2.24131807e+03
5.07876394e-07 1.68167781e+03 2.22112136e+03
5.08307424e-07 1.61304588e+03 2.28951424e+03
5.08738455e-07 1.89337410e+03 2.40854140e+03
5.09169485e-07 1.74151928e+03 2.37261265e+03
5.09600515e-07 1.66241597e+03 2.26133909e+03
5.10031545e-07 1.93510261e+03 2.44652270e+03
5.10462576e-07 1.80078967e+03 2.37087398e+03
5.10893606e-07 1.56288641e+03 2.27796696e+03
5.11324636e-07 1.84861942e+03 2.40213826e+03
5.11755667e-07 1.82273282e+03 2.37814381e+03
5.12186697e-07 1.55801108e+03 2.25818516e+03
5.12617727e-07 1.96381144e+03 2.49564176e+03
5.13048758e-07 2.03099611e+03 2.50772059e+03
5.13479788e-07 2.26119179e+03 2.54589841e+03
5.13910818e-07 2.02657208e+03 2.50042300e+03
5.14341848e-07 1.67339087e+03 2.43614255e+03
5.14772879e-07 1.60358133e+03 2.41012850e+03
5.15203909e-07 1.88935244e+03 2.50811730e+03
5.15634939e-07 1.86087445e+03 2.54361818e+03
5.16065970e-07 1.65724757e+03 2.38267483e+03
5.16497000e-07 1.65063494e+03 2.33489357e+03
5.16928030e-07 1.89163201e+03 2.40926364e+03
5.17359061e-07 1.91550217e+03 2.43090609e+03
5.17790091e-07 1.77287466e+03 2.38816185e+03
5.18221121e-07 1.83553062e+03 2.36869412e+03
5.18652152e-07 1.70966467e+03 2.45156291e+03
5.19083182e-07 1.61463180e+03 2.40588959e+03
5.19514212e-07 1.63440426e+03 2.50279087e+03
5.19945242e-07 1.74047587e+03 2.69788586e+03
5.20376273e-07 1.71041389e+03 2.60997036e+03
5.20807303e-07 1.93379956e+03 2.62547447e+03
5.21238333e-07 1.82714134e+03 2.58523143e+03
5.21669364e-07 1.60798354e+03 2.47656471e+03
5.22100394e-07 1.81223969e+03 2.56649624e+03
5.22531424e-07 2.17120723e+03 2.66238693e+03
5.22962455e-07 2.57712323e+03 2.84430793e+03
5.23393485e-07 2.28491404e+03 2.75753886e+03
5.23824515e-07 1.97033580e+03 2.63085673e+03
5.24255545e-07 1.79805529e+03 2.59840696e+03
5.24686576e-07 1.68369197e+03 2.55363255e+03
5.25117606e-07 1.76199236e+03 2.52836471e+03
5.25548636e-07 1.70971665e+03 2.56228355e+03
5.25979667e-07 1.83690863e+03 2.59520339e+03
5.26410697e-07 1.93944536e+03 2.57630082e+03
5.26841727e-07 2.12143668e+03 2.58778672e+03
5.27272758e-07 2.07975472e+03 2.61828086e+03
5.27703788e-07 2.21440408e+03 2.69611360e+03
5.28134818e-07 2.01983602e+03 2.60352063e+03
5.28565848e-07 2.02032538e+03 2.63217673e+03
5.28996879e-07 1.93908930e+03 2.66039926e+03
5.29427909e-07 1.73111899e+03 2.58121882e+03
5.29858939e-07 1.90401765e+03 2.60528401e+03
5.30289970e-07 2.07032865e+03 2.64929149e+03
5.30721000e-07 1.84890462e+03 2.65977062e+03
5.31152030e-07 1.88743724e+03 2.74630237e+03
5.31583061e-07 1.99009517e+03 2.76734648e+03
5.32014091e-07 2.17427681e+03 2.80091505e+03
5.32445121e-07 2.01593418e+03 2.72178601e+03
5.32876152e-07 2.29464166e+03 2.86330840e+03
5.33307182e-07 2.71338782e+03 3.01615847e+03
5.33738212e-07 2.37324792e+03 2.90831285e+03
5.34169242e-07 2.16310352e+03 2.81170887e+03
5.34600273e-07 2.19979276e+03 2.82453903e+03
5.35031303e-07 2.09954288e+03 2.78479774e+03
5.35462333e-07 2.26749675e+03 2.83479524e+03
5.35893364e-07 2.02094114e+03 2.73043993e+03
5.36324394e-07 1.83490278e+03 2.64912606e+03
5.36755424e-07 1.90608719e+03 2.61936458e+03
5.37186455e-07 1.99819906e+03 2.72412794e+03
5.37617485e-07 2.48741885e+03 2.88585710e+03
5.38048515e-07 3.13939262e+03 3.12135830e+03
5.38479545e-07 3.85314287e+03 3.40395318e+03
5.38910576e-07 3.27193438e+03 3.17135465e+03
5.39341606e-07 2.66595768e+03 2.89114246e+03
5.39772636e-07 2.29959120e+03 2.80174647e+03
5.40203667e-07 1.89447669e+03 2.62247103e+03
5.40634697e-07 1.94329299e+03 2.61184980e+03
5.41065727e-07 2.26840129e+03 2.71562257e+03
5.41496758e-07 1.96021159e+03 2.66410748e+03
5.41927788e-07 1.78014050e+03 2.66444273e+03
5.42358818e-07 2.11531765e+03 2.78932078e+03
5.42789848e-07 2.17912217e+03 2.74983088e+03
5.43220879e-07 2.02978488e+03 2.68577808e+03
5.43651909e-07 2.33676526e+03 2.83263042e+03
5.44082939e-07 2.20978018e+03 2.82730269e+03
5.44513970e-07 2.15095071e+03 2.82854814e+03
5.44945000e-07 2.19011198e+03 2.80481898e+03
5.45376030e-07 1.93768939e+03 2.72976170e+03
5.45807061e-07 1.97206376e+03 2.79456090e+03
5.46238091e-07 2.18897203e+03 2.90577281e+03
5.46669121e-07 2.16845384e+03 2.88574562e+03
5.47100152e-07 2.17359944e+03 2.88911056e+03
5.47531182e-07 2.00374125e+03 2.75414677e+03
5.47962212e-07 1.98442051e+03 2.74352293e+03
5.48393242e-07 2.17771234e+03 2.93314237e+03
5.48824273e-07 2.17786582e+03 2.91459909e+03
5.49255303e-07 2.27106175e+03 2.95997334e+03
5.49686333e-07 2.15930788e+03 2.94658420e+03
5.50117364e-07 2.13806465e+03 2.97391288e+03
5.50548394e-07 2.46307912e+03 3.09482787e+03
5.50979424e-07 2.50766957e+03 3.06911962e+03
5.51410455e-07 2.17674882e+03 2.92676753e+03
5.51841485e-07 2.13367866e+03 2.98240771e+03
5.52272515e-07 2.01646984e+03 2.92986147e+03
5.52703545e-07 1.83830738e+03 2.82550759e+03
5.53134576e-07 2.12393435e+03 2.94921042e+03
5.53565606e-07 2.39467244e+03 3.05974873e+03
5.53996636e-07 2.21445647e+03 3.09509588e+03
5.54427667e-07 2.05037635e+03 3.08353289e+03
5.54858697e-07 1.84517228e+03 3.03311753e+03
5.55289727e-07 1.97895199e+03 3.04692498e+03
5.55720758e-07 1.89864481e+03 3.02575851e+03
5.56151788e-07 1.69184342e+03 3.00990010e+03
5.56582818e-07 1.79734736e+03 3.04421946e+03
5.57013848e-07 2.55282837e+03 6.01315904e+03
5.57444879e-07 1.69575448e+03 1.64255922e+04
5.57875909e-07 1.72636220e+03 2.33961614e+04
5.58306939e-07 3.51783093e+03 1.68051429e+04
5.58737970e-07 2.84127995e+03 8.71928675e+03
5.59169000e-07 2.42318512e+03 4.69675849e+03
5.59600030e-07 2.29676957e+03 3.42841891e+03
5.60031061e-07 2.29436734e+03 3.26034919e+03
5.60462091e-07 2.22687533e+03 3.26189292e+03
5.60893121e-07 2.21671632e+03 3.20164090e+03
5.61324152e-07 2.11453477e+03 3.12200757e+03
5.61755182e-07 2.39370847e+03 3.21097535e+03
5.62186212e-07 2.39492982e+03 3.26075968e+03
5.62617242e-07 2.53004631e+03 3.26541842e+03
5.63048273e-07 2.27679136e+03 3.17257874e+03
5.63479303e-07 2.25503960e+03 3.13282062e+03
5.63910333e-07 2.35393172e+03 3.20669891e+03
5.64341364e-07 2.18104934e+03 3.13974671e+03
5.64772394e-07 2.19674770e+03 3.15322621e+03
5.65203424e-07 2.15067988e+03 3.10491332e+03
5.65634455e-07 2.50284887e+03 3.21443107e+03
5.66065485e-07 2.49327657e+03 3.20597513e+03
5.66496515e-07 1.97090941e+03 3.01247431e+03
5.66927545e-07 1.97605196e+03 3.06447711e+03
5.67358576e-07 2.17280239e+03 3.17696020e+03
5.67789606e-07 2.14725048e+03 3.20200942e+03
5.68220636e-07 2.49021556e+03 3.30063009e+03
5.68651667e-07 2.40649103e+03 3.26902835e+03
5.69082697e-07 2.32149009e+03 3.23876431e+03
5.69513727e-07 2.15594776e+03 3.20192151e+03
5.69944758e-07 2.17470680e+03 3.23739862e+03
5.70375788e-07 2.31952342e+03 3.31625724e+03
5.70806818e-07 2.60753286e+03 3.32179364e+03
5.71237848e-07 2.36176968e+03 3.34511525e+03
5.71668879e-07 2.46793674e+03 3.34196225e+03
5.72099909e-07 2.31412128e+03 3.31428323e+03
5.72530939e-07 2.48916154e+03 3.39193028e+03
5.72961970e-07 2.54170120e+03 3.33875394e+03
5.73393000e-07 2.36198482e+03 3.28714247e+03
5.73824030e-07 2.61937793e+03 3.43276805e+03
5.74255061e-07 2.27993124e+03 3.31921410e+03
5.74686091e-07 2.04961794e+03 3.23402213e+03
5.75117121e-07 2.22141577e+03 3.15776562e+03
5.75548152e-07 2.22824351e+03 3.23017179e+03
5.75979182e-07 2.40442509e+03 3.27336048e+03
5.76410212e-07 2.39991087e+03 3.37889296e+03
5.76841242e-07 2.43523743e+03 3.37597245e+03
5.77272273e-07 2.48113712e+03 3.39701154e+03
5.77703303e-07 2.42517807e+03 3.30948082e+03
5.78134333e-07 2.36915944e+03 3.36597418e+03
5.78565364e-07 2.58034641e+03 3.36306896e+03
5.78996394e-07 2.25114849e+03 3.28299137e+03
5.79427424e-07 2.55838015e+03 3.37831041e+03
5.79858455e-07 2.45981747e+03 3.45442157e+03
5.80289485e-07 2.21283543e+03 3.34998496e+03
5.80720515e-07 1.91748318e+03 3.24116197e+03
5.81151545e-07 2.36540302e+03 3.29336087e+03
5.81582576e-07 2.47721305e+03 3.44628328e+03
5.82013606e-07 2.44250585e+03 3.40511516e+03
5.82444636e-07 2.31929632e+03 3.35944963e+03
5.82875667e-07 2.55591243e+03 3.43682252e+03
5.83306697e-07 2.49872428e+03 3.50128166e+03
5.83737727e-07 2.53311867e+03 3.47633361e+03
5.84168758e-07 2.27368894e+03 3.40283782e+03
5.84599788e-07 2.69634901e+03 3.56475745e+03
5.85030818e-07 2.72026533e+03 3.53522904e+03
5.85461848e-07 2.26513324e+03 3.41365385e+03
5.85892879e-07 2.41827799e+03 3.46873681e+03
5.86323909e-07 2.39562974e+03 3.73930310e+03
5.86754939e-07 2.42732752e+03 3.96874868e+03
5.87185970e-07 2.60671666e+03 3.95120271e+03
5.87617000e-07 2.54371182e+03 3.74074680e+03
5.88048030e-07 2.53531972e+03 3.75956122e+03
5.88479061e-07 2.26542451e+03 4.66571361e+03
5.88910091e-07 1.93457813e+03 6.12280205e+03
5.89341121e-07 2.35248201e+03 6.88725624e+03
5.89772152e-07 2.48646881e+03 6.06135904e+03
5.90203182e-07 2.48182200e+03 4.86332552e+03
5.90634212e-07 2.54555450e+03 4.10623721e+03
5.91065242e-07 2.24172278e+03 3.85641803e+03
5.91496273e-07 2.38663296e+03 3.89596440e+03
5.91927303e-07 2.55917854e+03 3.91413467e+03
5.92358333e-07 2.53994472e+03 3.78208996e+03
5.92789364e-07 2.60001686e+03 3.93236950e+03
5.93220394e-07 2.31160273e+03 3.92832697e+03
5.93651424e-07 2.63065230e+03 3.93972707e+03
5.94082455e-07 2.61457328e+03 3.80837266e+03
5.94513485e-07 2.39893144e+03 3.71170732e+03
5.94944515e-07 2.25359679e+03 3.81129677e+03
5.95375545e-07 2.23649685e+03 3.87430505e+03
5.95806576e-07 2.54114029e+03 3.84952181e+03
5.96237606e-07 3.06728176e+03 3.92385082e+03
5.96668636e-07 2.91781975e+03 3.84433045e+03
5.97099667e-07 2.63610184e+03 3.79831809e+03
5.97530697e-07 2.69145864e+03 3.88937229e+03
5.97961727e-07 2.71792447e+03 3.87385990e+03
5.98392758e-07 2.34677981e+03 3.75260230e+03
5.98823788e-07 2.45256175e+03 3.61174663e+03
5.99254818e-07 2.78533697e+03 3.74310420e+03
5.99685848e-07 2.79857199e+03 3.74592305e+03
6.00116879e-07 2.42420132e+03 3.68620768e+03
6.00547909e-07 2.75646339e+03 3.81079877e+03
6.00978939e-07 2.67673145e+03 3.75395656e+03
6.01409970e-07 2.68029443e+03 3.63650772e+03
6.01841000e-07 2.52937866e+03 3.59421639e+03
6.02272030e-07 2.87441841e+03 3.56616849e+03
6.02703061e-07 2.73891789e+03 3.51415724e+03
6.03134091e-07 2.77131045e+03 3.54969651e+03
6.03565121e-07 2.71477936e+03 3.48339568e+03
6.03996152e-07 2.90709583e+03 3.48597983e+03
6.04427182e-07 2.27935340e+03 3.52835466e+03
6.04858212e-07 2.62782143e+03 3.66776129e+03
6.05289242e-07 2.52429417e+03 3.50148480e+03
6.05720273e-07 2.52444421e+03 3.54242079e+03
6.06151303e-07 2.77977461e+03 3.64889656e+03
6.06582333e-07 2.77225588e+03 3.65719855e+03
6.07013364e-07 2.45297596e+03 3.55451172e+03
6.07444394e-07 2.73717680e+03 3.61024003e+03
6.07875424e-07 2.99929725e+03 3.65098108e+03
6.08306455e-07 2.70956999e+03 3.53577591e+03
6.08737485e-07 2.72514166e+03 3.57973534e+03
6.09168515e-07 2.85482744e+03 3.63728841e+03
6.09599545e-07 2.60433453e+03 3.58112069e+03
6.10030576e-07 2.60518693e+03 3.60538600e+03
6.10461606e-07 2.72839428e+03 3.65047323e+03
6.10892636e-07 2.93899506e+03 3.68462112e+03
6.11323667e-07 2.73429687e+03 3.60531846e+03
6.11754697e-07 2.64273352e+03 3.58257054e+03
6.12185727e-07 2.71419213e+03 3.56767440e+03
6.12616758e-07 2.64238777e+03 3.52287662e+03
6.13047788e-07 2.79411531e+03 3.63992103e+03
6.13478818e-07 2.85830853e+03 3.67946361e+03
6.13909848e-07 2.72170851e+03 3.74609092e+03
6.14340879e-07 2.67136262e+03 3.78134193e+03
6.14771909e-07 2.63481938e+03 3.73244454e+03
6.15202939e-07 2.81697389e+03 3.70709928e+03
6.15633970e-07 2.68343721e+03 3.68579458e+03
6.16065000e-07 2.87341486e+03 3.66551459e+03
6.16496030e-07 3.14550044e+03 3.71540700e+03
6.16927061e-07 2.81401667e+03 3.72652159e+03
6.17358091e-07 2.81809598e+03 3.75681410e+03
6.17789121e-07 2.76284443e+03 3.74461590e+03
6.18220152e-07 2.83474026e+03 3.64204314e+03
6.18651182e-07 2.73817469e+03 3.62172614e+03
6.19082212e-07 2.70171705e+03 3.59382782e+03
6.19513242e-07 3.00354207e+03 3.73062306e+03
6.19944273e-07 2.93487785e+03 3.83327107e+03
6.20375303e-07 2.86263597e+03 3.83431315e+03
6.20806333e-07 2.86153405e+03 3.75211838e+03
6.21237364e-07 2.67277682e+03 3.72812810e+03
6.21668394e-07 3.01129556e+03 3.85757651e+03
6.22099424e-07 2.72234130e+03 3.79931686e+03
6.22530455e-07 2.97932699e+03 3.91960690e+03
6.22961485e-07 2.45537274e+03 3.79541208e+03
6.23392515e-07 2.33744768e+03 4.34867766e+03
6.23823545e-07 2.45981063e+03 4.55043786e+03
6.24254576e-07 2.67048141e+03 4.34565049e+03
6.24685606e-07 2.69234926e+03 4.02931005e+03
6.25116636e-07 2.69702138e+03 3.95124328e+03
6.25547667e-07 2.64840590e+03 4.28603780e+03
6.25978697e-07 3.01432360e+03 4.57780020e+03
6.26409727e-07 3.07637418e+03 4.45652628e+03
6.26840758e-07 2.72010852e+03 3.95924430e+03
6.27271788e-07 2.34602563e+03 3.59385902e+03
6.27702818e-07 2.31721506e+03 3.46208638e+03
6.28133848e-07 2.92519162e+03 3.75767358e+03
6.28564879e-07 2.57521089e+03 4.06857276e+03
6.28995909e-07 2.37477841e+03 4.24505189e+03
6.29426939e-07 2.58760382e+03 6.61392067e+03
6.29857970e-07 2.85676837e+03 1.12291391e+04
6.30289000e-07 2.83441521e+03 1.16793613e+04
6.30720030e-07 2.61718303e+03 8.23935521e+03
6.31151061e-07 2.81156265e+03 5.53209127e+03
6.31582091e-07 3.11372539e+03 4.27514197e+03
6.32013121e-07 3.16276132e+03 4.05853276e+03
6.32444152e-07 2.74931227e+03 4.15525939e+03
6.32875182e-07 2.58542159e+03 4.30032305e+03
6.33306212e-07 2.86773860e+03 4.21648507e+03
6.33737242e-07 2.17830658e+03 3.64155371e+03
6.34168273e-07 2.96932474e+03 3.81368309e+03
6.34599303e-07 3.21767268e+03 3.94403411e+03
6.35030333e-07 2.97445841e+03 4.02958812e+03
6.35461364e-07 2.76891586e+03 4.15397301e+03
6.35892394e-07 2.69567225e+03 5.33245526e+03
6.36323424e-07 2.63783887e+03 6.47790134e+03
6.36754455e-07 2.80931792e+03 5.92770879e+03
6.37185485e-07 2.76426927e+03 4.69316552e+03
6.37616515e-07 3.01851218e+03 4.07300154e+03
6.38047545e-07 2.85309562e+03 3.90958430e+03
6.38478576e-07 2.43840421e+03 3.84388904e+03
6.38909606e-07 2.33289825e+03 3.79198786e+03
6.39340636e-07 2.85528692e+03 3.77623989e+03
6.39771667e-07 3.46524566e+03 3.87823957e+03
6.40202697e-07 3.00314908e+03 3.75868848e+03
6.40633727e-07 2.97737932e+03 3.71276267e+03
6.41064758e-07 2.76180959e+03 3.68272744e+03
6.41495788e-07 3.20592822e+03 3.79942564e+03
6.41926818e-07 2.65743048e+03 3.63257530e+03
6.42357848e-07 2.75977232e+03 3.74609296e+03
6.42788879e-07 3.00089314e+03 3.74824038e+03
6.43219909e-07 3.10806605e+03 3.72303617e+03
6.43650939e-07 3.07506479e+03 3.72705488e+03
6.44081970e-07 2.73887589e+03 3.61126216e+03
6.44513000e-07 2.72091589e+03 3.69661418e+03
6.44944030e-07 2.94665900e+03 3.78032906e+03
6.45375061e-07 3.17817202e+03 3.89210862e+03
6.45806091e-07 3.29180356e+03 4.06855073e+03
6.46237121e-07 3.12222801e+03 4.25397992e+03
6.46668152e-07 3.23648962e+03 4.62188704e+03
6.47099182e-07 3.20082948e+03 4.61154315e+03
6.47530212e-07 3.07969775e+03 4.20198978e+03
6.47961242e-07 3.06861091e+03 3.93825477e+03
6.48392273e-07 2.73397626e+03 3.59916567e+03
6.48823303e-07 2.47458624e+03 3.47747149e+03
6.49254333e-07 3.05704964e+03 3.97812556e+03
6.49685364e-07 2.72343933e+03 4.42544137e+03
6.50116394e-07 3.65918649e+03 5.07042074e+03
6.50547424e-07 2.81667090e+03 4.46585646e+03
6.50978455e-07 3.17918536e+03 4.13272472e+03
6.51409485e-07 3.29723226e+03 3.97515537e+03
6.51840515e-07 2.86929190e+03 3.80064259e+03
6.52271545e-07 2.83337097e+03 3.86990222e+03
6.52702576e-07 3.09508593e+03 4.13338105e+03
6.53133606e-07 3.08390424e+03 4.51897106e+03
6.53564636e-07 2.99037736e+03 4.46483440e+03
6.53995667e-07 3.19580227e+03 4.34575739e+03
6.54426697e-07 2.90512168e+03 4.19153519e+03
6.54857727e-07 3.24370951e+03 4.42409678e+03
6.55288758e-07 3.11031911e+03 4.75166412e+03
6.55719788e-07 3.13382802e+03 4.52460429e+03
6.56150818e-07 3.34465896e+03 4.31588464e+03
6.56581848e-07 3.11924489e+03 4.11729662e+03
6.57012879e-07 3.40021729e+03 4.25801653e+03
6.57443909e-07 3.23830951e+03 4.43306912e+03
6.57874939e-07 3.40459996e+03 4.64458989e+03
6.58305970e-07 3.61448254e+03 4.39861035e+03
6.58737000e-07 2.91728960e+03 3.88191176e+03
6.59168030e-07 3.33881511e+03 4.02807908e+03
6.59599061e-07 3.12402975e+03 3.95920734e+03
6.60030091e-07 3.11660062e+03 4.12346973e+03
6.60461121e-07 2.88359287e+03 4.08094044e+03
6.60892152e-07 3.13789032e+03 4.00173805e+03
6.61323182e-07 3.04264303e+03 3.74012253e+03
6.61754212e-07 3.16231724e+03 3.69592122e+03
6.62185242e-07 3.27188826e+03 3.72307627e+03
6.62616273e-07 3.12810115e+03 3.81522850e+03
6.63047303e-07 3.17017076e+03 3.88218687e+03
6.63478333e-07 2.75925588e+03 3.75817065e+03
6.63909364e-07 2.99103965e+03 3.73924828e+03
6.64340394e-07 3.40717667e+03 3.82391832e+03
6.64771424e-07 3.14424865e+03 3.72531454e+03
6.65202455e-07 2.71881251e+03 3.58766851e+03
6.65633485e-07 3.15693995e+03 3.79524619e+03
6.66064515e-07 2.94851525e+03 3.74020585e+03
6.66495545e-07 2.97540473e+03 3.72785621e+03
6.66926576e-07 2.60918817e+03 3.65365715e+03
6.67357606e-07 2.65695781e+03 3.55739154e+03
6.67788636e-07 3.03659943e+03 3.71912711e+03
6.68219667e-07 2.82080146e+03 3.64815182e+03
6.68650697e-07 2.89545600e+03 3.59532346e+03
6.69081727e-07 3.25314709e+03 3.73534427e+03
6.69512758e-07 3.42135319e+03 3.82752900e+03
6.69943788e-07 3.06040205e+03 3.76919613e+03
6.70374818e-07 2.87999030e+03 3.72934273e+03
6.70805848e-07 3.31225787e+03 3.78259514e+03
6.71236879e-07 2.95833790e+03 3.65031397e+03
6.71667909e-07 2.90040281e+03 3.72577398e+03
6.72098939e-07 3.11091560e+03 3.73016751e+03
6.72529970e-07 2.96486620e+03 3.72213535e+03
6.72961000e-07 2.86324543e+03 3.60314596e+03
6.73392030e-07 2.78623051e+03 3.64854530e+03
6.73823061e-07 2.88839733e+03 3.64368849e+03
6.74254091e-07 2.83789465e+03 3.70299537e+03
6.74685121e-07 2.56549156e+03 3.65227163e+03
6.75116152e-07 3.09357713e+03 3.72706072e+03
6.75547182e-07 3.16418080e+03 3.71014053e+03
6.75978212e-07 3.26279280e+03 3.72989728e+03
6.76409242e-07 2.95589869e+03 3.62161653e+03
6.76840273e-07 3.08002187e+03 3.62514967e+03
6.77271303e-07 3.76056685e+03 3.88602408e+03
6.77702333e-07 3.58412927e+03 3.91899977e+03
6.78133364e-07 3.07836121e+03 3.68341067e+03
6.78564394e-07 2.95596381e+03 3.67800846e+03
6.78995424e-07 3.06593737e+03 3.70515767e+03
6.79426455e-07 2.91981371e+03 3.65914298e+03
6.79857485e-07 2.99957925e+03 3.59417299e+03
6.80288515e-07 3.51939277e+03 3.76157921e+03
6.80719545e-07 3.07482653e+03 3.69481739e+03
6.81150576e-07 2.98245054e+03 3.64100168e+03
6.81581606e-07 3.18585307e+03 3.64345886e+03
6.82012636e-07 2.66956902e+03 3.62671574e+03
6.82443667e-07 2.79157383e+03 4.65997082e+03
6.82874697e-07 3.31544953e+03 6.00332671e+03
6.83305727e-07 3.07473728e+03 6.32229378e+03
6.83736758e-07 3.18835460e+03 5.58002912e+03
6.84167788e-07 3.04137456e+03 4.66872208e+03
6.84598818e-07 3.01329138e+03 4.01389870e+03
6.85029848e-07 3.22310255e+03 3.86383543e+03
6.85460879e-07 3.45571096e+03 4.00457842e+03
6.85891909e-07 3.39396936e+03 5.00663582e+03
6.86322939e-07 2.89692185e+03 6.02205169e+03
6.86753970e-07 2.43319701e+03 5.45149061e+03
6.87185000e-07 2.36481497e+03 4.18842122e+03
6.87616030e-07 2.47543392e+03 3.63333772e+03
6.88047061e-07 2.71494341e+03 3.76436220e+03
6.88478091e-07 3.00919308e+03 3.96555849e+03
6.88909121e-07 2.70670584e+03 4.02570157e+03
6.89340152e-07 2.66732542e+03 3.87283325e+03
6.89771182e-07 2.63377509e+03 3.96834894e+03
6.90202212e-07 2.61473796e+03 3.96410946e+03
6.90633242e-07 2.35592536e+03 3.88478818e+03
6.91064273e-07 2.93082832e+03 4.31484078e+03
6.91495303e-07 4.02683016e+03 4.77595043e+03
6.91926333e-07 2.63500568e+03 4.70384592e+03
6.92357364e-07 2.26120155e+03 4.71139636e+03
6.92788394e-07 2.56888601e+03 4.35700658e+03
6.93219424e-07 2.97219110e+03 4.01593675e+03
6.93650455e-07 2.83695567e+03 3.95978831e+03
6.94081485e-07 2.63837296e+03 4.04703898e+03
6.94512515e-07 2.59791310e+03 4.60261525e+03
6.94943545e-07 2.79405379e+03 4.77301249e+03
6.95374576e-07 2.72531753e+03 4.32148154e+03
6.95805606e-07 2.26387613e+03 3.72016354e+03
6.96236636e-07 2.45166310e+03 3.66289383e+03
6.96667667e-07 2.70940892e+03 3.99375653e+03
6.97098697e-07 3.17038208e+03 4.35677736e+03
6.97529727e-07 2.67717904e+03 4.64372193e+03
6.97960758e-07 2.44834803e+03 4.51287377e+03
6.98391788e-07 2.29395707e+03 4.05039139e+03
6.98822818e-07 2.28429576e+03 3.59022189e+03
6.99253848e-07 2.64901323e+03 3.50343196e+03
6.99684879e-07 2.67120994e+03 3.57379189e+03
7.00115909e-07 2.49174330e+03 3.66912255e+03
7.00546939e-07 2.53953165e+03 3.83800700e+03
7.00977970e-07 2.65046151e+03 3.98253968e+03
7.01409000e-07 2.54259461e+03 3.72443989e+03
7.01840030e-07 2.68151509e+03 3.55400838e+03
7.02271061e-07 2.78621830e+03 3.48533753e+03
7.02702091e-07 2.47367536e+03 3.35557670e+03
7.03133121e-07 2.13521603e+03 3.32893256e+03
7.03564152e-07 2.46563032e+03 3.49213615e+03
7.03995182e-07 2.68150782e+03 3.70046966e+03
7.04426212e-07 3.14596907e+03 4.08886633e+03
7.04857242e-07 3.81505048e+03 4.43244762e+03
7.05288273e-07 6.71023692e+03 5.39025000e+03
7.05719303e-07 9.23814767e+03 6.11330855e+03
7.06150333e-07 7.94352656e+03 5.61913687e+03
7.06581364e-07 4.85102206e+03 4.50847901e+03
7.07012394e-07 3.15733284e+03 3.95171835e+03
7.07443424e-07 3.36038656e+03 3.95348094e+03
7.07874455e-07 3.93556594e+03 4.18202152e+03
7.08305485e-07 3.49576965e+03 4.03519359e+03
7.08736515e-07 3.08850738e+03 3.99441955e+03
7.09167545e-07 3.04999667e+03 3.89230834e+03
7.09598576e-07 2.52971546e+03 3.61120374e+03
7.10029606e-07 2.54053762e+03 3.48506059e+03
7.10460636e-07 2.60183228e+03 3.52241611e+03
7.10891667e-07 2.76449747e+03 3.57029364e+03
7.11322697e-07 2.87612255e+03 3.65713676e+03
7.11753727e-07 2.40331771e+03 3.46315166e+03
7.12184758e-07 2.52081773e+03 3.56302766e+03
7.12615788e-07 2.67724047e+03 3.59046431e+03
7.13046818e-07 2.82012981e+03 3.63355075e+03
7.13477848e-07 2.94897918e+03 3.74394981e+03
7.13908879e-07 3.25148343e+03 3.83633156e+03
7.14339909e-07 2.64946817e+03 3.69875995e+03
7.14770939e-07 2.47066212e+03 3.66146428e+03
7.15201970e-07 2.61707575e+03 3.58635403e+03
7.15633000e-07 2.49340560e+03 3.50399220e+03
7.16064030e-07 2.52108409e+03 3.49524290e+03
7.16495061e-07 2.14370157e+03 3.34569891e+03
7.16926091e-07 2.01047218e+03 3.07514586e+03
7.17357121e-07 1.59825998e+03 2.90706461e+03
7.17788152e-07 1.92995408e+03 2.98713482e+03
7.18219182e-07 1.91319591e+03 2.92514242e+03
7.18650212e-07 2.08777110e+03 2.85156846e+03
7.19081242e-07 1.79824949e+03 2.71021315e+03
7.19512273e-07 1.82160331e+03 2.72447820e+03
7.19943303e-07 2.00219145e+03 2.76697057e+03
7.20374333e-07 2.22390097e+03 2.86780306e+03
7.20805364e-07 1.76154652e+03 2.75458379e+03
7.21236394e-07 2.08168882e+03 3.01785505e+03
7.21667424e-07 2.56159676e+03 3.24566017e+03
7.22098455e-07 3.24421349e+03 3.61153719e+03
7.22529485e-07 3.65695160e+03 3.74896574e+03
7.22960515e-07 2.55409531e+03 3.34444144e+03
7.23391545e-07 2.64063881e+03 4.42469292e+03
7.23822576e-07 2.78689515e+03 6.73110666e+03
7.24253606e-07 2.00333952e+03 8.10526202e+03
7.24684636e-07 1.34097749e+03 6.85482373e+03
7.25115667e-07 9.44210772e+02 4.89681974e+03
7.25546697e-07 1.63590606e+03 3.80643907e+03
7.25977727e-07 1.74889387e+03 3.24118126e+03
7.26408758e-07 1.78639717e+03 3.17249534e+03
7.26839788e-07 1.90889051e+03 3.81205598e+03
7.27270818e-07 1.72744202e+03 5.47585796e+03
7.27701848e-07 1.05626822e+03 6.67348954e+03
7.28132879e-07 8.78067365e+02 6.31417260e+03
7.28563909e-07 1.67863229e+03 5.65715931e+03
7.28994939e-07 1.56978658e+03 4.39972914e+03
7.29425970e-07 1.75801922e+03 3.87126783e+03
7.29857000e-07 1.97828721e+03 4.01628463e+03
7.30288030e-07 2.48920194e+03 4.38425411e+03
7.30719061e-07 1.93710824e+03 4.30066005e+03
7.31150091e-07 1.81560756e+03 5.54430855e+03
7.31581121e-07 1.86400858e+03 6.84145151e+03
7.32012152e-07 1.92186147e+03 6.30348008e+03
7.32443182e-07 1.94262181e+03 5.20310281e+03
7.32874212e-07 2.35701718e+03 5.15265886e+03
7.33305242e-07 2.04694351e+03 5.33442464e+03
7.33736273e-07 2.23188868e+03 6.93495225e+03
7.34167303e-07 2.37830082e+03 8.11149311e+03
7.34598333e-07 1.95659248e+03 6.47657005e+03
7.35029364e-07 1.89087249e+03 4.41483794e+03
7.35460394e-07 2.13959163e+03 4.48525880e+03
7.35891424e-07 2.57485132e+03 5.17439139e+03
7.36322455e-07 1.35135871e+03 5.19023434e+03
7.36753485e-07 1.64402281e+03 6.01642723e+03
7.37184515e-07 2.35831556e+03 6.13488700e+03
7.37615545e-07 1.97253565e+03 4.65484277e+03
7.38046576e-07 2.14948037e+03 3.80046634e+03
7.38477606e-07 2.69179640e+03 3.85928545e+03
7.38908636e-07 2.34794407e+03 4.28409901e+03
7.39339667e-07 2.42565688e+03 4.91605121e+03
7.39770697e-07 2.27827962e+03 5.44485412e+03
7.40201727e-07 2.82846576e+03 6.09862571e+03
7.40632758e-07 2.38688957e+03 5.14220070e+03
7.41063788e-07 1.69679412e+03 3.84367514e+03
7.41494818e-07 2.27837772e+03 3.53648068e+03
7.41925848e-07 2.84934064e+03 3.73274019e+03
7.42356879e-07 1.99435300e+03 3.54696321e+03
7.42787909e-07 2.44175495e+03 4.12699399e+03
7.43218939e-07 2.67251710e+03 4.54352099e+03
7.43649970e-07 2.67121697e+03 4.89020287e+03
7.44081000e-07 2.20609170e+03 4.58691829e+03
7.44512030e-07 2.28314905e+03 4.04174278e+03
7.44943061e-07 2.62536166e+03 3.81310714e+03
7.45374091e-07 2.75406344e+03 3.70356934e+03
7.45805121e-07 1.91260578e+03 3.54591889e+03
7.46236152e-07 2.71805665e+03 4.33387824e+03
7.46667182e-07 3.05479664e+03 5.03284628e+03
7.47098212e-07 2.66815550e+03 5.46943056e+03
7.47529242e-07 3.08548601e+03 5.87064148e+03
7.47960273e-07 2.01457837e+03 5.84387611e+03
7.48391303e-07 2.11700703e+03 5.69966944e+03
7.48822333e-07 2.28146683e+03 4.85888610e+03
7.49253364e-07 2.38511133e+03 4.25219052e+03
7.49684394e-07 2.48459831e+03 4.03101558e+03
7.50115424e-07 2.08859066e+03 3.61037987e+03
7.50546455e-07 2.51830718e+03 3.57674120e+03
7.50977485e-07 2.52761671e+03 3.66532113e+03
7.51408515e-07 2.23942645e+03 3.84718441e+03
7.51839545e-07 2.58448062e+03 5.41098791e+03
7.52270576e-07 1.97296589e+03 6.97099859e+03
7.52701606e-07 3.59716772e+03 7.96997541e+03
7.53132636e-07 2.51799432e+03 6.03433412e+03
7.53563667e-07 2.01746437e+03 4.55017871e+03
7.53994697e-07 1.98528016e+03 4.01346444e+03
7.54425727e-07 2.29078408e+03 3.81852051e+03
7.54856758e-07 2.19324713e+03 3.73153593e+03
7.55287788e-07 2.51504087e+03 4.11615090e+03
7.55718818e-07 2.40805662e+03 4.41446749e+03
7.56149848e-07 2.69806116e+03 4.50607046e+03
7.56580879e-07 2.73569314e+03 4.96485023e+03
7.57011909e-07 2.11724087e+03 6.11917237e+03
7.57442939e-07 2.08836703e+03 6.09676860e+03
7.57873970e-07 2.69987541e+03 5.08865083e+03
7.58305000e-07 2.71798572e+03 4.55371521e+03
7.58736030e-07 1.77185888e+03 4.13518067e+03
7.59167061e-07 2.22203310e+03 3.96324417e+03
7.59598091e-07 1.54489910e+03 3.33775967e+03
7.60029121e-07 1.23138529e+03 2.96036663e+03
7.60460152e-07 6.75990214e+02 2.25337258e+03
7.60891182e-07 9.22494085e+02 2.15002723e+03
7.61322212e-07 1.05183520e+03 2.71274566e+03
7.61753242e-07 1.29534041e+03 3.29871445e+03
7.62184273e-07 1.25768632e+03 3.42774982e+03
7.62615303e-07 1.20830346e+03 3.36201417e+03
7.63046333e-07 1.17689385e+03 3.30263989e+03
7.63477364e-07 6.98196441e+02 2.76718497e+03
7.63908394e-07 1.24057703e+03 2.69772943e+03
7.64339424e-07 1.59284471e+03 2.91004101e+03
7.64770455e-07 1.95842275e+03 3.11893422e+03
7.65201485e-07 1.72026559e+03 3.33092773e+03
7.65632515e-07 2.00475907e+03 3.64612299e+03
7.66063545e-07 1.49582281e+03 3.86535293e+03
7.66494576e-07 1.66202109e+03 3.93558644e+03
7.66925606e-07 2.02596329e+03 3.58588187e+03
7.67356636e-07 2.18358327e+03 3.56079115e+03
7.67787667e-07 2.22644417e+03 3.57832314e+03
7.68218697e-07 2.24384503e+03 3.63672932e+03
7.68649727e-07 2.55978987e+03 3.95565558e+03
7.69080758e-07 1.86008182e+03 3.94879767e+03
7.69511788e-07 1.69123951e+03 3.91326726e+03
7.69942818e-07 1.83369264e+03 4.10924830e+03
7.70373848e-07 2.26363781e+03 4.27005898e+03
7.70804879e-07 2.74017776e+03 6.80075261e+03
7.71235909e-07 2.48191502e+03 1.07242589e+04
7.71666939e-07 2.11899975e+03 1.22418195e+04
7.72097970e-07 2.28449724e+03 9.46277909e+03
7.72529000e-07 1.74984162e+03 6.38902413e+03
7.72960030e-07 1.70188811e+03 4.99881414e+03
7.73391061e-07 2.02932768e+03 4.40425945e+03
7.73822091e-07 2.12362261e+03 4.12011703e+03
7.74253121e-07 2.08297394e+03 4.83042430e+03
7.74684152e-07 2.60039562e+03 8.51080819e+03
7.75115182e-07 2.53878414e+03 1.14194184e+04
7.75546212e-07 3.00198607e+03 1.01401459e+04
7.75977242e-07 1.92740436e+03 6.96956338e+03
7.76408273e-07 2.11047650e+03 5.68954858e+03
7.76839303e-07 2.11228990e+03 5.08163656e+03
7.77270333e-07 2.54740133e+03 5.97664020e+03
7.77701364e-07 1.89775364e+03 6.11362639e+03
7.78132394e-07 2.10423458e+03 5.74467036e+03
7.78563424e-07 1.86487834e+03 5.38183709e+03
7.78994455e-07 2.20968920e+03 7.18294842e+03
7.79425485e-07 1.31413221e+03 8.68558117e+03
7.79856515e-07 1.77241731e+03 7.33014641e+03
7.80287545e-07 1.76673304e+03 5.31534214e+03
7.80718576e-07 2.20293868e+03 5.78944850e+03
7.81149606e-07 1.96078214e+03 5.94892478e+03
7.81580636e-07 2.15355074e+03 6.93534547e+03
7.82011667e-07 1.87630355e+03 9.47643138e+03
7.82442697e-07 1.62976475e+03 9.25203703e+03
7.82873727e-07 1.64945851e+03 5.77655761e+03
7.83304758e-07 1.55176348e+03 4.17322231e+03
7.83735788e-07 1.81442702e+03 4.89377666e+03
7.84166818e-07 1.23177503e+03 5.31663896e+03
7.84597848e-07 2.39434634e+03 6.91927375e+03
7.85028879e-07 2.55109381e+03 9.78608890e+03
7.85459909e-07 2.04665576e+03 1.24168106e+04
7.85890939e-07 2.42496995e+03 1.06532045e+04
7.86321970e-07 2.15750099e+03 8.11428980e+03
7.86753000e-07 1.56532060e+03 7.68081969e+03
7.87184030e-07 2.19877115e+03 8.10482551e+03
7.87615061e-07 2.21623665e+03 7.26488116e+03
7.88046091e-07 1.79811953e+03 6.73141255e+03
7.88477121e-07 1.71502393e+03 6.82733816e+03
7.88908152e-07 1.81461318e+03 7.44837984e+03
7.89339182e-07 1.86929674e+03 6.54912305e+03
7.89770212e-07 2.25394052e+03 4.78871116e+03
7.90201242e-07 2.04665412e+03 3.91213149e+03
7.90632273e-07 2.27945363e+03 5.67312289e+03
7.91063303e-07 2.53878599e+03 1.08432333e+04
7.91494333e-07 1.49121078e+03 1.39987637e+04
7.91925364e-07 1.21602016e+03 1.14294027e+04
7.92356394e-07 2.34954771e+03 8.32927524e+03
7.92787424e-07 2.22198895e+03 6.62366470e+03
7.93218455e-07 2.28741907e+03 6.31000396e+03
7.93649485e-07 2.14693142e+03 5.21008782e+03
7.94080515e-07 1.75595622e+03 4.28707385e+03
7.94511545e-07 1.74195482e+03 4.98196792e+03
7.94942576e-07 2.26243292e+03 5.77045901e+03
7.95373606e-07 1.58857484e+03 4.86751397e+03
7.95804636e-07 1.72232871e+03 5.33125686e+03
7.96235667e-07 7.24260305e+03 7.86995023e+03
7.96666697e-07 1.95029942e+04 9.04719928e+03
7.97959788e-07 2.77229946e+02 2.05490814e-01
7.98390818e-07 8.24967408e+01 1.68074592e-02
