1.17260000e-01
3.61216000e-07 2.60694531e+02 1.50687050e+03
3.61647030e-07 2.07109334e+02 1.47920569e+03
3.62078061e-07 1.17967306e+02 6.39338026e+02
3.62509091e-07 1.57805044e+02 7.16691725e+02
3.62940121e-07 1.08487013e+02 8.44397453e+02
3.63371152e-07 1.28930365e+02 8.21480077e+02
3.63802182e-07 1.10341598e+02 8.93652121e+02
3.64233212e-07 1.08826623e+02 7.26944363e+02
3.64664242e-07 1.15630299e+02 7.35226770e+02
3.65095273e-07 2.17803819e+02 1.12552226e+03
3.65526303e-07 2.84853450e+02 1.47717983e+03
3.65957333e-07 1.68668370e+02 1.04968007e+03
3.66388364e-07 1.95586327e+02 1.13276461e+03
3.66819394e-07 1.95279464e+02 9.23910269e+02
3.67250424e-07 2.47314681e+02 1.41753937e+03
3.67681455e-07 1.96287370e+02 1.32019563e+03
3.68112485e-07 1.57425393e+02 8.07165457e+02
3.68543515e-07 2.14616271e+02 8.85097794e+02
3.68974545e-07 2.20786838e+02 8.01425183e+02
3.69405576e-07 1.62255146e+02 6.94016282e+02
3.69836606e-07 1.54461445e+02 7.91263299e+02
3.70267636e-07 2.16327641e+02 8.54355086e+02
3.70698667e-07 1.81504289e+02 7.56359885e+02
3.71129697e-07 1.44991755e+02 8.29679751e+02
3.71560727e-07 1.81677691e+02 8.54829467e+02
3.71991758e-07 2.17304079e+02 9.52689544e+02
3.72422788e-07 1.72791237e+02 7.52719917e+02
3.72853818e-07 1.12167934e+02 5.92947344e+02
3.73284848e-07 1.77929297e+02 9.90449672e+02
3.73715879e-07 1.32410201e+02 7.29791603e+02
3.74146909e-07 2.36052529e+02 7.20048464e+02
3.74577939e-07 3.06668614e+02 8.95457575e+02
3.75008970e-07 1.60663208e+02 6.92026579e+02
3.75440000e-07 2.43357843e+02 9.04098719e+02
3.75871030e-07 1.75560923e+02 8.23187778e+02
3.76302061e-07 2.79006039e+02 9.15811657e+02
3.76733091e-07 1.78820660e+02 7.23671778e+02
3.77164121e-07 1.03600629e+02 7.39410831e+02
3.77595152e-07 1.08990393e+02 5.82112753e+02
3.78026182e-07 1.75759445e+02 6.40294446e+02
3.78457212e-07 2.97637317e+02 8.87509214e+02
3.78888242e-07 1.47266497e+02 8.58812087e+02
3.79319273e-07 2.83070488e+02 8.66122859e+02
3.79750303e-07 2.61134519e+02 8.23746578e+02
3.80181333e-07 1.58291375e+02 7.27342043e+02
3.80612364e-07 1.32208280e+02 7.76145515e+02
3.81043394e-07 2.88437678e+02 8.93352940e+02
3.81474424e-07 3.21902846e+02 9.64491371e+02
3.81905455e-07 2.28393568e+02 8.16993834e+02
3.82336485e-07 3.00898180e+02 8.57621134e+02
3.82767515e-07 1.97940600e+02 8.03261107e+02
3.83198545e-07 2.28717910e+02 8.93402414e+02
3.83629576e-07 2.25246610e+02 8.35298679e+02
3.84060606e-07 3.38207632e+02 9.48947020e+02
3.84491636e-07 2.73398743e+02 8.67416253e+02
3.84922667e-07 2.83762274e+02 8.68310649e+02
3.85353697e-07 3.74037373e+02 1.09974059e+03
3.85784727e-07 2.50756956e+02 8.37362788e+02
3.86215758e-07 1.39120435e+02 6.76677862e+02
3.86646788e-07 2.82902520e+02 8.14738849e+02
3.87077818e-07 3.22762255e+02 8.03883530e+02
3.87508848e-07 1.85243479e+02 6.72629416e+02
3.87939879e-07 1.90944546e+02 6.59438467e+02
3.88370909e-07 2.78529826e+02 8.13944687e+02
3.88801939e-07 2.79106437e+02 8.54473773e+02
3.89232970e-07 2.66605889e+02 8.10685590e+02
3.89664000e-07 1.86280927e+02 7.67743565e+02
3.90095030e-07 2.41232394e+02 7.50067668e+02
3.90526061e-07 2.80186379e+02 8.47599588e+02
3.90957091e-07 2.15448679e+02 8.65797432e+02
3.91388121e-07 2.47227101e+02 8.50625446e+02
3.91819152e-07 2.73745461e+02 8.06396594e+02
3.92250182e-07 2.44790449e+02 8.39516491e+02
3.92681212e-07 2.12357839e+02 7.65497514e+02
3.93112242e-07 2.80626235e+02 7.35644337e+02
3.93543273e-07 2.12686323e+02 7.63339921e+02
3.93974303e-07 2.56394304e+02 8.34948844e+02
3.94405333e-07 3.58899167e+02 9.12389085e+02
3.94836364e-07 2.35745565e+02 8.91653729e+02
3.95267394e-07 2.29562000e+02 8.67425187e+02
3.95698424e-07 2.79955767e+02 8.34256751e+02
3.96129455e-07 2.56804508e+02 8.14158694e+02
3.96560485e-07 1.80014930e+02 7.68312726e+02
3.96991515e-07 2.99427767e+02 8.13018154e+02
3.97422545e-07 2.91057827e+02 8.69487839e+02
3.97853576e-07 2.75921851e+02 9.08499845e+02
3.98284606e-07 1.91352148e+02 8.58197520e+02
3.98715636e-07 1.96906570e+02 8.43186055e+02
3.99146667e-07 2.72288669e+02 9.03617544e+02
3.99577697e-07 2.55165661e+02 9.59345545e+02
4.00008727e-07 3.05168427e+02 9.06744400e+02
4.00439758e-07 2.90655677e+02 9.19548674e+02
4.00870788e-07 2.65205597e+02 9.16321998e+02
4.01301818e-07 2.55408957e+02 9.28324620e+02
4.01732848e-07 3.71938233e+02 1.01020326e+03
4.02163879e-07 3.57438776e+02 9.90010106e+02
4.02594909e-07 1.03214898e+02 8.56264343e+02
4.03025939e-07 3.98360861e+02 1.01203991e+03
4.03456970e-07 1.59980036e+02 9.14385418e+02
4.03888000e-07 3.36176124e+02 1.00443345e+03
4.04319030e-07 2.85180155e+02 1.00271196e+03
4.04750061e-07 3.47565192e+02 1.01731002e+03
4.05181091e-07 2.92737782e+02 9.76827474e+02
4.05612121e-07 2.94024814e+02 9.63802583e+02
4.06043152e-07 2.90723868e+02 1.00809474e+03
4.06474182e-07 2.48959064e+02 1.01053169e+03
4.06905212e-07 2.39687231e+02 1.00591325e+03
4.07336242e-07 3.40552087e+02 1.06213143e+03
4.07767273e-07 3.13476198e+02 1.00742312e+03
4.08198303e-07 3.79397184e+02 1.03442656e+03
4.08629333e-07 3.73440462e+02 1.01488013e+03
4.09060364e-07 2.87507239e+02 9.79959439e+02
4.09491394e-07 3.05676213e+02 9.74163683e+02
4.09922424e-07 3.37840795e+02 9.44776095e+02
4.10353455e-07 3.60309741e+02 9.55922454e+02
4.10784485e-07 4.25682622e+02 1.00279299e+03
4.11215515e-07 4.20464659e+02 9.91126360e+02
4.11646545e-07 2.73558603e+02 9.52779768e+02
4.12077576e-07 2.71813861e+02 9.67803622e+02
4.12508606e-07 3.38302566e+02 1.01585706e+03
4.12939636e-07 2.89569511e+02 9.83836862e+02
4.13370667e-07 3.65695087e+02 1.00164351e+03
4.13801697e-07 4.05339536e+02 1.03226819e+03
4.14232727e-07 4.13327874e+02 1.04289259e+03
4.14663758e-07 3.18562540e+02 9.59552313e+02
4.15094788e-07 2.98347747e+02 9.90799198e+02
4.15525818e-07 4.53317421e+02 1.08779632e+03
4.15956848e-07 4.05353890e+02 1.07701518e+03
4.16387879e-07 4.78178634e+02 1.15493395e+03
4.16818909e-07 5.34538756e+02 1.19551634e+03
4.17249939e-07 3.85594536e+02 1.12613200e+03
4.17680970e-07 3.69979991e+02 1.09499317e+03
4.18112000e-07 5.48154343e+02 1.18463958e+03
4.18543030e-07 4.28763041e+02 1.09850490e+03
4.18974061e-07 3.47695025e+02 1.00643225e+03
4.19405091e-07 3.17179435e+02 1.01282629e+03
4.19836121e-07 3.65855516e+02 1.02357686e+03
4.20267152e-07 3.77717864e+02 1.04308331e+03
4.20698182e-07 3.79264292e+02 1.05492485e+03
4.21129212e-07 5.34939195e+02 1.13490151e+03
4.21560242e-07 4.75646495e+02 1.05958823e+03
4.21991273e-07 3.38670767e+02 9.74778642e+02
4.22422303e-07 4.63860070e+02 1.03497764e+03
4.22853333e-07 4.13017288e+02 1.02620138e+03
4.23284364e-07 2.67269919e+02 9.70498548e+02
4.23715394e-07 3.88435765e+02 1.02354697e+03
4.24146424e-07 3.21533775e+02 1.00950864e+03
4.24577455e-07 3.65137337e+02 1.06111977e+03
4.25008485e-07 3.93584699e+02 1.08123439e+03
4.25439515e-07 3.96030347e+02 1.08988630e+03
4.25870545e-07 4.93495420e+02 1.10054210e+03
4.26301576e-07 5.07217703e+02 1.14989874e+03
4.26732606e-07 5.05173423e+02 1.12406301e+03
4.27163636e-07 5.36413067e+02 1.14496742e+03
4.27594667e-07 4.95468415e+02 1.10816205e+03
4.28025697e-07 3.40355566e+02 1.03269531e+03
4.28456727e-07 1.46604110e+02 9.49533887e+02
4.28887758e-07 3.03494338e+02 1.04504897e+03
4.29318788e-07 3.72830527e+02 1.04924104e+03
4.29749818e-07 5.07498732e+02 1.12275118e+03
4.30180848e-07 5.69267234e+02 1.12131559e+03
4.30611879e-07 5.33731032e+02 1.10616834e+03
4.31042909e-07 5.42860970e+02 1.12328242e+03
4.31473939e-07 4.59776282e+02 1.13665583e+03
4.31904970e-07 3.72762138e+02 1.14597070e+03
4.32336000e-07 5.13597386e+02 1.19831281e+03
4.32767030e-07 4.19003090e+02 1.10226572e+03
4.33198061e-07 5.96568212e+02 1.21238593e+03
4.33629091e-07 3.63071425e+02 1.08264093e+03
4.34060121e-07 3.22423178e+02 1.06887628e+03
4.34491152e-07 4.54299085e+02 1.10311907e+03
4.34922182e-07 3.00399330e+02 1.07936299e+03
4.35353212e-07 4.20814548e+02 1.16792788e+03
4.35784242e-07 4.87005528e+02 1.21073032e+03
4.36215273e-07 6.04355938e+02 1.28425930e+03
4.36646303e-07 6.51403318e+02 1.26658426e+03
4.37077333e-07 6.25061512e+02 1.26382414e+03
4.37508364e-07 5.98507764e+02 1.25625338e+03
4.37939394e-07 6.46536660e+02 1.25050713e+03
4.38370424e-07 5.07360201e+02 1.21378972e+03
4.38801455e-07 5.32224967e+02 1.18616262e+03
4.39232485e-07 4.64422262e+02 1.15227311e+03
4.39663515e-07 4.59591169e+02 1.19878599e+03
4.40094545e-07 3.42613256e+02 1.17314249e+03
4.40525576e-07 5.60992837e+02 1.27873188e+03
4.40956606e-07 6.34175560e+02 1.40451226e+03
4.41387636e-07 5.24359606e+02 1.33449644e+03
4.41818667e-07 3.64216036e+02 1.27243252e+03
4.42249697e-07 4.29326421e+02 1.29405662e+03
4.42680727e-07 4.35268979e+02 1.31064086e+03
4.43111758e-07 4.45279238e+02 1.27199145e+03
4.43542788e-07 5.07424702e+02 1.29433071e+03
4.43973818e-07 5.84034401e+02 1.36888514e+03
4.44404848e-07 6.83966926e+02 1.39647071e+03
4.44835879e-07 5.91708592e+02 1.31679133e+03
4.45266909e-07 6.06836363e+02 1.31101359e+03
4.45697939e-07 5.54968279e+02 1.29635229e+03
4.46128970e-07 7.95662965e+02 1.40479242e+03
4.46560000e-07 7.77242503e+02 1.39023573e+03
4.46991030e-07 8.18321946e+02 1.41549119e+03
4.47422061e-07 7.19135241e+02 1.37753753e+03
4.47853091e-07 7.28348898e+02 1.38740653e+03
4.48284121e-07 8.46924283e+02 1.44775312e+03
4.48715152e-07 7.95777441e+02 1.43422961e+03
4.49146182e-07 6.91431359e+02 1.37676359e+03
4.49577212e-07 5.79882153e+02 1.29962933e+03
4.50008242e-07 7.75421523e+02 1.43505853e+03
4.50439273e-07 8.28848470e+02 1.44698684e+03
4.50870303e-07 7.40126778e+02 1.44138001e+03
4.51301333e-07 8.77693759e+02 1.46677395e+03
4.51732364e-07 8.29356844e+02 1.48647161e+03
4.52163394e-07 5.06612084e+02 1.39058189e+03
4.52594424e-07 6.87172067e+02 1.45866922e+03
4.53025455e-07 9.46945943e+02 1.58850982e+03
4.53456485e-07 9.64308292e+02 1.62576015e+03
4.53887515e-07 7.35208983e+02 1.53011062e+03
4.54318545e-07 8.72347646e+02 1.61604722e+03
4.54749576e-07 8.21392889e+02 1.58598082e+03
4.55180606e-07 7.90787148e+02 1.54616437e+03
4.55611636e-07 7.23653806e+02 1.51186857e+03
4.56042667e-07 7.99353329e+02 1.55678978e+03
4.56473697e-07 8.18282129e+02 1.54979185e+03
4.56904727e-07 8.81634457e+02 1.56919968e+03
4.57335758e-07 7.39435613e+02 1.53526137e+03
4.57766788e-07 7.10777601e+02 1.53172394e+03
4.58197818e-07 7.12565143e+02 1.51256711e+03
4.58628848e-07 7.52388256e+02 1.56306433e+03
4.59059879e-07 8.17632806e+02 1.57274978e+03
4.59490909e-07 7.49437581e+02 1.47949703e+03
4.59921939e-07 9.21996542e+02 1.59490801e+03
4.60352970e-07 9.75413774e+02 1.67509036e+03
4.60784000e-07 7.91947881e+02 1.56003169e+03
4.61215030e-07 7.58254442e+02 1.51135482e+03
4.61646061e-07 7.83177485e+02 1.54347291e+03
4.62077091e-07 9.72085657e+02 1.62770096e+03
4.62508121e-07 9.90380092e+02 1.67947023e+03
4.62939152e-07 9.27248446e+02 1.63392102e+03
4.63370182e-07 9.44132482e+02 1.62215248e+03
4.63801212e-07 8.12381666e+02 1.55838967e+03
4.64232242e-07 7.73688834e+02 1.52456693e+03
4.64663273e-07 8.09878823e+02 1.54784300e+03
4.65094303e-07 8.75010484e+02 1.62763124e+03
4.65525333e-07 8.92806376e+02 1.66318809e+03
4.65956364e-07 7.79155854e+02 1.64932792e+03
4.66387394e-07 1.01632138e+03 1.76710145e+03
4.66818424e-07 1.11595186e+03 1.77793470e+03
4.67249455e-07 1.11227928e+03 1.78627966e+03
4.67680485e-07 1.02937971e+03 1.78286124e+03
4.68111515e-07 8.99159215e+02 1.73079586e+03
4.68542545e-07 9.58143440e+02 1.74392456e+03
4.68973576e-07 9.90041627e+02 1.74214757e+03
4.69404606e-07 8.74483142e+02 1.68830603e+03
4.69835636e-07 9.49270991e+02 1.69288862e+03
4.70266667e-07 1.04223146e+03 1.76098451e+03
4.70697697e-07 9.66193498e+02 1.69042533e+03
4.71128727e-07 1.00570301e+03 1.74136163e+03
4.71559758e-07 1.09580328e+03 1.80611663e+03
4.71990788e-07 9.88238400e+02 1.75638194e+03
4.72421818e-07 1.08798706e+03 1.79094070e+03
4.72852848e-07 9.62227841e+02 1.70044270e+03
4.73283879e-07 8.67116338e+02 1.68983020e+03
4.73714909e-07 1.22246371e+03 1.88043246e+03
4.74145939e-07 1.08326445e+03 1.79877431e+03
4.74576970e-07 1.11327930e+03 1.78519903e+03
4.75008000e-07 1.30756300e+03 1.89110067e+03
4.75439030e-07 1.07888759e+03 1.79317246e+03
4.75870061e-07 8.57601469e+02 1.67424438e+03
4.76301091e-07 1.08923396e+03 1.74203513e+03
4.76732121e-07 1.24094324e+03 1.85796977e+03
4.77163152e-07 1.04821168e+03 1.80387029e+03
4.77594182e-07 1.19336017e+03 1.88518191e+03
4.78025212e-07 1.10170304e+03 1.88209178e+03
4.78456242e-07 9.42875288e+02 1.79051845e+03
4.78887273e-07 8.03865670e+02 1.73316382e+03
4.79318303e-07 9.16182839e+02 1.76713635e+03
4.79749333e-07 1.06715630e+03 1.84372918e+03
4.80180364e-07 1.00445495e+03 1.83327176e+03
4.80611394e-07 6.96094236e+02 1.71061197e+03
4.81042424e-07 9.00791657e+02 1.80948620e+03
4.81473455e-07 1.10709836e+03 1.94473918e+03
4.81904485e-07 1.15096656e+03 1.97527168e+03
4.82335515e-07 1.07275798e+03 1.95672921e+03
4.82766545e-07 9.00102351e+02 1.88474299e+03
4.83197576e-07 9.52749166e+02 1.89442785e+03
4.83628606e-07 1.17876308e+03 1.98094532e+03
4.84059636e-07 1.11920417e+03 1.97037841e+03
4.84490667e-07 1.00660907e+03 1.93104670e+03
4.84921697e-07 9.96422580e+02 1.87017710e+03
4.85352727e-07 1.09419612e+03 1.86843325e+03
4.85783758e-07 1.06193661e+03 1.82810662e+03
4.86214788e-07 1.11301137e+03 1.80859391e+03
4.86645818e-07 1.15719196e+03 1.84472052e+03
4.87076848e-07 1.05510081e+03 1.82718881e+03
4.87507879e-07 1.20169635e+03 1.94773333e+03
4.87938909e-07 1.10819603e+03 1.96978071e+03
4.88369939e-07 1.00857118e+03 1.96454839e+03
4.88800970e-07 1.28935778e+03 2.07470129e+03
4.89232000e-07 1.29628071e+03 2.02604848e+03
4.89663030e-07 1.24897380e+03 2.04776124e+03
4.90094061e-07 1.30193443e+03 2.08601897e+03
4.90525091e-07 1.18498990e+03 1.99254449e+03
4.90956121e-07 1.20720103e+03 1.99520871e+03
4.91387152e-07 1.26342866e+03 2.05426685e+03
4.91818182e-07 1.23406737e+03 2.00775738e+03
4.92249212e-07 1.22406700e+03 1.99378105e+03
4.92680242e-07 1.23352136e+03 2.02936724e+03
4.93111273e-07 1.19144239e+03 2.02714666e+03
4.93542303e-07 1.20489315e+03 2.02627876e+03
4.93973333e-07 1.36427060e+03 2.07267639e+03
4.94404364e-07 1.24219232e+03 2.08700310e+03
4.94835394e-07 1.15242569e+03 2.05738798e+03
4.95266424e-07 1.33434352e+03 2.08017849e+03
4.95697455e-07 1.26561120e+03 2.07508476e+03
4.96128485e-07 1.42459880e+03 2.13069371e+03
4.96559515e-07 1.48065277e+03 2.23005583e+03
4.96990545e-07 1.34024986e+03 2.16801951e+03
4.97421576e-07 1.40605951e+03 2.19450315e+03
4.97852606e-07 1.32453378e+03 2.16995963e+03
4.98283636e-07 1.38755233e+03 2.18457237e+03
4.98714667e-07 1.39978768e+03 2.22726243e+03
4.99145697e-07 1.51228870e+03 2.27659727e+03
4.99576727e-07 1.43145992e+03 2.21814776e+03
5.00007758e-07 1.26055687e+03 2.12319490e+03
5.00438788e-07 1.44936528e+03 2.22902157e+03
5.00869818e-07 1.46899965e+03 2.25518595e+03
5.01300848e-07 1.49924855e+03 2.23657702e+03
5.01731879e-07 1.41752096e+03 2.16055049e+03
5.02162909e-07 1.44672303e+03 2.18047520e+03
5.02593939e-07 1.52927665e+03 2.18538944e+03
5.03024970e-07 1.59679101e+03 2.23984205e+03
5.03456000e-07 1.48637494e+03 2.18990899e+03
5.03887030e-07 1.49224652e+03 2.21040145e+03
5.04318061e-07 1.46004506e+03 2.19024539e+03
5.04749091e-07 1.52916647e+03 2.26493298e+03
5.05180121e-07 1.60098776e+03 2.29236978e+03
5.05611152e-07 1.64616172e+03 2.31351099e+03
5.06042182e-07 1.49176595e+03 2.30755570e+03
5.06473212e-07 1.47907016e+03 2.25199129e+03
5.06904242e-07 1.61600453e+03 2.33060878e+03
5.07335273e-07 1.29006510e+03 2.15138011e+03
5.07766303e-07 1.61987381e+03 2.29162029e+03
5.08197333e-07 1.69478229e+03 2.35989555e+03
5.08628364e-07 1.73130667e+03 2.38022404e+03
5.09059394e-07 1.57115230e+03 2.30540794e+03
5.09490424e-07 1.55956440e+03 2.27850115e+03
5.09921455e-07 1.70677107e+03 2.38652891e+03
5.10352485e-07 1.74621676e+03 2.38010063e+03
5.10783515e-07 1.72785911e+03 2.36250469e+03
5.11214545e-07 1.69251335e+03 2.37870886e+03
5.11645576e-07 1.98620397e+03 2.53876630e+03
5.12076606e-07 1.83698811e+03 2.47921852e+03
5.12507636e-07 1.72353689e+03 2.38656382e+03
5.12938667e-07 1.50661229e+03 2.30583580e+03
5.13369697e-07 1.73070597e+03 2.46727366e+03
5.13800727e-07 1.82722296e+03 2.54449355e+03
5.14231758e-07 1.72219456e+03 2.47514852e+03
5.14662788e-07 1.79578821e+03 2.55355506e+03
5.15093818e-07 1.77851004e+03 2.57794641e+03
5.15524848e-07 1.71132238e+03 2.54981513e+03
5.15955879e-07 1.76213625e+03 2.54558074e+03
5.16386909e-07 1.64019733e+03 2.43772424e+03
5.16817939e-07 1.88189027e+03 2.48440843e+03
5.17248970e-07 1.98494086e+03 2.49413298e+03
5.17680000e-07 1.74965687e+03 2.47049174e+03
5.18111030e-07 1.99180053e+03 2.54302354e+03
5.18542061e-07 1.70776813e+03 2.44666529e+03
5.18973091e-07 2.02340455e+03 2.66532201e+03
5.19404121e-07 1.96032133e+03 2.92121274e+03
5.19835152e-07 1.54988081e+03 2.98237724e+03
5.20266182e-07 1.97945163e+03 3.05762055e+03
5.20697212e-07 1.94026634e+03 2.79887855e+03
5.21128242e-07 1.77675496e+03 2.59438929e+03
5.21559273e-07 1.63295274e+03 2.54043323e+03
5.21990303e-07 1.57102904e+03 2.58477826e+03
5.22421333e-07 1.78186652e+03 2.62720715e+03
5.22852364e-07 1.84977802e+03 2.62114188e+03
5.23283394e-07 1.63729307e+03 2.54547781e+03
5.23714424e-07 1.76610330e+03 2.65364644e+03
5.24145455e-07 1.87197594e+03 2.72696919e+03
5.24576485e-07 1.90629293e+03 2.68076194e+03
5.25007515e-07 1.83915573e+03 2.64634156e+03
5.25438545e-07 1.84082457e+03 2.68332523e+03
5.25869576e-07 1.76629235e+03 2.64882738e+03
5.26300606e-07 1.89086881e+03 2.62561164e+03
5.26731636e-07 1.90276332e+03 2.60906241e+03
5.27162667e-07 1.87633142e+03 2.62106195e+03
5.27593697e-07 1.90609865e+03 2.70762808e+03
5.28024727e-07 1.98055808e+03 2.75632601e+03
5.28455758e-07 1.80748667e+03 2.66349970e+03
5.28886788e-07 1.95082356e+03 2.72706265e+03
5.29317818e-07 2.00780816e+03 2.77444951e+03
5.29748848e-07 2.24244950e+03 2.87151591e+03
5.30179879e-07 1.91110740e+03 2.74825982e+03
5.30610909e-07 2.01409236e+03 2.81355215e+03
5.31041939e-07 2.24259855e+03 2.92501372e+03
5.31472970e-07 2.06193253e+03 2.83248665e+03
5.31904000e-07 2.00841427e+03 2.84263804e+03
5.32335030e-07 1.92313309e+03 2.80812679e+03
5.32766061e-07 1.83058443e+03 2.79896370e+03
5.33197091e-07 1.82627376e+03 2.76954772e+03
5.33628121e-07 1.72020733e+03 2.71320633e+03
5.34059152e-07 2.01134197e+03 2.82214749e+03
5.34490182e-07 1.99982396e+03 2.87670917e+03
5.34921212e-07 1.84931426e+03 2.75417500e+03
5.35352242e-07 1.60461914e+03 2.66158072e+03
5.35783273e-07 1.91849066e+03 2.77551226e+03
5.36214303e-07 2.07881586e+03 2.84002898e+03
5.36645333e-07 1.92129583e+03 2.76392311e+03
5.37076364e-07 1.83946798e+03 2.74292026e+03
5.37507394e-07 1.93539640e+03 2.79348883e+03
5.37938424e-07 1.83408234e+03 2.80692648e+03
5.38369455e-07 2.19795361e+03 2.91923816e+03
5.38800485e-07 1.88706849e+03 2.72315935e+03
5.39231515e-07 1.98884858e+03 2.76086746e+03
5.39662545e-07 1.97495250e+03 2.79292939e+03
5.40093576e-07 2.25283988e+03 2.90636509e+03
5.40524606e-07 2.00186095e+03 2.81387729e+03
5.40955636e-07 1.97966460e+03 2.79501577e+03
5.41386667e-07 1.77706896e+03 2.68665111e+03
5.41817697e-07 1.78463738e+03 2.78903625e+03
5.42248727e-07 1.69800429e+03 2.76570198e+03
5.42679758e-07 2.11220154e+03 2.85473888e+03
5.43110788e-07 2.26328782e+03 2.98428280e+03
5.43541818e-07 2.23351992e+03 3.03660310e+03
5.43972848e-07 1.97703813e+03 2.91039433e+03
5.44403879e-07 2.11747939e+03 2.94651640e+03
5.44834909e-07 1.80453160e+03 2.78747868e+03
5.45265939e-07 1.97145752e+03 2.85575595e+03
5.45696970e-07 1.87469395e+03 2.89824282e+03
5.46128000e-07 1.92696698e+03 2.92736555e+03
5.46559030e-07 2.18480632e+03 3.06575037e+03
5.46990061e-07 2.29784048e+03 3.04213128e+03
5.47421091e-07 2.11606044e+03 2.93006812e+03
5.47852121e-07 2.00261428e+03 2.93694653e+03
5.48283152e-07 2.07597687e+03 2.94574573e+03
5.48714182e-07 1.83870485e+03 2.87854747e+03
5.49145212e-07 2.13567735e+03 3.02968384e+03
5.49576242e-07 2.37682397e+03 3.11027228e+03
5.50007273e-07 2.37260126e+03 3.16129261e+03
5.50438303e-07 2.16916840e+03 3.11709587e+03
5.50869333e-07 2.19447778e+03 3.11628328e+03
5.51300364e-07 2.28927594e+03 3.13850139e+03
5.51731394e-07 2.41312007e+03 3.17035440e+03
5.52162424e-07 2.39603621e+03 3.19128724e+03
5.52593455e-07 2.19392234e+03 3.12929152e+03
5.53024485e-07 2.44509637e+03 3.20267752e+03
5.53455515e-07 2.40414331e+03 3.20941086e+03
5.53886545e-07 2.31384691e+03 3.24418389e+03
5.54317576e-07 2.23402156e+03 3.29534744e+03
5.54748606e-07 2.44109109e+03 3.42445738e+03
5.55179636e-07 2.52281196e+03 3.39108953e+03
5.55610667e-07 2.29715100e+03 3.29039364e+03
5.56041697e-07 2.22829313e+03 3.30094796e+03
5.56472727e-07 2.53471417e+03 3.53838393e+03
5.56903758e-07 4.97631477e+03 8.39566560e+03
5.58196848e-07 4.08304470e+03 2.30854606e+04
5.58627879e-07 8.20285914e+03 1.05259296e+04
5.59058909e-07 3.51568485e+03 4.04030091e+03
5.59489939e-07 2.04244874e+03 3.20813640e+03
5.59920970e-07 2.45847383e+03 3.47940893e+03
5.60352000e-07 1.92246247e+03 3.27021725e+03
5.60783030e-07 2.08325675e+03 3.30949741e+03
5.61214061e-07 2.44408069e+03 3.36368774e+03
5.61645091e-07 2.26448916e+03 3.31624193e+03
5.62076121e-07 2.26297021e+03 3.39793940e+03
5.62507152e-07 2.28179885e+03 3.39095224e+03
5.62938182e-07 2.42952900e+03 3.35924804e+03
5.63369212e-07 2.38759503e+03 3.32560221e+03
5.63800242e-07 2.16767753e+03 3.30154995e+03
5.64231273e-07 2.30225229e+03 3.37088897e+03
5.64662303e-07 2.28026145e+03 3.42755937e+03
5.65093333e-07 2.49964892e+03 3.46444103e+03
5.65524364e-07 2.62569934e+03 3.38638725e+03
5.65955394e-07 2.28903208e+03 3.29925523e+03
5.66386424e-07 2.13513608e+03 3.25646766e+03
5.66817455e-07 2.14934306e+03 3.31228553e+03
5.67248485e-07 2.41796547e+03 3.47720066e+03
5.67679515e-07 2.20411156e+03 3.41176319e+03
5.68110545e-07 2.42093302e+03 3.44963381e+03
5.68541576e-07 2.62916391e+03 3.55216081e+03
5.68972606e-07 2.29146736e+03 3.45663622e+03
5.69403636e-07 2.18504116e+03 3.40778326e+03
5.69834667e-07 2.39183347e+03 3.50323276e+03
5.70265697e-07 2.49774495e+03 3.53545748e+03
5.70696727e-07 2.49823969e+03 3.54511803e+03
5.71127758e-07 2.31662142e+03 3.47512633e+03
5.71558788e-07 2.56327488e+03 3.57306211e+03
5.71989818e-07 2.63652128e+03 3.65538389e+03
5.72420848e-07 2.61737253e+03 3.57879203e+03
5.72851879e-07 2.47691586e+03 3.59308969e+03
5.73282909e-07 2.45012495e+03 3.50882893e+03
5.73713939e-07 2.29816462e+03 3.45978366e+03
5.74144970e-07 2.14651693e+03 3.40992416e+03
5.74576000e-07 2.22740840e+03 3.44015488e+03
5.75007030e-07 2.46819915e+03 3.46552572e+03
5.75438061e-07 1.96568613e+03 3.27029226e+03
5.75869091e-07 2.09076447e+03 3.31284895e+03
5.76300121e-07 2.36521309e+03 3.47380399e+03
5.76731152e-07 2.16348726e+03 3.45750876e+03
5.77162182e-07 2.25553279e+03 3.46711753e+03
5.77593212e-07 2.45417030e+03 3.51204906e+03
5.78024242e-07 2.36836582e+03 3.54335142e+03
5.78455273e-07 2.28551322e+03 3.50711284e+03
5.78886303e-07 2.09289586e+03 3.45328578e+03
5.79317333e-07 2.21938717e+03 3.49332083e+03
5.79748364e-07 2.42629552e+03 3.57569286e+03
5.80179394e-07 2.59584143e+03 3.69857359e+03
5.80610424e-07 2.40163513e+03 3.62469203e+03
5.81041455e-07 2.41257031e+03 3.54580091e+03
5.81472485e-07 2.49992726e+03 5.48081518e+03
5.81903515e-07 2.60478387e+03 5.76760158e+03
5.82334545e-07 2.54844188e+03 5.78841436e+03
5.82765576e-07 2.24258151e+03 5.46268273e+03
5.83196606e-07 2.76403191e+03 3.81072911e+03
5.83627636e-07 2.35180199e+03 3.61438946e+03
5.84058667e-07 2.73502915e+03 3.81026560e+03
5.84489697e-07 2.50617880e+03 3.74643856e+03
5.84920727e-07 2.35549814e+03 3.65755372e+03
5.85351758e-07 2.82716372e+03 3.83377591e+03
5.85782788e-07 2.81793661e+03 3.84743504e+03
5.86213818e-07 2.37417044e+03 4.03728556e+03
5.86644848e-07 2.35316503e+03 4.33031271e+03
5.87075879e-07 2.58344839e+03 4.39515528e+03
5.87506909e-07 2.62605675e+03 4.14935997e+03
5.87937939e-07 2.98152050e+03 4.22339773e+03
5.88368970e-07 2.56842054e+03 5.05706384e+03
5.88800000e-07 1.60401916e+03 6.35300505e+03
5.89231030e-07 1.97173206e+03 7.13925003e+03
5.89662061e-07 2.97891069e+03 6.68944368e+03
5.90093091e-07 3.23512616e+03 5.30782917e+03
5.90524121e-07 3.00419398e+03 4.49094637e+03
5.90955152e-07 2.61670007e+03 4.20722639e+03
5.91386182e-07 2.45991035e+03 4.27672316e+03
5.91817212e-07 3.06864530e+03 4.55134131e+03
5.92248242e-07 2.83683331e+03 4.40744044e+03
5.92679273e-07 2.93015889e+03 4.47291497e+03
5.93110303e-07 2.89884273e+03 4.64597295e+03
5.93541333e-07 2.87491218e+03 4.50581143e+03
5.93972364e-07 2.67067071e+03 4.21702932e+03
5.94403394e-07 3.00410598e+03 4.28152745e+03
5.94834424e-07 2.38259821e+03 4.25992468e+03
5.95265455e-07 1.96934476e+03 4.19585887e+03
5.95696485e-07 2.47140063e+03 4.27241418e+03
5.96127515e-07 3.13028452e+03 4.36932934e+03
5.96558545e-07 2.68035688e+03 4.07721222e+03
5.96989576e-07 2.63322486e+03 4.15340006e+03
5.97420606e-07 2.66471901e+03 4.32343074e+03
5.97851636e-07 2.52110033e+03 4.32191069e+03
5.98282667e-07 2.75994028e+03 4.15504915e+03
5.98713697e-07 3.25278912e+03 4.27767354e+03
5.99144727e-07 2.70749024e+03 4.04430254e+03
5.99575758e-07 2.50273802e+03 4.04010000e+03
6.00006788e-07 2.61369653e+03 4.07835021e+03
6.00437818e-07 3.09364309e+03 4.30371205e+03
6.00868848e-07 3.19739855e+03 4.30258742e+03
6.01299879e-07 3.25689625e+03 4.21492842e+03
6.01730909e-07 2.79302923e+03 4.00933272e+03
6.02161939e-07 2.83852453e+03 4.02801000e+03
6.02592970e-07 2.49172988e+03 3.95315448e+03
6.03024000e-07 2.55569533e+03 3.97096009e+03
6.03455030e-07 2.51146608e+03 4.00015776e+03
6.03886061e-07 2.52963459e+03 3.94751801e+03
6.04317091e-07 2.79652573e+03 3.99305836e+03
6.04748121e-07 2.53968028e+03 3.87858340e+03
6.05179152e-07 2.40272697e+03 3.83103257e+03
6.05610182e-07 3.24160842e+03 4.19662408e+03
6.06041212e-07 2.65223206e+03 3.97939330e+03
6.06472242e-07 2.55801993e+03 3.97256353e+03
6.06903273e-07 2.75456506e+03 4.06977810e+03
6.07334303e-07 2.74379680e+03 3.99616320e+03
6.07765333e-07 3.04840027e+03 4.05528206e+03
6.08196364e-07 3.04179424e+03 4.08345369e+03
6.08627394e-07 3.25223711e+03 4.23430280e+03
6.09058424e-07 3.44635330e+03 4.22711734e+03
6.09489455e-07 2.70665707e+03 3.95330942e+03
6.09920485e-07 2.50048840e+03 3.91653796e+03
6.10351515e-07 3.09196148e+03 4.13992109e+03
6.10782545e-07 2.98590283e+03 4.13319593e+03
6.11213576e-07 3.17891752e+03 4.21416451e+03
6.11644606e-07 2.85976920e+03 4.04095433e+03
6.12075636e-07 2.92015163e+03 4.04193256e+03
6.12506667e-07 2.99324734e+03 4.01485423e+03
6.12937697e-07 3.25506753e+03 4.25439331e+03
6.13368727e-07 2.75142768e+03 4.11967146e+03
6.13799758e-07 2.74816510e+03 4.34322733e+03
6.14230788e-07 2.82816999e+03 4.45937307e+03
6.14661818e-07 3.31646325e+03 4.51149761e+03
6.15092848e-07 3.04295872e+03 4.31185123e+03
6.15523879e-07 2.60837957e+03 4.24174946e+03
6.15954909e-07 3.34015273e+03 4.48110704e+03
6.16385939e-07 2.71938407e+03 4.20961413e+03
6.16816970e-07 2.57741701e+03 4.30901133e+03
6.17248000e-07 3.20636396e+03 4.68995565e+03
6.17679030e-07 3.04546868e+03 4.45305650e+03
6.18110061e-07 2.89801100e+03 4.19230645e+03
6.18541091e-07 2.84812593e+03 4.13026869e+03
6.18972121e-07 2.79210520e+03 4.25510556e+03
6.19403152e-07 3.17697015e+03 4.35108222e+03
6.19834182e-07 3.36198798e+03 4.53897184e+03
6.20265212e-07 3.37049104e+03 4.70679789e+03
6.20696242e-07 2.53271206e+03 4.27828220e+03
6.21127273e-07 3.07137326e+03 4.43331519e+03
6.21558303e-07 3.36622346e+03 4.56484675e+03
6.21989333e-07 3.16678333e+03 4.56493491e+03
6.22420364e-07 3.10823249e+03 4.62790312e+03
6.22851394e-07 3.28242754e+03 4.97966812e+03
6.23282424e-07 2.79881985e+03 5.32018941e+03
6.23713455e-07 3.10786777e+03 5.97484476e+03
6.24144485e-07 3.77705431e+03 5.86581399e+03
6.24575515e-07 3.26589920e+03 5.06793304e+03
6.25006545e-07 3.08917118e+03 4.79574751e+03
6.25437576e-07 2.75736542e+03 5.09029050e+03
6.25868606e-07 2.75892032e+03 5.44528651e+03
6.26299636e-07 3.16685293e+03 5.51094789e+03
6.26730667e-07 3.42071645e+03 5.08921733e+03
6.27161697e-07 2.96847870e+03 4.67393117e+03
6.27592727e-07 2.81390230e+03 4.46452849e+03
6.28023758e-07 3.00993000e+03 4.66319378e+03
6.28454788e-07 3.62411132e+03 5.22042002e+03
6.28885818e-07 3.47075980e+03 6.34993312e+03
6.29316848e-07 2.38273953e+03 1.09733791e+04
6.30178909e-07 3.52538047e+02 2.16675260e+04
6.30609939e-07 5.66491445e+03 1.62769928e+04
6.31040970e-07 7.14708764e+03 8.29855445e+03
6.31472000e-07 4.44247477e+03 5.37291440e+03
6.31903030e-07 3.07481078e+03 4.75851235e+03
6.32334061e-07 2.65926121e+03 4.99373308e+03
6.32765091e-07 3.51930275e+03 5.62827857e+03
6.33196121e-07 2.95020583e+03 5.17430944e+03
6.33627152e-07 3.31366027e+03 4.91167957e+03
6.34058182e-07 3.68064756e+03 4.71854683e+03
6.34489212e-07 3.12081319e+03 4.61024490e+03
6.34920242e-07 3.08720308e+03 4.98308956e+03
6.35351273e-07 3.25046386e+03 5.80918122e+03
6.35782303e-07 2.89519202e+03 7.85690010e+03
6.36213333e-07 1.84732300e+03 9.78551061e+03
6.36644364e-07 2.80343619e+03 9.87434477e+03
6.37075394e-07 5.16508495e+03 7.65369495e+03
6.37506424e-07 4.37327348e+03 5.19782382e+03
6.37937455e-07 3.12642676e+03 4.71081301e+03
6.38368485e-07 3.06065853e+03 4.77316447e+03
6.38799515e-07 3.18065179e+03 4.73346267e+03
6.39230545e-07 2.73365514e+03 4.38966038e+03
6.39661576e-07 3.32128928e+03 4.51125397e+03
6.40092606e-07 3.38504711e+03 4.62074651e+03
6.40523636e-07 3.46588095e+03 4.61222511e+03
6.40954667e-07 3.43024070e+03 4.55554369e+03
6.41385697e-07 3.12366553e+03 4.47814434e+03
6.41816727e-07 3.41399496e+03 4.72223067e+03
6.42247758e-07 3.48264404e+03 4.72263860e+03
6.42678788e-07 3.07879294e+03 4.53292499e+03
6.43109818e-07 2.98076345e+03 4.32522855e+03
6.43540848e-07 3.20058909e+03 4.44620935e+03
6.43971879e-07 3.35387899e+03 4.59416055e+03
6.44402909e-07 3.29292837e+03 4.55291423e+03
6.44833939e-07 3.34332740e+03 4.59965244e+03
6.45264970e-07 3.37257470e+03 4.76716021e+03
6.45696000e-07 3.24499998e+03 4.97689198e+03
6.46127030e-07 2.92605869e+03 5.31473061e+03
6.46558061e-07 2.83481583e+03 5.65045673e+03
6.46989091e-07 3.23423012e+03 5.78677918e+03
6.47420121e-07 3.56832528e+03 5.48880149e+03
6.47851152e-07 3.56239714e+03 5.07812194e+03
6.48282182e-07 3.50202613e+03 4.70177295e+03
6.48713212e-07 3.04512066e+03 4.44630721e+03
6.49144242e-07 3.43718751e+03 5.02902251e+03
6.49575273e-07 3.34252709e+03 5.89462401e+03
6.50006303e-07 3.51324112e+03 6.37057893e+03
6.50437333e-07 3.85537643e+03 6.22972742e+03
6.50868364e-07 3.69805514e+03 5.32582259e+03
6.51299394e-07 3.67384125e+03 5.06721369e+03
6.51730424e-07 3.32208392e+03 4.89879801e+03
6.52161455e-07 3.30105023e+03 4.99905169e+03
6.52592485e-07 3.68808079e+03 5.54934121e+03
6.53023515e-07 3.48356311e+03 5.78045614e+03
6.53454545e-07 3.36337279e+03 5.93832668e+03
6.53885576e-07 3.98319693e+03 5.94139243e+03
6.54316606e-07 4.15977174e+03 5.79860322e+03
6.54747636e-07 3.28331996e+03 5.76862690e+03
6.55178667e-07 3.26258345e+03 6.04593938e+03
6.55609697e-07 3.84421152e+03 6.15287015e+03
6.56040727e-07 4.44163745e+03 5.79831905e+03
6.56471758e-07 4.35056397e+03 5.46591254e+03
6.56902788e-07 3.97002205e+03 5.68079819e+03
6.57333818e-07 3.53795909e+03 5.83243738e+03
6.57764848e-07 3.23454907e+03 5.77924943e+03
6.58195879e-07 3.77336359e+03 5.72929989e+03
6.58626909e-07 3.78770996e+03 5.12717905e+03
6.59057939e-07 3.66470559e+03 4.99032492e+03
6.59488970e-07 3.45413737e+03 5.19334576e+03
6.59920000e-07 3.57982702e+03 5.39135155e+03
6.60351030e-07 3.27650913e+03 5.39812294e+03
6.60782061e-07 3.69912760e+03 5.40736422e+03
6.61213091e-07 4.09629323e+03 5.17813654e+03
6.61644121e-07 3.34639794e+03 4.67400059e+03
6.62075152e-07 3.33116406e+03 4.83528997e+03
6.62506182e-07 3.45577011e+03 4.97723145e+03
6.62937212e-07 3.73442736e+03 5.12672258e+03
6.63368242e-07 3.69530930e+03 5.18603360e+03
6.63799273e-07 3.66818390e+03 5.10572053e+03
6.64230303e-07 3.82920375e+03 5.03854728e+03
6.64661333e-07 4.00526700e+03 5.09183527e+03
6.65092364e-07 3.68686005e+03 5.02783024e+03
6.65523394e-07 3.46231348e+03 4.88187238e+03
6.65954424e-07 3.76343253e+03 5.12412291e+03
6.66385455e-07 3.45745774e+03 5.01621450e+03
6.66816485e-07 3.42074358e+03 4.98800321e+03
6.67247515e-07 3.57953598e+03 5.03716501e+03
6.67678545e-07 3.50514743e+03 4.93532950e+03
6.68109576e-07 3.75085205e+03 4.97713627e+03
6.68540606e-07 3.63008077e+03 4.99856403e+03
6.68971636e-07 3.76470708e+03 4.96956948e+03
6.69402667e-07 3.78682070e+03 5.04485792e+03
6.69833697e-07 3.72387090e+03 5.08016501e+03
6.70264727e-07 3.76740352e+03 5.09641836e+03
6.70695758e-07 3.44295245e+03 4.94101867e+03
6.71126788e-07 3.67662776e+03 5.06176397e+03
6.71557818e-07 3.47693653e+03 4.90291409e+03
6.71988848e-07 3.42043177e+03 4.88847113e+03
6.72419879e-07 3.53332908e+03 4.96549785e+03
6.72850909e-07 3.81164049e+03 5.05049040e+03
6.73281939e-07 3.30816275e+03 4.87864633e+03
6.73712970e-07 3.62537299e+03 5.06348169e+03
6.74144000e-07 3.77816693e+03 5.16342822e+03
6.74575030e-07 3.49729812e+03 5.02237093e+03
6.75006061e-07 3.59874757e+03 5.01643494e+03
6.75437091e-07 3.75182988e+03 5.03587602e+03
6.75868121e-07 3.74754052e+03 5.02382230e+03
6.76299152e-07 3.57108289e+03 4.94634649e+03
6.76730182e-07 3.50344520e+03 4.85173179e+03
6.77161212e-07 3.40160061e+03 4.83598178e+03
6.77592242e-07 3.77404306e+03 4.96894073e+03
6.78023273e-07 3.66606884e+03 4.99904941e+03
6.78454303e-07 3.62004058e+03 5.06336072e+03
6.78885333e-07 3.41919982e+03 4.92428305e+03
6.79316364e-07 3.23485066e+03 4.83336080e+03
6.79747394e-07 3.40304410e+03 4.96987699e+03
6.80178424e-07 3.11725819e+03 4.87181002e+03
6.80609455e-07 3.32654865e+03 4.95073789e+03
6.81040485e-07 3.75500626e+03 5.05861794e+03
6.81471515e-07 3.77383127e+03 5.12305186e+03
6.81902545e-07 3.62030517e+03 5.50662368e+03
6.82333576e-07 3.43376480e+03 6.74304554e+03
6.82764606e-07 2.73069292e+03 8.19479647e+03
6.83195636e-07 2.94897579e+03 9.03302165e+03
6.83626667e-07 3.61027118e+03 8.27051924e+03
6.84057697e-07 4.05923177e+03 6.85539909e+03
6.84488727e-07 4.45945366e+03 6.08986131e+03
6.84919758e-07 3.35734765e+03 5.20556102e+03
6.85350788e-07 3.86693495e+03 5.84849681e+03
6.85781818e-07 3.77905890e+03 7.31599040e+03
6.86212848e-07 2.98290403e+03 8.34325585e+03
6.86643879e-07 3.93396152e+03 8.66214858e+03
6.87074909e-07 4.55200968e+03 6.86058904e+03
6.87505939e-07 3.48086494e+03 5.21889187e+03
6.87936970e-07 2.97163940e+03 5.20926785e+03
6.88368000e-07 3.02631880e+03 5.59247760e+03
6.88799030e-07 3.58309547e+03 5.95762489e+03
6.89230061e-07 4.00733426e+03 6.07137117e+03
6.89661091e-07 3.63486706e+03 5.77652004e+03
6.90092121e-07 3.55845642e+03 5.78024707e+03
6.90523152e-07 3.57370238e+03 5.99346287e+03
6.90954182e-07 3.61728398e+03 6.11613651e+03
6.91385212e-07 3.13684356e+03 6.39881362e+03
6.91816242e-07 3.68400654e+03 7.04244319e+03
6.92247273e-07 3.20630509e+03 6.92535711e+03
6.92678303e-07 4.24434190e+03 7.06115059e+03
6.93109333e-07 4.09455776e+03 5.99514609e+03
6.93540364e-07 3.86933292e+03 5.88589885e+03
6.93971394e-07 3.46935987e+03 6.38889338e+03
6.94402424e-07 3.47813506e+03 6.94959814e+03
6.94833455e-07 3.27711873e+03 7.18153705e+03
6.95264485e-07 3.25410341e+03 6.80130741e+03
6.95695515e-07 4.05032915e+03 6.01437225e+03
6.96126545e-07 4.29879156e+03 5.77450199e+03
6.96557576e-07 3.44444000e+03 5.78422169e+03
6.96988606e-07 3.47144285e+03 6.38294124e+03
6.97419636e-07 3.87655875e+03 7.00879650e+03
6.97850667e-07 3.34101743e+03 6.81358716e+03
6.98281697e-07 3.79465290e+03 6.46065270e+03
6.98712727e-07 4.09907981e+03 5.72823101e+03
6.99143758e-07 3.70235016e+03 5.30533892e+03
6.99574788e-07 3.44944315e+03 5.40410945e+03
7.00005818e-07 3.24395322e+03 8.90143980e+03
7.00436848e-07 2.94757644e+03 9.22942647e+03
7.00867879e-07 2.96643685e+03 9.17955698e+03
7.01298909e-07 4.56858373e+03 6.27550447e+03
7.01729939e-07 3.79877585e+03 5.54446733e+03
7.02160970e-07 3.60660814e+03 5.22389949e+03
7.02592000e-07 4.25090663e+03 5.55671730e+03
7.03023030e-07 4.20603443e+03 5.53882626e+03
7.03454061e-07 3.25289341e+03 5.19181751e+03
7.03885091e-07 3.39079255e+03 5.46672174e+03
7.04316121e-07 3.51779268e+03 5.88934710e+03
7.04747152e-07 3.70073518e+03 6.12993339e+03
7.05178182e-07 4.10037452e+03 6.11441903e+03
7.05609212e-07 3.47320000e+03 5.66333685e+03
7.06040242e-07 3.34284864e+03 5.47603069e+03
7.06471273e-07 3.30113501e+03 5.57489811e+03
7.06902303e-07 4.08745763e+03 5.88048985e+03
7.07333333e-07 3.87428748e+03 5.83914125e+03
7.07764364e-07 3.70402774e+03 5.75044387e+03
7.08195394e-07 3.45968326e+03 5.75311904e+03
7.08626424e-07 3.87660234e+03 5.91037838e+03
7.09057455e-07 3.60446284e+03 5.66111957e+03
7.09488485e-07 3.41665861e+03 5.46527992e+03
7.09919515e-07 3.44090015e+03 5.44455047e+03
7.10350545e-07 3.96956737e+03 5.60510151e+03
7.10781576e-07 3.69945033e+03 5.53745784e+03
7.11212606e-07 2.95216326e+03 5.25229887e+03
7.11643636e-07 3.65794777e+03 5.45270637e+03
7.12074667e-07 3.65497026e+03 5.56335320e+03
7.12505697e-07 3.66233617e+03 5.57181681e+03
7.12936727e-07 3.47780695e+03 5.58707649e+03
7.13367758e-07 4.23807066e+03 5.90300375e+03
7.13798788e-07 4.02769397e+03 5.85419879e+03
7.14229818e-07 3.68974087e+03 5.76661965e+03
7.14660848e-07 4.26249354e+03 6.11280661e+03
7.15091879e-07 3.67730525e+03 5.75026987e+03
7.15522909e-07 4.30014277e+03 5.88570301e+03
7.15953939e-07 3.33092095e+03 5.44652732e+03
7.16384970e-07 3.38462578e+03 5.27878765e+03
7.16816000e-07 3.57471716e+03 5.30311186e+03
7.17247030e-07 3.21640781e+03 5.14424672e+03
7.17678061e-07 2.47068549e+03 4.81181752e+03
7.18109091e-07 3.21531779e+03 4.92651504e+03
7.18540121e-07 2.77418474e+03 4.62085369e+03
7.18971152e-07 2.82407960e+03 4.55844096e+03
7.19402182e-07 2.85343848e+03 4.59283928e+03
7.19833212e-07 2.71644739e+03 4.50683638e+03
7.20264242e-07 2.97231550e+03 4.73825928e+03
7.20695273e-07 2.99794585e+03 4.78752514e+03
7.21126303e-07 3.43050309e+03 5.16279078e+03
7.21557333e-07 3.60240289e+03 5.28867240e+03
7.21988364e-07 3.17208779e+03 5.19981210e+03
7.22419394e-07 3.44280767e+03 5.35900491e+03
7.22850424e-07 3.60617982e+03 5.90226568e+03
7.23281455e-07 3.37445430e+03 7.44949074e+03
7.23712485e-07 2.15381337e+03 1.00318642e+04
7.24143515e-07 1.69401225e+03 1.30456790e+04
7.24574545e-07 3.71546027e+03 1.28028744e+04
7.25005576e-07 4.63691324e+03 9.48785256e+03
7.25436606e-07 4.52479595e+03 7.04304005e+03
7.25867636e-07 3.52812674e+03 5.92526752e+03
7.26298667e-07 3.44318249e+03 5.79102562e+03
7.26729697e-07 3.57037088e+03 7.26631215e+03
7.27160727e-07 2.88044628e+03 9.30577749e+03
7.27591758e-07 2.57662309e+03 1.17583421e+04
7.28022788e-07 3.69156394e+03 1.19626728e+04
7.28453818e-07 4.93749313e+03 1.03645039e+04
7.28884848e-07 4.90053734e+03 8.42715615e+03
7.29315879e-07 4.08444943e+03 7.02400468e+03
7.29746909e-07 3.66572316e+03 7.03579230e+03
7.30177939e-07 3.84822247e+03 7.44260665e+03
7.30608970e-07 4.44100793e+03 8.42911799e+03
7.31040000e-07 4.06189603e+03 9.47623205e+03
7.31471030e-07 3.14257216e+03 1.11731229e+04
7.31902061e-07 3.88678678e+03 1.14659838e+04
7.32333091e-07 6.26589101e+03 1.00088647e+04
7.32764121e-07 6.15762009e+03 9.54327827e+03
7.33195152e-07 5.80354581e+03 1.07295586e+04
7.33626182e-07 5.39512379e+03 1.19578473e+04
7.34057212e-07 3.89492559e+03 1.31170286e+04
7.34488242e-07 4.22129676e+03 1.15017665e+04
7.34919273e-07 5.90186058e+03 8.88390094e+03
7.35350303e-07 4.15795360e+03 7.87685789e+03
7.35781333e-07 4.35037217e+03 9.30945270e+03
7.36212364e-07 4.57082185e+03 1.00794101e+04
7.36643394e-07 4.36251191e+03 1.05076500e+04
7.37074424e-07 3.92626412e+03 1.03933432e+04
7.37505455e-07 4.92549961e+03 8.71192192e+03
7.37936485e-07 4.84294372e+03 6.77453334e+03
7.38367515e-07 4.15475310e+03 6.72705422e+03
7.38798545e-07 4.30248551e+03 7.50706189e+03
7.39229576e-07 3.97683274e+03 8.56206513e+03
7.39660606e-07 3.86300426e+03 9.21510587e+03
7.40091636e-07 3.77246536e+03 9.55510053e+03
7.40522667e-07 4.25714561e+03 8.99047286e+03
7.40953697e-07 5.15292608e+03 7.44720406e+03
7.41384727e-07 5.01182651e+03 6.65448237e+03
7.41815758e-07 3.86246507e+03 6.24161189e+03
7.42246788e-07 4.56860841e+03 6.67467149e+03
7.42677818e-07 3.79225679e+03 6.90486180e+03
7.43108848e-07 3.89019881e+03 7.69233005e+03
7.43539879e-07 4.26369212e+03 8.16708930e+03
7.43970909e-07 4.19303866e+03 8.00473410e+03
7.44401939e-07 4.68024782e+03 7.38893408e+03
7.44832970e-07 4.59870570e+03 6.40825431e+03
7.45264000e-07 4.53504086e+03 6.53537776e+03
7.45695030e-07 3.99791081e+03 6.67438861e+03
7.46126061e-07 4.03250582e+03 7.45204421e+03
7.46557091e-07 3.90441069e+03 8.34325845e+03
7.46988121e-07 3.13793168e+03 9.21747184e+03
7.47419152e-07 4.23091209e+03 1.03402237e+04
7.47850182e-07 5.17717872e+03 1.04087573e+04
7.48281212e-07 4.87813554e+03 9.85040183e+03
7.48712242e-07 4.72180366e+03 8.58131748e+03
7.49143273e-07 4.71590697e+03 7.45819360e+03
7.49574303e-07 4.30511932e+03 6.97054448e+03
7.50005333e-07 4.64763194e+03 6.83520978e+03
7.50436364e-07 4.85000346e+03 6.67165470e+03
7.50867394e-07 4.53822315e+03 6.62907292e+03
7.51298424e-07 3.92250105e+03 7.40258141e+03
7.51729455e-07 4.99165778e+03 9.52366076e+03
7.52160485e-07 3.21642895e+03 1.13949435e+04
7.52591515e-07 4.21416020e+03 1.26660743e+04
7.53022545e-07 6.19636096e+03 1.10726639e+04
7.53453576e-07 5.75229355e+03 8.58163188e+03
7.53884606e-07 4.63399289e+03 7.32494459e+03
7.54315636e-07 3.97798822e+03 6.75592025e+03
7.54746667e-07 3.81917317e+03 6.63724004e+03
7.55177697e-07 4.20045763e+03 7.09747379e+03
7.55608727e-07 4.01848109e+03 7.58446377e+03
7.56039758e-07 4.44041550e+03 8.10125097e+03
7.56470788e-07 4.87194874e+03 8.88669838e+03
7.56901818e-07 3.92025186e+03 1.00547137e+04
7.57332848e-07 3.51200973e+03 1.01978109e+04
7.57763879e-07 5.07810654e+03 9.06611986e+03
7.58194909e-07 4.68909035e+03 7.73295057e+03
7.58625939e-07 3.91413746e+03 7.62765903e+03
7.59056970e-07 3.68116420e+03 6.94945526e+03
7.59488000e-07 2.98918691e+03 5.84123189e+03
7.59919030e-07 2.77318282e+03 5.33350620e+03
7.60350061e-07 2.37471568e+03 4.63647845e+03
7.60781091e-07 2.57738823e+03 4.44014766e+03
7.61212121e-07 3.18662842e+03 5.34313594e+03
7.61643152e-07 2.51718495e+03 6.07694414e+03
7.62074182e-07 2.77802963e+03 6.59094276e+03
7.62505212e-07 3.02153839e+03 6.36594075e+03
7.62936242e-07 2.88050357e+03 6.13498573e+03
7.63367273e-07 3.02469878e+03 5.63605992e+03
7.63798303e-07 2.91938189e+03 5.20148033e+03
7.64229333e-07 3.15269391e+03 5.26932558e+03
7.64660364e-07 2.81160721e+03 5.43376209e+03
7.65091394e-07 2.76480324e+03 6.04983829e+03
7.65522424e-07 3.29863391e+03 6.79941483e+03
7.65953455e-07 3.48704091e+03 7.23237431e+03
7.66384485e-07 3.26584210e+03 7.09774958e+03
7.66815515e-07 4.15655439e+03 6.96437532e+03
7.67246545e-07 4.69406361e+03 6.65222509e+03
7.67677576e-07 4.42715202e+03 6.65678853e+03
7.68108606e-07 4.15039590e+03 6.82360850e+03
7.68539636e-07 4.40869743e+03 7.32566935e+03
7.68970667e-07 4.02750246e+03 7.52655004e+03
7.69401697e-07 3.83305390e+03 7.49308174e+03
7.69832727e-07 4.85514430e+03 8.02640375e+03
7.70263758e-07 5.11858158e+03 9.42615013e+03
7.70694788e-07 4.39829612e+03 1.25869508e+04
7.71125818e-07 3.81900995e+03 1.76279876e+04
7.71556848e-07 3.85948394e+03 2.00797071e+04
7.71987879e-07 6.36221072e+03 1.71662955e+04
7.72418909e-07 7.38484803e+03 1.25525526e+04
7.72849939e-07 5.49532771e+03 9.68728237e+03
7.73280970e-07 5.13382931e+03 8.42110337e+03
7.73712000e-07 5.36556167e+03 8.88797131e+03
7.74143030e-07 4.97725314e+03 1.06936770e+04
7.74574061e-07 4.11400483e+03 1.37412169e+04
7.75005091e-07 3.61323539e+03 1.75109502e+04
7.75436121e-07 5.65705597e+03 1.70895540e+04
7.75867152e-07 8.15613649e+03 1.38840365e+04
7.76298182e-07 5.93509720e+03 1.16317957e+04
7.76729212e-07 5.98945724e+03 1.10302395e+04
7.77160242e-07 4.89740859e+03 1.16571817e+04
7.77591273e-07 4.44329292e+03 1.22970227e+04
7.78022303e-07 6.28540753e+03 1.22858022e+04
7.78453333e-07 5.35198833e+03 1.18085798e+04
7.78884364e-07 4.26810169e+03 1.24463573e+04
7.79315394e-07 4.39845958e+03 1.50672761e+04
7.79746424e-07 4.93723343e+03 1.39226014e+04
7.80177455e-07 6.86878748e+03 1.12346415e+04
7.80608485e-07 6.33761093e+03 1.13775968e+04
7.81039515e-07 4.44916429e+03 1.23136200e+04
7.81470545e-07 6.04329141e+03 1.35317146e+04
7.81901576e-07 4.24814729e+03 1.55445021e+04
7.82332606e-07 4.35836418e+03 1.57128093e+04
7.82763636e-07 7.54215443e+03 1.22944670e+04
7.83194667e-07 6.86431462e+03 9.81572734e+03
7.83625697e-07 5.40898334e+03 1.00954053e+04
7.84056727e-07 4.80061033e+03 1.20105495e+04
7.84487758e-07 4.64272209e+03 1.39187788e+04
7.84918788e-07 4.09681275e+03 1.68879092e+04
7.85349818e-07 4.93034707e+03 2.09878838e+04
7.85780848e-07 6.49610414e+03 2.01057884e+04
7.86211879e-07 7.95131521e+03 1.72049849e+04
7.86642909e-07 6.92941732e+03 1.58683625e+04
7.87073939e-07 5.16844111e+03 1.52342323e+04
7.87504970e-07 5.37197449e+03 1.39101155e+04
7.87936000e-07 6.52106404e+03 1.39317216e+04
7.88367030e-07 5.20767559e+03 1.34518137e+04
7.88798061e-07 6.09609656e+03 1.36722289e+04
7.89229091e-07 5.18881086e+03 1.22518561e+04
7.89660121e-07 6.93020707e+03 1.02991015e+04
7.90091152e-07 5.87283998e+03 1.01368076e+04
7.90522182e-07 4.89901617e+03 1.25969189e+04
7.90953212e-07 4.32147105e+03 1.81929533e+04
7.91384242e-07 2.44109037e+03 2.26418465e+04
7.91815273e-07 7.01416693e+03 2.19515819e+04
7.92246303e-07 8.36143764e+03 1.70655733e+04
7.92677333e-07 6.27939339e+03 1.30866569e+04
7.93108364e-07 6.81180198e+03 1.25456955e+04
7.93539394e-07 5.17595138e+03 1.07616842e+04
7.93970424e-07 6.09621799e+03 9.69518251e+03
7.94401455e-07 5.58915612e+03 1.00244047e+04
7.94832485e-07 5.38242984e+03 1.13102142e+04
7.95263515e-07 4.99129858e+03 1.15776070e+04
7.95694545e-07 5.38264224e+03 1.21849923e+04
7.96125576e-07 4.05330105e+03 1.49705913e+04
7.96556606e-07 5.47895143e+03 1.76249637e+04
7.96987636e-07 8.83136619e+03 2.52336933e+04
