8.19800000e-02
3.64292106e-07 1.56125271e+01 2.51594688e+00
3.64723111e-07 3.35891503e+02 6.19281065e+02
3.65154117e-07 2.46242287e+02 8.76502125e+02
3.65585123e-07 3.45037507e+01 7.20477754e+02
3.66016129e-07 8.28325984e+00 9.48366804e+02
3.66447135e-07 2.63655202e+02 5.61610213e+02
3.66878141e-07 7.02782570e+01 5.36738720e+02
3.67309147e-07 1.57058601e+01 7.89045446e+02
3.69895182e-07 6.35282868e+02 1.33094624e+03
3.70326188e-07 7.62243142e+02 1.84593424e+03
3.70757194e-07 6.67262507e+02 1.35016947e+03
3.71188199e-07 2.53325699e+02 9.72577577e+02
3.71619205e-07 6.59903584e+01 7.41002624e+02
3.72050211e-07 2.82124813e+01 6.80740867e+02
3.73774235e-07 3.62778612e+01 8.49434539e+02
3.74205240e-07 2.41689064e+01 8.63776236e+02
3.74636246e-07 8.61330447e+01 8.15488238e+02
3.77653287e-07 2.09345383e+01 8.36728460e+02
3.78515299e-07 1.15154444e+02 8.13704535e+02
3.79377311e-07 3.55086835e+00 7.08012282e+02
3.80670328e-07 8.56164673e+01 7.84636674e+02
3.82825358e-07 6.13189424e+01 8.83921368e+02
3.83256364e-07 2.00460714e+02 1.00310672e+03
3.83687370e-07 3.14802442e+01 8.56961942e+02
3.84118375e-07 7.46343093e+01 8.66880668e+02
3.84549381e-07 3.12172802e+01 8.23791039e+02
3.84980387e-07 4.52044176e+01 7.86785236e+02
3.86273405e-07 4.89350298e+01 8.37245610e+02
3.86704411e-07 1.79805578e+02 9.05643637e+02
3.87135416e-07 6.21982105e+01 7.32076963e+02
3.87566422e-07 8.69795156e+01 7.74005372e+02
3.87997428e-07 4.41520928e+01 7.93701109e+02
3.89290446e-07 7.54684301e+00 8.54418649e+02
3.89721452e-07 1.14421666e+01 8.22238134e+02
3.90152457e-07 7.72527980e+01 9.03259392e+02
3.90583463e-07 3.94597471e-01 8.95202592e+02
3.91014469e-07 1.83278718e+01 9.85064156e+02
3.92307487e-07 6.26121067e+01 8.71255343e+02
3.92738493e-07 2.66729137e+01 7.99562282e+02
3.93169499e-07 4.57910312e+01 7.71363076e+02
3.93600504e-07 1.77169968e+02 8.72342661e+02
3.94031510e-07 9.03873062e+01 8.52453651e+02
3.94893522e-07 2.80834548e+01 9.57378165e+02
3.95324528e-07 1.40002420e+02 9.86806420e+02
3.95755534e-07 1.66024455e+02 9.38558839e+02
3.96186540e-07 1.78799513e+02 8.76014546e+02
3.96617545e-07 6.46431497e+01 7.89503028e+02
3.97479557e-07 6.30634189e+01 8.91715438e+02
3.97910563e-07 4.88129884e+01 9.60688276e+02
3.98772575e-07 2.10019165e+01 1.00434499e+03
3.99203581e-07 1.02449688e+01 9.87971988e+02
3.99634587e-07 2.92020333e+02 1.09645725e+03
4.00065592e-07 3.32083040e+01 9.94068775e+02
4.00496598e-07 1.24229355e+02 1.02491700e+03
4.01358610e-07 6.46885352e-01 1.06070165e+03
4.01789616e-07 5.32012515e+01 1.06540011e+03
4.02220622e-07 9.00203395e+00 1.10242653e+03
4.02651628e-07 7.42241714e+01 1.09269465e+03
4.03082633e-07 1.03935420e+02 1.08837412e+03
4.03513639e-07 2.15408992e+02 1.20680176e+03
4.03944645e-07 1.67171419e+01 1.12830903e+03
4.04806657e-07 7.55925989e+01 1.15132999e+03
4.05237663e-07 2.80623272e+01 1.10212121e+03
4.05668669e-07 3.87484799e+01 1.16589609e+03
4.06099674e-07 8.84061563e+01 1.15948252e+03
4.06530680e-07 1.79031306e+02 1.25773859e+03
4.07823698e-07 8.02336431e+01 1.26602447e+03
4.08254704e-07 7.94052541e+01 1.15575259e+03
4.08685710e-07 1.19639321e+02 1.18282406e+03
4.09547721e-07 5.53960805e+01 1.14230888e+03
4.09978727e-07 6.18953256e+01 1.07990564e+03
4.10840739e-07 1.00659546e+01 1.10308221e+03
4.11271745e-07 2.03716885e+02 1.27107715e+03
4.11702751e-07 2.14950388e+02 1.20575439e+03
4.12133757e-07 1.36716446e+02 1.15177063e+03
4.13857780e-07 1.64515355e+02 1.26454422e+03
4.14288786e-07 1.01059533e+02 1.21466001e+03
4.15150798e-07 8.77828687e-01 1.17225836e+03
4.15581804e-07 1.17637369e+02 1.30413674e+03
4.16012809e-07 4.55267467e+01 1.25715645e+03
4.16443815e-07 1.27937072e+02 1.40761303e+03
4.16874821e-07 2.02311027e+02 1.38527787e+03
4.17305827e-07 9.06534565e+01 1.33176398e+03
4.17736833e-07 1.26792623e+02 1.29690934e+03
4.18167839e-07 2.50872603e+02 1.34464326e+03
4.18598845e-07 2.33800320e+02 1.33807304e+03
4.19029850e-07 7.77380307e+01 1.24712064e+03
4.19460856e-07 3.12971395e+02 1.31393486e+03
4.19891862e-07 1.52793764e+02 1.19187265e+03
4.20322868e-07 1.09682486e+02 1.24762182e+03
4.20753874e-07 2.71618983e+02 1.32875028e+03
4.21184880e-07 2.47817441e+02 1.32261546e+03
4.21615886e-07 1.41330366e+02 1.29894185e+03
4.22046891e-07 3.18026210e+02 1.39765873e+03
4.22477897e-07 2.11946323e+02 1.30480346e+03
4.22908903e-07 1.63997963e+02 1.31480765e+03
4.23339909e-07 2.49151666e+01 1.19415436e+03
4.23770915e-07 2.04326085e+01 1.17353330e+03
4.24201921e-07 1.76396407e+02 1.29337933e+03
4.24632927e-07 1.97123771e+02 1.34556989e+03
4.25063933e-07 1.15736840e+02 1.33639913e+03
4.25494938e-07 1.29979090e+02 1.25730702e+03
4.25925944e-07 3.01847196e+02 1.40665722e+03
4.26356950e-07 3.00602578e+02 1.42585547e+03
4.26787956e-07 3.69192915e+02 1.47668253e+03
4.27218962e-07 7.79502266e+01 1.34306149e+03
4.27649968e-07 1.89779255e+02 1.39588520e+03
4.28080974e-07 2.55156583e+02 1.41468696e+03
4.28511979e-07 1.05843812e+02 1.33418792e+03
4.28942985e-07 8.05686371e+01 1.33406511e+03
4.29373991e-07 1.60876292e+02 1.30930654e+03
4.29804997e-07 7.80777418e+01 1.25221798e+03
4.30236003e-07 5.52604469e+01 1.28703294e+03
4.30667009e-07 2.68354237e+02 1.30582113e+03
4.31098015e-07 7.65927273e+02 1.61358864e+03
4.31529021e-07 7.29769667e+02 1.67801571e+03
4.31960026e-07 3.06105735e+02 1.52016897e+03
4.32391032e-07 3.88016672e+02 1.51034172e+03
4.32822038e-07 2.66328126e+02 1.43012174e+03
4.33253044e-07 3.57086023e+02 1.52678034e+03
4.33684050e-07 3.29746237e+02 1.43465173e+03
4.34115056e-07 3.38422725e+02 1.49703146e+03
4.34546062e-07 3.71819569e+02 1.56172538e+03
4.34977067e-07 4.24430285e+02 1.56701339e+03
4.35408073e-07 3.87756277e+02 1.58586768e+03
4.35839079e-07 4.30073661e+02 1.70508470e+03
4.36270085e-07 4.51786207e+02 1.66015596e+03
4.36701091e-07 3.83212132e+02 1.64172440e+03
4.37132097e-07 4.59181692e+02 1.70942051e+03
4.37563103e-07 4.10786021e+02 1.62745355e+03
4.37994109e-07 4.92363277e+02 1.65898756e+03
4.38425114e-07 5.70849066e+02 1.64535665e+03
4.38856120e-07 4.55616130e+02 1.64345415e+03
4.39287126e-07 2.64388729e+02 1.57484343e+03
4.39718132e-07 5.04496252e+02 1.74609315e+03
4.40149138e-07 5.11966898e+02 1.81533312e+03
4.40580144e-07 3.68571541e+02 1.77161765e+03
4.41011150e-07 3.71972747e+02 1.79851592e+03
4.41442155e-07 4.79390052e+02 1.92089866e+03
4.41873161e-07 3.95920162e+02 1.86022056e+03
4.42304167e-07 4.63191032e+02 1.90651563e+03
4.42735173e-07 4.32319958e+02 1.83381229e+03
4.43166179e-07 4.32911721e+02 1.88147016e+03
4.43597185e-07 5.06235184e+02 1.83608113e+03
4.44028191e-07 4.29829867e+02 1.90526685e+03
4.44459196e-07 5.02787442e+02 1.89322081e+03
4.44890202e-07 6.41496118e+02 1.88196813e+03
4.45321208e-07 2.12898422e+02 1.68901194e+03
4.45752214e-07 4.44492978e+02 1.77451339e+03
4.46183220e-07 4.51428596e+02 1.74308345e+03
4.46614226e-07 4.89252698e+02 1.76705610e+03
4.47045232e-07 4.92441305e+02 1.83409473e+03
4.47476238e-07 6.52213914e+02 1.86866430e+03
4.47907243e-07 5.07534098e+02 1.81876281e+03
4.48338249e-07 5.96972366e+02 1.91631778e+03
4.48769255e-07 4.13963056e+02 1.84402652e+03
4.49200261e-07 7.28870342e+02 2.05261484e+03
4.49631267e-07 7.03935844e+02 1.97377062e+03
4.50062273e-07 8.64458176e+02 2.07925482e+03
4.50493279e-07 6.92605796e+02 2.09492749e+03
4.50924284e-07 2.69412480e+02 1.85823705e+03
4.51355290e-07 5.82069177e+02 1.95941656e+03
4.51786296e-07 3.78523288e+02 1.89343010e+03
4.52217302e-07 5.25051270e+02 1.99953169e+03
4.52648308e-07 8.11474745e+02 2.21514499e+03
4.53079314e-07 6.04904367e+02 2.09409703e+03
4.53510320e-07 6.50282167e+02 2.10573237e+03
4.53941326e-07 7.50453426e+02 2.18948837e+03
4.54372331e-07 5.56219787e+02 2.15612093e+03
4.54803337e-07 5.54749596e+02 2.14043521e+03
4.55234343e-07 5.30809574e+02 2.14083597e+03
4.55665349e-07 4.68175609e+02 2.01851698e+03
4.56096355e-07 6.71757391e+02 2.15806159e+03
4.56527361e-07 7.12310368e+02 2.19237355e+03
4.56958367e-07 5.81304168e+02 2.07234225e+03
4.57389372e-07 5.78914674e+02 2.09516854e+03
4.57820378e-07 5.52343740e+02 2.07728553e+03
4.58251384e-07 9.89101732e+02 2.35392678e+03
4.58682390e-07 9.57259757e+02 2.29576151e+03
4.59113396e-07 7.55958560e+02 2.16487184e+03
4.59544402e-07 8.06436599e+02 2.16145393e+03
4.59975408e-07 7.22359369e+02 2.12133029e+03
4.60406413e-07 6.59725776e+02 2.14858089e+03
4.60837419e-07 6.50673525e+02 2.20881095e+03
4.61268425e-07 9.49152443e+02 2.36743095e+03
4.61699431e-07 6.46438429e+02 2.21258529e+03
4.62130437e-07 7.88415994e+02 2.28385056e+03
4.62561443e-07 8.76277542e+02 2.34622571e+03
4.62992449e-07 8.31309686e+02 2.22356077e+03
4.63423455e-07 6.66165280e+02 2.21060080e+03
4.63854460e-07 6.66639095e+02 2.15994473e+03
4.64285466e-07 8.04431467e+02 2.25370945e+03
4.64716472e-07 8.56507218e+02 2.31610451e+03
4.65147478e-07 6.36244206e+02 2.17980161e+03
4.65578484e-07 6.72030252e+02 2.34430625e+03
4.66009490e-07 5.84912083e+02 2.26842293e+03
4.66440496e-07 5.44890705e+02 2.21833504e+03
4.66871501e-07 7.74866942e+02 2.38170111e+03
4.67302507e-07 8.73866280e+02 2.52881078e+03
4.67733513e-07 9.28869139e+02 2.57474054e+03
4.68164519e-07 9.96801684e+02 2.46458862e+03
4.68595525e-07 1.12819335e+03 2.51217543e+03
4.69026531e-07 7.18489203e+02 2.38628854e+03
4.69457537e-07 9.64352623e+02 2.48737100e+03
4.69888543e-07 8.60320720e+02 2.36400676e+03
4.70319548e-07 7.60336926e+02 2.35712866e+03
4.70750554e-07 1.14103756e+03 2.57516734e+03
4.71181560e-07 1.06717703e+03 2.54933508e+03
4.71612566e-07 1.16324486e+03 2.58190503e+03
4.72043572e-07 1.08076650e+03 2.52586175e+03
4.72474578e-07 1.06859791e+03 2.56123532e+03
4.72905584e-07 1.05673314e+03 2.51835527e+03
4.73336589e-07 1.09056109e+03 2.45877005e+03
4.73767595e-07 1.24929661e+03 2.55746787e+03
4.74198601e-07 9.28973954e+02 2.51275783e+03
4.74629607e-07 8.36420948e+02 2.37902078e+03
4.75060613e-07 8.50733057e+02 2.42588577e+03
4.75491619e-07 9.25487474e+02 2.37709454e+03
4.75922625e-07 9.96217582e+02 2.43283988e+03
4.76353630e-07 1.06131538e+03 2.44115233e+03
4.76784636e-07 1.22015689e+03 2.59740511e+03
4.77215642e-07 1.27712898e+03 2.68034469e+03
4.77646648e-07 9.34839667e+02 2.60284586e+03
4.78077654e-07 7.82577098e+02 2.54968503e+03
4.78508660e-07 9.84587869e+02 2.53858482e+03
4.78939666e-07 1.11561745e+03 2.58059837e+03
4.79370672e-07 1.21709093e+03 2.65388150e+03
4.79801677e-07 1.12119984e+03 2.65205736e+03
4.80232683e-07 1.11947342e+03 2.68338046e+03
4.80663689e-07 1.45319769e+03 2.82027053e+03
4.81094695e-07 1.41130690e+03 2.82574381e+03
4.81525701e-07 9.54656604e+02 2.65310839e+03
4.81956707e-07 1.05291370e+03 2.84415133e+03
4.82387713e-07 1.02694816e+03 2.82577193e+03
4.82818718e-07 1.35924734e+03 2.93662447e+03
4.83249724e-07 1.48326445e+03 3.06285422e+03
4.83680730e-07 1.40502702e+03 3.03993228e+03
4.84111736e-07 1.62069070e+03 3.11953200e+03
4.84542742e-07 1.40973275e+03 2.96124733e+03
4.84973748e-07 1.27430697e+03 2.84594453e+03
4.85404754e-07 1.65298486e+03 2.86785186e+03
4.85835760e-07 1.72394657e+03 2.87470607e+03
4.86266765e-07 1.49406723e+03 2.81059354e+03
4.86697771e-07 1.70040226e+03 2.92360812e+03
4.87128777e-07 1.40524482e+03 2.80136468e+03
4.87559783e-07 1.61040503e+03 2.95663459e+03
4.87990789e-07 1.65011085e+03 3.05170679e+03
4.88421795e-07 1.77441480e+03 2.96220339e+03
4.88852801e-07 1.19935239e+03 2.80990630e+03
4.89283806e-07 1.33414370e+03 2.98275114e+03
4.89714812e-07 1.40356368e+03 2.91520228e+03
4.90145818e-07 1.19154236e+03 2.85686945e+03
4.90576824e-07 1.63041079e+03 3.08258718e+03
4.91007830e-07 1.81161593e+03 3.08487575e+03
4.91438836e-07 1.82782639e+03 3.11115599e+03
4.91869842e-07 1.56033362e+03 2.95104800e+03
4.92300848e-07 1.67306159e+03 3.06159460e+03
4.92731853e-07 1.72793952e+03 3.17656107e+03
4.93162859e-07 1.66237454e+03 3.07905627e+03
4.93593865e-07 1.67042788e+03 3.08387105e+03
4.94024871e-07 1.62872385e+03 3.08780470e+03
4.94455877e-07 2.19219540e+03 3.37924129e+03
4.94886883e-07 1.68443042e+03 3.22951275e+03
4.95317889e-07 1.94802091e+03 3.25354172e+03
4.95748894e-07 2.01254642e+03 3.34256050e+03
4.96179900e-07 1.80207237e+03 3.27357533e+03
4.96610906e-07 1.90790935e+03 3.32219032e+03
4.97041912e-07 1.62162106e+03 3.23771499e+03
4.97472918e-07 2.02888004e+03 3.39024442e+03
4.97903924e-07 1.75313351e+03 3.21600946e+03
4.98334930e-07 1.41625877e+03 3.11170470e+03
4.98765935e-07 1.84261581e+03 3.32993808e+03
4.99196941e-07 2.20183853e+03 3.48817708e+03
4.99627947e-07 1.89735476e+03 3.43901692e+03
5.00058953e-07 2.02121476e+03 3.42357278e+03
5.00489959e-07 2.19221197e+03 3.46761183e+03
5.00920965e-07 2.32332275e+03 3.47928195e+03
5.01351971e-07 2.13661327e+03 3.38239257e+03
5.01782977e-07 1.96291300e+03 3.31685819e+03
5.02213982e-07 2.13838351e+03 3.43894332e+03
5.02644988e-07 1.65342096e+03 3.23116942e+03
5.03075994e-07 2.18792768e+03 3.52765942e+03
5.03507000e-07 2.01487212e+03 3.31407755e+03
5.03938006e-07 1.85334359e+03 3.27701093e+03
5.04369012e-07 2.41895332e+03 3.59031964e+03
5.04800018e-07 2.12969620e+03 3.43832033e+03
5.05231023e-07 2.48020795e+03 3.54580707e+03
5.05662029e-07 2.32674519e+03 3.46753504e+03
5.06093035e-07 2.05172259e+03 3.44767027e+03
5.06524041e-07 2.14282625e+03 3.54321941e+03
5.06955047e-07 2.25869520e+03 3.51970424e+03
5.07386053e-07 1.95307409e+03 3.33369558e+03
5.07817059e-07 2.40643056e+03 3.52688369e+03
5.08248065e-07 2.36136264e+03 3.52109113e+03
5.08679070e-07 2.05308376e+03 3.48836008e+03
5.09110076e-07 2.56452538e+03 3.73879438e+03
5.09541082e-07 2.54570471e+03 3.64473635e+03
5.09972088e-07 2.64259570e+03 3.73688085e+03
5.10403094e-07 2.72521832e+03 3.80863736e+03
5.10834100e-07 2.38173411e+03 3.68112588e+03
5.11265106e-07 2.76050424e+03 3.82420119e+03
5.11696111e-07 2.09993822e+03 3.56554210e+03
5.12127117e-07 2.07776627e+03 3.61023253e+03
5.12558123e-07 2.37288217e+03 3.59998028e+03
5.12989129e-07 2.71881723e+03 3.87419861e+03
5.13420135e-07 2.54183815e+03 3.78340239e+03
5.13851141e-07 2.62188699e+03 3.80874660e+03
5.14282147e-07 2.68494717e+03 3.92470356e+03
5.14713152e-07 1.95481476e+03 3.58719337e+03
5.15144158e-07 2.34469574e+03 3.78535824e+03
5.15575164e-07 2.86240267e+03 4.00462455e+03
5.16006170e-07 2.73824047e+03 3.89646849e+03
5.16437176e-07 2.74766746e+03 3.82054951e+03
5.16868182e-07 2.63854100e+03 3.64529562e+03
5.17299188e-07 2.56263952e+03 3.63026108e+03
5.17730194e-07 2.72086735e+03 3.87926487e+03
5.18161199e-07 2.79426936e+03 3.88061579e+03
5.18592205e-07 3.18015727e+03 4.04283356e+03
5.19023211e-07 2.61109882e+03 4.10412098e+03
5.19454217e-07 2.39664202e+03 4.58789674e+03
5.19885223e-07 2.89249643e+03 5.10893656e+03
5.20316229e-07 2.94902935e+03 4.77692502e+03
5.20747235e-07 2.92670963e+03 4.17055850e+03
5.21178240e-07 2.83607083e+03 3.98552557e+03
5.21609246e-07 2.87743172e+03 4.09068585e+03
5.22040252e-07 2.37877594e+03 3.99066215e+03
5.22471258e-07 3.02839015e+03 4.25783777e+03
5.22902264e-07 2.86758391e+03 4.14364146e+03
5.23333270e-07 3.05018875e+03 4.32688782e+03
5.23764276e-07 4.43498800e+03 4.86319119e+03
5.24195282e-07 5.07040203e+03 5.12115976e+03
5.24626287e-07 3.57813231e+03 4.41697229e+03
5.25057293e-07 2.75018243e+03 4.17976889e+03
5.25488299e-07 2.65564097e+03 4.19080355e+03
5.25919305e-07 3.33670502e+03 4.43236756e+03
5.26350311e-07 3.13609335e+03 4.09168011e+03
5.26781317e-07 2.66258402e+03 3.91289647e+03
5.27212323e-07 2.30683349e+03 3.92498699e+03
5.27643328e-07 2.83717910e+03 4.24754024e+03
5.28074334e-07 2.91168179e+03 4.12093613e+03
5.28505340e-07 2.48499076e+03 4.01548598e+03
5.28936346e-07 2.95647962e+03 4.24461157e+03
5.29367352e-07 2.85864834e+03 4.21489851e+03
5.29798358e-07 2.93646113e+03 4.29078908e+03
5.30229364e-07 3.26255327e+03 4.46547794e+03
5.30660370e-07 2.85742192e+03 4.30128554e+03
5.31091375e-07 3.35279405e+03 4.52238237e+03
5.31522381e-07 2.92578951e+03 4.35052949e+03
5.31953387e-07 2.83460941e+03 4.26451503e+03
5.32384393e-07 2.87206686e+03 4.31945200e+03
5.32815399e-07 3.31013326e+03 4.47735799e+03
5.33246405e-07 2.81430661e+03 4.34637940e+03
5.33677411e-07 3.66780029e+03 4.63987828e+03
5.34108416e-07 3.02602068e+03 4.30960594e+03
5.34539422e-07 3.61712289e+03 4.68540320e+03
5.34970428e-07 3.23627033e+03 4.70297986e+03
5.35401434e-07 3.36754940e+03 4.69561731e+03
5.35832440e-07 3.14351777e+03 4.57285124e+03
5.36263446e-07 3.35734013e+03 4.61300911e+03
5.36694452e-07 3.37131104e+03 4.57809455e+03
5.37125457e-07 3.82192699e+03 4.72831873e+03
5.37556463e-07 3.67644718e+03 4.72782931e+03
5.37987469e-07 3.53187846e+03 4.55271665e+03
5.38418475e-07 3.80591248e+03 4.73703121e+03
5.38849481e-07 3.35462847e+03 4.42640569e+03
5.39280487e-07 2.98950962e+03 4.41009209e+03
5.39711493e-07 3.25489974e+03 4.40222599e+03
5.40142499e-07 2.88980114e+03 4.19533107e+03
5.40573504e-07 3.24811855e+03 4.40507901e+03
5.41004510e-07 3.36611539e+03 4.39824518e+03
5.41435516e-07 3.63151802e+03 4.54044112e+03
5.41866522e-07 3.88119088e+03 4.71180526e+03
5.42297528e-07 3.66097411e+03 4.56617655e+03
5.42728534e-07 3.20131917e+03 4.40094551e+03
5.43159540e-07 2.77879487e+03 4.27348862e+03
5.43590545e-07 3.43815088e+03 4.62487102e+03
5.44021551e-07 3.63237145e+03 4.60131831e+03
5.44452557e-07 3.74739360e+03 4.68940924e+03
5.44883563e-07 3.46799230e+03 4.67631265e+03
5.45314569e-07 3.21538565e+03 4.48716374e+03
5.45745575e-07 3.75452142e+03 4.88787036e+03
5.46176581e-07 3.72948765e+03 4.95761621e+03
5.46607587e-07 3.49780989e+03 4.74226032e+03
5.47038592e-07 3.03636824e+03 4.50641947e+03
5.47469598e-07 3.88551835e+03 4.81203439e+03
5.47900604e-07 4.33463893e+03 5.04512106e+03
5.48331610e-07 3.39556204e+03 4.71581601e+03
5.48762616e-07 3.71081175e+03 4.79189798e+03
5.49193622e-07 4.18753547e+03 5.10435084e+03
5.49624628e-07 3.57873374e+03 4.73455911e+03
5.50055633e-07 3.95042362e+03 5.10761341e+03
5.50486639e-07 3.60276593e+03 4.83958614e+03
5.50917645e-07 3.64948879e+03 4.81399665e+03
5.51348651e-07 3.77360946e+03 4.95616015e+03
5.51779657e-07 3.79847913e+03 4.94329431e+03
5.52210663e-07 4.01007098e+03 5.04392442e+03
5.52641669e-07 3.41148449e+03 4.73802323e+03
5.53072674e-07 4.03222069e+03 5.07236657e+03
5.53503680e-07 4.11736905e+03 5.11488433e+03
5.53934686e-07 4.26521020e+03 5.47862346e+03
5.54365692e-07 3.80348087e+03 5.44000316e+03
5.54796698e-07 3.57638584e+03 5.28162551e+03
5.55227704e-07 3.95467386e+03 5.10197977e+03
5.55658710e-07 4.31976347e+03 5.37968741e+03
5.56089716e-07 4.17363540e+03 5.52394228e+03
5.56520721e-07 4.41464674e+03 5.89197467e+03
5.56951727e-07 5.14358742e+03 1.43965232e+04
5.57382733e-07 1.75516447e+03 3.97302629e+04
5.57813739e-07 5.27261278e+02 4.48171588e+04
5.58244745e-07 1.32438723e+03 1.98225539e+04
5.58675751e-07 3.00720887e+03 7.44324488e+03
5.59106757e-07 3.43739437e+03 5.38301047e+03
5.59537762e-07 4.07149240e+03 5.39406280e+03
5.59968768e-07 3.61331503e+03 5.36429932e+03
5.60399774e-07 4.21227936e+03 5.66621537e+03
5.60830780e-07 3.98084711e+03 5.47570523e+03
5.61261786e-07 4.16958724e+03 5.31401665e+03
5.61692792e-07 3.67503651e+03 5.29104094e+03
5.62123798e-07 3.91241312e+03 5.56001730e+03
5.62554804e-07 4.40111426e+03 5.64602324e+03
5.62985809e-07 3.90966762e+03 5.33202010e+03
5.63416815e-07 4.12563918e+03 5.29429235e+03
5.63847821e-07 4.14011559e+03 5.39135352e+03
5.64278827e-07 4.23368416e+03 5.58306469e+03
5.64709833e-07 4.60480037e+03 5.69223319e+03
5.65140839e-07 4.24361537e+03 5.38870560e+03
5.65571845e-07 4.30689465e+03 5.54598839e+03
5.66002850e-07 4.02029419e+03 5.25753342e+03
5.66433856e-07 4.37166704e+03 5.54381363e+03
5.66864862e-07 4.79374598e+03 5.78572863e+03
5.67295868e-07 5.11022465e+03 5.95683968e+03
5.67726874e-07 4.05586760e+03 5.54823028e+03
5.68157880e-07 4.30643787e+03 5.67434509e+03
5.68588886e-07 4.52616799e+03 5.83081262e+03
5.69019891e-07 4.39267950e+03 5.71299864e+03
5.69450897e-07 4.46978332e+03 5.88038949e+03
5.69881903e-07 3.70283282e+03 5.48235709e+03
5.70312909e-07 3.62521655e+03 5.42747461e+03
5.70743915e-07 3.85524137e+03 5.41939607e+03
5.71174921e-07 4.74461482e+03 5.61027297e+03
5.71605927e-07 4.84357076e+03 5.88671074e+03
5.72036933e-07 4.38749842e+03 5.76364785e+03
5.72467938e-07 5.15670351e+03 5.95418106e+03
5.72898944e-07 4.80055476e+03 5.80993923e+03
5.73329950e-07 4.57584582e+03 5.74832657e+03
5.73760956e-07 5.40388080e+03 6.14311736e+03
5.74191962e-07 4.74623074e+03 5.75714646e+03
5.74622968e-07 5.21748808e+03 5.91282372e+03
5.75053974e-07 5.05408452e+03 5.85440180e+03
5.75484979e-07 5.07497057e+03 5.92094993e+03
5.75915985e-07 4.87409709e+03 5.83449340e+03
5.76346991e-07 5.08674756e+03 5.87903144e+03
5.76777997e-07 4.99593014e+03 5.93810019e+03
5.77209003e-07 4.93737008e+03 5.93759420e+03
5.77640009e-07 4.77525808e+03 5.86687380e+03
5.78071015e-07 5.08480846e+03 5.93291198e+03
5.78502021e-07 4.82651638e+03 5.72262759e+03
5.78933026e-07 4.95325339e+03 5.81887716e+03
5.79364032e-07 5.71202148e+03 6.25692462e+03
5.79795038e-07 5.74515518e+03 6.40417607e+03
5.80226044e-07 5.09360989e+03 5.91657076e+03
5.80657050e-07 5.55098465e+03 6.21986678e+03
5.81088056e-07 5.50450512e+03 6.20949616e+03
5.81519062e-07 5.09653002e+03 6.05383935e+03
5.81950067e-07 5.04945440e+03 6.09027046e+03
5.82381073e-07 5.13208461e+03 6.14572492e+03
5.82812079e-07 5.18073301e+03 6.13198604e+03
5.83243085e-07 5.40356903e+03 6.21710291e+03
5.83674091e-07 5.65449952e+03 6.30084474e+03
5.84105097e-07 5.53464395e+03 6.32422512e+03
5.84536103e-07 5.29259533e+03 6.25331933e+03
5.84967109e-07 5.19764348e+03 6.05215740e+03
5.85398114e-07 5.39668599e+03 6.20583739e+03
5.85829120e-07 5.24902837e+03 6.50358056e+03
5.86260126e-07 6.22874873e+03 7.90639207e+03
5.86691132e-07 6.19569291e+03 8.53027101e+03
5.87122138e-07 5.66934891e+03 7.82645347e+03
5.87553144e-07 5.58376247e+03 6.90865264e+03
5.87984150e-07 5.77130889e+03 7.41714962e+03
5.88415155e-07 6.08651854e+03 1.09776626e+04
5.88846161e-07 5.76093980e+03 1.54242931e+04
5.89277167e-07 5.27133758e+03 1.52991143e+04
5.89708173e-07 4.63828508e+03 1.12476840e+04
5.90139179e-07 5.51822657e+03 8.24544026e+03
5.90570185e-07 5.62394281e+03 7.57420286e+03
5.91001191e-07 5.97867490e+03 7.74538997e+03
5.91432196e-07 6.04693743e+03 8.15492411e+03
5.91863202e-07 5.05188160e+03 7.52821784e+03
5.92294208e-07 5.27647102e+03 7.30040793e+03
5.92725214e-07 5.33547491e+03 7.66130269e+03
5.93156220e-07 5.53661330e+03 8.15133620e+03
5.93587226e-07 5.71218182e+03 7.67540640e+03
5.94018232e-07 6.03536206e+03 7.36495028e+03
5.94449238e-07 5.96661604e+03 7.51491999e+03
5.94880243e-07 6.06286219e+03 8.13528517e+03
5.95311249e-07 5.98063648e+03 8.26706705e+03
5.95742255e-07 6.13279679e+03 7.40306383e+03
5.96173261e-07 6.16174594e+03 7.07947327e+03
5.96604267e-07 6.53250061e+03 7.38672685e+03
5.97035273e-07 5.69856570e+03 7.24102538e+03
5.97466279e-07 5.80043603e+03 7.67107431e+03
5.97897284e-07 6.35880455e+03 7.58553616e+03
5.98328290e-07 5.93098059e+03 7.00914680e+03
5.98759296e-07 5.87972453e+03 6.74323998e+03
5.99190302e-07 5.71974123e+03 6.69650914e+03
5.99621308e-07 5.85643948e+03 7.16303835e+03
6.00052314e-07 6.39110701e+03 7.51157165e+03
6.00483320e-07 6.33526648e+03 7.14294944e+03
6.00914326e-07 6.12821524e+03 6.83190752e+03
6.01345331e-07 6.03447157e+03 6.56875856e+03
6.01776337e-07 5.46422688e+03 6.33591424e+03
6.02207343e-07 6.12541492e+03 6.76934729e+03
6.02638349e-07 5.78966460e+03 6.78904937e+03
6.03069355e-07 5.69024346e+03 6.81612200e+03
6.03500361e-07 5.82574907e+03 6.67601215e+03
6.03931367e-07 6.52013242e+03 6.84128039e+03
6.04362372e-07 6.07431049e+03 6.68388661e+03
6.04793378e-07 5.63940046e+03 6.39147215e+03
6.05224384e-07 7.82114762e+03 7.42888643e+03
6.05655390e-07 9.83640633e+03 8.15989556e+03
6.06086396e-07 6.52453827e+03 6.84402948e+03
6.06517402e-07 6.84737168e+03 6.98634053e+03
6.06948408e-07 6.19599462e+03 6.73793000e+03
6.07379413e-07 6.20638382e+03 6.73035733e+03
6.07810419e-07 6.31862752e+03 6.62924044e+03
6.08241425e-07 6.96084707e+03 6.82749462e+03
6.08672431e-07 6.53880605e+03 6.62563027e+03
6.09103437e-07 7.12727070e+03 7.03741745e+03
6.09534443e-07 6.45458877e+03 6.75653354e+03
6.09965449e-07 6.57605359e+03 6.86416225e+03
6.10396455e-07 6.59880896e+03 6.87476599e+03
6.10827460e-07 6.85129577e+03 6.98137574e+03
6.11258466e-07 6.91915935e+03 6.94750215e+03
6.11689472e-07 7.28850056e+03 6.99703447e+03
6.12120478e-07 6.73491316e+03 6.77903729e+03
6.12551484e-07 7.21417542e+03 6.92008721e+03
6.12982490e-07 6.76359549e+03 6.89311876e+03
6.13413496e-07 6.89044385e+03 7.32635750e+03
6.13844501e-07 6.92338843e+03 7.58277507e+03
6.14275507e-07 7.05326138e+03 7.59848471e+03
6.14706513e-07 6.53910072e+03 7.19443186e+03
6.15137519e-07 7.01240792e+03 7.00133909e+03
6.15568525e-07 6.95144642e+03 6.79093155e+03
6.15999531e-07 7.45837264e+03 7.05404866e+03
6.16430537e-07 7.47217470e+03 7.28437927e+03
6.16861543e-07 7.87183633e+03 7.95342803e+03
6.17292548e-07 7.02313102e+03 7.64111407e+03
6.17723554e-07 6.61367243e+03 7.04003982e+03
6.18154560e-07 6.75276965e+03 6.98068521e+03
6.18585566e-07 7.44841674e+03 7.23999684e+03
6.19016572e-07 7.03412964e+03 7.23208649e+03
6.19447578e-07 6.71243141e+03 7.22903874e+03
6.19878584e-07 7.73847389e+03 7.77677610e+03
6.20309589e-07 7.24618030e+03 7.67109057e+03
6.20740595e-07 7.48590747e+03 7.40542575e+03
6.21171601e-07 7.17429284e+03 7.30214236e+03
6.21602607e-07 7.20221250e+03 7.54453207e+03
6.22033613e-07 7.85278428e+03 8.05594788e+03
6.22464619e-07 8.22619178e+03 8.01984403e+03
6.22895625e-07 7.46471491e+03 8.55134013e+03
6.23326630e-07 7.36735234e+03 1.08128355e+04
6.23757636e-07 7.58617270e+03 1.09514020e+04
6.24188642e-07 7.45030617e+03 9.35244430e+03
6.24619648e-07 6.97950929e+03 7.88149394e+03
6.25050654e-07 7.63676278e+03 8.27605707e+03
6.25481660e-07 7.34678271e+03 9.78893671e+03
6.25912666e-07 6.79528893e+03 9.71363256e+03
6.26343672e-07 7.23158957e+03 9.15693106e+03
6.26774677e-07 7.03482238e+03 8.22685238e+03
6.27205683e-07 7.24799003e+03 7.92846337e+03
6.27636689e-07 7.21975384e+03 7.62725418e+03
6.28067695e-07 6.68379826e+03 8.04645795e+03
6.28498701e-07 7.39350305e+03 9.27853756e+03
6.28929707e-07 6.32355720e+03 9.76023245e+03
6.29360713e-07 7.47146669e+03 2.29507697e+04
6.29791718e-07 5.53384592e+03 4.41674699e+04
6.30222724e-07 5.10005264e+03 3.89913679e+04
6.30653730e-07 7.11599202e+03 1.76384711e+04
6.31084736e-07 6.62862105e+03 9.11576271e+03
6.31515742e-07 7.62897052e+03 8.00364394e+03
6.31946748e-07 8.15356903e+03 8.60440204e+03
6.32377754e-07 7.80387450e+03 9.35741811e+03
6.32808760e-07 7.49866117e+03 1.00209627e+04
6.33239765e-07 7.76628815e+03 9.20269534e+03
6.33670771e-07 7.30152509e+03 7.71252626e+03
6.34101777e-07 7.57874227e+03 7.64635771e+03
6.34532783e-07 7.81720653e+03 8.30824996e+03
6.34963789e-07 7.40644654e+03 8.69828535e+03
6.35394795e-07 8.01279406e+03 1.04097184e+04
6.35825801e-07 8.74907992e+03 1.63041849e+04
6.36256806e-07 6.63261412e+03 2.09769512e+04
6.36687812e-07 7.40643563e+03 1.54616420e+04
6.37118818e-07 6.64830984e+03 8.76387916e+03
6.37549824e-07 5.94354214e+03 7.27040399e+03
6.37980830e-07 6.27163020e+03 7.68487786e+03
6.38411836e-07 7.12795011e+03 8.46321923e+03
6.38842842e-07 7.42007600e+03 8.14639574e+03
6.39273848e-07 8.06857437e+03 7.65321934e+03
6.39704853e-07 8.18103830e+03 7.56573038e+03
6.40135859e-07 7.51917216e+03 7.40694786e+03
6.40566865e-07 7.95960469e+03 7.49833282e+03
6.40997871e-07 8.67810318e+03 7.94311658e+03
6.41428877e-07 8.59767165e+03 8.27689073e+03
6.41859883e-07 8.56413475e+03 8.15070981e+03
6.42290889e-07 8.31772528e+03 7.95856193e+03
6.42721894e-07 8.51267801e+03 7.85715085e+03
6.43152900e-07 8.22331379e+03 7.66297087e+03
6.43583906e-07 7.84194944e+03 7.45066959e+03
6.44014912e-07 8.05174176e+03 7.62905294e+03
6.44445918e-07 8.38541911e+03 7.80869411e+03
6.44876924e-07 8.09082116e+03 7.92827695e+03
6.45307930e-07 8.51293228e+03 8.31194276e+03
6.45738935e-07 9.05332584e+03 8.97798852e+03
6.46169941e-07 9.03225088e+03 1.05790201e+04
6.46600947e-07 8.26110412e+03 1.12754219e+04
6.47031953e-07 7.92050055e+03 1.03926329e+04
6.47462959e-07 8.21503586e+03 9.10213149e+03
6.47893965e-07 8.59548954e+03 8.38348743e+03
6.48324971e-07 8.65138895e+03 7.82730531e+03
6.48755977e-07 8.32944723e+03 7.74985445e+03
6.49186982e-07 8.54791856e+03 9.02267383e+03
6.49617988e-07 8.45344797e+03 1.14326021e+04
6.50048994e-07 8.34401328e+03 1.13266199e+04
6.50480000e-07 8.05045671e+03 9.55081657e+03
6.50911006e-07 9.00690108e+03 8.74325035e+03
6.51342012e-07 8.28187749e+03 8.19781625e+03
6.51773018e-07 7.88386798e+03 8.15924649e+03
6.52204023e-07 8.71519028e+03 8.87620210e+03
6.52635029e-07 8.88522003e+03 9.56947806e+03
6.53066035e-07 8.49467603e+03 1.04960791e+04
6.53497041e-07 8.76314991e+03 1.02328695e+04
6.53928047e-07 8.35317934e+03 9.15315818e+03
6.54359053e-07 8.51253295e+03 9.49127091e+03
6.54790059e-07 8.79123167e+03 1.03353537e+04
6.55221065e-07 9.24902988e+03 1.15320497e+04
6.55652070e-07 8.93429157e+03 1.03761690e+04
6.56083076e-07 8.46506021e+03 9.43566238e+03
6.56514082e-07 9.55855058e+03 9.83499917e+03
6.56945088e-07 9.78120740e+03 1.01323878e+04
6.57376094e-07 9.33746013e+03 1.09445239e+04
6.57807100e-07 8.73839247e+03 1.04849131e+04
6.58238106e-07 9.42379675e+03 9.19500826e+03
6.58669111e-07 9.19606464e+03 8.26490698e+03
6.59100117e-07 8.67220567e+03 8.30950195e+03
6.59531123e-07 9.54665904e+03 9.03523476e+03
6.59962129e-07 9.51160340e+03 9.69625314e+03
6.60393135e-07 9.61635146e+03 9.70446789e+03
6.60824141e-07 9.51035189e+03 8.83479155e+03
6.61255147e-07 9.31036065e+03 8.17621998e+03
6.61686152e-07 9.35600769e+03 8.28016460e+03
6.62117158e-07 9.17155208e+03 8.26497064e+03
6.62548164e-07 9.27884327e+03 8.55994494e+03
6.62979170e-07 9.48684055e+03 8.82924007e+03
6.63410176e-07 8.60352089e+03 8.74780852e+03
6.63841182e-07 8.99516662e+03 8.33986179e+03
6.64272188e-07 9.43963997e+03 8.02866890e+03
6.64703194e-07 8.91561876e+03 7.86176370e+03
6.65134199e-07 1.00647796e+04 8.34168493e+03
6.65565205e-07 9.36907981e+03 8.17456849e+03
6.65996211e-07 9.72165020e+03 8.52056671e+03
6.66427217e-07 9.51261643e+03 8.66579758e+03
6.66858223e-07 8.68777672e+03 8.08284843e+03
6.67289229e-07 8.94479051e+03 7.99241838e+03
6.67720235e-07 8.88726111e+03 7.79774162e+03
6.68151240e-07 9.57643887e+03 8.17612490e+03
6.68582246e-07 9.94710443e+03 8.32445054e+03
6.69013252e-07 9.51212711e+03 8.18209107e+03
6.69444258e-07 8.67082916e+03 7.91635455e+03
6.69875264e-07 9.68521044e+03 8.38557133e+03
6.70306270e-07 9.30586280e+03 8.45065816e+03
6.70737276e-07 8.76905274e+03 8.04163599e+03
6.71168282e-07 1.00914594e+04 8.44699418e+03
6.71599287e-07 9.25102772e+03 8.10800721e+03
6.72030293e-07 9.03317791e+03 8.14613577e+03
6.72461299e-07 8.52470236e+03 7.68999451e+03
6.72892305e-07 9.71228797e+03 8.30377785e+03
6.73323311e-07 1.05719520e+04 8.50704517e+03
6.73754317e-07 1.20080482e+04 9.19893087e+03
6.74185323e-07 9.73263184e+03 8.47781425e+03
6.74616328e-07 9.08207732e+03 8.25369371e+03
6.75047334e-07 8.90632614e+03 7.85265866e+03
6.75478340e-07 8.63971376e+03 7.79380135e+03
6.75909346e-07 8.76443199e+03 7.80234987e+03
6.76340352e-07 8.12093448e+03 7.57250373e+03
6.76771358e-07 9.36810095e+03 8.09099521e+03
6.77202364e-07 9.40227485e+03 8.07591353e+03
6.77633370e-07 8.72171733e+03 7.89647279e+03
6.78064375e-07 9.55929743e+03 8.23332607e+03
6.78495381e-07 1.00408892e+04 8.32086039e+03
6.78926387e-07 8.56284257e+03 7.84491180e+03
6.79357393e-07 9.64302990e+03 8.25542511e+03
6.79788399e-07 9.21572597e+03 7.99408342e+03
6.80219405e-07 9.21870345e+03 7.99399946e+03
6.80650411e-07 9.72862927e+03 8.29067476e+03
6.81081416e-07 9.46942210e+03 8.15850457e+03
6.81512422e-07 9.58388540e+03 8.25566368e+03
6.81943428e-07 9.74447313e+03 9.02703487e+03
6.82374434e-07 1.02942432e+04 1.30696390e+04
6.82805440e-07 1.08672544e+04 1.80865698e+04
6.83236446e-07 8.72512562e+03 1.70308194e+04
6.83667452e-07 8.78408598e+03 1.30460560e+04
6.84098457e-07 9.62128113e+03 1.05973158e+04
6.84529463e-07 9.29413462e+03 8.95622312e+03
6.84960469e-07 9.36579816e+03 8.32282179e+03
6.85391475e-07 8.67525637e+03 8.60247259e+03
6.85822481e-07 1.02790944e+04 1.34630875e+04
6.86253487e-07 9.29886926e+03 1.70673722e+04
6.86684493e-07 7.06601870e+03 1.24005697e+04
6.87115499e-07 6.28922529e+03 7.80576265e+03
6.87546504e-07 7.74944560e+03 7.77072099e+03
6.87977510e-07 8.12376878e+03 8.58978743e+03
6.88408516e-07 7.93202428e+03 9.16601302e+03
6.88839522e-07 7.71565420e+03 9.18303342e+03
6.89270528e-07 8.02369466e+03 8.79795015e+03
6.89701534e-07 8.26709848e+03 8.59903888e+03
6.90132540e-07 8.35467707e+03 8.55670099e+03
6.90563545e-07 9.38668273e+03 9.48900407e+03
6.90994551e-07 9.24636428e+03 1.10227867e+04
6.91425557e-07 8.68063632e+03 1.08254928e+04
6.91856563e-07 9.68688796e+03 1.24161539e+04
6.92287569e-07 9.07525043e+03 1.28839535e+04
6.92718575e-07 9.12214328e+03 1.01074251e+04
6.93149581e-07 9.17529289e+03 8.91791073e+03
6.93580587e-07 9.04518497e+03 1.02999734e+04
6.94011592e-07 9.21801375e+03 1.15995840e+04
6.94442598e-07 9.82975345e+03 1.35666613e+04
6.94873604e-07 9.42719888e+03 1.45164231e+04
6.95304610e-07 1.02309838e+04 1.13604447e+04
6.95735616e-07 9.49887568e+03 8.77274452e+03
6.96166622e-07 9.48266318e+03 8.87821788e+03
6.96597628e-07 9.88775655e+03 1.01797762e+04
6.97028633e-07 9.90319964e+03 1.10229078e+04
6.97459639e-07 1.00967520e+04 1.26603063e+04
6.97890645e-07 9.38535927e+03 1.21491190e+04
6.98321651e-07 9.29867565e+03 9.64437640e+03
6.98752657e-07 1.01712091e+04 8.77478430e+03
6.99183663e-07 1.04322027e+04 8.70266829e+03
6.99614669e-07 9.90117663e+03 8.97289520e+03
7.00045674e-07 9.37618794e+03 9.34702459e+03
7.00476680e-07 9.99241851e+03 1.01972766e+04
7.00907686e-07 1.02673043e+04 1.06839066e+04
7.01338692e-07 1.01081731e+04 9.77011344e+03
7.01769698e-07 9.64540081e+03 8.39978492e+03
7.02200704e-07 9.94775579e+03 8.27444859e+03
7.02631710e-07 9.89514113e+03 8.25602006e+03
7.03062716e-07 9.63136430e+03 8.24047818e+03
7.03493721e-07 9.72534348e+03 8.39453741e+03
7.03924727e-07 9.98977621e+03 9.11621297e+03
7.04355733e-07 1.09222693e+04 1.04400793e+04
7.04786739e-07 1.02307571e+04 1.04549803e+04
7.05217745e-07 9.30107899e+03 9.19234528e+03
7.05648751e-07 9.53782230e+03 8.64813517e+03
7.06079757e-07 1.07740605e+04 9.18193649e+03
7.06510762e-07 1.03180179e+04 9.24189240e+03
7.06941768e-07 9.92296919e+03 8.99191789e+03
7.07372774e-07 9.81798005e+03 8.87715727e+03
7.07803780e-07 9.95946115e+03 9.06736795e+03
7.08234786e-07 1.14876061e+04 9.77140661e+03
7.08665792e-07 1.21768787e+04 1.01844703e+04
7.09096798e-07 1.04846908e+04 9.26576773e+03
7.09527804e-07 1.24073493e+04 9.53360374e+03
7.09958809e-07 1.79841031e+04 1.16428123e+04
7.10389815e-07 2.01852790e+04 1.24655314e+04
7.10820821e-07 1.54769797e+04 1.05837889e+04
7.11251827e-07 1.08051444e+04 8.62373911e+03
7.11682833e-07 1.02893625e+04 8.46985696e+03
7.12113839e-07 1.27556059e+04 9.54850944e+03
7.12544845e-07 1.44206252e+04 1.03842324e+04
7.12975850e-07 1.30211566e+04 1.01339710e+04
7.13406856e-07 1.09909915e+04 9.01788818e+03
7.13837862e-07 9.65995547e+03 8.65946345e+03
7.14268868e-07 9.38222315e+03 9.09447257e+03
7.14699874e-07 9.85704125e+03 9.20764082e+03
7.15130880e-07 9.06122968e+03 8.46612724e+03
7.15561886e-07 1.07175114e+04 8.97484877e+03
7.15992891e-07 1.06597247e+04 8.99251922e+03
7.16423897e-07 1.07377268e+04 9.07562367e+03
7.16854903e-07 9.15332046e+03 8.31013363e+03
7.17285909e-07 8.68277744e+03 8.14589203e+03
7.17716915e-07 7.82953449e+03 7.85163596e+03
7.18147921e-07 8.91570235e+03 8.01391749e+03
7.18578927e-07 8.20056947e+03 7.47141563e+03
7.19009933e-07 8.92826895e+03 7.71676590e+03
7.19440938e-07 8.20231905e+03 7.26875261e+03
7.19871944e-07 8.30397404e+03 7.29735770e+03
7.20302950e-07 8.52635566e+03 7.54354967e+03
7.20733956e-07 8.17116681e+03 7.46538023e+03
7.21164962e-07 8.75063385e+03 7.43210813e+03
7.21595968e-07 9.03051998e+03 7.74479955e+03
7.22026974e-07 8.61763691e+03 7.89497959e+03
7.22457979e-07 8.59367252e+03 7.90786559e+03
7.22888985e-07 7.74986914e+03 8.09656248e+03
7.23319991e-07 6.90671147e+03 1.26242154e+04
7.23750997e-07 8.08137281e+03 2.36882646e+04
7.24182003e-07 9.84170631e+03 2.94910174e+04
7.24613009e-07 8.91189230e+03 2.17744298e+04
7.25044015e-07 7.03421207e+03 1.34024853e+04
7.25475021e-07 8.83204414e+03 1.10165342e+04
7.25906026e-07 7.22502565e+03 8.31403515e+03
7.26337032e-07 8.42539048e+03 8.44667256e+03
7.26768038e-07 9.09664304e+03 1.18523121e+04
7.27199044e-07 8.43222439e+03 2.08432062e+04
7.27630050e-07 1.00170059e+04 2.65233577e+04
7.28061056e-07 7.24905427e+03 1.97101211e+04
7.28492062e-07 9.87556320e+03 1.56626872e+04
7.28923067e-07 7.78857629e+03 1.11051338e+04
7.29354073e-07 8.02134064e+03 1.05123929e+04
7.29785079e-07 8.02219976e+03 1.14195609e+04
7.30216085e-07 8.60019850e+03 1.26298974e+04
7.30647091e-07 7.38975494e+03 1.16127584e+04
7.31078097e-07 6.30816858e+03 1.60064802e+04
7.31509103e-07 8.69344598e+03 2.25138613e+04
7.31940109e-07 9.35669613e+03 1.66690250e+04
7.32371114e-07 7.01477221e+03 1.31990326e+04
7.32802120e-07 9.24607152e+03 1.58764407e+04
7.33233126e-07 4.04591883e+03 1.33957655e+04
7.33664132e-07 8.56528394e+03 2.19877108e+04
7.34095138e-07 9.12907160e+03 2.62980803e+04
7.34526144e-07 5.06130996e+03 1.42898773e+04
7.34957150e-07 6.83048832e+03 9.46432815e+03
7.35388155e-07 7.52928072e+03 1.22852471e+04
7.35819161e-07 9.95334578e+03 1.55379403e+04
7.36250167e-07 5.37487498e+03 1.51068653e+04
7.36681173e-07 8.53357095e+03 2.19326421e+04
7.37112179e-07 9.00962389e+03 1.98657158e+04
7.37543185e-07 7.17395564e+03 1.06092666e+04
7.37974191e-07 9.11503665e+03 8.76790966e+03
7.38405196e-07 8.42078609e+03 9.37620630e+03
7.38836202e-07 9.48210655e+03 1.26523980e+04
7.39267208e-07 8.47710180e+03 1.37891730e+04
7.39698214e-07 6.66704617e+03 1.53085146e+04
7.40129220e-07 1.07952771e+04 1.88584453e+04
7.40560226e-07 7.72875974e+03 1.26605215e+04
7.40991232e-07 8.77180096e+03 9.40594758e+03
7.41422238e-07 9.18473702e+03 8.86980691e+03
7.41853243e-07 8.26970740e+03 8.40755317e+03
7.42284249e-07 8.35646041e+03 9.04760683e+03
7.42715255e-07 9.99276716e+03 1.15852179e+04
7.43146261e-07 8.13397166e+03 1.20042744e+04
7.43577267e-07 8.62041554e+03 1.37035561e+04
7.44008273e-07 8.97053236e+03 1.27906486e+04
7.44439279e-07 9.66027463e+03 9.77352997e+03
7.44870284e-07 8.80361644e+03 8.32728935e+03
7.45301290e-07 9.39929849e+03 8.84852914e+03
7.45732296e-07 9.51343263e+03 9.84099860e+03
7.46163302e-07 8.60973240e+03 1.10195304e+04
7.46594308e-07 8.97484702e+03 1.32321569e+04
7.47025314e-07 8.53727221e+03 1.47166138e+04
7.47456320e-07 8.62141850e+03 1.53522196e+04
7.47887326e-07 8.11080501e+03 1.57674003e+04
7.48318331e-07 8.59553052e+03 1.46326053e+04
7.48749337e-07 9.15850909e+03 1.15489438e+04
7.49180343e-07 9.22569586e+03 1.04839524e+04
7.49611349e-07 8.33150989e+03 9.33045280e+03
7.50042355e-07 8.73691144e+03 8.73260053e+03
7.50473361e-07 9.31074730e+03 8.66659676e+03
7.50904367e-07 9.29486956e+03 8.69063465e+03
7.51335372e-07 8.05751072e+03 9.33903444e+03
7.51766378e-07 7.65718710e+03 1.38394340e+04
7.52197384e-07 9.26453455e+03 2.09012693e+04
7.52628390e-07 8.57655091e+03 1.86820072e+04
7.53059396e-07 8.28136807e+03 1.33368295e+04
7.53490402e-07 8.71869755e+03 1.07036871e+04
7.53921408e-07 9.33480299e+03 1.00238040e+04
7.54352413e-07 8.93142970e+03 9.19421710e+03
7.54783419e-07 8.47344946e+03 8.59571512e+03
7.55214425e-07 7.87772736e+03 9.61240145e+03
7.55645431e-07 9.33255802e+03 1.10264608e+04
7.56076437e-07 9.00175619e+03 1.02942049e+04
7.56507443e-07 7.57180995e+03 1.15741550e+04
7.56938449e-07 9.43586025e+03 1.66287999e+04
7.57369455e-07 8.80112614e+03 1.47904258e+04
7.57800460e-07 8.50004340e+03 1.04737736e+04
7.58231466e-07 9.11153651e+03 1.10158148e+04
7.58662472e-07 8.06582687e+03 1.07536903e+04
7.59093478e-07 5.54025161e+03 8.12643585e+03
7.59524484e-07 3.13403763e+03 6.46678826e+03
7.59955490e-07 1.82602496e+03 4.99434115e+03
7.60386496e-07 1.41461668e+03 3.54377890e+03
7.60817501e-07 1.61059648e+03 3.65450253e+03
7.61248507e-07 3.36695430e+03 5.93419794e+03
7.61679513e-07 6.08982520e+03 8.84163360e+03
7.62110519e-07 4.18704095e+03 7.81122132e+03
7.62541525e-07 3.24232757e+03 6.95087599e+03
7.62972531e-07 2.94430859e+03 6.42250428e+03
7.63403537e-07 3.65054005e+03 5.55436917e+03
7.63834543e-07 4.50450841e+03 5.60658215e+03
7.64265548e-07 4.61860648e+03 5.71659540e+03
7.64696554e-07 5.34114206e+03 6.63029923e+03
7.65127560e-07 5.62107532e+03 7.77802926e+03
7.65558566e-07 5.48223736e+03 8.45254839e+03
7.65989572e-07 6.87207794e+03 1.02931321e+04
7.66420578e-07 6.98732150e+03 9.85046513e+03
7.66851584e-07 7.08804098e+03 8.16085694e+03
7.67282589e-07 7.18486839e+03 7.49960655e+03
7.67713595e-07 8.34692660e+03 8.63757770e+03
7.68144601e-07 8.41185352e+03 8.93008321e+03
7.68575607e-07 7.94926218e+03 9.72961749e+03
7.69006613e-07 8.17423559e+03 1.00208562e+04
7.69437619e-07 7.22902582e+03 9.69703065e+03
7.69868625e-07 7.44242164e+03 9.85565461e+03
7.70299630e-07 6.89142531e+03 1.04406808e+04
7.70730636e-07 7.10913676e+03 1.98482479e+04
7.71161642e-07 8.64153322e+03 3.98742034e+04
7.71592648e-07 8.97267121e+03 4.10722714e+04
7.72023654e-07 6.45104786e+03 2.50350301e+04
7.72454660e-07 6.91149074e+03 1.60492758e+04
7.72885666e-07 2.99795651e+04 1.15705328e+04
7.73316672e-07 7.25670330e+03 1.05106223e+04
7.73747677e-07 7.60794492e+03 1.01283301e+04
7.74178683e-07 6.57167263e+03 1.25561170e+04
7.74609689e-07 1.10529363e+04 2.87386248e+04
7.75040695e-07 9.24046579e+03 3.50987818e+04
7.75471701e-07 7.85673453e+03 2.53228187e+04
7.75902707e-07 7.11487505e+03 1.85983974e+04
7.76333713e-07 7.39986623e+03 1.35877819e+04
7.76764718e-07 7.12246700e+03 1.13386819e+04
7.77195724e-07 8.17987055e+03 1.43277836e+04
7.77626730e-07 7.77028280e+03 1.53805798e+04
7.78057736e-07 7.36158151e+03 1.44228470e+04
7.78488742e-07 5.50235884e+03 1.28053321e+04
7.78919748e-07 7.41297937e+03 2.16119483e+04
7.79350754e-07 7.80274091e+03 2.65064531e+04
7.79781760e-07 6.91426119e+03 1.73502738e+04
7.80212765e-07 6.37845687e+03 1.26279508e+04
7.80643771e-07 7.72637240e+03 1.67652375e+04
7.81074777e-07 6.04239234e+03 1.53699703e+04
7.81505783e-07 6.94717849e+03 1.99213907e+04
7.81936789e-07 7.38645719e+03 3.06162507e+04
7.82367795e-07 7.21243824e+03 2.48158049e+04
7.82798801e-07 7.94069756e+03 1.28445249e+04
7.83229806e-07 8.46048628e+03 1.07141604e+04
7.83660812e-07 8.00067096e+03 1.41337192e+04
7.84091818e-07 7.48832741e+03 1.66156974e+04
7.84522824e-07 6.93621123e+03 2.00534991e+04
7.84953830e-07 7.73888474e+03 3.47711993e+04
7.85384836e-07 6.54886036e+03 4.12126582e+04
7.85815842e-07 5.61899855e+03 2.96316427e+04
7.86246848e-07 5.46383339e+03 2.23457455e+04
7.86677853e-07 6.64486312e+03 2.37748561e+04
7.87108859e-07 6.07885342e+03 2.30336715e+04
7.87539865e-07 6.16199578e+03 1.96381244e+04
7.87970871e-07 7.01613077e+03 2.01704415e+04
7.88401877e-07 6.50833154e+03 2.12263639e+04
7.88832883e-07 5.95656171e+03 2.27175117e+04
7.89263889e-07 5.75277040e+03 1.69509741e+04
7.89694894e-07 7.21261597e+03 1.09243168e+04
7.90125900e-07 7.50560007e+03 9.90342647e+03
7.90556906e-07 5.90702564e+03 1.51953136e+04
7.90987912e-07 5.08539207e+03 3.38678289e+04
7.91418918e-07 4.75906966e+03 4.34466293e+04
7.91849924e-07 3.67038384e+03 3.27442774e+04
7.92280930e-07 4.12150894e+03 2.22257310e+04
7.92711935e-07 4.46461532e+03 1.87981193e+04
7.93142941e-07 6.75169742e+03 1.91490231e+04
7.93573947e-07 8.00034874e+03 1.33826480e+04
7.94004953e-07 7.35925787e+03 1.10608216e+04
7.94435959e-07 8.61781034e+03 1.48330784e+04
7.94866965e-07 7.48634909e+03 1.56798635e+04
7.95297971e-07 6.60085564e+03 1.19279580e+04
7.95728977e-07 6.20050519e+03 1.43050858e+04
7.96159982e-07 6.79902045e+03 2.75276130e+04
7.96590988e-07 7.48350498e+03 2.79158874e+04
7.97021994e-07 5.09043810e+03 1.60763467e+04
7.97453000e-07 5.80086178e+03 1.75081036e+04
