1.33890000e-01
3.61217000e-07 2.67899554e+00 4.11154540e+02
3.62079061e-07 1.48965115e+02 6.50947414e+02
3.62510091e-07 7.56163062e+01 4.49560918e+02
3.62941121e-07 6.73713960e+00 3.25978234e+02
3.63372152e-07 8.43352486e+01 5.73349359e+02
3.63803182e-07 1.22626149e+02 8.40949189e+02
3.64234212e-07 3.56370327e+02 2.53965127e+03
3.65096273e-07 9.01881445e+01 4.75032840e+02
3.65527303e-07 4.17309088e+01 3.58627897e+02
3.65958333e-07 1.00961968e+02 3.43713546e+02
3.66389364e-07 5.04119078e+01 4.00147961e+02
3.66820394e-07 5.48223557e+01 4.17207569e+02
3.67251424e-07 3.88867675e+01 3.95068445e+02
3.68113485e-07 9.08188272e+01 4.61990946e+02
3.68544515e-07 7.09319238e+01 3.92437345e+02
3.68975545e-07 6.03952281e+01 3.38608647e+02
3.69406576e-07 8.58571535e+01 4.16365555e+02
3.69837606e-07 6.17156500e+01 4.15486689e+02
3.70268636e-07 8.08764782e+01 5.76090946e+02
3.70699667e-07 9.28544324e+01 5.19203324e+02
3.71130697e-07 1.36790515e+02 5.72959910e+02
3.71561727e-07 1.75656498e+02 5.51198760e+02
3.71992758e-07 5.64879630e+01 3.91025962e+02
3.72423788e-07 5.83807127e+01 3.49706450e+02
3.72854818e-07 7.40027193e+01 4.39975802e+02
3.73285848e-07 1.18726435e+02 5.39586121e+02
3.73716879e-07 1.09636849e+02 4.85725337e+02
3.74147909e-07 1.07838723e+02 4.87472450e+02
3.74578939e-07 4.11304754e+00 3.76967993e+02
3.75009970e-07 2.43568772e+01 4.05576753e+02
3.75441000e-07 8.38467160e+01 4.52126545e+02
3.75872030e-07 9.97183958e+01 4.16548287e+02
3.76303061e-07 1.06435505e+02 4.01965725e+02
3.76734091e-07 6.86394265e+01 3.64088290e+02
3.77165121e-07 3.52545012e+01 3.74361938e+02
3.77596152e-07 6.70602295e+01 4.19176122e+02
3.78027182e-07 2.19168682e+02 5.51668018e+02
3.78458212e-07 2.05460733e+02 4.91159039e+02
3.78889242e-07 7.55393737e+01 3.94759822e+02
3.79320273e-07 5.05375780e+01 4.15702042e+02
3.79751303e-07 4.01428110e+01 4.04064026e+02
3.80182333e-07 3.10675703e+01 4.04217783e+02
3.80613364e-07 5.49656458e+01 3.52649629e+02
3.81044394e-07 6.16052114e+01 3.94941045e+02
3.81475424e-07 1.01743822e+02 5.04313779e+02
3.81906455e-07 1.23794845e+02 4.64326889e+02
3.82337485e-07 5.12125744e+01 3.99748061e+02
3.82768515e-07 9.94929024e+01 4.77348826e+02
3.83199545e-07 3.08208880e+00 4.44652989e+02
3.83630576e-07 1.81368777e+02 5.89719091e+02
3.84061606e-07 7.87908001e+01 4.81756241e+02
3.84492636e-07 1.36559999e+02 5.19986664e+02
3.84923667e-07 2.26267586e+02 5.93701925e+02
3.85354697e-07 1.30154126e+01 4.20518770e+02
3.85785727e-07 6.73909179e+01 3.96941475e+02
3.86216758e-07 2.09606673e+02 4.80786829e+02
3.86647788e-07 2.09403623e+02 4.76243772e+02
3.87078818e-07 1.69283668e+02 5.03611409e+02
3.87509848e-07 4.30148506e+01 4.34895365e+02
3.87940879e-07 6.22929768e+01 4.33480920e+02
3.88371909e-07 6.76097363e+01 4.15173852e+02
3.88802939e-07 1.76765181e+02 4.37430073e+02
3.89233970e-07 1.94270313e+02 8.07613428e+02
3.89665000e-07 1.08533477e+02 8.35812855e+02
3.90096030e-07 1.06157246e+02 8.44735938e+02
3.90527061e-07 1.79538584e+02 5.49298523e+02
3.90958091e-07 5.47505432e+01 5.13474869e+02
3.91389121e-07 8.50919672e+01 5.46914803e+02
3.91820152e-07 1.30282163e+02 5.46172348e+02
3.92251182e-07 6.76372701e+01 4.69393092e+02
3.92682212e-07 8.51311293e+01 4.47658057e+02
3.93113242e-07 8.25858043e+01 4.29694545e+02
3.93544273e-07 1.23746263e+02 4.42617732e+02
3.93975303e-07 1.35228328e+02 5.27146143e+02
3.94406333e-07 1.33710458e+02 5.70061374e+02
3.94837364e-07 1.65974893e+02 6.05569756e+02
3.95268394e-07 1.75026950e+02 5.90530883e+02
3.95699424e-07 1.30524989e+02 5.61495730e+02
3.96130455e-07 8.98409756e+01 4.90414471e+02
3.96561485e-07 1.49344769e+02 4.81532660e+02
3.96992515e-07 1.41615665e+02 4.70547387e+02
3.97423545e-07 1.48496114e+02 4.98620081e+02
3.97854576e-07 1.87279278e+02 5.67734718e+02
3.98285606e-07 1.63666849e+02 5.75240582e+02
3.98716636e-07 1.65833858e+02 5.93422248e+02
3.99147667e-07 1.69214318e+02 5.63251138e+02
3.99578697e-07 1.55586358e+02 5.74426232e+02
4.00009727e-07 2.57679412e+01 5.71081363e+02
4.00440758e-07 1.55002824e+02 6.30082280e+02
4.00871788e-07 1.36867275e+02 6.63048900e+02
4.01302818e-07 2.28366247e+02 7.01454255e+02
4.01733848e-07 1.13572296e+02 6.23163205e+02
4.02164879e-07 9.68906096e+01 6.54139848e+02
4.02595909e-07 1.24170669e+02 6.29892838e+02
4.03026939e-07 1.72792944e+02 6.51839780e+02
4.03457970e-07 1.70415595e+02 6.73497465e+02
4.03889000e-07 1.70292504e+02 6.86488994e+02
4.04751061e-07 1.62294128e+02 7.61912311e+02
4.05182091e-07 8.80116636e+00 6.70905066e+02
4.05613121e-07 3.21616094e+00 6.51674806e+02
4.06044152e-07 2.21815234e+02 7.23124351e+02
4.06475182e-07 9.02826363e+01 7.13870235e+02
4.06906212e-07 1.09789369e+02 7.59665997e+02
4.07337242e-07 1.90321216e+02 7.71705222e+02
4.07768273e-07 1.87564250e+02 7.45726655e+02
4.08199303e-07 2.22892221e+02 7.56946876e+02
4.08630333e-07 2.17089891e+02 7.83947257e+02
4.09061364e-07 1.62432535e+02 7.52744346e+02
4.09492394e-07 1.55669344e+02 7.15330115e+02
4.09923424e-07 1.47634942e+02 6.83932006e+02
4.10354455e-07 1.99507695e+02 6.66805060e+02
4.10785485e-07 2.27201393e+02 7.38487888e+02
4.11216515e-07 2.68561454e+02 7.81755975e+02
4.11647545e-07 2.23163297e+02 7.33344749e+02
4.12078576e-07 1.24552211e+02 6.97769711e+02
4.12509606e-07 1.85423671e+02 7.46957184e+02
4.12940636e-07 2.08413303e+02 7.74030286e+02
4.13371667e-07 1.91636132e+02 7.30760993e+02
4.13802697e-07 3.73298643e+02 8.37238391e+02
4.14233727e-07 2.06850743e+02 7.73192297e+02
4.14664758e-07 5.64368664e+01 7.17791913e+02
4.15095788e-07 1.25373404e+02 7.50257554e+02
4.15526818e-07 1.42725819e+02 7.61964249e+02
4.15957848e-07 2.66224553e+02 8.32745957e+02
4.16388879e-07 1.53192720e+02 8.66055262e+02
4.16819909e-07 1.96060629e+02 9.24563969e+02
4.17250939e-07 2.30792060e+02 8.72144094e+02
4.17681970e-07 7.97541581e+01 7.98240450e+02
4.18113000e-07 1.78716536e+02 8.19772928e+02
4.18544030e-07 3.05755692e+02 8.48556224e+02
4.18975061e-07 2.71996243e+02 8.48541679e+02
4.19406091e-07 1.37736899e+02 7.71869689e+02
4.19837121e-07 1.51458208e+02 7.48891995e+02
4.20268152e-07 9.10155751e+01 7.26884995e+02
4.20699182e-07 2.14469498e+02 8.04575592e+02
4.21130212e-07 2.67520593e+02 8.59172043e+02
4.21561242e-07 1.77599481e+02 7.88480609e+02
4.21992273e-07 2.05422332e+02 8.30780057e+02
4.22423303e-07 6.20196571e+02 9.63919807e+02
4.22854333e-07 5.93535710e+02 9.41853264e+02
4.23285364e-07 4.20020986e+02 8.69833733e+02
4.23716394e-07 1.38247298e+02 7.77399263e+02
4.24147424e-07 2.65415703e+02 8.08257897e+02
4.24578455e-07 3.19126689e+02 8.69913874e+02
4.25009485e-07 1.39684370e+02 8.27796982e+02
4.25440515e-07 1.67011880e+02 8.67486454e+02
4.25871545e-07 3.05274984e+02 8.89195454e+02
4.26302576e-07 3.22150115e+02 9.00952617e+02
4.26733606e-07 2.68739027e+02 8.82090234e+02
4.27164636e-07 2.39644867e+02 9.28963794e+02
4.27595667e-07 2.69643282e+02 9.03816726e+02
4.28026697e-07 2.68013825e+02 8.71597696e+02
4.28457727e-07 3.57419717e+02 9.05030508e+02
4.28888758e-07 3.51668912e+02 9.05717289e+02
4.29319788e-07 3.51683298e+02 9.00034836e+02
4.29750818e-07 5.45958930e+02 9.95148054e+02
4.30181848e-07 2.21057515e+02 8.19467938e+02
4.30612879e-07 1.89735871e+02 8.48033880e+02
4.31043909e-07 5.19766849e+01 8.66604484e+02
4.31474939e-07 3.04800422e+02 9.96153167e+02
4.31905970e-07 3.09974521e+02 9.98947389e+02
4.32337000e-07 2.40286003e+02 9.38397082e+02
4.32768030e-07 3.26587220e+02 9.76472295e+02
4.33199061e-07 4.27658454e+02 1.02252999e+03
4.33630091e-07 2.74827205e+02 9.21051667e+02
4.34061121e-07 2.33177314e+02 9.31445455e+02
4.34492152e-07 2.42816623e+02 9.01232321e+02
4.34923182e-07 1.95904489e+02 9.17737911e+02
4.35354212e-07 4.02252735e+02 1.00340876e+03
4.35785242e-07 5.30366539e+02 1.15486952e+03
4.36216273e-07 4.29985276e+02 1.08934557e+03
4.36647303e-07 4.11959621e+02 1.08673921e+03
4.37078333e-07 5.44344803e+02 1.11547283e+03
4.37509364e-07 2.19830859e+02 9.97711081e+02
4.37940394e-07 3.99041308e+02 1.03335201e+03
4.38371424e-07 4.60606430e+02 1.06492947e+03
4.38802455e-07 2.74796618e+02 1.00416477e+03
4.39233485e-07 4.19476054e+02 1.04121095e+03
4.39664515e-07 4.09551700e+02 1.06570193e+03
4.40095545e-07 3.98701192e+02 1.15292964e+03
4.40526576e-07 2.55811153e+02 1.11236961e+03
4.40957606e-07 3.40061212e+02 1.17263102e+03
4.41388636e-07 2.14372292e+02 1.16390650e+03
4.41819667e-07 1.65216250e+02 1.10359504e+03
4.42250697e-07 4.77084791e+02 1.22770641e+03
4.42681727e-07 4.75779517e+02 1.22601236e+03
4.43112758e-07 3.49999847e+02 1.13587800e+03
4.43543788e-07 4.49303523e+02 1.18833662e+03
4.43974818e-07 5.01499605e+02 1.19938869e+03
4.44405848e-07 4.30637936e+02 1.16100710e+03
4.44836879e-07 3.95682451e+02 1.19838679e+03
4.45267909e-07 2.86046151e+02 1.10264192e+03
4.45698939e-07 1.92080659e+02 1.03000603e+03
4.46129970e-07 3.52452057e+02 1.05791604e+03
4.46561000e-07 2.75381950e+02 1.09672820e+03
4.46992030e-07 3.49678332e+02 1.13669786e+03
4.47423061e-07 3.42000979e+02 1.13801313e+03
4.47854091e-07 3.88288982e+02 1.16080770e+03
4.48285121e-07 3.01506479e+02 1.11542792e+03
4.48716152e-07 4.83731730e+02 1.20071629e+03
4.49147182e-07 5.00152006e+02 1.22097750e+03
4.49578212e-07 2.76229799e+02 1.14146761e+03
4.50009242e-07 3.16687874e+02 1.17351638e+03
4.50440273e-07 2.95401145e+02 1.16016283e+03
4.50871303e-07 1.68420439e+02 1.15664626e+03
4.51302333e-07 3.16574232e+02 1.24093964e+03
4.51733364e-07 5.10323231e+02 1.34087455e+03
4.52164394e-07 5.93277138e+02 1.33177547e+03
4.52595424e-07 4.90543830e+02 1.28813404e+03
4.53026455e-07 6.58668723e+02 1.38327676e+03
4.53457485e-07 5.70449804e+02 1.38920030e+03
4.53888515e-07 5.56297549e+02 1.35832657e+03
4.54319545e-07 6.07227149e+02 1.41496886e+03
4.54750576e-07 4.56127317e+02 1.35923619e+03
4.55181606e-07 5.59380600e+02 1.39344020e+03
4.55612636e-07 7.82698023e+02 1.46204890e+03
4.56043667e-07 5.13690336e+02 1.36831735e+03
4.56474697e-07 4.16906836e+02 1.31439782e+03
4.56905727e-07 4.38063038e+02 1.34235757e+03
4.57336758e-07 5.57891759e+02 1.34003050e+03
4.57767788e-07 6.23652460e+02 1.44256494e+03
4.58198818e-07 6.48671936e+02 1.48546912e+03
4.58629848e-07 6.22988842e+02 1.42203510e+03
4.59060879e-07 6.53300010e+02 1.43087324e+03
4.59491909e-07 5.59081858e+02 1.39581151e+03
4.59922939e-07 5.67268994e+02 1.41462997e+03
4.60353970e-07 5.40919506e+02 1.38288264e+03
4.60785000e-07 5.49573843e+02 1.35837228e+03
4.61216030e-07 6.42110558e+02 1.42606619e+03
4.61647061e-07 7.46233290e+02 1.50318698e+03
4.62078091e-07 6.89065942e+02 1.47994508e+03
4.62509121e-07 5.37460053e+02 1.41954669e+03
4.62940152e-07 5.74217128e+02 1.41623096e+03
4.63371182e-07 5.36133431e+02 1.43403074e+03
4.63802212e-07 6.22617116e+02 1.45472733e+03
4.64233242e-07 6.65159017e+02 1.44800357e+03
4.64664273e-07 5.48970220e+02 1.37349381e+03
4.65095303e-07 6.75906743e+02 1.48250683e+03
4.65526333e-07 7.43727046e+02 1.50822942e+03
4.65957364e-07 6.16993255e+02 1.55573939e+03
4.66388394e-07 6.01283227e+02 1.56074892e+03
4.66819424e-07 7.41831124e+02 1.56862801e+03
4.67250455e-07 6.76031831e+02 1.53268016e+03
4.67681485e-07 6.14977225e+02 1.53440472e+03
4.68112515e-07 4.59901085e+02 1.51593753e+03
4.68543545e-07 5.56595928e+02 1.53059665e+03
4.68974576e-07 7.47690115e+02 1.58755588e+03
4.69405606e-07 7.24673437e+02 1.60796140e+03
4.69836636e-07 6.98058205e+02 1.56710353e+03
4.70267667e-07 6.80345173e+02 1.52246465e+03
4.70698697e-07 7.50011476e+02 1.59080522e+03
4.71129727e-07 6.89735567e+02 1.60515790e+03
4.71560758e-07 7.64710766e+02 1.60909785e+03
4.71991788e-07 7.99187920e+02 1.62945311e+03
4.72422818e-07 6.93310068e+02 1.61393002e+03
4.72853848e-07 4.92898857e+02 1.52811847e+03
4.73284879e-07 5.53447427e+02 1.50707949e+03
4.73715909e-07 6.78064526e+02 1.59634500e+03
4.74146939e-07 9.51254454e+02 1.72554083e+03
4.74577970e-07 8.81225445e+02 1.68496808e+03
4.75009000e-07 7.34485704e+02 1.62329354e+03
4.75440030e-07 8.23111754e+02 1.67111933e+03
4.75871061e-07 8.66741503e+02 1.69017103e+03
4.76302091e-07 8.43200627e+02 1.64787431e+03
4.76733121e-07 8.26151676e+02 1.63063848e+03
4.77164152e-07 7.72545274e+02 1.68115149e+03
4.77595182e-07 1.07505438e+03 3.11396358e+03
4.78026212e-07 9.25695130e+02 3.00980397e+03
4.78457242e-07 7.87953939e+02 2.94487557e+03
4.78888273e-07 9.68105367e+02 2.98249790e+03
4.79319303e-07 4.60295762e+02 2.83091655e+03
4.79750333e-07 9.45208453e+02 1.85839442e+03
4.80181364e-07 7.80095166e+02 1.73200728e+03
4.80612394e-07 8.21780187e+02 1.75052568e+03
4.81043424e-07 8.21374751e+02 1.76143876e+03
4.81474455e-07 7.48688015e+02 1.80156206e+03
4.81905485e-07 7.88183506e+02 1.88008032e+03
4.82336515e-07 8.38177366e+02 1.89557432e+03
4.82767545e-07 1.07608200e+03 1.96806713e+03
4.83198576e-07 1.08651100e+03 2.67875874e+03
4.83629606e-07 7.42678759e+02 2.53136853e+03
4.84060636e-07 7.34330801e+02 2.50603962e+03
4.84491667e-07 1.04129713e+03 1.94419496e+03
4.84922697e-07 6.49538905e+02 1.78795658e+03
4.85353727e-07 1.01784811e+03 1.95097982e+03
4.85784758e-07 9.31537873e+02 1.74641790e+03
4.86215788e-07 7.90154449e+02 1.67954840e+03
4.86646818e-07 9.73283534e+02 1.77895290e+03
4.87077848e-07 6.26241558e+02 1.71409185e+03
4.87508879e-07 6.13271997e+02 1.67117748e+03
4.87939909e-07 8.60194329e+02 1.84627983e+03
4.88370939e-07 7.46373549e+02 1.79263979e+03
4.88801970e-07 8.16370286e+02 1.83830198e+03
4.89233000e-07 8.03184214e+02 1.87424437e+03
4.89664030e-07 9.15897121e+02 1.91999291e+03
4.90095061e-07 8.82311686e+02 1.87526704e+03
4.90526091e-07 7.45446268e+02 1.84666334e+03
4.90957121e-07 9.78097016e+02 1.96733041e+03
4.91388152e-07 1.07063903e+03 1.91651379e+03
4.91819182e-07 6.29048747e+02 1.76748386e+03
4.92250212e-07 8.54210012e+02 1.86035113e+03
4.92681242e-07 7.63490834e+02 1.89547145e+03
4.93112273e-07 6.58486505e+02 1.88904838e+03
4.93543303e-07 7.37600352e+02 1.84610992e+03
4.93974333e-07 9.35945097e+02 1.94137244e+03
4.94405364e-07 1.14106485e+03 2.05342226e+03
4.94836394e-07 1.11970498e+03 2.02334677e+03
4.95267424e-07 7.91517360e+02 1.92864811e+03
4.95698455e-07 8.10576512e+02 1.92422556e+03
4.96129485e-07 8.83192504e+02 1.91912708e+03
4.96560515e-07 7.05425310e+02 1.94948430e+03
4.96991545e-07 1.05636487e+03 2.13676169e+03
4.97422576e-07 8.42423259e+02 2.06372389e+03
4.97853606e-07 8.66466717e+02 2.00078691e+03
4.98284636e-07 8.99446153e+02 1.98817938e+03
4.98715667e-07 9.37331880e+02 2.01067193e+03
4.99146697e-07 1.11752925e+03 2.10572356e+03
4.99577727e-07 1.19159753e+03 2.21964567e+03
5.00008758e-07 1.10017027e+03 2.15145349e+03
5.00439788e-07 1.24064256e+03 2.13726337e+03
5.00870818e-07 1.03565692e+03 2.10190769e+03
5.01301848e-07 1.04637656e+03 2.10534960e+03
5.01732879e-07 8.45020882e+02 1.98912409e+03
5.02163909e-07 8.62355455e+02 2.03427258e+03
5.02594939e-07 1.06323183e+03 2.11640227e+03
5.03025970e-07 1.10993151e+03 2.07348726e+03
5.03457000e-07 1.03234083e+03 2.09339237e+03
5.03888030e-07 1.03782130e+03 2.05202101e+03
5.04319061e-07 1.08108826e+03 2.07934885e+03
5.04750091e-07 1.04724490e+03 2.06576580e+03
5.05181121e-07 1.07531726e+03 2.10361573e+03
5.05612152e-07 1.25466084e+03 2.24976734e+03
5.06043182e-07 1.26943624e+03 2.20950331e+03
5.06474212e-07 1.10618183e+03 2.19493850e+03
5.06905242e-07 1.11200427e+03 2.16179945e+03
5.07336273e-07 1.26380974e+03 2.24612995e+03
5.07767303e-07 1.13463921e+03 2.15576361e+03
5.08198333e-07 9.47785346e+02 2.06011422e+03
5.08629364e-07 1.08925210e+03 2.13740933e+03
5.09060394e-07 1.15782220e+03 2.20495842e+03
5.09491424e-07 1.09406917e+03 2.20542041e+03
5.09922455e-07 1.61704484e+03 2.34917111e+03
5.10353485e-07 9.93536845e+02 2.14707814e+03
5.10784515e-07 1.20828326e+03 2.23027233e+03
5.11215545e-07 1.10822693e+03 2.19366745e+03
5.11646576e-07 9.82591131e+02 2.17058640e+03
5.12077606e-07 1.53336513e+03 2.38722165e+03
5.12508636e-07 1.20088150e+03 2.21311661e+03
5.12939667e-07 1.15161173e+03 2.25977750e+03
5.13370697e-07 1.04910131e+03 2.31262115e+03
5.13801727e-07 1.09956374e+03 2.38296881e+03
5.14232758e-07 1.12416400e+03 2.33627957e+03
5.14663788e-07 1.34150191e+03 2.43493105e+03
5.15094818e-07 1.02528371e+03 2.27108693e+03
5.15525848e-07 1.15620524e+03 2.35550623e+03
5.15956879e-07 1.36525143e+03 2.46711855e+03
5.16387909e-07 1.38133405e+03 2.41340980e+03
5.16818939e-07 1.02923340e+03 2.14074889e+03
5.17249970e-07 1.31706004e+03 2.26620793e+03
5.17681000e-07 1.05272293e+03 2.27718215e+03
5.18112030e-07 1.13674469e+03 2.26034441e+03
5.18543061e-07 1.39692784e+03 2.38199050e+03
5.18974091e-07 1.06186617e+03 2.41412365e+03
5.19405121e-07 1.32156372e+03 2.68984827e+03
5.19836152e-07 1.14792578e+03 3.19721939e+03
5.20267182e-07 1.17454646e+03 3.27960589e+03
5.20698212e-07 1.38031693e+03 2.70863980e+03
5.21129242e-07 1.40190409e+03 2.47944978e+03
5.21560273e-07 1.16307203e+03 2.40225375e+03
5.21991303e-07 1.10171437e+03 2.48145341e+03
5.22422333e-07 1.39579417e+03 2.66375825e+03
5.22853364e-07 1.41008537e+03 2.58716238e+03
5.23284394e-07 1.68037191e+03 2.65088252e+03
5.23715424e-07 1.60960937e+03 2.71664611e+03
5.24146455e-07 1.30985614e+03 2.61689692e+03
5.24577485e-07 1.04097409e+03 2.44940737e+03
5.25008515e-07 1.33319343e+03 2.57095551e+03
5.25439545e-07 1.63831659e+03 2.75465279e+03
5.25870576e-07 1.48844773e+03 2.67033495e+03
5.26301606e-07 1.25555215e+03 2.46777845e+03
5.26732636e-07 1.33459718e+03 2.40264668e+03
5.27163667e-07 1.30489715e+03 2.48223534e+03
5.27594697e-07 1.29931045e+03 2.59770204e+03
5.28025727e-07 9.54653211e+02 2.44603933e+03
5.28456758e-07 1.54340134e+03 2.60033448e+03
5.28887788e-07 1.20045919e+03 2.46654259e+03
5.29318818e-07 1.21265175e+03 2.63053224e+03
5.29749848e-07 1.24532937e+03 2.60341599e+03
5.30180879e-07 1.60779391e+03 2.78522610e+03
5.30611909e-07 1.42812582e+03 2.70905590e+03
5.31042939e-07 1.17015887e+03 2.60352390e+03
5.31473970e-07 1.32175273e+03 2.68171075e+03
5.31905000e-07 1.36207256e+03 2.73038557e+03
5.32336030e-07 1.56615594e+03 2.80949941e+03
5.32767061e-07 1.20949537e+03 2.73417886e+03
5.33198091e-07 1.38762223e+03 2.81489940e+03
5.33629121e-07 1.33145291e+03 2.71149295e+03
5.34060152e-07 1.24744833e+03 2.66148985e+03
5.34491182e-07 1.06337715e+03 2.53715661e+03
5.34922212e-07 1.42379531e+03 2.68421964e+03
5.35353242e-07 1.47589354e+03 2.70909137e+03
5.35784273e-07 1.12292474e+03 2.60191535e+03
5.36215303e-07 1.30033305e+03 2.62987214e+03
5.36646333e-07 1.32216127e+03 2.64960017e+03
5.37077364e-07 1.45208329e+03 2.68365847e+03
5.37508394e-07 1.27043191e+03 2.66992228e+03
5.37939424e-07 1.18974940e+03 2.61829491e+03
5.38370455e-07 1.29263779e+03 2.64132883e+03
5.38801485e-07 1.33973344e+03 2.65211210e+03
5.39232515e-07 1.71935512e+03 2.82075382e+03
5.39663545e-07 1.84897869e+03 2.81228649e+03
5.40094576e-07 1.40201409e+03 2.66055453e+03
5.40525606e-07 1.33781833e+03 2.67342305e+03
5.40956636e-07 1.55339375e+03 2.72742562e+03
5.41387667e-07 1.30687184e+03 2.65723797e+03
5.41818697e-07 1.45803101e+03 2.74519537e+03
5.42249727e-07 1.54619338e+03 2.81623176e+03
5.42680758e-07 1.18875051e+03 2.66999396e+03
5.43111788e-07 1.40260136e+03 2.69793538e+03
5.43542818e-07 1.38761475e+03 2.79153297e+03
5.43973848e-07 1.55779172e+03 2.89820619e+03
5.44404879e-07 1.62498255e+03 2.90733082e+03
5.44835909e-07 1.57514345e+03 2.85031386e+03
5.45266939e-07 1.52065898e+03 2.83316135e+03
5.45697970e-07 1.39354398e+03 2.91187896e+03
5.46129000e-07 1.49105808e+03 3.08771453e+03
5.46560030e-07 1.47597560e+03 3.04270547e+03
5.46991061e-07 1.39475979e+03 2.85808454e+03
5.47422091e-07 1.65937070e+03 2.92319551e+03
5.47853121e-07 1.63566844e+03 2.85495437e+03
5.48284152e-07 1.59980086e+03 2.93984594e+03
5.48715182e-07 1.76015642e+03 3.06667508e+03
5.49146212e-07 1.14341195e+03 2.75894503e+03
5.49577242e-07 1.74464778e+03 3.00030334e+03
5.50008273e-07 1.51861852e+03 2.95961352e+03
5.50439303e-07 1.48304753e+03 3.02317260e+03
5.50870333e-07 1.84736739e+03 3.20705667e+03
5.51301364e-07 1.65624715e+03 3.08429429e+03
5.51732394e-07 1.83318986e+03 3.10001165e+03
5.52163424e-07 1.50150302e+03 3.02926970e+03
5.52594455e-07 1.32566287e+03 2.94526454e+03
5.53025485e-07 1.60163560e+03 3.02079680e+03
5.53456515e-07 1.34080790e+03 3.00028605e+03
5.53887545e-07 1.12252845e+03 2.96242056e+03
5.54318576e-07 1.40996982e+03 3.27091384e+03
5.54749606e-07 1.63497047e+03 3.42391812e+03
5.55180636e-07 1.55254945e+03 3.26105938e+03
5.55611667e-07 1.49664020e+03 3.24436927e+03
5.56042697e-07 1.57371920e+03 3.26110226e+03
5.56473727e-07 1.82303008e+03 3.51011450e+03
5.56904758e-07 1.77877325e+03 4.06812445e+03
5.57335788e-07 3.58174779e+03 1.82864230e+04
5.57766818e-07 4.75903102e+02 4.20277543e+04
5.58197848e-07 1.37557682e+03 2.95857107e+04
5.58628879e-07 5.18982124e+03 8.21432624e+03
5.59059909e-07 1.73239362e+03 3.25348097e+03
5.59490939e-07 1.74282071e+03 3.29411046e+03
5.59921970e-07 1.74439229e+03 3.39755771e+03
5.60353000e-07 1.83866373e+03 3.50800359e+03
5.60784030e-07 1.77813930e+03 3.53831309e+03
5.61215061e-07 1.60469524e+03 3.34760879e+03
5.61646091e-07 1.67598609e+03 3.25940127e+03
5.62077121e-07 1.84905648e+03 3.50653403e+03
5.62508152e-07 2.11937562e+03 3.64960197e+03
5.62939182e-07 1.29007041e+03 3.23869536e+03
5.63370212e-07 1.41702028e+03 3.18524019e+03
5.63801242e-07 1.79428394e+03 3.36974385e+03
5.64232273e-07 1.48180141e+03 3.30092103e+03
5.64663303e-07 1.29906789e+03 3.28775652e+03
5.65094333e-07 1.64168715e+03 3.34005384e+03
5.65525364e-07 1.87750250e+03 3.32452605e+03
5.65956394e-07 1.85409709e+03 3.27439934e+03
5.66387424e-07 1.57918854e+03 3.22371896e+03
5.66818455e-07 1.42347242e+03 3.26108160e+03
5.67249485e-07 1.75755767e+03 3.38265836e+03
5.67680515e-07 2.16722340e+03 3.56879492e+03
5.68111545e-07 1.91609951e+03 3.51562823e+03
5.68542576e-07 1.49661784e+03 3.39815853e+03
5.68973606e-07 1.32829215e+03 3.32404955e+03
5.69404636e-07 1.40106087e+03 3.38610987e+03
5.69835667e-07 1.64045326e+03 3.47015082e+03
5.70266697e-07 1.66732192e+03 3.44998239e+03
5.70697727e-07 1.47408553e+03 3.35618581e+03
5.71128758e-07 1.82725056e+03 3.39578611e+03
5.71559788e-07 1.90826989e+03 3.50181130e+03
5.71990818e-07 1.50399913e+03 3.40649334e+03
5.72421848e-07 1.38903226e+03 3.36516315e+03
5.72852879e-07 1.41284488e+03 3.39745882e+03
5.73283909e-07 1.70718553e+03 3.41919337e+03
5.73714939e-07 1.94521438e+03 3.56428367e+03
5.74145970e-07 1.70105823e+03 3.46929227e+03
5.74577000e-07 1.72165749e+03 3.44734398e+03
5.75008030e-07 1.79166950e+03 3.42769632e+03
5.75439061e-07 1.61930100e+03 3.37329539e+03
5.75870091e-07 1.87786328e+03 3.48849855e+03
5.76301121e-07 1.65988937e+03 3.39701160e+03
5.76732152e-07 1.63237269e+03 3.50639258e+03
5.77163182e-07 1.70517267e+03 3.59307496e+03
5.77594212e-07 1.78898199e+03 3.56747742e+03
5.78025242e-07 1.80408049e+03 3.47979639e+03
5.78456273e-07 1.48243885e+03 3.38550624e+03
5.78887303e-07 1.63478629e+03 3.46887614e+03
5.79318333e-07 1.51251905e+03 3.54954063e+03
5.79749364e-07 1.61139537e+03 3.54008589e+03
5.80180394e-07 1.55858004e+03 3.40090092e+03
5.80611424e-07 1.66403469e+03 3.48320963e+03
5.81042455e-07 1.84134611e+03 3.59394553e+03
5.81473485e-07 1.42862124e+03 3.42057732e+03
5.81904515e-07 1.70423534e+03 3.59103173e+03
5.82335545e-07 1.74646048e+03 3.62497022e+03
5.82766576e-07 1.66330532e+03 3.60540576e+03
5.83197606e-07 1.75135169e+03 3.67877255e+03
5.83628636e-07 1.74780579e+03 3.65990097e+03
5.84059667e-07 1.84136165e+03 3.62832204e+03
5.84490697e-07 1.82240283e+03 3.66870831e+03
5.84921727e-07 1.55326258e+03 3.58845878e+03
5.85352758e-07 1.67543126e+03 3.61908860e+03
5.85783788e-07 1.84427601e+03 3.69829610e+03
5.86214818e-07 1.66795352e+03 4.05345117e+03
5.86645848e-07 1.40808421e+03 4.73713239e+03
5.87076879e-07 1.63196883e+03 4.83158614e+03
5.87507909e-07 1.90201772e+03 4.23293763e+03
5.87938939e-07 1.74049330e+03 3.87510368e+03
5.88369970e-07 2.02768112e+03 5.00104243e+03
5.88801000e-07 5.69148228e+02 8.21556719e+03
5.89663061e-07 1.32686780e+03 9.02438163e+03
5.90094091e-07 2.00479571e+03 6.03442103e+03
5.90525121e-07 1.76241055e+03 4.18574900e+03
5.90956152e-07 1.40338854e+03 4.09974920e+03
5.91387182e-07 1.38374840e+03 4.39131707e+03
5.91818212e-07 1.18629758e+03 4.47452029e+03
5.92249242e-07 1.59480010e+03 4.26625535e+03
5.92680273e-07 1.82559959e+03 4.36926106e+03
5.93111303e-07 1.88388461e+03 4.83720406e+03
5.93542333e-07 1.80367353e+03 4.82702331e+03
5.93973364e-07 1.86302065e+03 4.21714472e+03
5.94404394e-07 1.85299532e+03 4.01371973e+03
5.94835424e-07 1.70711890e+03 4.31957029e+03
5.95266455e-07 1.70656690e+03 4.70358856e+03
5.95697485e-07 1.56096746e+03 4.50018305e+03
5.96128515e-07 1.90329412e+03 4.10605324e+03
5.96559545e-07 1.90127256e+03 4.04176137e+03
5.96990576e-07 1.72398891e+03 4.14855512e+03
5.97421606e-07 1.43320519e+03 4.34803524e+03
5.97852636e-07 1.42220379e+03 4.43229457e+03
5.98283667e-07 1.78322413e+03 4.23101531e+03
5.98714697e-07 1.74410459e+03 3.88239078e+03
5.99145727e-07 1.88747151e+03 3.97788379e+03
5.99576758e-07 2.01790463e+03 4.13870653e+03
6.00007788e-07 2.01516242e+03 4.27988796e+03
6.00438818e-07 2.04000212e+03 4.32338989e+03
6.00869848e-07 1.98665820e+03 4.07487195e+03
6.01300879e-07 1.78392876e+03 3.87145893e+03
6.01731909e-07 2.05169416e+03 3.88863645e+03
6.02162939e-07 1.91008965e+03 3.84698922e+03
6.02593970e-07 2.18372211e+03 3.97315719e+03
6.03025000e-07 2.04665690e+03 4.05978786e+03
6.03456030e-07 1.68412471e+03 3.95017952e+03
6.03887061e-07 2.03252924e+03 4.01163566e+03
6.04318091e-07 2.14124620e+03 3.87741067e+03
6.04749121e-07 1.90670911e+03 3.77290255e+03
6.05180152e-07 1.83909029e+03 3.80879958e+03
6.05611182e-07 1.78173986e+03 3.81978312e+03
6.06042212e-07 2.05032742e+03 3.94108720e+03
6.06473242e-07 2.02169427e+03 4.05256882e+03
6.06904273e-07 2.17489231e+03 3.98301014e+03
6.07335303e-07 1.97008946e+03 3.86433647e+03
6.07766333e-07 1.99059680e+03 3.75211447e+03
6.08197364e-07 1.90832631e+03 3.71646839e+03
6.08628394e-07 1.83183638e+03 3.73085626e+03
6.09059424e-07 2.19190246e+03 3.88815061e+03
6.09490455e-07 2.03545049e+03 3.85654840e+03
6.09921485e-07 2.09512197e+03 3.97682855e+03
6.10352515e-07 2.01481767e+03 4.04117687e+03
6.10783545e-07 1.92363502e+03 3.98771954e+03
6.11214576e-07 1.86220446e+03 3.90353271e+03
6.11645606e-07 1.74846562e+03 3.75112945e+03
6.12076636e-07 1.63612937e+03 3.74095807e+03
6.12507667e-07 1.90026966e+03 3.80091332e+03
6.12938697e-07 2.02602874e+03 3.83589746e+03
6.13369727e-07 1.45644996e+03 3.72070252e+03
6.13800758e-07 2.01511643e+03 4.22274881e+03
6.14231788e-07 2.06426198e+03 4.46816947e+03
6.14662818e-07 1.61732928e+03 4.18073720e+03
6.15093848e-07 2.00830561e+03 4.09407318e+03
6.15524879e-07 1.76296399e+03 4.05404286e+03
6.15955909e-07 1.99771655e+03 4.17626486e+03
6.16386939e-07 1.77705687e+03 3.88760277e+03
6.16817970e-07 1.81854877e+03 4.25628688e+03
6.17249000e-07 1.80124227e+03 4.40852136e+03
6.17680030e-07 2.17083396e+03 4.28764482e+03
6.18111061e-07 2.38020926e+03 4.14973260e+03
6.18542091e-07 1.90843163e+03 3.96364779e+03
6.18973121e-07 1.98131527e+03 3.98208819e+03
6.19404152e-07 2.35201237e+03 4.06059398e+03
6.19835182e-07 2.37390482e+03 4.29387221e+03
6.20266212e-07 1.51434622e+03 4.24025455e+03
6.20697242e-07 1.93627206e+03 4.30206231e+03
6.21128273e-07 1.97931790e+03 4.14566207e+03
6.21559303e-07 2.72852744e+03 4.43278943e+03
6.21990333e-07 2.13338599e+03 4.53461424e+03
6.22421364e-07 1.65367217e+03 4.30786551e+03
6.22852394e-07 1.72331108e+03 4.26256065e+03
6.23283424e-07 2.16677638e+03 5.68989966e+03
6.23714455e-07 1.85509664e+03 6.79312153e+03
6.24145485e-07 1.85578871e+03 6.07922913e+03
6.24576515e-07 2.34528586e+03 5.10006003e+03
6.25007545e-07 2.09755419e+03 4.40121429e+03
6.25438576e-07 1.23449713e+03 4.96967746e+03
6.25869606e-07 1.76882038e+03 6.11227036e+03
6.26300636e-07 2.49098485e+03 6.11811252e+03
6.26731667e-07 2.24259036e+03 5.16185249e+03
6.27162697e-07 1.85083357e+03 4.59235540e+03
6.27593727e-07 1.61578023e+03 4.26476663e+03
6.28024758e-07 2.05437669e+03 4.42786595e+03
6.28455788e-07 1.66004345e+03 5.03154011e+03
6.28886818e-07 2.53613195e+03 5.95917714e+03
6.29317848e-07 9.90656640e+02 7.46884799e+03
6.29748879e-07 2.31642225e+02 2.16745084e+04
6.30179909e-07 1.07000905e+03 3.17400685e+04
6.30610939e-07 4.63270361e+03 1.90115785e+04
6.31041970e-07 3.89101193e+03 7.36911426e+03
6.31473000e-07 2.05227682e+03 4.48536840e+03
6.31904030e-07 2.32651484e+03 4.59587769e+03
6.32335061e-07 2.51590507e+03 5.08783777e+03
6.32766091e-07 1.92169970e+03 5.60744093e+03
6.33197121e-07 1.82770434e+03 5.80697829e+03
6.33628152e-07 2.47179927e+03 4.83993476e+03
6.34059182e-07 2.40434495e+03 4.26832040e+03
6.34490212e-07 1.37425326e+03 4.07711655e+03
6.34921242e-07 2.04327682e+03 4.70448505e+03
6.35352273e-07 2.61681432e+03 5.32051078e+03
6.35783303e-07 2.29335973e+03 7.45786982e+03
6.36214333e-07 1.01275632e+03 1.17148350e+04
6.36645364e-07 1.89665964e+03 1.23380309e+04
6.37076394e-07 3.23791402e+03 7.16177368e+03
6.37507424e-07 3.13886478e+03 4.70369800e+03
6.37938455e-07 1.64765169e+03 4.32879507e+03
6.38369485e-07 2.05600479e+03 4.80371490e+03
6.38800515e-07 1.95292612e+03 6.91218325e+03
6.39231545e-07 2.26167335e+03 6.60332237e+03
6.39662576e-07 2.31063433e+03 6.37262173e+03
6.40093606e-07 2.63442628e+03 4.24148711e+03
6.40524636e-07 2.20956790e+03 4.16000440e+03
6.40955667e-07 2.00881834e+03 4.28032736e+03
6.41386697e-07 1.90529847e+03 4.19691015e+03
6.41817727e-07 2.60643567e+03 4.52622790e+03
6.42248758e-07 2.14750820e+03 4.36283256e+03
6.42679788e-07 2.41510042e+03 4.28174574e+03
6.43110818e-07 2.79440263e+03 4.21241058e+03
6.43541848e-07 2.26456664e+03 4.02826564e+03
6.43972879e-07 2.04651565e+03 3.97907160e+03
6.44403909e-07 2.09441904e+03 3.97666760e+03
6.44834939e-07 2.16956680e+03 4.19024297e+03
6.45265970e-07 2.24835763e+03 4.43144935e+03
6.45697000e-07 2.20863041e+03 4.48209061e+03
6.46128030e-07 1.89196606e+03 4.97641485e+03
6.46559061e-07 1.54722927e+03 6.01559035e+03
6.46990091e-07 2.55384845e+03 6.36564220e+03
6.47421121e-07 2.11158987e+03 5.33966705e+03
6.47852152e-07 2.13526639e+03 4.68134492e+03
6.48283182e-07 2.42559975e+03 4.30689193e+03
6.48714212e-07 2.31780807e+03 4.11261406e+03
6.49145242e-07 2.49960293e+03 4.50452153e+03
6.49576273e-07 2.35275170e+03 5.96752053e+03
6.50007303e-07 2.57265813e+03 7.22634874e+03
6.50438333e-07 2.41256108e+03 6.29025088e+03
6.50869364e-07 2.45099671e+03 4.98424041e+03
6.51300394e-07 2.33416308e+03 4.43854459e+03
6.51731424e-07 2.31985776e+03 4.47297726e+03
6.52162455e-07 2.32550874e+03 4.78116229e+03
6.52593485e-07 2.38999369e+03 5.00091736e+03
6.53024515e-07 2.43222385e+03 5.77620830e+03
6.53455545e-07 1.85812916e+03 6.21801250e+03
6.53886576e-07 2.56699978e+03 5.58132499e+03
6.54317606e-07 2.13474027e+03 5.11803231e+03
6.54748636e-07 1.87538398e+03 5.29315958e+03
6.55179667e-07 1.91469048e+03 6.22967861e+03
6.55610697e-07 2.13830740e+03 6.45362284e+03
6.56041727e-07 2.66451031e+03 5.24536535e+03
6.56472758e-07 2.48470212e+03 4.84777556e+03
6.56903788e-07 2.12300276e+03 5.01768225e+03
6.57334818e-07 1.94597413e+03 5.43070997e+03
6.57765848e-07 2.04631251e+03 6.04227984e+03
6.58196879e-07 2.41894704e+03 5.57120698e+03
6.58627909e-07 2.42833623e+03 4.50933364e+03
6.59058939e-07 2.37381524e+03 4.40701302e+03
6.59489970e-07 2.32629612e+03 4.75929457e+03
6.59921000e-07 2.26269122e+03 4.97734969e+03
6.60352030e-07 1.80265769e+03 5.19353696e+03
6.60783061e-07 2.26853245e+03 5.00976955e+03
6.61214091e-07 3.02369308e+03 4.62883053e+03
6.61645121e-07 2.35014629e+03 4.22902081e+03
6.62076152e-07 1.90441998e+03 4.20111364e+03
6.62507182e-07 2.61414156e+03 4.51040064e+03
6.62938212e-07 2.68863696e+03 4.78214949e+03
6.63369242e-07 2.27603652e+03 4.78520470e+03
6.63800273e-07 2.41937727e+03 4.68289726e+03
6.64231303e-07 2.66291643e+03 4.49309902e+03
6.64662333e-07 2.48385177e+03 4.28431779e+03
6.65093364e-07 2.19527661e+03 4.19237941e+03
6.65524394e-07 2.22126978e+03 4.24032135e+03
6.65955424e-07 2.25473601e+03 4.29354894e+03
6.66386455e-07 2.29756642e+03 4.44393263e+03
6.66817485e-07 2.37752031e+03 4.57616287e+03
6.67248515e-07 2.60680015e+03 4.42200405e+03
6.67679545e-07 2.36160400e+03 4.25542515e+03
6.68110576e-07 2.05426175e+03 4.15729818e+03
6.68541606e-07 2.00183833e+03 4.19134667e+03
6.68972636e-07 2.04511166e+03 4.22687886e+03
6.69403667e-07 2.42378644e+03 4.30262504e+03
6.69834697e-07 2.26656958e+03 4.32729037e+03
6.70265727e-07 2.18082247e+03 4.33711373e+03
6.70696758e-07 2.21115463e+03 4.36916967e+03
6.71127788e-07 1.94373657e+03 4.18654311e+03
6.71558818e-07 2.21277421e+03 4.30536988e+03
6.71989848e-07 2.24310055e+03 4.27454679e+03
6.72420879e-07 2.24090370e+03 4.29088191e+03
6.72851909e-07 2.28296122e+03 4.29466411e+03
6.73282939e-07 2.40243119e+03 4.25094851e+03
6.73713970e-07 2.30580273e+03 4.41770236e+03
6.74145000e-07 2.10108179e+03 4.40101150e+03
6.74576030e-07 2.31427531e+03 4.34533227e+03
6.75007061e-07 2.22980691e+03 4.20414859e+03
6.75438091e-07 2.27425194e+03 4.18289989e+03
6.75869121e-07 2.43290276e+03 4.24633684e+03
6.76300152e-07 2.30544246e+03 4.22731950e+03
6.76731182e-07 2.45595008e+03 4.33167175e+03
6.77162212e-07 2.32069031e+03 4.24516873e+03
6.77593242e-07 1.74322753e+03 4.06362011e+03
6.78024273e-07 1.94101816e+03 4.09522406e+03
6.78455303e-07 2.46135983e+03 4.21625850e+03
6.78886333e-07 2.31172909e+03 4.28028319e+03
6.79317364e-07 2.53975096e+03 4.27118830e+03
6.79748394e-07 2.57394238e+03 4.24889491e+03
6.80179424e-07 2.64767875e+03 4.28179458e+03
6.80610455e-07 2.22208280e+03 4.18950329e+03
6.81041485e-07 2.83996287e+03 4.48776746e+03
6.81472515e-07 2.18771863e+03 4.20810481e+03
6.81903545e-07 2.29513959e+03 4.31388104e+03
6.82334576e-07 2.19035072e+03 5.68588495e+03
6.82765606e-07 1.33952585e+03 8.76755795e+03
6.83196636e-07 1.36403172e+03 1.09944548e+04
6.83627667e-07 3.40161632e+03 1.01770116e+04
6.84058697e-07 3.10336865e+03 6.89543629e+03
6.84489727e-07 2.91229675e+03 5.47887004e+03
6.84920758e-07 2.69331197e+03 4.79836297e+03
6.85351788e-07 2.74061754e+03 4.63577478e+03
6.85782818e-07 2.71111478e+03 6.18286052e+03
6.86213848e-07 1.04668345e+03 9.75343944e+03
6.86644879e-07 1.67558028e+03 1.02601528e+04
6.87075909e-07 2.90941658e+03 6.60360989e+03
6.87506939e-07 1.90169475e+03 4.19337701e+03
6.87937970e-07 1.65328108e+03 4.67675966e+03
6.88369000e-07 1.93297225e+03 5.29072129e+03
6.88800030e-07 2.10751811e+03 5.59817579e+03
6.89231061e-07 1.77698433e+03 5.12685114e+03
6.89662091e-07 1.80051808e+03 4.70597028e+03
6.90093121e-07 1.93873896e+03 4.84310991e+03
6.90524152e-07 1.85490986e+03 4.89301856e+03
6.90955182e-07 2.27222631e+03 5.65358019e+03
6.91386212e-07 2.31690446e+03 6.48592990e+03
6.91817242e-07 2.35178268e+03 6.53471971e+03
6.92248273e-07 2.14112048e+03 7.42622967e+03
6.92679303e-07 2.19397548e+03 6.86501697e+03
6.93110333e-07 2.51420975e+03 5.03447632e+03
6.93541364e-07 2.25111410e+03 4.94360398e+03
6.93972394e-07 1.78735074e+03 5.78329869e+03
6.94403424e-07 1.54325725e+03 6.41157541e+03
6.94834455e-07 1.41584470e+03 7.47127790e+03
6.95265485e-07 2.01389804e+03 7.05057509e+03
6.95696515e-07 2.36329279e+03 5.11677690e+03
6.96127545e-07 2.19798135e+03 4.52129183e+03
6.96558576e-07 2.25568646e+03 5.04263314e+03
6.96989606e-07 2.25863166e+03 5.98866564e+03
6.97420636e-07 1.87909206e+03 6.50604162e+03
6.97851667e-07 2.08556949e+03 7.13882419e+03
6.98282697e-07 1.56994275e+03 5.89905870e+03
6.98713727e-07 2.64098476e+03 4.85539516e+03
6.99144758e-07 2.10477734e+03 4.26059800e+03
6.99575788e-07 2.29974080e+03 4.54758923e+03
7.00006818e-07 1.59395650e+03 4.59976722e+03
7.00437848e-07 1.79526324e+03 5.09691367e+03
7.00868879e-07 2.12616406e+03 5.46758047e+03
7.01299909e-07 1.62253124e+03 5.10860136e+03
7.01730939e-07 1.89980735e+03 4.53850462e+03
7.02161970e-07 1.86380804e+03 4.02101704e+03
7.02593000e-07 2.34133965e+03 4.25382470e+03
7.03024030e-07 2.25799682e+03 4.21472395e+03
7.03455061e-07 2.23528907e+03 4.33885248e+03
7.03886091e-07 2.29197898e+03 4.64219153e+03
7.04317121e-07 1.95050668e+03 5.03513235e+03
7.04748152e-07 2.05523770e+03 5.57507581e+03
7.05179182e-07 2.17487633e+03 5.45399148e+03
7.05610212e-07 2.90420578e+03 5.01023388e+03
7.06041242e-07 2.35580286e+03 4.61506962e+03
7.06472273e-07 2.25952055e+03 4.89390404e+03
7.06903303e-07 1.91798392e+03 4.80601681e+03
7.07334333e-07 2.00008440e+03 4.73762364e+03
7.07765364e-07 1.80734627e+03 4.66250140e+03
7.08196394e-07 1.92793765e+03 4.73705381e+03
7.08627424e-07 2.18564618e+03 5.05231056e+03
7.09058455e-07 1.97272292e+03 4.86102422e+03
7.09489485e-07 2.69515694e+03 4.82862467e+03
7.09920515e-07 1.95532208e+03 4.32685959e+03
7.10351545e-07 2.58639591e+03 4.51411376e+03
7.10782576e-07 2.77077957e+03 4.62085543e+03
7.11213606e-07 2.45116194e+03 4.40823241e+03
7.11644636e-07 2.58553326e+03 4.44893064e+03
7.12075667e-07 2.55446303e+03 4.51319802e+03
7.12506697e-07 1.88831971e+03 4.38516366e+03
7.12937727e-07 2.22133195e+03 4.67736605e+03
7.13368758e-07 2.64986082e+03 4.89054116e+03
7.13799788e-07 2.44548306e+03 4.74828214e+03
7.14230818e-07 2.30067976e+03 5.00403882e+03
7.14661848e-07 2.20521697e+03 5.08549407e+03
7.15092879e-07 2.44953658e+03 4.90767121e+03
7.15523909e-07 2.36270690e+03 4.70345760e+03
7.15954939e-07 2.11125608e+03 4.62493146e+03
7.16385970e-07 1.79770727e+03 4.53260097e+03
7.16817000e-07 1.72491762e+03 4.24566095e+03
7.17248030e-07 2.15881887e+03 4.24712819e+03
7.17679061e-07 2.04274504e+03 4.18021436e+03
7.18110091e-07 2.18212547e+03 4.16253773e+03
7.18541121e-07 1.98784762e+03 3.84481896e+03
7.18972152e-07 1.64398810e+03 3.55807298e+03
7.19403182e-07 1.38690668e+03 3.44001387e+03
7.19834212e-07 1.52517812e+03 3.55365935e+03
7.20265242e-07 1.81828945e+03 3.60161741e+03
7.20696273e-07 1.93037917e+03 3.75343886e+03
7.21127303e-07 1.34369706e+03 3.68201414e+03
7.21558333e-07 1.55659295e+03 3.90030294e+03
7.21989364e-07 2.03061945e+03 4.18932950e+03
7.22420394e-07 1.75868740e+03 4.22578172e+03
7.22851424e-07 1.55804386e+03 4.20210307e+03
7.23282455e-07 1.44833640e+03 5.46355621e+03
7.23713485e-07 9.58121135e+02 1.04250187e+04
7.24575545e-07 1.40260480e+03 1.58693951e+04
7.25006576e-07 2.69676653e+03 1.04247673e+04
7.25437606e-07 2.80745353e+03 6.66848647e+03
7.25868636e-07 2.30857316e+03 5.22942052e+03
7.26299667e-07 2.06624426e+03 4.43264118e+03
7.26730697e-07 1.77033474e+03 5.23008710e+03
7.27161727e-07 2.27863345e+03 9.10613199e+03
7.27592758e-07 4.27339766e+02 1.36096173e+04
7.28023788e-07 1.67727682e+03 1.41652861e+04
7.28454818e-07 1.83489364e+03 1.07510690e+04
7.28885848e-07 1.91431303e+03 7.82416933e+03
7.29316879e-07 2.51043426e+03 6.20564233e+03
7.29747909e-07 1.72370469e+03 6.23298209e+03
7.30178939e-07 2.03972143e+03 7.05887989e+03
7.30609970e-07 1.92096683e+03 7.09297881e+03
7.31041000e-07 2.61333086e+03 8.75592210e+03
7.31472030e-07 1.41619562e+03 1.28794885e+04
7.31903061e-07 7.57617239e+02 1.30790087e+04
7.32334091e-07 3.99910477e+03 9.36171978e+03
7.32765121e-07 2.08767166e+03 8.30212270e+03
7.33196152e-07 1.90275382e+03 9.24760147e+03
7.33627182e-07 3.57686214e+03 1.17576535e+04
7.34489242e-07 1.98670943e+03 1.37786364e+04
7.34920273e-07 4.82449771e+03 7.79821469e+03
7.35351303e-07 2.66826361e+03 6.64122075e+03
7.35782333e-07 9.12885066e+02 8.22172567e+03
7.36213364e-07 1.54213744e+03 9.27996371e+03
7.36644394e-07 2.71412928e+03 1.09594565e+04
7.37075424e-07 5.36187292e+02 1.14226526e+04
7.37506455e-07 2.72803217e+03 8.79589993e+03
7.37937485e-07 3.28432902e+03 5.46918801e+03
7.38368515e-07 1.88479013e+03 4.71216375e+03
7.38799545e-07 2.14522116e+03 6.05231240e+03
7.39230576e-07 1.31091988e+03 7.55084871e+03
7.39661606e-07 2.54766983e+03 9.13903476e+03
7.40092636e-07 2.11490871e+03 1.06665996e+04
7.40523667e-07 1.70660503e+03 9.72946889e+03
7.40954697e-07 3.46638637e+03 6.59833582e+03
7.41385727e-07 2.98219352e+03 5.21000333e+03
7.41816758e-07 2.96224851e+03 5.17664243e+03
7.42247788e-07 2.80251123e+03 5.22470052e+03
7.42678818e-07 2.20961119e+03 5.73599127e+03
7.43109848e-07 2.29293673e+03 6.85772349e+03
7.43540879e-07 4.49003624e+03 8.56790891e+03
7.43971909e-07 5.72279526e+03 9.48737618e+03
7.44402939e-07 5.98295852e+03 7.70134187e+03
7.44833970e-07 3.90170075e+03 5.48382552e+03
7.45265000e-07 2.08701900e+03 4.61118992e+03
7.45696030e-07 3.17264060e+03 5.28455498e+03
7.46127061e-07 3.24261582e+03 6.27280868e+03
7.46558091e-07 3.09325822e+03 7.48704333e+03
7.46989121e-07 2.53741531e+03 8.71330219e+03
7.47420152e-07 1.98497927e+03 9.39620600e+03
7.47851182e-07 2.58801142e+03 9.99592823e+03
7.48282212e-07 2.32542300e+03 9.72798985e+03
7.48713242e-07 2.79264512e+03 8.13437551e+03
7.49144273e-07 2.85254238e+03 6.27879089e+03
7.49575303e-07 2.29287815e+03 5.67977134e+03
7.50006333e-07 2.39367236e+03 5.20464398e+03
7.50437364e-07 2.15713690e+03 4.78998110e+03
7.50868394e-07 2.27093643e+03 4.78986913e+03
7.51299424e-07 2.17003362e+03 5.18190536e+03
7.51730455e-07 2.15772295e+03 7.55062002e+03
7.52161485e-07 1.09259107e+03 1.15944355e+04
7.52592515e-07 2.25257986e+02 1.38233354e+04
7.53023545e-07 2.70335320e+03 1.07960295e+04
7.53454576e-07 3.17008367e+03 7.58106777e+03
7.53885606e-07 2.69724622e+03 6.00313407e+03
7.54316636e-07 1.77175947e+03 5.25229169e+03
7.54747667e-07 1.86412527e+03 5.09123475e+03
7.55178697e-07 2.46043881e+03 5.60462290e+03
7.55609727e-07 1.82079690e+03 6.27871770e+03
7.56040758e-07 1.73673831e+03 6.32209920e+03
7.56471788e-07 2.56802261e+03 6.93191017e+03
7.56902818e-07 1.54917466e+03 9.26387882e+03
7.57333848e-07 3.08449853e+02 1.04986646e+04
7.57764879e-07 2.64262692e+03 8.33419205e+03
7.58195909e-07 3.75167906e+03 6.70328587e+03
7.58626939e-07 1.54142639e+03 6.60905758e+03
7.59057970e-07 2.00275742e+03 6.01121203e+03
7.59489000e-07 2.01830090e+03 4.82048542e+03
7.59920030e-07 7.67058662e+02 4.01481256e+03
7.60351061e-07 1.23920938e+03 3.37641064e+03
7.60782091e-07 1.24135057e+03 2.93620039e+03
7.61213121e-07 1.20265700e+03 3.66809803e+03
7.61644152e-07 1.48121466e+03 5.11426868e+03
7.62075182e-07 8.49250355e+02 5.57260558e+03
7.62506212e-07 1.77679197e+03 5.34497561e+03
7.62937242e-07 1.21782678e+03 4.93528163e+03
7.63368273e-07 1.42704244e+03 4.40607716e+03
7.63799303e-07 1.80203574e+03 3.86109033e+03
7.64230333e-07 1.12058529e+03 3.59179659e+03
7.64661364e-07 1.13587583e+03 3.84546474e+03
7.65092394e-07 9.96753662e+02 4.50514612e+03
7.65523424e-07 1.28605247e+03 5.19732505e+03
7.65954455e-07 1.97427593e+03 6.14846378e+03
7.66385485e-07 1.51111124e+03 6.13866218e+03
7.66816515e-07 1.81245030e+03 5.50762483e+03
7.67247545e-07 2.15482562e+03 4.85167936e+03
7.67678576e-07 1.90498604e+03 4.79419953e+03
7.68109606e-07 1.86869642e+03 5.08742441e+03
7.68540636e-07 2.72397846e+03 5.90124164e+03
7.68971667e-07 2.77314783e+03 6.21223876e+03
7.69402697e-07 2.29868286e+03 6.18396942e+03
7.69833727e-07 1.81355240e+03 6.18372773e+03
7.70264758e-07 1.82090327e+03 6.45307510e+03
7.70695788e-07 3.08419041e+03 1.04664882e+04
7.71126818e-07 1.75856852e+03 1.98882426e+04
7.71988879e-07 3.27048619e+03 2.20290690e+04
7.72419909e-07 4.26433234e+03 1.35789868e+04
7.72850939e-07 2.53234554e+03 9.18058554e+03
7.73281970e-07 2.41545571e+03 7.31259180e+03
7.73713000e-07 1.76820739e+03 6.43650801e+03
7.74144030e-07 2.80405399e+03 7.97609002e+03
7.74575061e-07 2.79299327e+03 1.42028367e+04
7.75437121e-07 1.49508314e+03 2.18319916e+04
7.75868152e-07 3.91378675e+03 1.47229352e+04
7.76299182e-07 1.53652586e+03 1.10441262e+04
7.76730212e-07 3.20718204e+03 9.68525287e+03
7.77161242e-07 1.52466341e+03 1.12431689e+04
7.77592273e-07 8.91590887e+02 1.29422970e+04
7.78023303e-07 2.71782479e+03 1.16885222e+04
7.78454333e-07 3.54081355e+03 1.05166304e+04
7.78885364e-07 3.65412060e+03 1.24982503e+04
7.79747424e-07 6.23281073e+02 1.57295365e+04
7.80178455e-07 3.60908955e+03 1.03775442e+04
7.80609485e-07 1.70809880e+03 9.72164732e+03
7.81040515e-07 1.60037517e+03 1.13201405e+04
7.81471545e-07 4.00138248e+03 1.33849553e+04
7.81902576e-07 1.81473077e+03 1.76805862e+04
7.82764636e-07 2.94397248e+03 1.27560133e+04
7.83195667e-07 5.03453253e+03 7.97024414e+03
7.83626697e-07 2.93413015e+03 8.07533836e+03
7.84057727e-07 1.73291243e+03 1.01878658e+04
7.84488758e-07 2.71512625e+03 1.30382248e+04
7.84919788e-07 4.15607722e+03 1.79297753e+04
7.85781848e-07 1.69290102e+03 2.31784427e+04
7.86212879e-07 3.65377464e+03 1.70719895e+04
7.86643909e-07 3.43611400e+03 1.51832931e+04
7.87074939e-07 2.07410982e+03 1.60730777e+04
7.87505970e-07 2.73662478e+03 1.45173509e+04
7.87937000e-07 2.21443394e+03 1.31204388e+04
7.88368030e-07 3.23734521e+03 1.41873737e+04
7.88799061e-07 2.29974805e+03 1.48219320e+04
7.89230091e-07 1.20043645e+03 1.32912566e+04
7.89661121e-07 3.24027279e+03 9.44276962e+03
7.90092152e-07 3.88671665e+03 7.17752144e+03
7.90523182e-07 3.89781054e+03 9.79488177e+03
7.90954212e-07 4.70429684e+03 1.85946491e+04
7.91816273e-07 1.23237373e+03 2.59020929e+04
7.92247303e-07 3.33207399e+03 1.81749295e+04
7.92678333e-07 3.29469348e+03 1.33924107e+04
7.93109364e-07 1.90270161e+03 1.18451423e+04
7.93540394e-07 1.64682699e+03 9.81928108e+03
7.93971424e-07 2.06295947e+03 7.50484640e+03
7.94402455e-07 3.34420617e+03 8.39248630e+03
7.94833485e-07 2.02708599e+03 9.90363718e+03
7.95264515e-07 2.44634499e+03 9.59789156e+03
7.95695545e-07 3.69177584e+03 1.00609380e+04
7.96126576e-07 4.38503061e+03 1.56186232e+04
7.96557606e-07 6.82637227e+02 1.98677935e+04
7.96988636e-07 1.90993643e+03 1.55412699e+04
7.97419667e-07 4.31569902e+03 1.14873197e+04
7.97850697e-07 1.70852650e+03 1.24553633e+04
7.98281727e-07 2.73818173e+03 1.28421974e+04
7.98712758e-07 4.42610826e+03 1.40289512e+04
7.99143788e-07 6.46229411e+03 3.09527398e+04
