4.68000000e-02
3.63519000e-07 8.10043600e+00 6.00958635e+02
3.63950054e-07 2.48955337e+01 5.82765426e+02
3.64381108e-07 1.90308295e+01 6.06745896e+02
3.64812161e-07 1.28185708e+02 6.47180322e+02
3.65243215e-07 3.48557272e+01 6.14944842e+02
3.65674269e-07 7.11166577e+01 6.02230566e+02
3.66105323e-07 8.21331290e+00 5.85732614e+02
3.66536376e-07 6.63547174e+01 5.88270691e+02
3.67398484e-07 2.23256484e+01 5.44448525e+02
3.67829538e-07 1.10350538e+02 5.92199416e+02
3.68691645e-07 4.10315143e+01 5.18334318e+02
3.69122699e-07 8.81727294e+01 6.18159224e+02
3.69553753e-07 1.18656923e+02 6.31419762e+02
3.69984806e-07 1.42054827e+02 7.14138525e+02
3.70415860e-07 8.15487517e+01 6.68037639e+02
3.70846914e-07 1.50422712e+02 7.48640974e+02
3.71277968e-07 9.77504805e+01 6.51659844e+02
3.72140075e-07 1.21172496e+02 6.27492134e+02
3.72571129e-07 1.55193737e+02 6.85689209e+02
3.73002183e-07 5.04399789e+01 7.07043132e+02
3.73433237e-07 2.01512285e+02 8.45168622e+02
3.73864290e-07 8.92386682e+01 8.08775832e+02
3.74295344e-07 5.68554474e+01 8.03202732e+02
3.74726398e-07 8.19921916e+01 7.72350227e+02
3.75157452e-07 1.25720104e+02 7.34689604e+02
3.75588505e-07 1.02213115e+02 7.26124768e+02
3.76019559e-07 1.07011341e+02 6.85219527e+02
3.76450613e-07 2.86774190e+01 6.30318198e+02
3.76881667e-07 1.12039982e+02 6.59303240e+02
3.77312720e-07 1.47001335e+02 6.87921513e+02
3.77743774e-07 2.98478498e+01 7.00886119e+02
3.78174828e-07 5.25803335e+01 7.10505325e+02
3.78605882e-07 1.87843136e+02 7.10197691e+02
3.79036935e-07 1.52806945e+02 7.32144839e+02
3.79467989e-07 4.14362948e+01 6.84192303e+02
3.79899043e-07 5.51078527e+01 6.83055992e+02
3.80330097e-07 8.69417918e+01 7.16260814e+02
3.80761151e-07 1.46062767e+02 7.36009459e+02
3.81192204e-07 1.70104180e+02 7.55330034e+02
3.81623258e-07 1.74307367e+02 7.89246243e+02
3.82054312e-07 1.61461654e+02 7.82386068e+02
3.82485366e-07 1.67230804e+02 8.44249439e+02
3.82916419e-07 9.11541100e+01 8.69067226e+02
3.83347473e-07 1.68804969e+02 9.14610086e+02
3.83778527e-07 2.07216805e+02 9.31941994e+02
3.84209581e-07 2.02298166e+02 9.31758594e+02
3.84640634e-07 9.31976246e+01 8.16173300e+02
3.85071688e-07 1.14343285e+02 7.56824028e+02
3.85502742e-07 1.15945222e+02 7.41543330e+02
3.85933796e-07 1.68239538e+02 7.69726576e+02
3.86364849e-07 2.25361218e+02 8.07673606e+02
3.86795903e-07 8.29445202e+01 7.53647734e+02
3.87226957e-07 1.89539703e+02 7.52183993e+02
3.87658011e-07 1.59678836e+02 7.69677396e+02
3.88089065e-07 1.73837931e+02 7.53257967e+02
3.88520118e-07 9.48984675e+01 6.42908780e+02
3.88951172e-07 1.36551420e+02 6.69326692e+02
3.89382226e-07 2.14082728e+02 7.45526347e+02
3.89813280e-07 2.20511536e+02 7.84591847e+02
3.90244333e-07 4.95147560e+02 9.60761544e+02
3.90675387e-07 3.62204835e+02 9.58500237e+02
3.91106441e-07 2.35465768e+02 9.48019050e+02
3.91537495e-07 1.99754630e+02 8.78123454e+02
3.91968548e-07 1.96391404e+02 8.24025698e+02
3.92399602e-07 9.05197639e+01 7.42595964e+02
3.92830656e-07 2.34798686e+02 7.80831214e+02
3.93261710e-07 3.64414943e+02 8.32079850e+02
3.93692763e-07 2.06957575e+02 8.66683804e+02
3.94123817e-07 1.32780179e+02 8.99890788e+02
3.94554871e-07 1.45875172e+02 9.07911831e+02
3.94985925e-07 2.79377135e+02 9.40518072e+02
3.95416978e-07 2.94008622e+02 9.21409713e+02
3.95848032e-07 4.01715830e+02 9.22462041e+02
3.96279086e-07 2.92861462e+02 8.46897766e+02
3.96710140e-07 1.82605888e+02 7.55824006e+02
3.97141194e-07 1.70625596e+02 7.66311228e+02
3.97572247e-07 2.59878897e+02 8.85139068e+02
3.98003301e-07 2.69130268e+02 8.91993483e+02
3.98434355e-07 2.61830568e+02 8.63420136e+02
3.98865409e-07 2.77584504e+02 8.89259165e+02
3.99296462e-07 3.50418983e+02 9.17804903e+02
3.99727516e-07 2.87602921e+02 8.85901741e+02
4.00158570e-07 1.73131489e+02 8.57061523e+02
4.00589624e-07 2.15713158e+02 9.55166745e+02
4.01020677e-07 1.49223648e+02 9.39345545e+02
4.01451731e-07 1.37878406e+02 9.42436819e+02
4.01882785e-07 1.85623799e+02 9.34407575e+02
4.02313839e-07 4.34554623e+01 8.50823775e+02
4.02744892e-07 2.19921684e+02 9.38428394e+02
4.03175946e-07 3.96334298e+02 9.89872034e+02
4.03607000e-07 3.22691544e+02 9.85881848e+02
4.04038054e-07 3.09881139e+02 1.06020397e+03
4.04469108e-07 2.84474734e+02 1.07192430e+03
4.04900161e-07 3.13337497e+02 1.04188791e+03
4.05331215e-07 3.08591587e+02 1.02439214e+03
4.05762269e-07 2.95275637e+02 1.00856109e+03
4.06193323e-07 2.78465953e+02 1.07283274e+03
4.06624376e-07 1.15867283e+02 1.04437337e+03
4.07055430e-07 2.11874277e+02 1.08076741e+03
4.07486484e-07 3.96980604e+02 1.15385687e+03
4.07917538e-07 4.01506347e+02 1.07808879e+03
4.08348591e-07 3.88691517e+02 1.06918023e+03
4.08779645e-07 2.91767753e+02 1.02782111e+03
4.09210699e-07 3.51408755e+02 1.01754588e+03
4.09641753e-07 3.55337562e+02 9.85001550e+02
4.10072806e-07 2.58526326e+02 9.68459999e+02
4.10503860e-07 3.48349112e+02 9.64416540e+02
4.10934914e-07 2.26499676e+02 9.08581773e+02
4.11365968e-07 3.06297617e+02 9.44636264e+02
4.11797022e-07 2.20271844e+02 9.19305287e+02
4.12228075e-07 3.43993039e+02 1.03346320e+03
4.12659129e-07 3.35984271e+02 1.04427367e+03
4.13090183e-07 3.69613838e+02 1.10802995e+03
4.13521237e-07 2.96295610e+02 1.04240932e+03
4.13952290e-07 3.83927047e+02 1.07789991e+03
4.14383344e-07 3.05020322e+02 9.86002089e+02
4.14814398e-07 3.72599392e+02 1.03825254e+03
4.15245452e-07 4.48665736e+02 1.08396260e+03
4.15676505e-07 3.34624624e+02 1.12140772e+03
4.16107559e-07 3.75685129e+02 1.21756167e+03
4.16538613e-07 6.14483334e+02 1.35578159e+03
4.16969667e-07 3.52132032e+02 1.26712963e+03
4.17400720e-07 5.11699289e+02 1.29799080e+03
4.17831774e-07 5.20074438e+02 1.23930481e+03
4.18262828e-07 4.62650512e+02 1.15010524e+03
4.18693882e-07 5.03413035e+02 1.15472797e+03
4.19124935e-07 6.08074730e+02 1.16610098e+03
4.19555989e-07 4.22283150e+02 1.07486205e+03
4.19987043e-07 5.91876646e+02 1.14149026e+03
4.20418097e-07 4.08380518e+02 1.08563892e+03
4.20849151e-07 6.78370846e+02 1.18867193e+03
4.21280204e-07 5.80683542e+02 1.16903584e+03
4.21711258e-07 5.17106550e+02 1.14063900e+03
4.22142312e-07 5.14513581e+02 1.08270847e+03
4.22573366e-07 4.56460909e+02 1.03592999e+03
4.23004419e-07 6.82105983e+02 1.13317015e+03
4.23435473e-07 7.32670695e+02 1.15215515e+03
4.23866527e-07 6.69677153e+02 1.13999205e+03
4.24297581e-07 5.88251076e+02 1.14279224e+03
4.24728634e-07 5.02344874e+02 1.14307801e+03
4.25159688e-07 5.79785487e+02 1.20060908e+03
4.25590742e-07 6.03453973e+02 1.21292443e+03
4.26021796e-07 5.81935198e+02 1.19427255e+03
4.26452849e-07 5.96478848e+02 1.19267585e+03
4.26883903e-07 6.32503770e+02 1.23078170e+03
4.27314957e-07 6.30579431e+02 1.20994367e+03
4.27746011e-07 5.98375664e+02 1.16038758e+03
4.28177065e-07 5.98016481e+02 1.15640742e+03
4.28608118e-07 5.80496117e+02 1.16721814e+03
4.29039172e-07 5.43779263e+02 1.17424478e+03
4.29470226e-07 5.19561524e+02 1.14732406e+03
4.29901280e-07 6.38930553e+02 1.18763138e+03
4.30332333e-07 6.33613312e+02 1.18422894e+03
4.30763387e-07 6.82493274e+02 1.30177276e+03
4.31194441e-07 6.60731225e+02 1.30518471e+03
4.31625495e-07 5.93766871e+02 1.32188804e+03
4.32056548e-07 6.35115985e+02 1.31411853e+03
4.32487602e-07 6.62855188e+02 1.28001661e+03
4.32918656e-07 7.33055972e+02 1.28628038e+03
4.33349710e-07 7.11717605e+02 1.25426904e+03
4.33780763e-07 6.86895863e+02 1.22333110e+03
4.34211817e-07 5.74126864e+02 1.20179151e+03
4.34642871e-07 6.68503809e+02 1.23121072e+03
4.35073925e-07 6.77189744e+02 1.31095957e+03
4.35504978e-07 8.22242499e+02 1.34953673e+03
4.35936032e-07 7.60216234e+02 1.29350864e+03
4.36367086e-07 7.47500810e+02 1.32394526e+03
4.36798140e-07 7.12390005e+02 1.27654988e+03
4.37229194e-07 6.94335937e+02 1.34175279e+03
4.37660247e-07 8.19837945e+02 1.34780638e+03
4.38091301e-07 6.91781878e+02 1.33415774e+03
4.38522355e-07 6.59704628e+02 1.31073685e+03
4.38953409e-07 7.36690598e+02 1.32875499e+03
4.39384462e-07 7.85601189e+02 1.36389336e+03
4.39815516e-07 6.29229950e+02 1.32471886e+03
4.40246570e-07 7.23809670e+02 1.45337338e+03
4.40677624e-07 7.68327016e+02 1.54790849e+03
4.41108677e-07 8.26539926e+02 1.55876933e+03
4.41539731e-07 8.61508872e+02 1.58890842e+03
4.41970785e-07 9.18371686e+02 1.57759828e+03
4.42401839e-07 7.24983600e+02 1.49466864e+03
4.42832892e-07 6.52007101e+02 1.44136517e+03
4.43263946e-07 7.54582710e+02 1.47234226e+03
4.43695000e-07 7.71373990e+02 1.44399253e+03
4.44126054e-07 7.83684638e+02 1.49002073e+03
4.44557108e-07 7.26537516e+02 1.40308436e+03
4.44988161e-07 7.06989025e+02 1.39599230e+03
4.45419215e-07 9.97176575e+02 1.46376470e+03
4.45850269e-07 6.53740201e+02 1.34494482e+03
4.46281323e-07 8.70031088e+02 1.44633722e+03
4.46712376e-07 8.23034959e+02 1.40896699e+03
4.47143430e-07 9.40976126e+02 1.46486636e+03
4.47574484e-07 8.99770327e+02 1.49296338e+03
4.48005538e-07 9.52642146e+02 1.46382217e+03
4.48436591e-07 8.42719864e+02 1.45172803e+03
4.48867645e-07 6.50380247e+02 1.38111089e+03
4.49298699e-07 8.36715622e+02 1.44015045e+03
4.49729753e-07 8.17048216e+02 1.45041600e+03
4.50160806e-07 5.65237733e+02 1.38545043e+03
4.50591860e-07 5.74592764e+02 1.41810649e+03
4.51022914e-07 7.14053638e+02 1.45998710e+03
4.51453968e-07 6.84831860e+02 1.45504884e+03
4.51885022e-07 9.47424442e+02 1.55659224e+03
4.52316075e-07 7.70794596e+02 1.53231684e+03
4.52747129e-07 8.36232142e+02 1.61599033e+03
4.53178183e-07 1.00791514e+03 1.67730881e+03
4.53609237e-07 8.78575426e+02 1.67303609e+03
4.54040290e-07 9.66663196e+02 1.70936593e+03
4.54471344e-07 9.83438063e+02 1.71202408e+03
4.54902398e-07 8.79594856e+02 1.64465951e+03
4.55333452e-07 1.09610989e+03 1.71872510e+03
4.55764505e-07 9.96033638e+02 1.62506490e+03
4.56195559e-07 8.92541204e+02 1.63547786e+03
4.56626613e-07 1.04015886e+03 1.63845854e+03
4.57057667e-07 1.18339746e+03 1.69485336e+03
4.57488720e-07 1.10891032e+03 1.68863624e+03
4.57919774e-07 9.89907169e+02 1.69513339e+03
4.58350828e-07 1.11255974e+03 1.74635298e+03
4.58781882e-07 8.87397042e+02 1.63476302e+03
4.59212935e-07 1.12672768e+03 1.70685380e+03
4.59643989e-07 1.16730119e+03 1.68862037e+03
4.60075043e-07 1.19195582e+03 1.68578728e+03
4.60506097e-07 7.73148872e+02 1.54417275e+03
4.60937151e-07 1.17955122e+03 1.67378804e+03
4.61368204e-07 1.20125915e+03 1.73206040e+03
4.61799258e-07 1.18132394e+03 1.66833644e+03
4.62230312e-07 1.07025593e+03 1.64981723e+03
4.62661366e-07 1.05825656e+03 1.65243521e+03
4.63092419e-07 1.14977953e+03 1.67386394e+03
4.63523473e-07 1.12002707e+03 1.64279379e+03
4.63954527e-07 1.27401648e+03 1.73155409e+03
4.64385581e-07 1.45121284e+03 1.78935887e+03
4.64816634e-07 1.41149587e+03 1.74662837e+03
4.65247688e-07 1.29363001e+03 1.78001713e+03
4.65678742e-07 1.19161675e+03 1.81207673e+03
4.66109796e-07 1.25168588e+03 1.84341838e+03
4.66540849e-07 1.32984684e+03 1.82568332e+03
4.66971903e-07 1.22132014e+03 1.84576492e+03
4.67402957e-07 1.15562104e+03 1.82388844e+03
4.67834011e-07 1.37380083e+03 1.90358427e+03
4.68265065e-07 1.38719772e+03 1.89841221e+03
4.68696118e-07 1.32179043e+03 1.86081385e+03
4.69127172e-07 1.24497373e+03 1.81672480e+03
4.69558226e-07 1.19834155e+03 1.79178533e+03
4.69989280e-07 1.15891193e+03 1.72162094e+03
4.70420333e-07 1.22204394e+03 1.79078256e+03
4.70851387e-07 1.40869326e+03 1.90584199e+03
4.71282441e-07 1.59986221e+03 1.97867560e+03
4.71713495e-07 1.46840169e+03 1.92715665e+03
4.72144548e-07 1.41045331e+03 1.89144816e+03
4.72575602e-07 1.45363912e+03 1.84943887e+03
4.73006656e-07 1.55578705e+03 1.88874898e+03
4.73437710e-07 1.38677849e+03 1.85032210e+03
4.73868763e-07 1.42501697e+03 1.91136773e+03
4.74299817e-07 1.54900307e+03 1.90915926e+03
4.74730871e-07 1.39129989e+03 1.87041436e+03
4.75161925e-07 1.50546143e+03 1.92916391e+03
4.75592978e-07 1.57023365e+03 1.96772418e+03
4.76024032e-07 1.59058726e+03 1.93039141e+03
4.76455086e-07 1.55332446e+03 1.91356664e+03
4.76886140e-07 1.43671948e+03 1.88134596e+03
4.77317194e-07 1.59876571e+03 1.95345800e+03
4.77748247e-07 1.62221636e+03 1.96951750e+03
4.78179301e-07 1.56417069e+03 1.93900800e+03
4.78610355e-07 1.67071684e+03 1.95725149e+03
4.79041409e-07 1.65123288e+03 2.01588279e+03
4.79472462e-07 1.50872897e+03 1.97069401e+03
4.79903516e-07 1.56561310e+03 1.99839684e+03
4.80334570e-07 1.52989633e+03 1.96585770e+03
4.80765624e-07 1.45027575e+03 1.96792304e+03
4.81196677e-07 1.62622578e+03 2.09107318e+03
4.81627731e-07 1.59207180e+03 2.18229994e+03
4.82058785e-07 1.72885592e+03 2.21924818e+03
4.82489839e-07 1.78310238e+03 2.25490202e+03
4.82920892e-07 1.62802227e+03 2.18118441e+03
4.83351946e-07 1.53508193e+03 2.17873779e+03
4.83783000e-07 1.95093645e+03 2.33638606e+03
4.84214054e-07 1.93291473e+03 2.30829265e+03
4.84645108e-07 1.60613003e+03 2.12118647e+03
4.85076161e-07 1.60272566e+03 2.11126963e+03
4.85507215e-07 1.69198227e+03 2.11746746e+03
4.85938269e-07 1.72553325e+03 2.06138773e+03
4.86369323e-07 1.74373877e+03 2.08559778e+03
4.86800376e-07 1.61774185e+03 2.04113834e+03
4.87231430e-07 1.50719876e+03 2.01147437e+03
4.87662484e-07 1.46801745e+03 2.05499850e+03
4.88093538e-07 1.52008670e+03 2.12511710e+03
4.88524591e-07 1.57759351e+03 2.09621681e+03
4.88955645e-07 1.70505326e+03 2.14905524e+03
4.89386699e-07 1.61011681e+03 2.12939896e+03
4.89817753e-07 1.64447807e+03 2.12332858e+03
4.90248806e-07 1.53067721e+03 2.10060596e+03
4.90679860e-07 1.61937017e+03 2.13305716e+03
4.91110914e-07 1.83152278e+03 2.18363569e+03
4.91541968e-07 1.82081488e+03 2.10548951e+03
4.91973022e-07 1.67458531e+03 2.10640614e+03
4.92404075e-07 1.72493458e+03 2.17443178e+03
4.92835129e-07 1.90599312e+03 2.24151513e+03
4.93266183e-07 1.87793140e+03 2.19393294e+03
4.93697237e-07 1.79501025e+03 2.18675325e+03
4.94128290e-07 2.05869507e+03 2.30678005e+03
4.94559344e-07 1.83654353e+03 2.23854070e+03
4.94990398e-07 2.00773927e+03 2.28706750e+03
4.95421452e-07 1.85084251e+03 2.23943757e+03
4.95852505e-07 1.57292884e+03 2.10225478e+03
4.96283559e-07 1.70015502e+03 2.19105243e+03
4.96714613e-07 1.96429969e+03 2.34624507e+03
4.97145667e-07 2.16372373e+03 2.39650499e+03
4.97576720e-07 1.99263955e+03 2.35032706e+03
4.98007774e-07 1.75930795e+03 2.23909212e+03
4.98438828e-07 1.99564836e+03 2.30246425e+03
4.98869882e-07 2.08660862e+03 2.40631580e+03
4.99300935e-07 2.04277111e+03 2.39880927e+03
4.99731989e-07 2.03693733e+03 2.41352507e+03
5.00163043e-07 2.11952941e+03 2.44354102e+03
5.00594097e-07 1.90850384e+03 2.36400063e+03
5.01025151e-07 1.98996818e+03 2.39653594e+03
5.01456204e-07 2.19768089e+03 2.48180470e+03
5.01887258e-07 2.23662926e+03 2.45053710e+03
5.02318312e-07 2.10816332e+03 2.39807529e+03
5.02749366e-07 2.16145353e+03 2.41762831e+03
5.03180419e-07 2.21072497e+03 2.47237811e+03
5.03611473e-07 2.17469890e+03 2.42757289e+03
5.04042527e-07 2.11992309e+03 2.41339747e+03
5.04473581e-07 2.16953666e+03 2.41892764e+03
5.04904634e-07 2.30156257e+03 2.46967433e+03
5.05335688e-07 2.26100876e+03 2.47662813e+03
5.05766742e-07 2.06855518e+03 2.41275728e+03
5.06197796e-07 1.96706344e+03 2.34205327e+03
5.06628849e-07 2.36283017e+03 2.49558518e+03
5.07059903e-07 2.18075222e+03 2.42464319e+03
5.07490957e-07 2.06853129e+03 2.36006742e+03
5.07922011e-07 1.88303504e+03 2.29212896e+03
5.08353065e-07 2.23485676e+03 2.48003143e+03
5.08784118e-07 2.31329750e+03 2.48297483e+03
5.09215172e-07 2.37632823e+03 2.53548664e+03
5.09646226e-07 2.11950924e+03 2.43871860e+03
5.10077280e-07 1.89228794e+03 2.36179541e+03
5.10508333e-07 2.10845438e+03 2.40647929e+03
5.10939387e-07 2.35638331e+03 2.48227956e+03
5.11370441e-07 2.08098788e+03 2.44548452e+03
5.11801495e-07 1.98209523e+03 2.37960282e+03
5.12232548e-07 2.04953358e+03 2.41064752e+03
5.12663602e-07 2.38306966e+03 2.54908718e+03
5.13094656e-07 2.21021024e+03 2.53511027e+03
5.13525710e-07 2.23979276e+03 2.62946586e+03
5.13956763e-07 2.33437729e+03 2.69594951e+03
5.14387817e-07 2.32256060e+03 2.69284963e+03
5.14818871e-07 2.14300834e+03 2.61864177e+03
5.15249925e-07 2.13524100e+03 2.60693948e+03
5.15680978e-07 2.18802814e+03 2.62235859e+03
5.16112032e-07 2.40666675e+03 2.67302565e+03
5.16543086e-07 2.36203564e+03 2.62194232e+03
5.16974140e-07 2.67896596e+03 2.69801231e+03
5.17405194e-07 2.55161276e+03 2.65857129e+03
5.17836247e-07 2.29924731e+03 2.54674100e+03
5.18267301e-07 2.45834285e+03 2.62754694e+03
5.18698355e-07 2.73909781e+03 2.76148262e+03
5.19129409e-07 2.44179493e+03 2.75741322e+03
5.19560462e-07 2.49227530e+03 2.96146835e+03
5.19991516e-07 2.62773085e+03 2.99097437e+03
5.20422570e-07 2.22716145e+03 2.77412026e+03
5.20853624e-07 2.55250563e+03 2.81914819e+03
5.21284677e-07 2.39685634e+03 2.69296930e+03
5.21715731e-07 2.51446645e+03 2.77679283e+03
5.22146785e-07 2.74585058e+03 2.94228287e+03
5.22577839e-07 2.35678786e+03 2.72231004e+03
5.23008892e-07 2.35940058e+03 2.71842211e+03
5.23439946e-07 2.84635842e+03 2.92908842e+03
5.23871000e-07 3.21369441e+03 3.03345526e+03
5.24302054e-07 3.62576277e+03 3.17091841e+03
5.24733108e-07 2.96701285e+03 2.91676516e+03
5.25164161e-07 2.61696643e+03 2.82167861e+03
5.25595215e-07 2.26924707e+03 2.69719594e+03
5.26026269e-07 2.38142598e+03 2.64929179e+03
5.26457323e-07 2.82904921e+03 2.79164267e+03
5.26888376e-07 2.65076546e+03 2.73846929e+03
5.27319430e-07 2.43979132e+03 2.68315461e+03
5.27750484e-07 2.51060072e+03 2.76724231e+03
5.28181538e-07 2.72605076e+03 2.82373370e+03
5.28612591e-07 2.74360838e+03 2.82966857e+03
5.29043645e-07 2.57385535e+03 2.80644096e+03
5.29474699e-07 2.52126710e+03 2.82966515e+03
5.29905753e-07 2.52918533e+03 2.79685836e+03
5.30336806e-07 2.61167660e+03 2.87387626e+03
5.30767860e-07 2.60794072e+03 2.92832565e+03
5.31198914e-07 2.53315962e+03 2.87384109e+03
5.31629968e-07 2.39475979e+03 2.88668922e+03
5.32061022e-07 2.86680097e+03 3.05074658e+03
5.32492075e-07 2.66112002e+03 2.99001547e+03
5.32923129e-07 2.54443765e+03 2.92397901e+03
5.33354183e-07 2.75708824e+03 3.00914672e+03
5.33785237e-07 2.67141079e+03 2.93988631e+03
5.34216290e-07 2.48247479e+03 2.85533652e+03
5.34647344e-07 2.64244472e+03 2.91406467e+03
5.35078398e-07 2.86381791e+03 3.00819094e+03
5.35509452e-07 2.59783841e+03 2.90918047e+03
5.35940505e-07 2.70230260e+03 2.93734483e+03
5.36371559e-07 2.84737785e+03 2.95949627e+03
5.36802613e-07 2.18617745e+03 2.70443759e+03
5.37233667e-07 2.79472011e+03 2.97023504e+03
5.37664720e-07 2.34787635e+03 2.81832977e+03
5.38095774e-07 2.66578608e+03 2.89145306e+03
5.38526828e-07 2.40663936e+03 2.85545627e+03
5.38957882e-07 2.48821881e+03 2.83548318e+03
5.39388935e-07 2.79670093e+03 2.91618823e+03
5.39819989e-07 2.70449903e+03 2.87621593e+03
5.40251043e-07 2.62100827e+03 2.87471180e+03
5.40682097e-07 2.43803439e+03 2.77217640e+03
5.41113151e-07 2.13908039e+03 2.65737590e+03
5.41544204e-07 2.21140707e+03 2.72382385e+03
5.41975258e-07 2.50469721e+03 2.83121628e+03
5.42406312e-07 2.72595694e+03 2.89531314e+03
5.42837366e-07 2.77036245e+03 2.92682084e+03
5.43268419e-07 2.60510766e+03 2.89650884e+03
5.43699473e-07 2.64752390e+03 2.95496381e+03
5.44130527e-07 2.62919182e+03 2.93814165e+03
5.44561581e-07 2.71683181e+03 2.98365381e+03
5.44992634e-07 2.67272975e+03 2.99174321e+03
5.45423688e-07 2.72816950e+03 3.02574426e+03
5.45854742e-07 2.61474106e+03 3.01073610e+03
5.46285796e-07 2.91894469e+03 3.13287558e+03
5.46716849e-07 3.07860972e+03 3.14618862e+03
5.47147903e-07 2.94635206e+03 3.07988307e+03
5.47578957e-07 2.76227935e+03 2.97968301e+03
5.48010011e-07 2.76660830e+03 3.06754740e+03
5.48441065e-07 2.92307419e+03 3.15930034e+03
5.48872118e-07 3.14621319e+03 3.20775948e+03
5.49303172e-07 3.20641213e+03 3.25684263e+03
5.49734226e-07 3.01932208e+03 3.20666418e+03
5.50165280e-07 2.85594740e+03 3.18818831e+03
5.50596333e-07 2.90656675e+03 3.15744569e+03
5.51027387e-07 3.33134684e+03 3.32390463e+03
5.51458441e-07 2.77376732e+03 3.09916031e+03
5.51889495e-07 2.66974297e+03 3.11254630e+03
5.52320548e-07 2.83124994e+03 3.19877804e+03
5.52751602e-07 3.12032440e+03 3.29584657e+03
5.53182656e-07 3.19654448e+03 3.28366256e+03
5.53613710e-07 3.28719348e+03 3.41490467e+03
5.54044763e-07 3.02098317e+03 3.38367965e+03
5.54475817e-07 3.28694102e+03 3.51875081e+03
5.54906871e-07 3.20170278e+03 3.45044385e+03
5.55337925e-07 3.44109682e+03 3.53057819e+03
5.55768978e-07 3.34864044e+03 3.50885831e+03
5.56200032e-07 3.36956566e+03 3.48916514e+03
5.56631086e-07 2.31791406e+03 4.80371575e+03
5.57493194e-07 6.63263109e+01 5.71100077e+04
5.57924247e-07 1.24535066e+04 5.84383778e+04
5.58355301e-07 1.25074638e+04 2.70286557e+04
5.58786355e-07 7.83064053e+03 9.06547797e+03
5.59217409e-07 4.65091762e+03 4.35891518e+03
5.59648462e-07 3.53496838e+03 3.65907081e+03
5.60079516e-07 3.29125193e+03 3.69720044e+03
5.60510570e-07 3.50634043e+03 3.70671079e+03
5.60941624e-07 3.20678944e+03 3.56183188e+03
5.61372677e-07 3.23145066e+03 3.50540872e+03
5.61803731e-07 3.36937132e+03 3.58164754e+03
5.62234785e-07 3.29748952e+03 3.58185001e+03
5.62665839e-07 2.99900773e+03 3.47192989e+03
5.63096892e-07 3.39757465e+03 3.52309345e+03
5.63527946e-07 3.33987003e+03 3.54266258e+03
5.63959000e-07 3.41549536e+03 3.54652944e+03
5.64390054e-07 3.38983830e+03 3.57235726e+03
5.64821108e-07 3.06186353e+03 3.46777102e+03
5.65252161e-07 3.34051150e+03 3.50683163e+03
5.65683215e-07 3.39573063e+03 3.54765164e+03
5.66114269e-07 3.33259008e+03 3.53190952e+03
5.66545323e-07 3.33081227e+03 3.59116286e+03
5.66976376e-07 3.56667791e+03 3.63504062e+03
5.67407430e-07 3.31899275e+03 3.58014186e+03
5.67838484e-07 3.27177209e+03 3.62001700e+03
5.68269538e-07 3.11479324e+03 3.53053147e+03
5.68700591e-07 3.14399506e+03 3.59014698e+03
5.69131645e-07 3.47179795e+03 3.70479634e+03
5.69562699e-07 3.51049009e+03 3.75891391e+03
5.69993753e-07 3.53034761e+03 3.78579688e+03
5.70424806e-07 3.69798227e+03 3.81770399e+03
5.70855860e-07 3.21621131e+03 3.64233457e+03
5.71286914e-07 3.29089938e+03 3.68650428e+03
5.71717968e-07 3.59744186e+03 3.82800911e+03
5.72149022e-07 3.64479588e+03 3.91678078e+03
5.72580075e-07 3.34296779e+03 3.73444733e+03
5.73011129e-07 3.64686037e+03 3.78738125e+03
5.73442183e-07 3.79894821e+03 3.80833387e+03
5.73873237e-07 3.42189336e+03 3.71442811e+03
5.74304290e-07 3.62328038e+03 3.73902996e+03
5.74735344e-07 3.73239123e+03 3.77432983e+03
5.75166398e-07 3.35725393e+03 3.65265286e+03
5.75597452e-07 4.07476874e+03 3.95880265e+03
5.76028505e-07 3.18252856e+03 3.66333241e+03
5.76459559e-07 3.59867445e+03 3.80444236e+03
5.76890613e-07 3.60121458e+03 3.85056919e+03
5.77321667e-07 3.57249994e+03 3.84256426e+03
5.77752720e-07 3.73061600e+03 3.83606308e+03
5.78183774e-07 3.78503942e+03 3.90702206e+03
5.78614828e-07 3.93798127e+03 3.95245691e+03
5.79045882e-07 3.91891322e+03 3.93393910e+03
5.79476935e-07 3.50317381e+03 3.83990977e+03
5.79907989e-07 3.43942183e+03 3.80417093e+03
5.80339043e-07 3.89965027e+03 4.01638058e+03
5.80770097e-07 4.03033244e+03 4.03882826e+03
5.81201151e-07 4.12480432e+03 3.99383393e+03
5.81632204e-07 3.66112080e+03 3.89293086e+03
5.82063258e-07 4.02761509e+03 4.03346747e+03
5.82494312e-07 3.52618335e+03 3.91998787e+03
5.82925366e-07 3.67795721e+03 3.92395450e+03
5.83356419e-07 3.87827699e+03 3.96298241e+03
5.83787473e-07 3.57758551e+03 3.84968677e+03
5.84218527e-07 3.46611743e+03 3.84987077e+03
5.84649581e-07 4.01915088e+03 4.05065327e+03
5.85080634e-07 3.60012256e+03 3.88445927e+03
5.85511688e-07 3.76247667e+03 3.93259377e+03
5.85942742e-07 3.78083858e+03 4.04326879e+03
5.86373796e-07 3.26870774e+03 4.20462106e+03
5.86804849e-07 3.78074764e+03 4.53737250e+03
5.87235903e-07 4.00676057e+03 4.47783542e+03
5.87666957e-07 3.84585775e+03 4.28663497e+03
5.88098011e-07 2.96074063e+03 4.73002977e+03
5.88529065e-07 2.81622668e+03 7.66579684e+03
5.88960118e-07 3.07546283e+03 1.08607426e+04
5.89391172e-07 3.96332758e+03 1.06393377e+04
5.89822226e-07 4.80907321e+03 8.04762420e+03
5.90253280e-07 4.49151912e+03 5.63565153e+03
5.90684333e-07 3.81219308e+03 4.55735567e+03
5.91115387e-07 3.61598492e+03 4.51613140e+03
5.91546441e-07 3.68781876e+03 4.52427909e+03
5.91977495e-07 3.51620665e+03 4.42842570e+03
5.92408548e-07 3.47543047e+03 4.41756154e+03
5.92839602e-07 3.80351249e+03 4.61770463e+03
5.93270656e-07 3.66726827e+03 4.59602722e+03
5.93701710e-07 3.84462559e+03 4.44984076e+03
5.94132763e-07 4.05758233e+03 4.43239077e+03
5.94563817e-07 4.02972898e+03 4.55065966e+03
5.94994871e-07 3.70154011e+03 4.56201447e+03
5.95425925e-07 3.96019175e+03 4.63817115e+03
5.95856978e-07 3.70663331e+03 4.41444685e+03
5.96288032e-07 3.78465048e+03 4.38421863e+03
5.96719086e-07 3.82112496e+03 4.43683894e+03
5.97150140e-07 3.72682572e+03 4.50481203e+03
5.97581194e-07 4.08289903e+03 4.60280790e+03
5.98012247e-07 3.76280416e+03 4.45651245e+03
5.98443301e-07 3.81567333e+03 4.31800759e+03
5.98874355e-07 4.05679115e+03 4.35948131e+03
5.99305409e-07 4.32120682e+03 4.48520609e+03
5.99736462e-07 4.19911765e+03 4.45491160e+03
6.00167516e-07 4.31712116e+03 4.55030942e+03
6.00598570e-07 4.51232990e+03 4.48300977e+03
6.01029624e-07 4.11620524e+03 4.28382801e+03
6.01460677e-07 4.05955959e+03 4.22297381e+03
6.01891731e-07 4.26581468e+03 4.31933355e+03
6.02322785e-07 4.02665727e+03 4.20090954e+03
6.02753839e-07 3.97194681e+03 4.21950387e+03
6.03184892e-07 4.25043872e+03 4.30797439e+03
6.03615946e-07 4.35584209e+03 4.33166277e+03
6.04047000e-07 4.21012462e+03 4.23141963e+03
6.04478054e-07 4.22481877e+03 4.23640310e+03
6.04909108e-07 4.25019365e+03 4.21699910e+03
6.05340161e-07 4.02565714e+03 4.16186242e+03
6.05771215e-07 3.74257401e+03 4.03778760e+03
6.06202269e-07 4.18269997e+03 4.19296622e+03
6.06633323e-07 4.44327680e+03 4.31373643e+03
6.07064376e-07 4.27528278e+03 4.21640669e+03
6.07495430e-07 4.09769111e+03 4.08471292e+03
6.07926484e-07 4.05859307e+03 4.09886792e+03
6.08357538e-07 4.20905154e+03 4.22464401e+03
6.08788591e-07 4.25442951e+03 4.18146677e+03
6.09219645e-07 4.31039853e+03 4.18851724e+03
6.09650699e-07 4.54672618e+03 4.27856997e+03
6.10081753e-07 4.62532317e+03 4.31686430e+03
6.10512806e-07 4.42689945e+03 4.29714228e+03
6.10943860e-07 4.14003449e+03 4.12564986e+03
6.11374914e-07 4.23415421e+03 4.14229874e+03
6.11805968e-07 4.39926967e+03 4.23182172e+03
6.12237022e-07 4.36087742e+03 4.13928279e+03
6.12668075e-07 3.83707472e+03 3.99376430e+03
6.13099129e-07 4.22041790e+03 4.10955917e+03
6.13530183e-07 4.41321477e+03 4.31162475e+03
6.13961237e-07 3.96667329e+03 4.24841868e+03
6.14392290e-07 4.31702817e+03 4.28612385e+03
6.14823344e-07 4.50053204e+03 4.30530187e+03
6.15254398e-07 4.04473355e+03 4.16019294e+03
6.15685452e-07 4.11000815e+03 4.11611310e+03
6.16116505e-07 4.22500699e+03 4.11822531e+03
6.16547559e-07 3.95634846e+03 4.10992746e+03
6.16978613e-07 3.53534667e+03 4.10498760e+03
6.17409667e-07 3.70018391e+03 4.09069171e+03
6.17840720e-07 4.09862021e+03 4.11902566e+03
6.18271774e-07 4.41207717e+03 4.24301469e+03
6.18702828e-07 4.28079597e+03 4.13761689e+03
6.19133882e-07 4.05250290e+03 4.06999640e+03
6.19564935e-07 4.32997137e+03 4.20272965e+03
6.19995989e-07 4.04088312e+03 4.21939860e+03
6.20427043e-07 4.68073148e+03 4.44480932e+03
6.20858097e-07 4.61824006e+03 4.36228971e+03
6.21289151e-07 4.25504917e+03 4.23452760e+03
6.21720204e-07 4.48607828e+03 4.37906721e+03
6.22151258e-07 4.51490034e+03 4.45025365e+03
6.22582312e-07 4.44598464e+03 4.42633845e+03
6.23013366e-07 4.20066117e+03 4.83019832e+03
6.23444419e-07 4.33554149e+03 5.44693929e+03
6.23875473e-07 4.57713954e+03 5.38170736e+03
6.24306527e-07 5.01794067e+03 4.98057810e+03
6.24737581e-07 4.70491486e+03 4.63375783e+03
6.25168634e-07 3.99554684e+03 4.58977958e+03
6.25599688e-07 4.41140114e+03 5.06989041e+03
6.26030742e-07 4.45395804e+03 5.18859996e+03
6.26461796e-07 3.98091881e+03 4.66683568e+03
6.26892849e-07 4.43530620e+03 4.52469705e+03
6.27323903e-07 4.32715027e+03 4.45876785e+03
6.27754957e-07 4.13088992e+03 4.29650987e+03
6.28186011e-07 4.05933899e+03 4.59923467e+03
6.28617065e-07 4.16950182e+03 4.94116329e+03
6.29048118e-07 3.61569782e+03 5.45798465e+03
6.29479172e-07 2.69750305e+03 9.06908759e+03
6.29910226e-07 3.83262055e+03 1.36198845e+04
6.30341280e-07 6.11477382e+03 1.19723921e+04
6.30772333e-07 5.40152007e+03 7.17165386e+03
6.31203387e-07 5.05863116e+03 5.04062892e+03
6.31634441e-07 4.54230797e+03 4.51337648e+03
6.32065495e-07 4.33891179e+03 4.66806842e+03
6.32496548e-07 4.43918738e+03 4.91066780e+03
6.32927602e-07 4.74697957e+03 5.21797201e+03
6.33358656e-07 4.96855240e+03 4.93107784e+03
6.33789710e-07 4.55761413e+03 4.49672899e+03
6.34220763e-07 4.38576212e+03 4.43875322e+03
6.34651817e-07 4.38797182e+03 4.58064911e+03
6.35082871e-07 4.73381354e+03 4.82702212e+03
6.35513925e-07 4.78631236e+03 5.58777163e+03
6.35944978e-07 3.95692662e+03 6.77059605e+03
6.36376032e-07 4.40541052e+03 7.45935558e+03
6.36807086e-07 5.35792003e+03 6.27882218e+03
6.37238140e-07 4.76364817e+03 4.80335449e+03
6.37669194e-07 4.57296250e+03 4.50811079e+03
6.38100247e-07 4.54529106e+03 4.62621846e+03
6.38531301e-07 4.34207701e+03 4.61951758e+03
6.38962355e-07 4.51454652e+03 4.49226146e+03
6.39393409e-07 4.53549404e+03 4.34950294e+03
6.39824462e-07 4.93821750e+03 4.39170533e+03
6.40255516e-07 4.60503361e+03 4.31069790e+03
6.40686570e-07 5.10129323e+03 4.52542384e+03
6.41117624e-07 4.59965641e+03 4.42833754e+03
6.41548677e-07 4.17655354e+03 4.34910225e+03
6.41979731e-07 4.44826398e+03 4.40434309e+03
6.42410785e-07 4.61970448e+03 4.33338246e+03
6.42841839e-07 4.92490095e+03 4.43162303e+03
6.43272892e-07 4.72008110e+03 4.33020306e+03
6.43703946e-07 4.73934286e+03 4.29052386e+03
6.44135000e-07 4.79062108e+03 4.35769436e+03
6.44566054e-07 4.52039911e+03 4.30723219e+03
6.44997108e-07 4.31016511e+03 4.29457024e+03
6.45428161e-07 4.53018763e+03 4.47844344e+03
6.45859215e-07 4.39105719e+03 4.64999061e+03
6.46290269e-07 4.68491204e+03 5.03079677e+03
6.46721323e-07 4.51744298e+03 5.15515873e+03
6.47152376e-07 4.68052693e+03 4.99963830e+03
6.47583430e-07 4.32641651e+03 4.49627987e+03
6.48014484e-07 4.37309002e+03 4.29676544e+03
6.48445538e-07 4.42881509e+03 4.21275579e+03
6.48876591e-07 5.00227765e+03 4.48213563e+03
6.49307645e-07 4.70766676e+03 4.87051456e+03
6.49738699e-07 5.24488189e+03 5.47859247e+03
6.50169753e-07 5.31134395e+03 5.49762677e+03
6.50600806e-07 4.60559358e+03 4.77472487e+03
6.51031860e-07 4.74697804e+03 4.49568416e+03
6.51462914e-07 4.39732015e+03 4.33879882e+03
6.51893968e-07 4.54480598e+03 4.54632594e+03
6.52325022e-07 4.52730009e+03 4.65831148e+03
6.52756075e-07 4.37255821e+03 4.75312346e+03
6.53187129e-07 5.00089428e+03 5.27195357e+03
6.53618183e-07 4.72474740e+03 5.04057418e+03
6.54049237e-07 4.74157833e+03 4.82743771e+03
6.54480290e-07 4.64686800e+03 4.85608331e+03
6.54911344e-07 4.37578234e+03 5.03355692e+03
6.55342398e-07 5.04891319e+03 5.40978833e+03
6.55773452e-07 4.68104018e+03 5.00591583e+03
6.56204505e-07 5.26557934e+03 5.02316334e+03
6.56635559e-07 4.94005524e+03 4.85156630e+03
6.57066613e-07 4.70384692e+03 4.92579922e+03
6.57497667e-07 5.49093512e+03 5.49861775e+03
6.57928720e-07 4.85545939e+03 5.07521332e+03
6.58359774e-07 4.37810151e+03 4.47340585e+03
6.58790828e-07 4.97993022e+03 4.53278382e+03
6.59221882e-07 4.68091004e+03 4.53156917e+03
6.59652935e-07 4.67613466e+03 4.65428771e+03
6.60083989e-07 5.03986914e+03 4.85610591e+03
6.60515043e-07 5.17267149e+03 4.92336597e+03
6.60946097e-07 4.97967912e+03 4.59137283e+03
6.61377151e-07 4.73607337e+03 4.36975036e+03
6.61808204e-07 5.35054291e+03 4.57362687e+03
6.62239258e-07 5.13755879e+03 4.60277903e+03
6.62670312e-07 4.91768363e+03 4.55695254e+03
6.63101366e-07 4.69273458e+03 4.51060458e+03
6.63532419e-07 4.75858009e+03 4.59058496e+03
6.63963473e-07 4.36376639e+03 4.32018301e+03
6.64394527e-07 5.37823389e+03 4.68350512e+03
6.64825581e-07 5.06876342e+03 4.47953332e+03
6.65256634e-07 4.81587272e+03 4.48647851e+03
6.65687688e-07 4.59771511e+03 4.36680569e+03
6.66118742e-07 4.80005542e+03 4.44057400e+03
6.66549796e-07 5.06187088e+03 4.56339073e+03
6.66980849e-07 5.34549797e+03 4.66939504e+03
6.67411903e-07 5.60927354e+03 4.68602238e+03
6.67842957e-07 5.00352643e+03 4.45598663e+03
6.68274011e-07 5.12005089e+03 4.47498153e+03
6.68705065e-07 5.33796004e+03 4.55521131e+03
6.69136118e-07 5.29396967e+03 4.60804369e+03
6.69567172e-07 4.89710508e+03 4.52108007e+03
6.69998226e-07 5.01204077e+03 4.60153444e+03
6.70429280e-07 5.01693010e+03 4.56757676e+03
6.70860333e-07 5.04762127e+03 4.53962484e+03
6.71291387e-07 4.99004715e+03 4.51740875e+03
6.71722441e-07 5.19605881e+03 4.59470113e+03
6.72153495e-07 4.94282711e+03 4.46299752e+03
6.72584548e-07 5.31344300e+03 4.54077038e+03
6.73015602e-07 5.10277453e+03 4.52016169e+03
6.73446656e-07 4.77892110e+03 4.43977813e+03
6.73877710e-07 4.70035547e+03 4.44726508e+03
6.74308763e-07 5.10590221e+03 4.59139879e+03
6.74739817e-07 4.76965370e+03 4.45820767e+03
6.75170871e-07 4.50227809e+03 4.25371839e+03
6.75601925e-07 4.85982967e+03 4.41991985e+03
6.76032978e-07 5.33713333e+03 4.52950341e+03
6.76464032e-07 5.50688100e+03 4.56966413e+03
6.76895086e-07 4.79414879e+03 4.29206623e+03
6.77326140e-07 5.20837143e+03 4.47897156e+03
6.77757194e-07 5.30321310e+03 4.54130671e+03
6.78188247e-07 5.09779484e+03 4.46320503e+03
6.78619301e-07 5.17378539e+03 4.51888016e+03
6.79050355e-07 4.81863012e+03 4.34945048e+03
6.79481409e-07 4.97707466e+03 4.37418425e+03
6.79912462e-07 5.01880646e+03 4.41293126e+03
6.80343516e-07 4.65142085e+03 4.29623998e+03
6.80774570e-07 4.92764426e+03 4.37676696e+03
6.81205624e-07 5.23653276e+03 4.50445581e+03
6.81636677e-07 5.31635103e+03 4.57039920e+03
6.82067731e-07 5.26110974e+03 5.08550835e+03
6.82498785e-07 5.35994981e+03 6.28438219e+03
6.82929839e-07 5.31423945e+03 7.33536616e+03
6.83360892e-07 5.22813416e+03 7.01818426e+03
6.83791946e-07 5.91574598e+03 6.16360536e+03
6.84223000e-07 5.75807548e+03 5.33869829e+03
6.84654054e-07 5.24526097e+03 4.79319628e+03
6.85085108e-07 5.32375246e+03 4.69250843e+03
6.85516161e-07 5.47273489e+03 5.21703227e+03
6.85947215e-07 4.69459658e+03 6.28974016e+03
6.86378269e-07 5.44075048e+03 7.20538536e+03
6.86809323e-07 7.76965765e+03 6.75129941e+03
6.87240376e-07 7.25523250e+03 5.51428211e+03
6.87671430e-07 5.91865867e+03 4.94349066e+03
6.88102484e-07 4.52307333e+03 4.62543875e+03
6.88533538e-07 4.54288175e+03 4.75620547e+03
6.88964591e-07 5.95664707e+03 5.27851584e+03
6.89395645e-07 6.38119198e+03 5.36023423e+03
6.89826699e-07 5.81914185e+03 5.06294400e+03
6.90257753e-07 4.70103458e+03 4.58146940e+03
6.90688806e-07 4.44957961e+03 4.68304121e+03
6.91119860e-07 4.45816572e+03 4.98898740e+03
6.91550914e-07 4.84727042e+03 5.25437508e+03
6.91981968e-07 4.86099468e+03 5.68818299e+03
6.92413022e-07 4.68447308e+03 5.67384685e+03
6.92844075e-07 5.07704048e+03 4.95270920e+03
6.93275129e-07 4.43116943e+03 4.50422864e+03
6.93706183e-07 4.45694066e+03 4.87763650e+03
6.94137237e-07 4.57084616e+03 5.24076067e+03
6.94568290e-07 4.78651158e+03 5.81234168e+03
6.94999344e-07 4.62145718e+03 5.76324183e+03
6.95430398e-07 4.58593377e+03 4.97664281e+03
6.95861452e-07 4.75463855e+03 4.55366949e+03
6.96292505e-07 4.86350606e+03 4.73530043e+03
6.96723559e-07 5.10082931e+03 5.13910561e+03
6.97154613e-07 4.79441686e+03 5.30947266e+03
6.97585667e-07 4.79234896e+03 5.63870177e+03
6.98016720e-07 5.15957915e+03 5.51183365e+03
6.98447774e-07 5.03432595e+03 4.81200345e+03
6.98878828e-07 4.78863665e+03 4.49667375e+03
6.99309882e-07 4.99102685e+03 4.50944267e+03
6.99740935e-07 5.08561863e+03 4.64546898e+03
7.00171989e-07 4.94500400e+03 4.76957425e+03
7.00603043e-07 4.48898939e+03 4.77425338e+03
7.01034097e-07 4.64414971e+03 4.79613269e+03
7.01465151e-07 4.52282398e+03 4.52375699e+03
7.01896204e-07 4.67724973e+03 4.32413086e+03
7.02327258e-07 5.02590396e+03 4.39164901e+03
7.02758312e-07 5.57107256e+03 4.56442513e+03
7.03189366e-07 5.90298833e+03 4.78659962e+03
7.03620419e-07 5.61888815e+03 4.79663776e+03
7.04051473e-07 5.23560264e+03 4.87053310e+03
7.04482527e-07 4.94339154e+03 5.19033123e+03
7.04913581e-07 5.27386798e+03 5.38107389e+03
7.05344634e-07 5.31734980e+03 5.01687648e+03
7.05775688e-07 5.11075370e+03 4.69049238e+03
7.06206742e-07 5.47623281e+03 4.89185498e+03
7.06637796e-07 4.94145402e+03 4.82102829e+03
7.07068849e-07 4.60276847e+03 4.64266542e+03
7.07499903e-07 4.74136686e+03 4.74142490e+03
7.07930957e-07 4.92886474e+03 4.76888502e+03
7.08362011e-07 4.96832984e+03 4.86715626e+03
7.08793065e-07 4.67556137e+03 4.73488107e+03
7.09224118e-07 4.68105965e+03 4.51084931e+03
7.09655172e-07 4.46822676e+03 4.35482271e+03
7.10086226e-07 4.83192611e+03 4.40924435e+03
7.10517280e-07 4.87751130e+03 4.37458174e+03
7.10948333e-07 4.94128385e+03 4.37601032e+03
7.11379387e-07 5.05199541e+03 4.45613146e+03
7.11810441e-07 5.20948486e+03 4.53272156e+03
7.12241495e-07 4.83517184e+03 4.46390532e+03
7.12672548e-07 4.62198562e+03 4.44492614e+03
7.13103602e-07 4.94326449e+03 4.53552255e+03
7.13534656e-07 4.63809122e+03 4.45259925e+03
7.13965710e-07 4.61657444e+03 4.65793176e+03
7.14396763e-07 4.78256775e+03 4.95136426e+03
7.14827817e-07 4.85609821e+03 4.74117320e+03
7.15258871e-07 4.78186267e+03 4.47174812e+03
7.15689925e-07 4.62566618e+03 4.44051348e+03
7.16120978e-07 4.57397590e+03 4.37866529e+03
7.16552032e-07 4.39663175e+03 4.25074227e+03
7.16983086e-07 3.86202148e+03 3.97702035e+03
7.17414140e-07 3.73520133e+03 3.92969439e+03
7.17845194e-07 3.94537762e+03 4.00836427e+03
7.18276247e-07 3.70049109e+03 3.72429753e+03
7.18707301e-07 3.23125248e+03 3.41660535e+03
7.19138355e-07 3.77290359e+03 3.54639464e+03
7.19569409e-07 3.61495113e+03 3.48468995e+03
7.20000462e-07 3.20054034e+03 3.38822380e+03
7.20431516e-07 3.80169018e+03 3.64528863e+03
7.20862570e-07 3.90198630e+03 3.73561379e+03
7.21293624e-07 4.50155432e+03 3.96984898e+03
7.21724677e-07 4.17193433e+03 3.94568511e+03
7.22155731e-07 4.04555606e+03 4.06567021e+03
7.22586785e-07 4.25323945e+03 4.13107704e+03
7.23017839e-07 3.88231317e+03 4.36758536e+03
7.23448892e-07 3.61685024e+03 5.92759466e+03
7.23879946e-07 3.66321092e+03 8.86415427e+03
7.24311000e-07 3.73671287e+03 9.58924501e+03
7.24742054e-07 4.18931976e+03 7.69764799e+03
7.25173108e-07 4.07721046e+03 5.59429841e+03
7.25604161e-07 3.68428625e+03 4.57199924e+03
7.26035215e-07 3.73930462e+03 4.26519549e+03
7.26466269e-07 3.72260511e+03 4.36848249e+03
7.26897323e-07 3.74317879e+03 5.65641442e+03
7.27328376e-07 4.43599645e+03 8.31617653e+03
7.27759430e-07 4.01887033e+03 8.83600962e+03
7.28190484e-07 3.67449145e+03 7.40788052e+03
7.28621538e-07 3.51833731e+03 5.96895593e+03
7.29052591e-07 3.83159101e+03 4.95304795e+03
7.29483645e-07 4.38490513e+03 5.13823867e+03
7.29914699e-07 4.11142439e+03 5.25012437e+03
7.30345753e-07 3.99260641e+03 5.30925528e+03
7.30776806e-07 3.95759324e+03 5.49196690e+03
7.31207860e-07 4.31179445e+03 7.31651468e+03
7.31638914e-07 3.71842428e+03 8.14138803e+03
7.32069968e-07 4.71231409e+03 6.57901548e+03
7.32501022e-07 4.29178516e+03 5.92015856e+03
7.32932075e-07 3.84172136e+03 6.14073571e+03
7.33363129e-07 4.60656210e+03 6.78044052e+03
7.33794183e-07 3.87140600e+03 8.94586133e+03
7.34225237e-07 4.40445661e+03 9.14477524e+03
7.34656290e-07 4.12117657e+03 6.18900575e+03
7.35087344e-07 4.51969145e+03 5.37890416e+03
7.35518398e-07 4.40531378e+03 6.18451839e+03
7.35949452e-07 4.07530746e+03 6.63141219e+03
7.36380505e-07 3.90893259e+03 7.01902128e+03
7.36811559e-07 4.93943802e+03 8.62819491e+03
7.37242613e-07 4.35035338e+03 6.95302059e+03
7.37673667e-07 3.97964147e+03 4.95914299e+03
7.38104720e-07 4.47098139e+03 4.74493769e+03
7.38535774e-07 4.74406240e+03 5.15664756e+03
7.38966828e-07 4.45098097e+03 5.93914819e+03
7.39397882e-07 4.63133969e+03 6.51163981e+03
7.39828935e-07 3.80625828e+03 6.93166706e+03
7.40259989e-07 4.06630079e+03 7.17227016e+03
7.40691043e-07 4.58783685e+03 5.72410958e+03
7.41122097e-07 4.31888815e+03 4.82422351e+03
7.41553151e-07 4.85557604e+03 4.93724841e+03
7.41984204e-07 4.13090960e+03 4.62749238e+03
7.42415258e-07 4.60400546e+03 5.02424128e+03
7.42846312e-07 4.38051953e+03 5.48085199e+03
7.43277366e-07 4.40961285e+03 5.92774435e+03
7.43708419e-07 5.01242917e+03 6.40070480e+03
7.44139473e-07 4.39306572e+03 5.58857279e+03
7.44570527e-07 4.41499793e+03 4.81170310e+03
7.45001581e-07 4.44535758e+03 4.63839535e+03
7.45432634e-07 4.89362787e+03 4.87072989e+03
7.45863688e-07 3.85644339e+03 4.72239084e+03
7.46294742e-07 3.89999654e+03 5.23539908e+03
7.46725796e-07 3.98271921e+03 5.88299430e+03
7.47156849e-07 4.45676916e+03 6.58356340e+03
7.47587903e-07 4.49511552e+03 6.78434169e+03
7.48018957e-07 4.08539476e+03 6.65946986e+03
7.48450011e-07 4.14689620e+03 6.05409249e+03
7.48881065e-07 3.73556287e+03 5.17527660e+03
7.49312118e-07 4.76211792e+03 5.23845213e+03
7.49743172e-07 4.39246527e+03 4.99860710e+03
7.50174226e-07 3.91020400e+03 4.68625527e+03
7.50605280e-07 4.70340950e+03 4.92461849e+03
7.51036333e-07 4.44086610e+03 4.90748834e+03
7.51467387e-07 4.07724736e+03 5.34174540e+03
7.51898441e-07 3.46184569e+03 6.56572012e+03
7.52329495e-07 4.43354373e+03 8.27227539e+03
7.52760548e-07 4.30443575e+03 7.24187593e+03
7.53191602e-07 4.17595146e+03 5.76147937e+03
7.53622656e-07 4.02406564e+03 5.09259182e+03
7.54053710e-07 4.20567607e+03 5.07306701e+03
7.54484763e-07 4.57267097e+03 5.00222670e+03
7.54915817e-07 4.15554140e+03 4.94199052e+03
7.55346871e-07 4.37972657e+03 5.24325752e+03
7.55777925e-07 4.42177917e+03 5.40670656e+03
7.56208978e-07 4.48287272e+03 5.40910616e+03
7.56640032e-07 4.28983337e+03 6.24019960e+03
7.57071086e-07 4.09471593e+03 7.05831509e+03
7.57502140e-07 4.80884184e+03 6.45235010e+03
7.57933194e-07 4.82640232e+03 5.49598384e+03
7.58364247e-07 3.85965985e+03 5.24971329e+03
7.58795301e-07 3.89673279e+03 4.98672296e+03
7.59226355e-07 3.19466673e+03 4.16561631e+03
7.59657409e-07 2.35800581e+03 3.73593179e+03
7.60088462e-07 1.08685386e+03 2.84914793e+03
7.60519516e-07 1.44855042e+03 2.73364114e+03
7.60950570e-07 2.05727489e+03 3.16523227e+03
7.61381624e-07 2.68766322e+03 4.02572606e+03
7.61812677e-07 2.74506869e+03 4.41795087e+03
7.62243731e-07 2.76048325e+03 4.40257106e+03
7.62674785e-07 2.00586076e+03 4.04874826e+03
7.63105839e-07 2.10956479e+03 3.84157795e+03
7.63536892e-07 1.88142110e+03 3.58458453e+03
7.63967946e-07 2.14378261e+03 3.61200615e+03
7.64399000e-07 2.95126424e+03 3.99803972e+03
7.64830054e-07 3.35777973e+03 4.26217382e+03
7.65261108e-07 2.82310667e+03 4.26008449e+03
7.65692161e-07 3.43525470e+03 4.69674324e+03
7.66123215e-07 4.09325471e+03 5.08255585e+03
7.66554269e-07 3.98165035e+03 4.78259093e+03
7.66985323e-07 4.39206871e+03 4.72971484e+03
7.67416376e-07 4.11657687e+03 4.52533521e+03
7.67847430e-07 4.06027020e+03 4.64521443e+03
7.68278484e-07 4.58225433e+03 5.18237551e+03
7.68709538e-07 4.69831341e+03 5.42634167e+03
7.69140591e-07 4.46547035e+03 5.46983106e+03
7.69571645e-07 4.69218129e+03 5.57590133e+03
7.70002699e-07 3.86330097e+03 5.31459047e+03
7.70433753e-07 3.99815747e+03 5.95948804e+03
7.70864806e-07 5.27539582e+03 1.05129594e+04
7.71295860e-07 5.19486034e+03 1.56146720e+04
7.71726914e-07 4.17311062e+03 1.37789436e+04
7.72157968e-07 4.67698668e+03 9.52699494e+03
7.72589022e-07 4.35118023e+03 7.25855863e+03
7.73020075e-07 4.43441867e+03 6.16014469e+03
7.73451129e-07 4.57206967e+03 5.78330063e+03
7.73882183e-07 3.72066081e+03 5.41122305e+03
7.74313237e-07 5.51282496e+03 7.87293278e+03
7.74744290e-07 4.14587329e+03 1.79739290e+04
7.75175344e-07 3.51111391e+03 1.94471955e+04
7.75606398e-07 4.53865323e+03 1.42489351e+04
7.76037452e-07 3.71488014e+03 1.14858467e+04
7.76468505e-07 3.71268930e+03 6.03766812e+03
7.76899559e-07 4.63315161e+03 6.55410976e+03
7.77330613e-07 4.23812419e+03 7.41982341e+03
7.77761667e-07 4.45815479e+03 7.62553639e+03
7.78192720e-07 3.87440455e+03 6.90519481e+03
7.78623774e-07 4.16786640e+03 7.23704242e+03
7.79054828e-07 4.82114553e+03 1.05610433e+04
7.79485882e-07 3.90110099e+03 1.05342320e+04
7.79916935e-07 3.84239467e+03 7.01329416e+03
7.80347989e-07 4.48149088e+03 7.11179484e+03
7.80779043e-07 3.73528192e+03 7.77556466e+03
7.81210097e-07 4.44274736e+03 7.71407083e+03
7.81641151e-07 4.66097891e+03 1.02544226e+04
7.82072204e-07 4.79105487e+03 1.28848863e+04
7.82503258e-07 3.13165638e+03 8.75034987e+03
7.82934312e-07 4.60743537e+03 6.07832025e+03
7.83365366e-07 4.91966132e+03 6.09264214e+03
7.83796419e-07 4.47254946e+03 7.27877152e+03
7.84227473e-07 3.91203126e+03 7.35614446e+03
7.84658527e-07 3.80225100e+03 8.75633034e+03
7.85089581e-07 4.41829725e+03 1.35050853e+04
7.85520634e-07 3.79314369e+03 1.29464307e+04
7.85951688e-07 3.84653834e+03 9.60710525e+03
7.86382742e-07 3.98275175e+03 8.24346169e+03
7.86813796e-07 3.93116880e+03 8.70281205e+03
7.87244849e-07 4.80014305e+03 8.73620387e+03
7.87675903e-07 5.14595559e+03 8.75736556e+03
7.88106957e-07 4.27149917e+03 8.70508002e+03
7.88538011e-07 4.78346587e+03 9.69561092e+03
7.88969065e-07 3.46085644e+03 9.58309365e+03
7.89400118e-07 3.73996217e+03 7.16289143e+03
7.89831172e-07 3.71791981e+03 5.45997158e+03
7.90262226e-07 3.92275925e+03 5.59949849e+03
7.90693280e-07 5.13424167e+03 8.52571744e+03
7.91124333e-07 5.97680998e+03 1.41508236e+04
7.91555387e-07 4.40215109e+03 1.36723109e+04
7.91986441e-07 1.08199284e+04 1.06222791e+04
7.92417495e-07 9.49822891e+02 2.31559260e+03
