1.19870000e-01
3.62059061e-07 7.06201951e+01 7.70311155e+02
3.62490091e-07 1.15675637e+02 1.00217625e+03
3.65938333e-07 1.38684277e+01 5.16150001e+02
3.66800394e-07 2.93714329e+01 5.96703315e+02
3.68093485e-07 4.46073803e+01 4.82676609e+02
3.68524515e-07 8.28614822e+01 5.41528862e+02
3.68955545e-07 7.66003673e+01 5.87977448e+02
3.69386576e-07 1.25614804e+00 4.60436024e+02
3.69817606e-07 3.61701305e+01 5.10417606e+02
3.70248636e-07 5.77491751e+01 5.74660263e+02
3.70679667e-07 1.15571051e+02 7.82635759e+02
3.71110697e-07 5.41033114e+01 6.70687809e+02
3.71541727e-07 5.89540811e+00 5.36593549e+02
3.72403788e-07 5.42133513e+01 5.50462732e+02
3.72834818e-07 2.63024363e+00 5.14354661e+02
3.73265848e-07 5.48716946e+01 5.57641261e+02
3.73696879e-07 3.34997722e+01 6.57411595e+02
3.74558939e-07 1.02914527e+01 5.83354163e+02
3.74989970e-07 5.34448091e+01 6.47157237e+02
3.75852030e-07 2.37662107e+02 8.49990398e+02
3.76283061e-07 1.11799275e+02 6.14011110e+02
3.76714091e-07 6.85739881e+01 5.77125969e+02
3.77145121e-07 5.91865409e+01 5.95087573e+02
3.77576152e-07 1.16743331e+02 5.74539389e+02
3.78007182e-07 9.12432346e+01 6.33207419e+02
3.78438212e-07 1.35700479e+02 6.62677902e+02
3.78869242e-07 1.49917604e+02 6.90079625e+02
3.79300273e-07 1.41776338e+02 6.30269700e+02
3.79731303e-07 1.98856577e+02 6.65960928e+02
3.80162333e-07 2.02046536e+02 6.75385645e+02
3.80593364e-07 1.16214952e+02 6.32260991e+02
3.81024394e-07 5.57955633e+01 5.77566698e+02
3.81455424e-07 1.52747157e+02 6.87047819e+02
3.81886455e-07 4.41212049e+01 6.60175983e+02
3.82748515e-07 1.37398879e+01 6.45848890e+02
3.83179545e-07 1.30021634e+00 6.75554691e+02
3.83610576e-07 6.46932422e+01 6.69069642e+02
3.84041606e-07 8.73765125e+01 6.29379313e+02
3.84472636e-07 9.31917073e+01 6.57275950e+02
3.84903667e-07 1.20506125e+02 6.73479467e+02
3.85334697e-07 1.08370571e+02 6.35795953e+02
3.85765727e-07 1.66278623e+02 6.48169323e+02
3.86196758e-07 1.60943286e+02 6.47859373e+02
3.86627788e-07 1.41466953e+02 6.04166552e+02
3.87058818e-07 1.13354111e+02 5.72495517e+02
3.87489848e-07 4.99775543e+01 5.86476148e+02
3.87920879e-07 1.79807364e+02 6.61823748e+02
3.88351909e-07 1.77998177e+02 6.25029109e+02
3.88782939e-07 1.81016679e+02 6.38651993e+02
3.89213970e-07 1.96070456e+02 6.68169750e+02
3.89645000e-07 9.13996161e+01 6.32197580e+02
3.90076030e-07 7.61158162e+01 6.81237880e+02
3.90507061e-07 1.16759194e+02 7.52804189e+02
3.90938091e-07 5.06284484e+01 7.87004745e+02
3.91369121e-07 8.87542396e+01 8.06923500e+02
3.91800152e-07 2.37836954e+02 7.30016156e+02
3.92231182e-07 6.50133144e+01 6.28169481e+02
3.92662212e-07 8.58254508e+01 6.07614070e+02
3.93093242e-07 1.57990665e+02 6.34802933e+02
3.93524273e-07 8.03473629e+01 6.18105239e+02
3.93955303e-07 5.66888587e+01 6.97558154e+02
3.94386333e-07 8.63694339e+00 6.83209513e+02
3.94817364e-07 2.14505246e+02 7.46376535e+02
3.95248394e-07 2.47891253e+02 8.16172586e+02
3.95679424e-07 1.19911647e+02 6.98254797e+02
3.96110455e-07 1.60236229e+02 6.76178811e+02
3.96541485e-07 1.86888613e+02 6.23786559e+02
3.96972515e-07 1.65925903e+02 6.56233075e+02
3.97403545e-07 2.30521453e+02 7.93932780e+02
3.97834576e-07 1.30567604e+02 7.79979483e+02
3.98265606e-07 1.56698863e+02 7.83245237e+02
3.98696636e-07 2.44290710e+02 7.71157600e+02
3.99127667e-07 6.90283727e+01 7.44585867e+02
3.99558697e-07 1.97910870e+02 8.27736965e+02
3.99989727e-07 1.72593470e+02 8.24700559e+02
4.00420758e-07 1.63299040e+02 7.97667585e+02
4.00851788e-07 1.83508432e+02 8.89840613e+02
4.01282818e-07 1.22494789e+02 8.80516575e+02
4.01713848e-07 1.68171610e+02 8.66708923e+02
4.02144879e-07 1.22525266e+02 8.43154351e+02
4.02575909e-07 1.30781288e+02 8.50417178e+02
4.03006939e-07 1.85499699e+02 8.38855744e+02
4.03437970e-07 1.16309387e+02 8.15929697e+02
4.03869000e-07 1.35630138e+02 8.62413079e+02
4.04300030e-07 1.94570591e+02 9.30263001e+02
4.04731061e-07 1.66155210e+02 9.18877934e+02
4.05162091e-07 1.70032466e+02 9.17713549e+02
4.05593121e-07 2.08264922e+02 9.24234518e+02
4.06024152e-07 2.48073703e+02 9.77015934e+02
4.06455182e-07 2.63442430e+02 1.03563000e+03
4.06886212e-07 2.39598493e+02 1.01104718e+03
4.07317242e-07 2.18038452e+02 9.84110036e+02
4.07748273e-07 1.57004381e+02 9.51218300e+02
4.08179303e-07 1.57540470e+02 9.33781876e+02
4.08610333e-07 9.36565990e+01 9.35472499e+02
4.09041364e-07 2.38915078e+02 9.54101268e+02
4.09472394e-07 1.67797353e+02 9.06509130e+02
4.09903424e-07 9.64128379e+01 8.76482360e+02
4.10334455e-07 1.76771726e+02 8.93260226e+02
4.10765485e-07 2.16326840e+02 9.45274789e+02
4.11196515e-07 1.86048688e+02 9.31668822e+02
4.11627545e-07 2.05723101e+02 9.31606960e+02
4.12058576e-07 2.53557229e+02 9.72638412e+02
4.12489606e-07 2.70064086e+02 1.04795955e+03
4.12920636e-07 2.38330885e+02 1.04108120e+03
4.13351667e-07 2.22048131e+02 1.04572084e+03
4.13782697e-07 1.39202643e+02 9.88544148e+02
4.14213727e-07 2.55010630e+02 1.01251316e+03
4.14644758e-07 1.45680668e+02 9.58113918e+02
4.15075788e-07 1.99880216e+02 1.02892454e+03
4.15506818e-07 1.64897769e+02 1.01589777e+03
4.15937848e-07 1.80589687e+02 1.09955400e+03
4.16368879e-07 1.51513035e+02 1.12630100e+03
4.16799909e-07 5.61009322e+02 1.26601892e+03
4.17230939e-07 1.06943600e+03 1.42502935e+03
4.17661970e-07 1.02893117e+03 1.46593686e+03
4.18093000e-07 4.03329750e+02 1.13440906e+03
4.18524030e-07 2.19704203e+02 1.08618627e+03
4.18955061e-07 3.16667227e+02 1.08915534e+03
4.19386091e-07 2.49004124e+02 1.08097868e+03
4.19817121e-07 1.63715388e+02 9.98417189e+02
4.20248152e-07 3.09604486e+02 1.12359762e+03
4.20679182e-07 2.69303105e+02 1.09088760e+03
4.21110212e-07 2.77783148e+02 1.11432420e+03
4.21541242e-07 2.52728634e+02 1.05213739e+03
4.21972273e-07 2.83693989e+02 1.08832812e+03
4.22403303e-07 3.97715009e+02 1.11342081e+03
4.22834333e-07 3.37927185e+02 1.10412387e+03
4.23265364e-07 3.13664107e+02 1.10313540e+03
4.23696394e-07 4.81383370e+02 1.21316505e+03
4.24127424e-07 4.18603533e+02 1.20403039e+03
4.24558455e-07 2.19297375e+02 1.14507925e+03
4.24989485e-07 3.07683478e+02 1.19742796e+03
4.25420515e-07 3.90923801e+02 1.24637756e+03
4.25851545e-07 2.57259934e+02 1.18064492e+03
4.26282576e-07 4.48348126e+02 1.25108197e+03
4.26713606e-07 4.62289802e+02 1.28412250e+03
4.27144636e-07 5.19784049e+02 1.28566893e+03
4.27575667e-07 4.42963509e+02 1.26693520e+03
4.28006697e-07 5.29633543e+02 1.30344217e+03
4.28437727e-07 3.92508974e+02 1.26531823e+03
4.28868758e-07 3.18099850e+02 1.22854932e+03
4.29299788e-07 3.99407770e+02 1.23080126e+03
4.29730818e-07 4.81577781e+02 1.27369517e+03
4.30161848e-07 4.15275527e+02 1.21077301e+03
4.30592879e-07 3.62022409e+02 1.23331138e+03
4.31023909e-07 4.74563640e+02 1.35125345e+03
4.31454939e-07 4.90468403e+02 1.83409352e+03
4.31885970e-07 4.31942586e+02 1.83632243e+03
4.32317000e-07 3.57488484e+02 1.69486649e+03
4.32748030e-07 7.35326155e+02 1.43214562e+03
4.33179061e-07 5.96665533e+02 1.43947794e+03
4.33610091e-07 5.56843769e+02 1.37465191e+03
4.34041121e-07 4.45108485e+02 1.37242029e+03
4.34472152e-07 4.96742804e+02 1.36378575e+03
4.34903182e-07 4.82460886e+02 1.39091066e+03
4.35334212e-07 4.69289305e+02 1.42634091e+03
4.35765242e-07 4.26781642e+02 1.40800964e+03
4.36196273e-07 3.88551209e+02 1.40854449e+03
4.36627303e-07 4.54889180e+02 1.40587020e+03
4.37058333e-07 4.51594895e+02 1.42404949e+03
4.37489364e-07 5.92447272e+02 1.49356621e+03
4.37920394e-07 7.29114888e+02 1.57141052e+03
4.38351424e-07 5.83224401e+02 1.49091763e+03
4.38782455e-07 7.46269841e+02 1.53628560e+03
4.39213485e-07 4.62739288e+02 1.45410942e+03
4.39644515e-07 3.42472111e+02 1.48427743e+03
4.40075545e-07 6.49816821e+02 1.66260168e+03
4.40506576e-07 2.77312614e+02 1.54365815e+03
4.40937606e-07 4.32705727e+02 1.62620701e+03
4.41368636e-07 5.10311524e+02 1.68463770e+03
4.41799667e-07 5.08806296e+02 1.65694842e+03
4.42230697e-07 4.90085028e+02 1.66399435e+03
4.42661727e-07 6.45423053e+02 1.67160276e+03
4.43092758e-07 3.95842550e+02 1.61296427e+03
4.43523788e-07 5.96172932e+02 1.68408212e+03
4.43954818e-07 4.51745076e+02 1.61689929e+03
4.44385848e-07 2.47159248e+02 1.51778226e+03
4.44816879e-07 5.57943110e+02 1.62193346e+03
4.45247909e-07 4.55008509e+02 1.50174557e+03
4.45678939e-07 5.16565621e+02 1.55490250e+03
4.46109970e-07 5.20123760e+02 1.56633640e+03
4.46541000e-07 5.72749780e+02 1.62607336e+03
4.46972030e-07 7.28780736e+02 1.71710304e+03
4.47403061e-07 5.72842399e+02 1.67814902e+03
4.47834091e-07 5.31189993e+02 1.63628317e+03
4.48265121e-07 6.37178445e+02 1.67334346e+03
4.48696152e-07 7.47242865e+02 1.72085281e+03
4.49127182e-07 5.78045528e+02 1.64381011e+03
4.49558212e-07 8.81420582e+02 1.82471905e+03
4.49989242e-07 8.95418392e+02 1.87205517e+03
4.50420273e-07 8.21344894e+02 1.79216826e+03
4.50851303e-07 8.16669434e+02 1.82605730e+03
4.51282333e-07 7.60205238e+02 1.78582495e+03
4.51713364e-07 7.35069260e+02 1.80097556e+03
4.52144394e-07 8.55649920e+02 1.85052617e+03
4.52575424e-07 1.04344739e+03 1.98462566e+03
4.53006455e-07 7.71269770e+02 1.90569220e+03
4.53437485e-07 7.16700969e+02 1.91056529e+03
4.53868515e-07 6.68945470e+02 1.86521834e+03
4.54299545e-07 7.54482012e+02 1.93362433e+03
4.54730576e-07 7.62264228e+02 1.94627308e+03
4.55161606e-07 7.63213729e+02 1.92850546e+03
4.55592636e-07 7.82383693e+02 1.88290681e+03
4.56023667e-07 7.24684606e+02 1.89990463e+03
4.56454697e-07 6.36592096e+02 1.86701867e+03
4.56885727e-07 7.39615561e+02 1.88914853e+03
4.57316758e-07 7.47670395e+02 1.88890227e+03
4.57747788e-07 7.82361595e+02 1.95590854e+03
4.58178818e-07 5.42787960e+02 1.84748491e+03
4.58609848e-07 5.87572853e+02 1.85914709e+03
4.59040879e-07 8.01298714e+02 1.93981706e+03
4.59471909e-07 7.55831620e+02 1.92621585e+03
4.59902939e-07 7.62107232e+02 1.87330084e+03
4.60333970e-07 7.81180823e+02 1.91816453e+03
4.60765000e-07 8.12219770e+02 1.96548024e+03
4.61196030e-07 7.01278276e+02 1.96778117e+03
4.61627061e-07 7.13621387e+02 1.94777066e+03
4.62058091e-07 6.91668988e+02 1.91053145e+03
4.62489121e-07 6.40628589e+02 1.92757533e+03
4.62920152e-07 7.58151635e+02 1.95604436e+03
4.63351182e-07 8.42892613e+02 1.99178906e+03
4.63782212e-07 9.21771533e+02 1.98691933e+03
4.64213242e-07 8.46942578e+02 1.97140473e+03
4.64644273e-07 9.83218625e+02 2.02078747e+03
4.65075303e-07 8.00390486e+02 1.98836888e+03
4.65506333e-07 7.77040100e+02 2.06027172e+03
4.65937364e-07 1.09258327e+03 2.20543442e+03
4.66368394e-07 9.34102891e+02 2.14131958e+03
4.66799424e-07 6.77001465e+02 2.00879661e+03
4.67230455e-07 7.62163562e+02 2.08439965e+03
4.67661485e-07 9.51595076e+02 2.17261185e+03
4.68092515e-07 8.86871584e+02 2.14068366e+03
4.68523545e-07 8.32109505e+02 2.12932322e+03
4.68954576e-07 7.69382949e+02 2.09663656e+03
4.69385606e-07 7.99350481e+02 2.10719403e+03
4.69816636e-07 8.70253436e+02 2.05040793e+03
4.70247667e-07 8.79823873e+02 2.12630059e+03
4.70678697e-07 9.51881049e+02 2.23204031e+03
4.71109727e-07 8.86869552e+02 2.17846631e+03
4.71540758e-07 8.51665340e+02 2.11244190e+03
4.71971788e-07 1.13970235e+03 2.26866746e+03
4.72402818e-07 1.03991774e+03 2.24281471e+03
4.72833848e-07 8.83633309e+02 2.11658683e+03
4.73264879e-07 8.54000093e+02 2.15166758e+03
4.73695909e-07 9.43767731e+02 2.17736413e+03
4.74126939e-07 9.10769449e+02 2.18481869e+03
4.74557970e-07 8.66831403e+02 2.18763673e+03
4.74989000e-07 1.07095672e+03 2.23629498e+03
4.75420030e-07 1.06075868e+03 2.24966211e+03
4.75851061e-07 1.06072497e+03 2.21395803e+03
4.76282091e-07 9.76630237e+02 2.18662864e+03
4.76713121e-07 9.99843195e+02 2.22235202e+03
4.77144152e-07 1.10424954e+03 2.28377652e+03
4.77575182e-07 1.11068820e+03 2.32487322e+03
4.78006212e-07 1.25890835e+03 2.37642808e+03
4.78437242e-07 1.04420851e+03 2.28452489e+03
4.78868273e-07 1.09659800e+03 2.30708617e+03
4.79299303e-07 1.00824256e+03 2.35062315e+03
4.79730333e-07 1.05463002e+03 2.34332191e+03
4.80161364e-07 8.32642356e+02 2.20348006e+03
4.80592394e-07 6.76030529e+02 2.20016510e+03
4.81023424e-07 8.42796178e+02 2.30299301e+03
4.81454455e-07 8.86577209e+02 2.39931331e+03
4.81885485e-07 8.54568399e+02 2.46903971e+03
4.82316515e-07 9.90105640e+02 2.45719821e+03
4.82747545e-07 7.46038697e+02 2.34825770e+03
4.83178576e-07 8.78671905e+02 2.41119760e+03
4.83609606e-07 1.12061868e+03 2.50408536e+03
4.84040636e-07 1.00196173e+03 2.43385269e+03
4.84471667e-07 9.28515884e+02 2.35863725e+03
4.84902697e-07 9.12533409e+02 2.34357764e+03
4.85333727e-07 1.05705795e+03 2.37105446e+03
4.85764758e-07 1.29469156e+03 2.45093974e+03
4.86195788e-07 1.19336726e+03 2.40468375e+03
4.86626818e-07 1.00845850e+03 2.32308391e+03
4.87057848e-07 7.95775342e+02 2.22361649e+03
4.87488879e-07 1.07860843e+03 2.41662539e+03
4.87919909e-07 1.21880112e+03 2.49679805e+03
4.88350939e-07 9.45327244e+02 2.44252809e+03
4.88781970e-07 1.03728422e+03 2.49569328e+03
4.89213000e-07 1.16977130e+03 2.48191002e+03
4.89644030e-07 1.09961070e+03 2.45432175e+03
4.90075061e-07 1.03951538e+03 2.46571866e+03
4.90506091e-07 1.18088474e+03 2.49943926e+03
4.90937121e-07 1.14636488e+03 2.47611221e+03
4.91368152e-07 1.06830186e+03 2.45002186e+03
4.91799182e-07 9.18113402e+02 2.41891433e+03
4.92230212e-07 1.01005509e+03 2.46665955e+03
4.92661242e-07 1.14282705e+03 2.55824293e+03
4.93092273e-07 9.10622689e+02 2.43174493e+03
4.93523303e-07 1.19110466e+03 2.53121242e+03
4.93954333e-07 1.10403554e+03 2.55173278e+03
4.94385364e-07 9.44419256e+02 2.45471493e+03
4.94816394e-07 9.69439747e+02 2.45466231e+03
4.95247424e-07 9.31038827e+02 2.50743901e+03
4.95678455e-07 9.96112549e+02 2.47220990e+03
4.96109485e-07 1.17197309e+03 2.58467281e+03
4.96540515e-07 1.23859491e+03 2.66603156e+03
4.96971545e-07 1.24370044e+03 2.67328939e+03
4.97402576e-07 1.09009712e+03 2.67794039e+03
4.97833606e-07 1.25852853e+03 2.58116061e+03
4.98264636e-07 1.15375371e+03 2.57143726e+03
4.98695667e-07 1.15277001e+03 2.66767166e+03
4.99126697e-07 1.19677267e+03 2.65895767e+03
4.99557727e-07 1.08937286e+03 2.61259073e+03
4.99988758e-07 9.92881692e+02 2.55154083e+03
5.00419788e-07 1.25179681e+03 2.72623108e+03
5.00850818e-07 1.32356405e+03 2.76339012e+03
5.01281848e-07 1.04245169e+03 2.63924377e+03
5.01712879e-07 1.20154957e+03 2.66292792e+03
5.02143909e-07 1.22717005e+03 2.63743299e+03
5.02574939e-07 1.16173699e+03 2.70364362e+03
5.03005970e-07 1.28426619e+03 2.72284081e+03
5.03437000e-07 1.27312910e+03 2.64735051e+03
5.03868030e-07 1.39609380e+03 2.76105708e+03
5.04299061e-07 1.09875894e+03 2.62084778e+03
5.04730091e-07 1.48108365e+03 2.80581370e+03
5.05161121e-07 1.26914661e+03 2.68773994e+03
5.05592152e-07 1.18016688e+03 2.69814523e+03
5.06023182e-07 1.48071962e+03 2.83387369e+03
5.06454212e-07 1.46530558e+03 2.89087209e+03
5.06885242e-07 1.57227706e+03 2.84189297e+03
5.07316273e-07 1.75575665e+03 2.89909968e+03
5.07747303e-07 1.37646226e+03 2.71781381e+03
5.08178333e-07 1.47650858e+03 2.82931380e+03
5.08609364e-07 1.41812910e+03 2.83417041e+03
5.09040394e-07 1.77002928e+03 2.97740239e+03
5.09471424e-07 1.47419140e+03 2.86121261e+03
5.09902455e-07 1.15166469e+03 2.77148132e+03
5.10333485e-07 1.25066473e+03 2.82322451e+03
5.10764515e-07 1.37104555e+03 2.88484393e+03
5.11195545e-07 1.41139383e+03 2.85972225e+03
5.11626576e-07 1.72009910e+03 3.08699158e+03
5.12057606e-07 1.52895506e+03 2.89752097e+03
5.12488636e-07 1.53335231e+03 2.94782070e+03
5.12919667e-07 1.22273949e+03 2.84587886e+03
5.13350697e-07 1.12680912e+03 3.94635228e+03
5.13781727e-07 1.63228708e+03 4.16782239e+03
5.14212758e-07 1.66002058e+03 4.38569606e+03
5.14643788e-07 1.44383865e+03 3.08285208e+03
5.15074818e-07 1.46483694e+03 3.04354833e+03
5.15505848e-07 1.53212189e+03 3.07153218e+03
5.15936879e-07 1.49001990e+03 3.04570232e+03
5.16367909e-07 1.44868724e+03 2.96991680e+03
5.16798939e-07 1.60875283e+03 2.87412500e+03
5.17229970e-07 1.54434961e+03 2.90812949e+03
5.17661000e-07 1.68417720e+03 3.03582308e+03
5.18092030e-07 1.43118569e+03 2.96060451e+03
5.18523061e-07 1.44627905e+03 3.05761662e+03
5.18954091e-07 1.41388672e+03 3.08418658e+03
5.19385121e-07 1.53617781e+03 3.26638239e+03
5.19816152e-07 1.59272155e+03 3.53779593e+03
5.20247182e-07 1.44008927e+03 3.30473501e+03
5.20678212e-07 1.25024247e+03 3.03559512e+03
5.21109242e-07 1.45909251e+03 3.15314774e+03
5.21540273e-07 1.39514382e+03 3.20680218e+03
5.21971303e-07 1.37917470e+03 3.15571063e+03
5.22402333e-07 1.35129969e+03 3.23231181e+03
5.22833364e-07 1.60614755e+03 3.25154312e+03
5.23264394e-07 1.41735369e+03 3.23067632e+03
5.23695424e-07 1.76927922e+03 3.46295645e+03
5.24126455e-07 1.52384575e+03 3.25458613e+03
5.24557485e-07 1.62410576e+03 3.29048179e+03
5.24988515e-07 1.58679713e+03 3.34253783e+03
5.25419545e-07 1.71636611e+03 3.49972444e+03
5.25850576e-07 1.70169331e+03 3.35956874e+03
5.26281606e-07 1.51412061e+03 3.10177452e+03
5.26712636e-07 1.56327791e+03 3.15556641e+03
5.27143667e-07 1.59706602e+03 3.31120822e+03
5.27574697e-07 1.58220050e+03 3.31215919e+03
5.28005727e-07 1.15732186e+03 3.17303510e+03
5.28436758e-07 1.60343716e+03 3.26166242e+03
5.28867788e-07 1.61953955e+03 3.35467860e+03
5.29298818e-07 1.75751530e+03 3.41606502e+03
5.29729848e-07 1.64810344e+03 3.44781662e+03
5.30160879e-07 1.84613555e+03 3.53530086e+03
5.30591909e-07 1.56572675e+03 3.43794286e+03
5.31022939e-07 1.63990104e+03 3.54136370e+03
5.31453970e-07 1.71039796e+03 3.56586447e+03
5.31885000e-07 1.46471709e+03 3.47979077e+03
5.32316030e-07 1.68421966e+03 3.45320818e+03
5.32747061e-07 1.83972425e+03 3.53281771e+03
5.33178091e-07 1.66859011e+03 3.52206097e+03
5.33609121e-07 1.56386552e+03 3.43844537e+03
5.34040152e-07 1.19049232e+03 3.27554010e+03
5.34471182e-07 1.56865927e+03 3.47539218e+03
5.34902212e-07 1.94874757e+03 3.67198877e+03
5.35333242e-07 1.83803620e+03 3.64915785e+03
5.35764273e-07 1.62798103e+03 3.46568324e+03
5.36195303e-07 1.70120524e+03 3.45039181e+03
5.36626333e-07 1.62652577e+03 3.46568061e+03
5.37057364e-07 1.67420292e+03 3.52628605e+03
5.37488394e-07 1.44869571e+03 3.38983594e+03
5.37919424e-07 1.59810704e+03 3.49764354e+03
5.38350455e-07 1.45065785e+03 3.36414105e+03
5.38781485e-07 1.53489456e+03 3.46179088e+03
5.39212515e-07 1.72819847e+03 3.47966311e+03
5.39643545e-07 1.80659776e+03 3.51795605e+03
5.40074576e-07 1.49980159e+03 3.35128143e+03
5.40505606e-07 1.62425476e+03 3.41695607e+03
5.40936636e-07 1.39467853e+03 3.35305929e+03
5.41367667e-07 1.68491149e+03 3.50519044e+03
5.41798697e-07 1.61281431e+03 3.50007265e+03
5.42229727e-07 1.51225425e+03 3.41597771e+03
5.42660758e-07 1.55535605e+03 3.41069094e+03
5.43091788e-07 1.36225226e+03 3.43517262e+03
5.43522818e-07 1.46810757e+03 3.48299393e+03
5.43953848e-07 2.35920096e+03 3.82146020e+03
5.44384879e-07 3.52156494e+03 4.31247865e+03
5.44815909e-07 2.92546201e+03 4.08926635e+03
5.45246939e-07 1.48680591e+03 3.61327797e+03
5.45677970e-07 1.54373588e+03 3.69806517e+03
5.46109000e-07 1.53104014e+03 3.79614246e+03
5.46540030e-07 1.69270504e+03 3.81078051e+03
5.46971061e-07 1.97684234e+03 3.83769229e+03
5.47402091e-07 1.81146376e+03 3.77957694e+03
5.47833121e-07 1.83136902e+03 3.78508082e+03
5.48264152e-07 1.80567487e+03 3.75752188e+03
5.48695182e-07 1.56929668e+03 3.76298059e+03
5.49126212e-07 1.65450682e+03 3.78672312e+03
5.49557242e-07 1.83642615e+03 3.90642892e+03
5.49988273e-07 1.74021979e+03 3.89743908e+03
5.50419303e-07 2.07062585e+03 4.07180824e+03
5.50850333e-07 1.50797696e+03 3.78973292e+03
5.51281364e-07 1.56389154e+03 3.90466893e+03
5.51712394e-07 1.58991974e+03 3.90856731e+03
5.52143424e-07 2.03096918e+03 3.99927385e+03
5.52574455e-07 1.93771376e+03 4.05382524e+03
5.53005485e-07 1.66113571e+03 3.96819531e+03
5.53436515e-07 1.75161316e+03 4.05708935e+03
5.53867545e-07 2.04951644e+03 4.36935208e+03
5.54298576e-07 1.83835350e+03 4.39925794e+03
5.54729606e-07 1.78264501e+03 4.29146470e+03
5.55160636e-07 2.17564044e+03 4.32075871e+03
5.55591667e-07 2.64392354e+03 4.47207275e+03
5.56022697e-07 1.80244094e+03 4.35909234e+03
5.56453727e-07 7.57488263e+02 4.21001051e+03
5.56884758e-07 8.25229920e+02 8.72482431e+03
5.57315788e-07 7.26330921e+02 3.12224793e+04
5.57746818e-07 8.03769644e+03 4.64742211e+04
5.58608879e-07 1.25550317e+03 4.64135433e+03
5.59039909e-07 2.30006985e+03 4.49219463e+03
5.59470939e-07 1.69547097e+03 4.30524776e+03
5.59901970e-07 1.91937625e+03 4.45488718e+03
5.60333000e-07 2.50787076e+03 4.86850213e+03
5.60764030e-07 3.29318248e+03 4.98650456e+03
5.61195061e-07 2.51810296e+03 4.54788472e+03
5.61626091e-07 1.71482240e+03 4.36866001e+03
5.62057121e-07 1.84843081e+03 4.47077149e+03
5.62488152e-07 1.66238548e+03 4.47403677e+03
5.62919182e-07 1.58629363e+03 4.22990232e+03
5.63350212e-07 1.41665365e+03 4.09916634e+03
5.63781242e-07 1.55281652e+03 4.23778618e+03
5.64212273e-07 1.73052242e+03 4.49331753e+03
5.64643303e-07 2.37909789e+03 4.73773265e+03
5.65074333e-07 1.94813945e+03 4.46050029e+03
5.65505364e-07 1.64441749e+03 4.24313081e+03
5.65936394e-07 1.62520119e+03 4.29624869e+03
5.66367424e-07 2.04059897e+03 4.52602347e+03
5.66798455e-07 1.98432797e+03 4.58727846e+03
5.67229485e-07 1.86533810e+03 4.60907820e+03
5.67660515e-07 1.41385550e+03 4.34403728e+03
5.68091545e-07 1.84151989e+03 4.61419431e+03
5.68522576e-07 2.02143687e+03 4.71888528e+03
5.68953606e-07 1.61771813e+03 4.59452303e+03
5.69384636e-07 1.70304710e+03 4.62990006e+03
5.69815667e-07 1.63563310e+03 4.59433558e+03
5.70246697e-07 1.71615170e+03 4.62144399e+03
5.70677727e-07 2.07283948e+03 4.69294613e+03
5.71108758e-07 1.98807641e+03 4.62626057e+03
5.71539788e-07 1.64026182e+03 4.59332193e+03
5.71970818e-07 2.42438478e+03 4.92067288e+03
5.72401848e-07 1.96495469e+03 4.75517573e+03
5.72832879e-07 1.71791070e+03 4.63875794e+03
5.73263909e-07 2.11185677e+03 4.68276767e+03
5.73694939e-07 1.91798490e+03 4.66586395e+03
5.74125970e-07 1.75245786e+03 4.62903393e+03
5.74557000e-07 1.49431743e+03 4.53671263e+03
5.74988030e-07 1.68945203e+03 4.54198103e+03
5.75419061e-07 1.89559166e+03 4.61224565e+03
5.75850091e-07 2.19784522e+03 4.78500525e+03
5.76281121e-07 1.58653087e+03 4.52826316e+03
5.76712152e-07 1.57945941e+03 4.55901497e+03
5.77143182e-07 1.37511240e+03 4.47217933e+03
5.77574212e-07 1.66870234e+03 4.58269866e+03
5.78005242e-07 1.81975461e+03 4.64490742e+03
5.78436273e-07 1.64106746e+03 4.52851085e+03
5.78867303e-07 1.70620697e+03 4.63477514e+03
5.79298333e-07 1.60847688e+03 4.62808016e+03
5.79729364e-07 1.43470478e+03 4.56473854e+03
5.80160394e-07 1.97281870e+03 4.80540763e+03
5.80591424e-07 2.23000397e+03 4.94262161e+03
5.81022455e-07 1.91608955e+03 4.85190545e+03
5.81453485e-07 1.70831556e+03 4.75848692e+03
5.81884515e-07 1.90352057e+03 4.95231464e+03
5.82315545e-07 2.09964471e+03 4.98480424e+03
5.82746576e-07 1.79610295e+03 4.84259694e+03
5.83177606e-07 2.17601544e+03 4.96598907e+03
5.83608636e-07 2.31613012e+03 5.02701441e+03
5.84039667e-07 1.94415179e+03 4.84536203e+03
5.84470697e-07 2.03975448e+03 4.97497925e+03
5.84901727e-07 1.57971840e+03 4.74280411e+03
5.85332758e-07 1.89019664e+03 4.88791230e+03
5.85763788e-07 1.80050538e+03 5.04407899e+03
5.86194818e-07 2.02629367e+03 5.90725043e+03
5.86625848e-07 2.33776018e+03 6.73140307e+03
5.87056879e-07 1.81434555e+03 6.12919784e+03
5.87487909e-07 1.91378549e+03 5.52492698e+03
5.87918939e-07 9.75978096e+02 5.45612790e+03
5.88349970e-07 6.74468795e+02 8.90439305e+03
5.88781000e-07 2.93373194e+03 1.73538450e+04
5.89212030e-07 2.00237330e+03 1.75201089e+04
5.89643061e-07 2.31478967e+03 1.21494945e+04
5.90074091e-07 1.51049853e+03 6.97389491e+03
5.90505121e-07 2.10330050e+03 5.88902446e+03
5.90936152e-07 2.44474638e+03 6.25335024e+03
5.91367182e-07 2.06550151e+03 6.52510101e+03
5.91798212e-07 1.83473642e+03 6.23736752e+03
5.92229242e-07 2.09514068e+03 6.08049455e+03
5.92660273e-07 2.44377621e+03 6.38340801e+03
5.93091303e-07 2.22459884e+03 6.78198754e+03
5.93522333e-07 1.94877326e+03 6.23276402e+03
5.93953364e-07 1.49148814e+03 5.47998925e+03
5.94384394e-07 2.17238545e+03 5.87733838e+03
5.94815424e-07 2.37848520e+03 6.34882075e+03
5.95246455e-07 2.30918754e+03 6.67812798e+03
5.95677485e-07 1.64325008e+03 5.82145088e+03
5.96108515e-07 1.95354442e+03 5.49789914e+03
5.96539545e-07 1.77940285e+03 5.57168411e+03
5.96970576e-07 2.08156340e+03 5.99112456e+03
5.97401606e-07 2.72360403e+03 6.52358263e+03
5.97832636e-07 2.18745822e+03 6.17760416e+03
5.98263667e-07 2.05766071e+03 5.54727652e+03
5.98694697e-07 2.14374298e+03 5.66716522e+03
5.99125727e-07 2.09144867e+03 5.44764246e+03
5.99556758e-07 2.42606861e+03 5.71930807e+03
5.99987788e-07 2.23491287e+03 5.81088613e+03
6.00418818e-07 2.35660011e+03 5.74781718e+03
6.00849848e-07 2.11544599e+03 5.37066935e+03
6.01280879e-07 2.28706435e+03 5.30239872e+03
6.01711909e-07 2.30224753e+03 5.23847491e+03
6.02142939e-07 2.94470977e+03 5.53462466e+03
6.02573970e-07 1.89395758e+03 5.10898748e+03
6.03005000e-07 2.11970596e+03 5.38460285e+03
6.03436030e-07 2.44709294e+03 5.41032057e+03
6.03867061e-07 2.22267376e+03 5.22133125e+03
6.04298091e-07 1.77234039e+03 4.85741196e+03
6.04729121e-07 2.03142765e+03 4.95031969e+03
6.05160152e-07 2.28225316e+03 5.01271606e+03
6.05591182e-07 2.00055317e+03 4.92309929e+03
6.06022212e-07 2.59925566e+03 5.13388090e+03
6.06453242e-07 2.07111119e+03 5.02220195e+03
6.06884273e-07 2.22309414e+03 5.10726206e+03
6.07315303e-07 2.06177879e+03 4.85998994e+03
6.07746333e-07 2.26182892e+03 4.89380848e+03
6.08177364e-07 2.25412942e+03 4.92298096e+03
6.08608394e-07 2.17742486e+03 4.88935134e+03
6.09039424e-07 2.40359149e+03 5.12446079e+03
6.09470455e-07 2.03800162e+03 4.88029817e+03
6.09901485e-07 2.19682608e+03 5.00875612e+03
6.10332515e-07 2.43482057e+03 5.17630172e+03
6.10763545e-07 1.94036766e+03 4.86267602e+03
6.11194576e-07 2.18185739e+03 4.91401330e+03
6.11625606e-07 2.42462689e+03 4.96686266e+03
6.12056636e-07 1.80488921e+03 4.63486664e+03
6.12487667e-07 1.90021826e+03 4.76550679e+03
6.12918697e-07 2.67418540e+03 5.11319724e+03
6.13349727e-07 2.10296070e+03 5.03206771e+03
6.13780758e-07 2.02999149e+03 5.32366876e+03
6.14211788e-07 2.58814761e+03 5.65297750e+03
6.14642818e-07 2.29955716e+03 5.27342299e+03
6.15073848e-07 1.70693144e+03 4.74266994e+03
6.15504879e-07 2.20833157e+03 4.81781995e+03
6.15935909e-07 2.17283644e+03 4.70480715e+03
6.16366939e-07 2.50553275e+03 5.06819743e+03
6.16797970e-07 2.42862051e+03 5.51736147e+03
6.17229000e-07 1.96570576e+03 5.47928010e+03
6.17660030e-07 2.43521328e+03 5.25408824e+03
6.18091061e-07 2.30005798e+03 4.97063903e+03
6.18522091e-07 2.54907723e+03 5.07545030e+03
6.18953121e-07 2.40768254e+03 7.01090977e+03
6.19384152e-07 2.77010916e+03 7.23101219e+03
6.19815182e-07 2.51068264e+03 7.48151880e+03
6.20246212e-07 2.68354963e+03 7.77113835e+03
6.20677242e-07 2.10824038e+03 5.14981051e+03
6.21108273e-07 2.68887720e+03 5.34507704e+03
6.21539303e-07 2.28784995e+03 5.30865511e+03
6.21970333e-07 2.38099205e+03 5.52867400e+03
6.22401364e-07 2.48709310e+03 5.46115153e+03
6.22832394e-07 1.76856175e+03 5.67562036e+03
6.23263424e-07 2.76895260e+03 8.00165838e+03
6.23694455e-07 2.07736758e+03 8.00232889e+03
6.24125485e-07 2.32820692e+03 6.71480234e+03
6.24556515e-07 2.32443914e+03 5.68010029e+03
6.24987545e-07 2.20670468e+03 5.51500473e+03
6.25418576e-07 2.49686700e+03 7.05579755e+03
6.25849606e-07 2.22744864e+03 7.61953920e+03
6.26280636e-07 2.37978961e+03 6.79175097e+03
6.26711667e-07 2.07984530e+03 5.95548805e+03
6.27142697e-07 2.90909400e+03 5.76795545e+03
6.27573727e-07 2.20094759e+03 5.37132552e+03
6.28004758e-07 2.11264087e+03 5.60676077e+03
6.28435788e-07 2.72547014e+03 6.86378915e+03
6.28866818e-07 1.88242099e+03 6.70273431e+03
6.29297848e-07 1.40162612e+03 8.34241664e+03
6.29728879e-07 3.49330875e+03 1.53561891e+04
6.30159909e-07 2.40774219e+03 1.49120246e+04
6.30590939e-07 3.04597924e+03 9.69154676e+03
6.31021970e-07 2.68573018e+03 6.35385000e+03
6.31453000e-07 2.24373545e+03 5.32478767e+03
6.31884030e-07 1.77670088e+03 5.70701252e+03
6.32315061e-07 2.34997384e+03 6.39942321e+03
6.32746091e-07 3.09263640e+03 7.39629238e+03
6.33177121e-07 2.66183036e+03 6.58782137e+03
6.33608152e-07 2.89568195e+03 5.38690297e+03
6.34039182e-07 2.66915862e+03 5.33852253e+03
6.34470212e-07 2.20014259e+03 5.47004628e+03
6.34901242e-07 2.03747274e+03 5.88463931e+03
6.35332273e-07 2.16121231e+03 6.35785403e+03
6.35763303e-07 2.32182310e+03 7.36953887e+03
6.36194333e-07 2.82203907e+03 8.70068827e+03
6.36625364e-07 2.14079639e+03 9.65976341e+03
6.37056394e-07 2.55493811e+03 7.28217793e+03
6.37487424e-07 2.95577942e+03 7.44953316e+03
6.37918455e-07 2.78011658e+03 7.88946309e+03
6.38349485e-07 2.70545585e+03 5.89878056e+03
6.38780515e-07 2.83512988e+03 5.64009463e+03
6.39211545e-07 2.71992778e+03 5.12506471e+03
6.39642576e-07 2.62510002e+03 4.95756717e+03
6.40073606e-07 2.67944872e+03 4.95202345e+03
6.40504636e-07 2.43213279e+03 4.78318787e+03
6.40935667e-07 2.84465988e+03 6.99118929e+03
6.41366697e-07 2.76812742e+03 7.25816509e+03
6.41797727e-07 2.45873808e+03 7.17984716e+03
6.42228758e-07 2.85325211e+03 7.13615310e+03
6.42659788e-07 2.82982733e+03 5.02025678e+03
6.43090818e-07 2.65763440e+03 6.36114635e+03
6.43521848e-07 2.14613930e+03 6.04138910e+03
6.43952879e-07 2.75789263e+03 6.29110838e+03
6.44383909e-07 2.97479769e+03 6.51440727e+03
6.44814939e-07 2.90001009e+03 5.05219401e+03
6.45245970e-07 2.20472771e+03 4.91313718e+03
6.45677000e-07 2.31332898e+03 5.27832145e+03
6.46108030e-07 3.00606645e+03 6.81346129e+03
6.46539061e-07 1.85749741e+03 9.40725667e+03
6.46970091e-07 1.99917518e+03 8.80795234e+03
6.47401121e-07 2.53538907e+03 7.44689922e+03
6.47832152e-07 2.47070039e+03 6.57797191e+03
6.48263182e-07 2.43650256e+03 6.03994678e+03
6.48694212e-07 2.34866770e+03 5.88755877e+03
6.49125242e-07 2.40420490e+03 6.99600492e+03
6.49556273e-07 2.32463161e+03 7.59782561e+03
6.49987303e-07 2.60825861e+03 8.03311381e+03
6.50418333e-07 3.32829069e+03 6.71979828e+03
6.50849364e-07 2.98989757e+03 5.55303209e+03
6.51280394e-07 2.54425562e+03 5.09823128e+03
6.51711424e-07 2.43848613e+03 5.19208368e+03
6.52142455e-07 2.13879414e+03 5.40672823e+03
6.52573485e-07 2.69430806e+03 5.97551700e+03
6.53004515e-07 2.43241235e+03 7.18152628e+03
6.53435545e-07 2.55373649e+03 6.86259567e+03
6.53866576e-07 2.81056237e+03 5.99890599e+03
6.54297606e-07 2.51751047e+03 6.16561643e+03
6.54728636e-07 3.19487264e+03 6.96690075e+03
6.55159667e-07 2.58625388e+03 7.91823639e+03
6.55590697e-07 3.04739209e+03 6.99898930e+03
6.56021727e-07 3.13309774e+03 5.88351193e+03
6.56452758e-07 2.42229107e+03 5.85094169e+03
6.56883788e-07 2.87414889e+03 6.20796530e+03
6.57314818e-07 3.28592870e+03 7.24877771e+03
6.57745848e-07 3.40865247e+03 7.46285006e+03
6.58176879e-07 3.37555006e+03 5.94847286e+03
6.58607909e-07 2.75869913e+03 5.02106713e+03
6.59038939e-07 3.20130148e+03 5.31575020e+03
6.59469970e-07 2.88942223e+03 5.60675513e+03
6.59901000e-07 2.62354523e+03 6.01588183e+03
6.60332030e-07 2.20618198e+03 6.10443678e+03
6.60763061e-07 2.42721820e+03 5.34069335e+03
6.61194091e-07 2.58699206e+03 4.88061252e+03
6.61625121e-07 2.62258798e+03 4.85566975e+03
6.62056152e-07 2.65005742e+03 4.88745112e+03
6.62487182e-07 2.50767104e+03 5.11728838e+03
6.62918212e-07 2.60059001e+03 5.41882707e+03
6.63349242e-07 2.83564336e+03 5.52895933e+03
6.63780273e-07 2.74827686e+03 5.14083292e+03
6.64211303e-07 2.54558580e+03 4.76033488e+03
6.64642333e-07 2.69743606e+03 4.89979766e+03
6.65073364e-07 3.08463080e+03 5.07095858e+03
6.65504394e-07 2.74945378e+03 4.96032727e+03
6.65935424e-07 2.65247284e+03 5.06957466e+03
6.66366455e-07 3.05162483e+03 5.32062121e+03
6.66797485e-07 2.76534457e+03 5.14697560e+03
6.67228515e-07 2.70093487e+03 4.86658822e+03
6.67659545e-07 2.84063977e+03 4.88995565e+03
6.68090576e-07 3.02798673e+03 4.85808530e+03
6.68521606e-07 3.01772924e+03 4.93512930e+03
6.68952636e-07 2.47833951e+03 4.78385728e+03
6.69383667e-07 2.14447498e+03 4.65418190e+03
6.69814697e-07 2.47766895e+03 6.28442437e+03
6.70245727e-07 2.60579519e+03 6.46218985e+03
6.70676758e-07 2.61994732e+03 6.34514063e+03
6.71107788e-07 2.52009664e+03 6.29123264e+03
6.71538818e-07 2.26028878e+03 6.16342397e+03
6.71969848e-07 2.64876821e+03 4.89240266e+03
6.72400879e-07 2.77233335e+03 4.94896815e+03
6.72831909e-07 2.53842546e+03 4.88269953e+03
6.73262939e-07 2.21932913e+03 4.90013644e+03
6.73693970e-07 2.50554281e+03 5.00426594e+03
6.74125000e-07 2.69579779e+03 4.95106954e+03
6.74556030e-07 2.55568101e+03 4.86112003e+03
6.74987061e-07 2.49074535e+03 4.77427371e+03
6.75418091e-07 2.76232073e+03 4.87907174e+03
6.75849121e-07 2.98231124e+03 4.89591280e+03
6.76280152e-07 2.71311487e+03 4.81085569e+03
6.76711182e-07 2.71671928e+03 4.75705855e+03
6.77142212e-07 2.50216843e+03 4.67195676e+03
6.77573242e-07 2.72437553e+03 4.80880178e+03
6.78004273e-07 2.73707362e+03 4.76885187e+03
6.78435303e-07 2.56466878e+03 4.79943861e+03
6.78866333e-07 2.95279137e+03 4.87538146e+03
6.79297364e-07 2.81898649e+03 4.79065988e+03
6.79728394e-07 2.67690417e+03 4.77805411e+03
6.80159424e-07 2.64175916e+03 4.78087287e+03
6.80590455e-07 2.26580890e+03 4.59568947e+03
6.81021485e-07 2.45104902e+03 4.68503322e+03
6.81452515e-07 2.85696650e+03 4.92279296e+03
6.81883545e-07 2.82205843e+03 5.11681767e+03
6.82314576e-07 2.30470775e+03 7.62629094e+03
6.82745606e-07 2.92519929e+03 1.21119808e+04
6.83176636e-07 3.24523803e+03 1.25613288e+04
6.83607667e-07 2.82154880e+03 9.14471091e+03
6.84038697e-07 2.74670006e+03 6.62022417e+03
6.84469727e-07 2.95252496e+03 5.67930845e+03
6.84900758e-07 2.80823811e+03 5.08683420e+03
6.85331788e-07 2.48306259e+03 5.12108736e+03
6.85762818e-07 2.30086217e+03 8.26916945e+03
6.86193848e-07 2.23033582e+03 1.24813175e+04
6.86624879e-07 2.92091106e+03 1.00152436e+04
6.87055909e-07 2.14140084e+03 5.39446757e+03
6.87486939e-07 2.25021435e+03 4.91889513e+03
6.87917970e-07 2.22401687e+03 5.59819086e+03
6.88349000e-07 2.50173051e+03 6.05705311e+03
6.88780030e-07 2.21774601e+03 6.23730723e+03
6.89211061e-07 2.07350487e+03 5.57412947e+03
6.89642091e-07 1.99185732e+03 5.43683449e+03
6.90073121e-07 2.10693254e+03 5.73318064e+03
6.90504152e-07 2.14257600e+03 5.62913766e+03
6.90935182e-07 1.75851631e+03 6.51640364e+03
6.91366212e-07 2.36230280e+03 7.14696970e+03
6.91797242e-07 2.06573225e+03 7.62407436e+03
6.92228273e-07 2.46101163e+03 8.96446969e+03
6.92659303e-07 2.95386282e+03 7.00895528e+03
6.93090333e-07 2.33612477e+03 5.07589649e+03
6.93521364e-07 2.26418722e+03 6.26568182e+03
6.93952394e-07 3.01687510e+03 7.50605432e+03
6.94383424e-07 2.58605739e+03 8.74325547e+03
6.94814455e-07 2.39416576e+03 1.00217209e+04
6.95245485e-07 2.38537013e+03 7.42007615e+03
6.95676515e-07 2.96752611e+03 5.22091956e+03
6.96107545e-07 2.47094182e+03 5.16176254e+03
6.96538576e-07 2.49996527e+03 6.13843848e+03
6.96969606e-07 2.35163548e+03 6.85497935e+03
6.97400636e-07 2.00026116e+03 7.76214891e+03
6.97831667e-07 2.69204650e+03 8.16066904e+03
6.98262697e-07 2.68021441e+03 6.29451445e+03
6.98693727e-07 2.14921825e+03 4.89800416e+03
6.99124758e-07 2.32495963e+03 4.79981805e+03
6.99555788e-07 2.59571022e+03 5.05899398e+03
6.99986818e-07 2.58743118e+03 5.48973422e+03
7.00417848e-07 2.71310004e+03 6.04284901e+03
7.00848879e-07 2.59523219e+03 6.43363651e+03
7.01279909e-07 2.08653693e+03 5.70450656e+03
7.01710939e-07 2.30597669e+03 4.87766381e+03
7.02141970e-07 1.96984975e+03 4.55457779e+03
7.02573000e-07 2.31962327e+03 4.62423352e+03
7.03004030e-07 2.23359173e+03 4.69612877e+03
7.03435061e-07 2.05202567e+03 4.74108968e+03
7.03866091e-07 1.94766186e+03 4.95668374e+03
7.04297121e-07 2.07120149e+03 5.76773798e+03
7.04728152e-07 2.64264836e+03 6.37490412e+03
7.05159182e-07 3.09878977e+03 5.87486664e+03
7.05590212e-07 2.59846097e+03 5.20398688e+03
7.06021242e-07 2.70607394e+03 5.22003636e+03
7.06452273e-07 2.42303528e+03 5.27867416e+03
7.06883303e-07 2.39550837e+03 5.26791445e+03
7.07314333e-07 2.21094651e+03 5.11765243e+03
7.07745364e-07 2.77023064e+03 5.48256419e+03
7.08176394e-07 2.48104829e+03 5.46437869e+03
7.08607424e-07 2.08721972e+03 5.49770938e+03
7.09038455e-07 2.32199132e+03 5.27421244e+03
7.09469485e-07 2.32764657e+03 4.92371361e+03
7.09900515e-07 2.42777884e+03 4.88177221e+03
7.10331545e-07 2.81666555e+03 4.96592901e+03
7.10762576e-07 2.51871027e+03 4.85975841e+03
7.11193606e-07 2.68929412e+03 4.86082925e+03
7.11624636e-07 2.59370446e+03 4.90651240e+03
7.12055667e-07 2.68056088e+03 4.92982807e+03
7.12486697e-07 2.20997694e+03 4.94008329e+03
7.12917727e-07 2.59116925e+03 5.25336520e+03
7.13348758e-07 2.39549358e+03 5.07149885e+03
7.13779788e-07 2.07896632e+03 5.07075614e+03
7.14210818e-07 2.36258149e+03 5.49120112e+03
7.14641848e-07 2.40401231e+03 5.47561102e+03
7.15072879e-07 2.50316497e+03 5.16304726e+03
7.15503909e-07 2.37645043e+03 5.03943253e+03
7.15934939e-07 2.48487861e+03 5.12188051e+03
7.16365970e-07 2.46942262e+03 5.19196017e+03
7.16797000e-07 2.08958346e+03 4.87213297e+03
7.17228030e-07 2.26195545e+03 4.84563967e+03
7.17659061e-07 2.53132444e+03 4.99079585e+03
7.18090091e-07 2.04606161e+03 4.57788356e+03
7.18521121e-07 2.03159734e+03 4.37522596e+03
7.18952152e-07 1.99581584e+03 4.29100630e+03
7.19383182e-07 2.20495682e+03 4.34056482e+03
7.19814212e-07 1.67749587e+03 5.70997890e+03
7.20245242e-07 2.08387798e+03 5.98058377e+03
7.20676273e-07 2.41606047e+03 6.11546531e+03
7.21107303e-07 2.28028083e+03 6.11460012e+03
7.21538333e-07 2.29178152e+03 6.16700911e+03
7.21969364e-07 2.26274813e+03 4.76854052e+03
7.22400394e-07 2.01221183e+03 4.74907354e+03
7.22831424e-07 2.07733337e+03 4.91778522e+03
7.23262455e-07 2.60922992e+03 7.85287166e+03
7.23693485e-07 1.23057595e+03 1.58981873e+04
7.24124515e-07 1.76417610e+03 2.15081845e+04
7.24555545e-07 3.67683897e+03 1.70297452e+04
7.24986576e-07 2.87902966e+03 9.50786643e+03
7.25417606e-07 2.25417033e+03 7.01802922e+03
7.25848636e-07 2.15203885e+03 5.36983691e+03
7.26279667e-07 1.88822637e+03 4.98282993e+03
7.26710697e-07 2.09423825e+03 6.68910063e+03
7.27141727e-07 1.43418452e+03 1.40861162e+04
7.27572758e-07 2.32179090e+03 2.01771575e+04
7.28003788e-07 3.36418748e+03 1.55655447e+04
7.28434818e-07 2.10483169e+03 1.09372441e+04
7.28865848e-07 1.88383892e+03 7.39713860e+03
7.29296879e-07 2.16905219e+03 6.82644703e+03
7.29727909e-07 2.20729188e+03 7.53056515e+03
7.30158939e-07 2.06729103e+03 8.52166264e+03
7.30589970e-07 3.40306506e+03 8.31982975e+03
7.31021000e-07 2.34195544e+03 1.10562384e+04
7.31452030e-07 2.37047967e+03 1.67346407e+04
7.31883061e-07 4.15186238e+03 1.26277078e+04
7.32314091e-07 3.06911614e+03 8.53938650e+03
7.32745121e-07 2.90431591e+03 1.04437585e+04
7.33176152e-07 4.06573765e+03 1.02864031e+04
7.33607182e-07 2.53058373e+03 1.49594104e+04
7.34038212e-07 2.77337665e+03 1.95876000e+04
7.34469242e-07 9.91539370e+03 1.40695411e+04
7.34900273e-07 1.49560076e+04 1.10747467e+04
7.35331303e-07 1.24014315e+04 1.21593079e+04
7.35762333e-07 5.48616145e+03 1.12416689e+04
7.36193364e-07 2.18971156e+03 1.01875561e+04
7.36624394e-07 1.94281990e+03 1.49658073e+04
7.37055424e-07 6.78814472e+03 1.56335917e+04
7.37486455e-07 7.05144091e+03 9.11174710e+03
7.37917485e-07 4.04181147e+03 5.76679956e+03
7.38348515e-07 2.88659373e+03 5.68458256e+03
7.38779545e-07 2.22565650e+03 7.57715045e+03
7.39210576e-07 2.23353567e+03 8.72942569e+03
7.39641606e-07 2.12593253e+03 1.00393468e+04
7.40072636e-07 3.01181992e+03 1.24013874e+04
7.40503667e-07 3.70331606e+03 9.16340665e+03
7.40934697e-07 1.91617771e+03 5.25241149e+03
7.41365727e-07 2.47575078e+03 5.19533030e+03
7.41796758e-07 2.46509889e+03 5.14551235e+03
7.42227788e-07 1.88830932e+03 5.32780670e+03
7.42658818e-07 2.01861462e+03 6.53043454e+03
7.43089848e-07 2.18132444e+03 7.51614590e+03
7.43520879e-07 2.04179606e+03 8.53995473e+03
7.43951909e-07 2.74097799e+03 8.15907053e+03
7.44382939e-07 2.95046515e+03 5.94965807e+03
7.44813970e-07 2.57353224e+03 4.99478364e+03
7.45245000e-07 2.57440101e+03 5.09876867e+03
7.45676030e-07 2.13252858e+03 5.57110712e+03
7.46107061e-07 1.87605174e+03 6.82123099e+03
7.46538091e-07 2.26673894e+03 8.53500467e+03
7.46969121e-07 2.17966165e+03 9.87017606e+03
7.47400152e-07 2.20627016e+03 1.04285646e+04
7.47831182e-07 2.92449171e+03 1.14761084e+04
7.48262212e-07 2.23769044e+03 1.01972123e+04
7.48693242e-07 2.34981083e+03 7.42306231e+03
7.49124273e-07 1.78916561e+03 6.08947114e+03
7.49555303e-07 1.81534250e+03 5.68849437e+03
7.49986333e-07 2.39979266e+03 5.32307908e+03
7.50417364e-07 2.14494785e+03 5.07069601e+03
7.50848394e-07 2.17334241e+03 4.87383931e+03
7.51279424e-07 2.28910621e+03 5.61282997e+03
7.51710455e-07 3.50027192e+03 1.00351641e+04
7.52141485e-07 4.56162844e+03 1.68025570e+04
7.52572515e-07 5.50119258e+03 1.61828356e+04
7.53003545e-07 4.57655019e+03 1.03571931e+04
7.53434576e-07 4.43736292e+03 7.57420703e+03
7.53865606e-07 4.12915546e+03 6.66005564e+03
7.54296636e-07 3.14170782e+03 5.88602620e+03
7.54727667e-07 2.26985635e+03 5.35404108e+03
7.55158697e-07 1.99804484e+03 6.17874424e+03
7.55589727e-07 2.23271481e+03 7.21266473e+03
7.56020758e-07 2.51900255e+03 6.67292132e+03
7.56451788e-07 1.73758120e+03 7.49494542e+03
7.56882818e-07 2.38109047e+02 1.11717969e+04
7.57313848e-07 2.96652136e+03 1.14721504e+04
7.57744879e-07 3.11330680e+03 7.21678032e+03
7.58175909e-07 1.63850069e+03 6.74690704e+03
7.58606939e-07 2.30734893e+03 7.55693548e+03
7.59037970e-07 2.01403016e+03 5.96291653e+03
7.59469000e-07 8.81747668e+02 4.95153260e+03
7.59900030e-07 5.95216380e+02 4.33775779e+03
7.60331061e-07 6.16450250e+02 3.07808292e+03
7.60762091e-07 5.43087913e+02 2.74845891e+03
7.61193121e-07 3.31053477e+02 4.06542672e+03
7.61624152e-07 1.04246566e+03 5.73622079e+03
7.62055182e-07 2.08648445e+03 5.91494054e+03
7.62486212e-07 1.61334296e+03 5.50940921e+03
7.62917242e-07 1.69040146e+03 5.37130862e+03
7.63348273e-07 1.15221122e+03 4.13570887e+03
7.63779303e-07 1.12012784e+03 3.72807258e+03
7.64210333e-07 1.82127872e+03 4.09720186e+03
7.64641364e-07 1.26043552e+03 4.34372396e+03
7.65072394e-07 1.13428350e+03 5.05249850e+03
7.65503424e-07 9.93540860e+02 5.62833816e+03
7.65934455e-07 1.94163491e+03 6.98063457e+03
7.66365485e-07 2.10627135e+03 6.64032723e+03
7.66796515e-07 2.53597245e+03 5.42454562e+03
7.67227545e-07 1.74951561e+03 4.50882634e+03
7.67658576e-07 2.20057701e+03 4.95150635e+03
7.68089606e-07 1.67561914e+03 5.11294029e+03
7.68520636e-07 1.53562322e+03 5.63782553e+03
7.68951667e-07 1.68793038e+03 6.03017785e+03
7.69382697e-07 2.20358609e+03 6.58528845e+03
7.69813727e-07 2.22528948e+03 6.77787514e+03
7.70244758e-07 2.60756745e+03 6.95331564e+03
7.70675788e-07 1.00450835e+03 1.29002241e+04
7.71537848e-07 2.82037992e+03 2.91620999e+04
7.71968879e-07 6.47349914e+03 1.92438693e+04
7.72399909e-07 2.78045492e+03 1.09797954e+04
7.72830939e-07 2.35036420e+03 8.18773435e+03
7.73261970e-07 1.90563826e+03 6.61652153e+03
7.73693000e-07 1.95960839e+03 6.23619103e+03
7.74124030e-07 2.26676827e+03 8.31917739e+03
7.74986091e-07 4.79902030e+02 2.40979569e+04
7.75417121e-07 4.34730934e+03 1.88394604e+04
7.75848152e-07 3.28793171e+03 1.33860062e+04
7.76279182e-07 3.45134364e+03 9.67610336e+03
7.76710212e-07 2.21401474e+03 7.01379302e+03
7.77141242e-07 1.28871931e+03 8.19241066e+03
7.77572273e-07 1.52171614e+03 9.65869666e+03
7.78003303e-07 1.51695772e+03 9.39523037e+03
7.78434333e-07 1.57121981e+03 9.00366247e+03
7.79296394e-07 1.52472039e+03 1.92050587e+04
7.79727424e-07 6.08490408e+03 1.39986594e+04
7.80158455e-07 3.20293569e+03 9.16290940e+03
7.80589485e-07 3.55062759e+02 1.05101628e+04
7.81020515e-07 2.48691274e+03 1.35118051e+04
7.81451545e-07 1.59144805e+03 1.75990483e+04
7.82313606e-07 4.63563408e+03 1.88885763e+04
7.82744636e-07 4.74317078e+03 9.39964054e+03
7.83175667e-07 2.13422298e+03 6.31799428e+03
7.83606697e-07 1.23446711e+03 8.66927343e+03
7.84037727e-07 1.40673591e+03 1.08531856e+04
7.84468758e-07 1.03557436e+03 1.28959244e+04
7.85761848e-07 5.93204726e+03 2.27476277e+04
7.86192879e-07 4.81132924e+03 1.69046408e+04
7.86623909e-07 1.43370739e+03 1.67212912e+04
7.87054939e-07 1.28177066e+03 1.62937358e+04
7.87485970e-07 1.98576224e+03 1.35603627e+04
7.87917000e-07 1.02585759e+03 1.28795132e+04
7.88348030e-07 1.84970235e+03 1.40677241e+04
7.88779061e-07 1.34813958e+03 1.54132201e+04
7.89210091e-07 3.87981380e+03 1.22715844e+04
7.89641121e-07 3.21618765e+03 7.25262097e+03
7.90072152e-07 1.24905299e+03 5.79088534e+03
7.90503182e-07 3.80732788e+02 1.04584200e+04
7.91796273e-07 6.26496948e+03 2.51753580e+04
7.92227303e-07 4.79438119e+03 1.63978058e+04
7.92658333e-07 2.55935587e+03 1.30362604e+04
7.93089364e-07 1.36133203e+03 1.17374519e+04
7.93520394e-07 4.84336543e+03 9.35933516e+03
7.93951424e-07 3.13867916e+03 7.28400431e+03
7.94382455e-07 3.97639153e+02 8.91095936e+03
7.94813485e-07 1.09790255e+03 1.05377533e+04
7.95244515e-07 3.24382353e+03 8.90746953e+03
7.95675545e-07 2.37110068e+03 1.07938679e+04
7.96537606e-07 1.48896182e+03 2.09127610e+04
7.96968636e-07 6.98740360e+03 1.35703223e+04
7.97399667e-07 1.09436383e+03 1.14043287e+04
7.97830697e-07 5.92098161e-01 1.30535511e+04
7.98261727e-07 3.86687977e+03 1.19657007e+04
7.99123788e-07 4.45344989e+04 2.92480082e+04
