6.50600000e-02
3.58861000e-07 5.73370371e+01 5.98522298e+01
3.59292030e-07 1.01575646e+02 6.86719649e+01
3.59723061e-07 5.59810283e+01 7.61952980e+01
3.60154091e-07 1.23257278e+02 6.89619628e+01
3.60585121e-07 7.04333013e+01 6.26642423e+01
3.61016152e-07 1.32759802e+02 6.03315198e+01
3.61447182e-07 1.32130206e+02 8.61045745e+01
3.61878212e-07 8.13322988e+01 8.71159603e+01
3.62309242e-07 1.37810489e+02 9.27950959e+01
3.62740273e-07 1.47985119e+02 1.02432619e+02
3.63171303e-07 1.35260246e+02 1.16293552e+02
3.63602333e-07 1.07460121e+02 1.36940283e+02
3.64033364e-07 2.20545619e+02 1.26487930e+02
3.64464394e-07 1.87551081e+02 1.24965407e+02
3.64895424e-07 1.46255950e+02 1.17158097e+02
3.65326455e-07 1.13880427e+02 1.21155771e+02
3.65757485e-07 9.50514651e+01 1.25578165e+02
3.66188515e-07 1.34884485e+02 1.16396503e+02
3.66619545e-07 1.14726728e+02 1.17635377e+02
3.67050576e-07 1.65795114e+02 1.22023557e+02
3.67481606e-07 1.86751586e+02 1.19388963e+02
3.67912636e-07 1.46375877e+02 9.66573913e+01
3.68343667e-07 1.30272589e+02 9.15064831e+01
3.68774697e-07 1.33492897e+02 9.43190456e+01
3.69205727e-07 1.77176206e+02 8.97211317e+01
3.69636758e-07 1.74543682e+02 1.22447800e+02
3.70067788e-07 1.96619700e+02 1.26903634e+02
3.70498818e-07 1.74983892e+02 1.54984711e+02
3.70929848e-07 1.78408188e+02 1.43883435e+02
3.71360879e-07 1.48150414e+02 1.64550541e+02
3.71791909e-07 1.53337657e+02 1.32665091e+02
3.72222939e-07 1.42201917e+02 1.25888266e+02
3.72653970e-07 1.40103950e+02 1.44462589e+02
3.73085000e-07 1.25248512e+02 1.66916245e+02
3.73516030e-07 2.25170522e+02 1.89963258e+02
3.73947061e-07 1.85262769e+02 2.05798965e+02
3.74378091e-07 2.44975551e+02 2.13808740e+02
3.74809121e-07 5.77850091e+01 2.01880981e+02
3.75240152e-07 6.78899091e+01 1.91724330e+02
3.75671182e-07 2.41544451e+02 1.61858929e+02
3.76102212e-07 1.98314004e+02 1.42776854e+02
3.76533242e-07 1.29226006e+02 1.43479154e+02
3.76964273e-07 2.98960980e+02 1.50868928e+02
3.77395303e-07 1.85531970e+02 1.64237306e+02
3.77826333e-07 2.58241866e+02 1.65665889e+02
3.78257364e-07 2.63267672e+02 1.74470726e+02
3.78688394e-07 1.02817284e+02 1.73910188e+02
3.79119424e-07 2.98456994e+02 1.55722691e+02
3.79550455e-07 2.53155028e+02 1.52479621e+02
3.79981485e-07 2.05392395e+02 1.64487418e+02
3.80412515e-07 2.06805488e+02 1.64858924e+02
3.80843545e-07 1.58497095e+02 1.60590009e+02
3.81274576e-07 2.03249192e+02 1.81005760e+02
3.81705606e-07 2.76504096e+02 1.84693918e+02
3.82136636e-07 1.78332110e+02 1.85034957e+02
3.82567667e-07 1.81182478e+02 1.77315799e+02
3.82998697e-07 2.64259863e+02 2.14755945e+02
3.83429727e-07 2.44858007e+02 2.40037500e+02
3.83860758e-07 2.28981647e+02 2.28983446e+02
3.84291788e-07 1.20350720e+02 2.32296820e+02
3.84722818e-07 2.15571904e+02 2.23475168e+02
3.85153848e-07 3.12420005e+02 1.91701181e+02
3.85584879e-07 1.73720069e+02 1.83275119e+02
3.86015909e-07 2.84303528e+02 1.61727338e+02
3.86446939e-07 2.44185167e+02 1.80961970e+02
3.86877970e-07 2.37041422e+02 1.62206158e+02
3.87309000e-07 2.76042005e+02 1.46289175e+02
3.87740030e-07 3.01457907e+02 1.48693269e+02
3.88171061e-07 3.07391598e+02 1.55408030e+02
3.88602091e-07 2.91388693e+02 1.55493868e+02
3.89033121e-07 2.39700858e+02 1.70669794e+02
3.89464152e-07 2.73941753e+02 1.77422447e+02
3.89895182e-07 2.09143939e+02 2.05427588e+02
3.90326212e-07 2.90066556e+02 2.51284988e+02
3.90757242e-07 3.22835561e+02 2.66086558e+02
3.91188273e-07 3.86441162e+02 2.68128215e+02
3.91619303e-07 3.91918703e+02 2.13893649e+02
3.92050333e-07 3.09303048e+02 2.11211276e+02
3.92481364e-07 4.47796636e+02 1.88212515e+02
3.92912394e-07 4.21075964e+02 1.87471868e+02
3.93343424e-07 3.72735958e+02 1.97436944e+02
3.93774455e-07 3.74276392e+02 2.28427991e+02
3.94205485e-07 3.60549273e+02 2.56135437e+02
3.94636515e-07 3.95084997e+02 2.92547435e+02
3.95067545e-07 3.18427119e+02 2.73670591e+02
3.95498576e-07 3.61136733e+02 2.53329438e+02
3.95929606e-07 2.87218765e+02 2.28073937e+02
3.96360636e-07 4.03989740e+02 2.00731155e+02
3.96791667e-07 5.89672500e+02 1.75683582e+02
3.97222697e-07 4.32038858e+02 2.00674154e+02
3.97653727e-07 4.77174392e+02 2.36738793e+02
3.98084758e-07 3.97055926e+02 2.62112639e+02
3.98515788e-07 3.15099274e+02 2.77207483e+02
3.98946818e-07 2.98331823e+02 2.69303951e+02
3.99377848e-07 3.79235217e+02 2.64700129e+02
3.99808879e-07 4.11950700e+02 2.74570052e+02
4.00239909e-07 4.82896933e+02 2.87965458e+02
4.00670939e-07 3.80632792e+02 3.32156633e+02
4.01101970e-07 3.29663102e+02 3.43260152e+02
4.01533000e-07 4.66493536e+02 3.20947764e+02
4.01964030e-07 4.51190452e+02 3.38487214e+02
4.02395061e-07 5.06039838e+02 3.04950430e+02
4.02826091e-07 4.50435692e+02 3.12848543e+02
4.03257121e-07 4.24119608e+02 3.13763563e+02
4.03688152e-07 4.34798151e+02 3.20470042e+02
4.04119182e-07 3.66532262e+02 3.43279686e+02
4.04550212e-07 4.12077317e+02 3.56231482e+02
4.04981242e-07 5.27357664e+02 3.62040879e+02
4.05412273e-07 6.40396709e+02 3.57309357e+02
4.05843303e-07 5.21085142e+02 3.56844533e+02
4.06274333e-07 4.84668156e+02 3.98835849e+02
4.06705364e-07 4.57075105e+02 3.85742996e+02
4.07136394e-07 4.44496515e+02 3.79052079e+02
4.07567424e-07 4.25556592e+02 3.85767058e+02
4.07998455e-07 3.43437498e+02 3.89778276e+02
4.08429485e-07 4.25706037e+02 3.74047358e+02
4.08860515e-07 3.50922315e+02 3.58912544e+02
4.09291545e-07 4.08517040e+02 3.25318904e+02
4.09722576e-07 4.85411547e+02 3.18418183e+02
4.10153606e-07 5.72202609e+02 3.02800519e+02
4.10584636e-07 5.86723754e+02 3.26189624e+02
4.11015667e-07 5.70719712e+02 2.96266754e+02
4.11446697e-07 5.90058208e+02 3.39590542e+02
4.11877727e-07 5.45423995e+02 3.39453594e+02
4.12308758e-07 5.68955641e+02 3.68696334e+02
4.12739788e-07 5.27900040e+02 3.68699273e+02
4.13170818e-07 5.95429489e+02 3.72255009e+02
4.13601848e-07 4.98829118e+02 3.60829867e+02
4.14032879e-07 4.19653659e+02 3.72697552e+02
4.14463909e-07 5.26882880e+02 3.35707931e+02
4.14894939e-07 6.05216687e+02 3.44828393e+02
4.15325970e-07 6.58488508e+02 3.63631830e+02
4.15757000e-07 6.66402940e+02 4.02050696e+02
4.16188030e-07 7.37915298e+02 4.48196754e+02
4.16619061e-07 8.42692227e+02 4.60374969e+02
4.17050091e-07 7.48953055e+02 4.87228317e+02
4.17481121e-07 6.62645545e+02 4.50035140e+02
4.17912152e-07 6.50656284e+02 4.47335587e+02
4.18343182e-07 4.34600101e+02 4.26152914e+02
4.18774212e-07 4.22246142e+02 3.87113215e+02
4.19205242e-07 3.39507035e+02 3.70727965e+02
4.19636273e-07 5.84348933e+02 3.50722196e+02
4.20067303e-07 7.45757382e+02 3.71317101e+02
4.20498333e-07 6.31168139e+02 3.91194300e+02
4.20929364e-07 6.15254046e+02 3.87547060e+02
4.21360394e-07 6.94435025e+02 3.92698141e+02
4.21791424e-07 5.88821631e+02 3.73878504e+02
4.22222455e-07 3.75933793e+02 3.57925357e+02
4.22653485e-07 4.58347660e+02 3.38263131e+02
4.23084515e-07 5.84345365e+02 3.76258641e+02
4.23515545e-07 7.58015717e+02 3.71836613e+02
4.23946576e-07 7.30495666e+02 3.89753565e+02
4.24377606e-07 8.90415189e+02 4.14742275e+02
4.24808636e-07 1.15059479e+03 4.10517580e+02
4.25239667e-07 9.36283636e+02 4.37665407e+02
4.25670697e-07 1.15549705e+03 4.50765568e+02
4.26101727e-07 9.76596732e+02 4.37236863e+02
4.26532758e-07 9.16809526e+02 4.56414161e+02
4.26963788e-07 1.13819153e+03 4.30655283e+02
4.27394818e-07 1.14887681e+03 4.09083602e+02
4.27825848e-07 1.41238810e+03 4.18837926e+02
4.28256879e-07 1.10593430e+03 4.38735108e+02
4.28687909e-07 1.11428645e+03 4.33381415e+02
4.29118939e-07 1.04519724e+03 4.20369708e+02
4.29549970e-07 1.09143765e+03 4.22092989e+02
4.29981000e-07 1.17906534e+03 4.41884060e+02
4.30412030e-07 1.20743971e+03 4.21385757e+02
4.30843061e-07 1.13103479e+03 4.63658848e+02
4.31274091e-07 1.04699215e+03 5.02966912e+02
4.31705121e-07 1.17356824e+03 4.95802960e+02
4.32136152e-07 1.27199344e+03 4.78837027e+02
4.32567182e-07 1.15021202e+03 4.54632817e+02
4.32998212e-07 1.20864580e+03 4.85345019e+02
4.33429242e-07 1.30340927e+03 4.48152245e+02
4.33860273e-07 1.30036054e+03 4.25524311e+02
4.34291303e-07 1.20459156e+03 4.50244405e+02
4.34722333e-07 1.34213865e+03 4.62131806e+02
4.35153364e-07 1.46104720e+03 4.81959575e+02
4.35584394e-07 1.40767499e+03 5.02112533e+02
4.36015424e-07 1.26232683e+03 5.57859525e+02
4.36446455e-07 1.24049056e+03 5.31807842e+02
4.36877485e-07 1.10179045e+03 5.43995933e+02
4.37308515e-07 1.13923225e+03 5.33579354e+02
4.37739545e-07 1.20578332e+03 5.04171235e+02
4.38170576e-07 1.29005357e+03 5.17155169e+02
4.38601606e-07 1.35871252e+03 5.11659476e+02
4.39032636e-07 1.45377895e+03 5.05109773e+02
4.39463667e-07 1.49952897e+03 4.84953657e+02
4.39894697e-07 1.40150663e+03 5.08516756e+02
4.40325727e-07 1.33941258e+03 5.98371195e+02
4.40756758e-07 1.51174494e+03 6.43298518e+02
4.41187788e-07 1.47317491e+03 6.58905412e+02
4.41618818e-07 1.55205461e+03 6.31818062e+02
4.42049848e-07 1.27639780e+03 6.46102514e+02
4.42480879e-07 1.18068211e+03 6.58978204e+02
4.42911909e-07 1.52256145e+03 5.92319048e+02
4.43342939e-07 1.65161412e+03 5.83326959e+02
4.43773970e-07 1.60480603e+03 6.17891629e+02
4.44205000e-07 1.46375738e+03 5.77979054e+02
4.44636030e-07 1.38522709e+03 5.99474326e+02
4.45067061e-07 1.35389426e+03 5.67060139e+02
4.45498091e-07 1.34577228e+03 5.38967718e+02
4.45929121e-07 1.63469137e+03 5.27754339e+02
4.46360152e-07 1.33478458e+03 5.36463491e+02
4.46791182e-07 1.32987940e+03 5.29262733e+02
4.47222212e-07 1.40385303e+03 5.58238165e+02
4.47653242e-07 1.68362828e+03 5.45070056e+02
4.48084273e-07 1.58296472e+03 5.53342526e+02
4.48515303e-07 1.50985283e+03 5.73302827e+02
4.48946333e-07 1.75396851e+03 5.96411555e+02
4.49377364e-07 1.68310400e+03 5.66793849e+02
4.49808394e-07 1.59658367e+03 5.95006157e+02
4.50239424e-07 1.61622565e+03 6.09438541e+02
4.50670455e-07 1.51537908e+03 6.12141278e+02
4.51101485e-07 1.76493706e+03 6.07820502e+02
4.51532515e-07 1.76572750e+03 6.21372840e+02
4.51963545e-07 1.89532898e+03 6.60666412e+02
4.52394576e-07 1.89140925e+03 6.45808887e+02
4.52825606e-07 1.71541829e+03 7.05423444e+02
4.53256636e-07 1.79860085e+03 7.12603218e+02
4.53687667e-07 1.72812269e+03 6.89759405e+02
4.54118697e-07 1.73656296e+03 7.33393636e+02
4.54549727e-07 1.71749738e+03 7.29611717e+02
4.54980758e-07 1.68728456e+03 7.03685957e+02
4.55411788e-07 1.80896492e+03 6.79636363e+02
4.55842818e-07 1.78155184e+03 6.87966999e+02
4.56273848e-07 1.96277487e+03 6.78797946e+02
4.56704879e-07 1.88932459e+03 6.57485526e+02
4.57135909e-07 2.18096091e+03 6.74857993e+02
4.57566939e-07 1.82434887e+03 7.28778254e+02
4.57997970e-07 1.60442015e+03 7.27346765e+02
4.58429000e-07 1.62601921e+03 7.24082115e+02
4.58860030e-07 1.61578289e+03 7.50282986e+02
4.59291061e-07 1.84279750e+03 6.95213136e+02
4.59722091e-07 1.96624400e+03 7.08842475e+02
4.60153121e-07 2.06998458e+03 7.41600816e+02
4.60584152e-07 1.94400140e+03 6.92550731e+02
4.61015182e-07 2.31819353e+03 6.63147991e+02
4.61446212e-07 2.10671237e+03 6.78274201e+02
4.61877242e-07 2.02992417e+03 7.00440961e+02
4.62308273e-07 1.87107028e+03 6.96042911e+02
4.62739303e-07 1.79605099e+03 6.94184199e+02
4.63170333e-07 1.92811881e+03 7.13886047e+02
4.63601364e-07 2.34278855e+03 6.86238397e+02
4.64032394e-07 2.37910263e+03 7.06373158e+02
4.64463424e-07 2.42056645e+03 7.19778617e+02
4.64894455e-07 2.39412091e+03 6.91843047e+02
4.65325485e-07 2.31229865e+03 7.25541721e+02
4.65756515e-07 2.19811634e+03 8.08397484e+02
4.66187545e-07 2.29460114e+03 7.72094604e+02
4.66618576e-07 2.28980745e+03 7.52164670e+02
4.67049606e-07 2.13999297e+03 7.85022035e+02
4.67480636e-07 2.22424387e+03 8.08458309e+02
4.67911667e-07 2.35816652e+03 8.11497232e+02
4.68342697e-07 2.50305279e+03 7.81671345e+02
4.68773727e-07 2.34408899e+03 7.98842319e+02
4.69204758e-07 2.43694509e+03 7.74218185e+02
4.69635788e-07 2.54344638e+03 7.69618944e+02
4.70066818e-07 2.55141920e+03 7.40470655e+02
4.70497848e-07 2.57825300e+03 7.73752308e+02
4.70928879e-07 2.55650675e+03 7.99948826e+02
4.71359909e-07 2.55090736e+03 7.80389462e+02
4.71790939e-07 2.50458573e+03 7.60956078e+02
4.72221970e-07 2.50924951e+03 7.75733185e+02
4.72653000e-07 2.63475933e+03 7.95205098e+02
4.73084030e-07 2.70106310e+03 7.64006163e+02
4.73515061e-07 2.74025131e+03 7.96974588e+02
4.73946091e-07 2.86270520e+03 7.46121276e+02
4.74377121e-07 2.80916690e+03 7.85206041e+02
4.74808152e-07 2.65712034e+03 7.92929518e+02
4.75239182e-07 2.68846578e+03 7.68913873e+02
4.75670212e-07 2.72118214e+03 7.78242171e+02
4.76101242e-07 2.90865363e+03 7.51472686e+02
4.76532273e-07 2.97176267e+03 7.68504195e+02
4.76963303e-07 2.97162408e+03 7.97709186e+02
4.77394333e-07 2.87600327e+03 7.84737186e+02
4.77825364e-07 2.86545714e+03 8.04406084e+02
4.78256394e-07 3.12896020e+03 7.99929252e+02
4.78687424e-07 3.08060091e+03 7.92823897e+02
4.79118455e-07 3.08082054e+03 8.33934271e+02
4.79549485e-07 3.13800370e+03 7.82726527e+02
4.79980515e-07 3.25251358e+03 8.34890456e+02
4.80411545e-07 3.51100894e+03 8.45198458e+02
4.80842576e-07 3.43998977e+03 8.63293750e+02
4.81273606e-07 3.14416040e+03 9.10578268e+02
4.81704636e-07 3.17887262e+03 9.25348106e+02
4.82135667e-07 3.14540781e+03 9.35134588e+02
4.82566697e-07 2.98621696e+03 9.86613350e+02
4.82997727e-07 3.14486294e+03 1.01272706e+03
4.83428758e-07 3.23085486e+03 1.00609056e+03
4.83859788e-07 3.26623937e+03 9.97344916e+02
4.84290818e-07 3.23359168e+03 9.67288051e+02
4.84721848e-07 3.17217268e+03 9.80421517e+02
4.85152879e-07 3.21297553e+03 9.35660289e+02
4.85583909e-07 3.35723615e+03 8.94869850e+02
4.86014939e-07 3.41611056e+03 8.47220405e+02
4.86445970e-07 3.37844186e+03 7.94745797e+02
4.86877000e-07 3.55910739e+03 8.14552594e+02
4.87308030e-07 3.51335538e+03 8.60908525e+02
4.87739061e-07 3.22698445e+03 8.90321386e+02
4.88170091e-07 3.25669779e+03 9.26852994e+02
4.88601121e-07 3.50923481e+03 9.01873019e+02
4.89032152e-07 3.38419345e+03 9.51668856e+02
4.89463182e-07 3.41672508e+03 9.44788241e+02
4.89894212e-07 3.46803474e+03 9.14232453e+02
4.90325242e-07 3.56345755e+03 9.02168261e+02
4.90756273e-07 3.62807284e+03 8.85542949e+02
4.91187303e-07 3.63825700e+03 9.23523056e+02
4.91618333e-07 3.77207499e+03 8.82569680e+02
4.92049364e-07 3.68078181e+03 8.79686284e+02
4.92480394e-07 3.99411268e+03 8.72891130e+02
4.92911424e-07 4.05326894e+03 9.13973806e+02
4.93342455e-07 3.82134374e+03 9.03243256e+02
4.93773485e-07 3.79306381e+03 9.17752156e+02
4.94204515e-07 3.86092181e+03 9.45013181e+02
4.94635545e-07 3.77329958e+03 9.05031758e+02
4.95066576e-07 3.58759380e+03 9.28117038e+02
4.95497606e-07 3.78989402e+03 9.58626756e+02
4.95928636e-07 3.99257666e+03 9.59076933e+02
4.96359667e-07 3.60904998e+03 9.88762499e+02
4.96790697e-07 3.74892331e+03 9.73126860e+02
4.97221727e-07 3.85834693e+03 1.08131748e+03
4.97652758e-07 3.95093135e+03 1.01087012e+03
4.98083788e-07 4.16571436e+03 9.35631543e+02
4.98514818e-07 4.01775382e+03 9.69935433e+02
4.98945848e-07 3.77202861e+03 1.01671512e+03
4.99376879e-07 3.83863466e+03 1.01443052e+03
4.99807909e-07 4.18022915e+03 1.01367463e+03
5.00238939e-07 4.14152616e+03 9.78798517e+02
5.00669970e-07 4.09428019e+03 9.89559433e+02
5.01101000e-07 4.11546191e+03 1.03787650e+03
5.01532030e-07 4.03535995e+03 9.95090917e+02
5.01963061e-07 4.15485352e+03 1.00047870e+03
5.02394091e-07 4.30667699e+03 1.03884028e+03
5.02825121e-07 4.25545523e+03 9.93807391e+02
5.03256152e-07 4.42265266e+03 9.92291292e+02
5.03687182e-07 4.24503979e+03 9.89017848e+02
5.04118212e-07 3.95406371e+03 9.45124113e+02
5.04549242e-07 4.00831120e+03 9.67507222e+02
5.04980273e-07 4.52502284e+03 9.72621769e+02
5.05411303e-07 4.66518689e+03 9.60882777e+02
5.05842333e-07 4.72355130e+03 9.81008218e+02
5.06273364e-07 4.59313831e+03 9.93095041e+02
5.06704394e-07 4.66835934e+03 1.01845493e+03
5.07135424e-07 4.47028179e+03 1.05050255e+03
5.07566455e-07 4.55813394e+03 1.03620307e+03
5.07997485e-07 4.45741817e+03 1.02958277e+03
5.08428515e-07 4.50199285e+03 1.00545858e+03
5.08859545e-07 4.82693806e+03 1.03373163e+03
5.09290576e-07 5.01346210e+03 9.96119700e+02
5.09721606e-07 5.00814434e+03 9.95767385e+02
5.10152636e-07 4.58203289e+03 1.03123281e+03
5.10583667e-07 4.73489007e+03 1.02765470e+03
5.11014697e-07 4.82177472e+03 1.00466156e+03
5.11445727e-07 4.82759198e+03 1.05724667e+03
5.11876758e-07 4.78244829e+03 1.07263283e+03
5.12307788e-07 5.05447524e+03 1.05804834e+03
5.12738818e-07 5.00197522e+03 1.07528625e+03
5.13169848e-07 4.86062862e+03 1.17470212e+03
5.13600879e-07 4.69332109e+03 1.12463780e+03
5.14031909e-07 4.93147593e+03 1.14069371e+03
5.14462939e-07 5.02039043e+03 1.14064531e+03
5.14893970e-07 5.28078613e+03 1.16973555e+03
5.15325000e-07 4.98667672e+03 1.17997733e+03
5.15756030e-07 5.09001674e+03 1.14645427e+03
5.16187061e-07 4.73540765e+03 1.15029465e+03
5.16618091e-07 4.69382021e+03 1.10955793e+03
5.17049121e-07 4.90179249e+03 1.00778147e+03
5.17480152e-07 4.51070374e+03 1.05579590e+03
5.17911182e-07 4.14547191e+03 1.08176903e+03
5.18342212e-07 4.47664398e+03 1.07393681e+03
5.18773242e-07 4.65581070e+03 1.10410647e+03
5.19204273e-07 4.48831659e+03 1.31994322e+03
5.19635303e-07 4.79956619e+03 1.78258327e+03
5.20066333e-07 5.03291111e+03 1.92117161e+03
5.20497364e-07 4.69851438e+03 1.56032391e+03
5.20928394e-07 5.08014536e+03 1.25094554e+03
5.21359424e-07 5.12645741e+03 1.17621265e+03
5.21790455e-07 5.32516973e+03 1.19268472e+03
5.22221485e-07 5.19867607e+03 1.23127506e+03
5.22652515e-07 5.31046820e+03 1.23139830e+03
5.23083545e-07 5.44823450e+03 1.22104392e+03
5.23514576e-07 5.46082694e+03 1.22731945e+03
5.23945606e-07 5.24006178e+03 1.21108400e+03
5.24376636e-07 5.42139292e+03 1.21726967e+03
5.24807667e-07 5.81813564e+03 1.23621592e+03
5.25238697e-07 5.68679577e+03 1.24033321e+03
5.25669727e-07 5.53976452e+03 1.25359535e+03
5.26100758e-07 5.57650705e+03 1.20206631e+03
5.26531788e-07 5.40464196e+03 1.14056883e+03
5.26962818e-07 5.77096343e+03 1.09084252e+03
5.27393848e-07 5.71786236e+03 1.21185881e+03
5.27824879e-07 5.83554365e+03 1.23082938e+03
5.28255909e-07 5.89368972e+03 1.21728187e+03
5.28686939e-07 5.69924694e+03 1.12992780e+03
5.29117970e-07 5.56767739e+03 1.22766171e+03
5.29549000e-07 5.97075864e+03 1.20233205e+03
5.29980030e-07 6.16696701e+03 1.25141229e+03
5.30411061e-07 5.92155619e+03 1.27051371e+03
5.30842091e-07 5.50259200e+03 1.25221966e+03
5.31273121e-07 5.53424166e+03 1.32770324e+03
5.31704152e-07 5.69170582e+03 1.34346177e+03
5.32135182e-07 5.67955542e+03 1.31595824e+03
5.32566212e-07 6.11129596e+03 1.37402606e+03
5.32997242e-07 5.57709972e+03 1.39289429e+03
5.33428273e-07 5.64529635e+03 1.36986937e+03
5.33859303e-07 5.41455444e+03 1.34493701e+03
5.34290333e-07 5.69087175e+03 1.30030150e+03
5.34721364e-07 6.03485995e+03 1.27265337e+03
5.35152394e-07 5.76576498e+03 1.40004164e+03
5.35583424e-07 5.50491014e+03 1.36312447e+03
5.36014455e-07 5.96281421e+03 1.32098390e+03
5.36445485e-07 5.51317718e+03 1.26471069e+03
5.36876515e-07 5.40182749e+03 1.33219390e+03
5.37307545e-07 5.41870422e+03 1.33813158e+03
5.37738576e-07 5.77025990e+03 1.31513454e+03
5.38169606e-07 6.05849170e+03 1.31251721e+03
5.38600636e-07 5.86709039e+03 1.28326586e+03
5.39031667e-07 6.03568180e+03 1.30535230e+03
5.39462697e-07 5.78506992e+03 1.21667248e+03
5.39893727e-07 5.52175585e+03 1.27623945e+03
5.40324758e-07 5.79013744e+03 1.23424117e+03
5.40755788e-07 5.57210630e+03 1.26343453e+03
5.41186818e-07 5.70081793e+03 1.26528456e+03
5.41617848e-07 5.79622435e+03 1.29103466e+03
5.42048879e-07 5.91553447e+03 1.34269990e+03
5.42479909e-07 6.13531113e+03 1.32281062e+03
5.42910939e-07 5.93563657e+03 1.31156343e+03
5.43341970e-07 5.90875786e+03 1.34136939e+03
5.43773000e-07 5.95852349e+03 1.41355239e+03
5.44204030e-07 5.96140343e+03 1.37091305e+03
5.44635061e-07 6.07332186e+03 1.38449557e+03
5.45066091e-07 6.07547617e+03 1.40141380e+03
5.45497121e-07 5.77111345e+03 1.38562646e+03
5.45928152e-07 5.87098252e+03 1.49735111e+03
5.46359182e-07 5.94087926e+03 1.50664458e+03
5.46790212e-07 6.49815039e+03 1.42056080e+03
5.47221242e-07 6.34324672e+03 1.39159448e+03
5.47652273e-07 6.06249836e+03 1.38619859e+03
5.48083303e-07 6.17147955e+03 1.44292376e+03
5.48514333e-07 6.19748667e+03 1.39806098e+03
5.48945364e-07 6.22836841e+03 1.40765159e+03
5.49376394e-07 6.55423311e+03 1.45896866e+03
5.49807424e-07 5.98412501e+03 1.45687914e+03
5.50238455e-07 5.38152020e+03 1.51563152e+03
5.50669485e-07 4.85199925e+03 1.46261392e+03
5.51100515e-07 5.12418839e+03 1.49660602e+03
5.51531545e-07 5.43490509e+03 1.53161832e+03
5.51962576e-07 5.76120100e+03 1.54790828e+03
5.52393606e-07 5.41766764e+03 1.51836719e+03
5.52824636e-07 6.13077266e+03 1.42698294e+03
5.53255667e-07 7.56624859e+03 1.52335955e+03
5.53686697e-07 7.61352457e+03 1.53451292e+03
5.54117727e-07 6.34425744e+03 1.62592115e+03
5.54548758e-07 6.10869366e+03 1.69094332e+03
5.54979788e-07 6.28950111e+03 1.65769948e+03
5.55410818e-07 6.01152192e+03 1.59576562e+03
5.55841848e-07 6.78119340e+03 1.60474198e+03
5.56272879e-07 6.69526018e+03 1.69622048e+03
5.56703909e-07 6.24165891e+03 2.14976272e+03
5.57134939e-07 8.71940494e+03 1.22926273e+04
5.57565970e-07 9.29520198e+03 3.59967171e+04
5.58428030e-07 2.03164179e+03 1.83675328e+04
5.58859061e-07 6.55533065e+03 5.10468729e+03
5.59290091e-07 7.39092631e+03 2.18064322e+03
5.59721121e-07 6.98649620e+03 1.78187051e+03
5.60152152e-07 6.90430095e+03 1.76133451e+03
5.60583182e-07 6.35897898e+03 1.84927977e+03
5.61014212e-07 6.21184769e+03 1.73711605e+03
5.61445242e-07 6.71943471e+03 1.64802797e+03
5.61876273e-07 7.22026113e+03 1.71894862e+03
5.62307303e-07 7.27046151e+03 1.71031731e+03
5.62738333e-07 7.24871911e+03 1.69092418e+03
5.63169364e-07 7.52506633e+03 1.66485259e+03
5.63600394e-07 7.76658006e+03 1.62774157e+03
5.64031424e-07 7.64532612e+03 1.62243624e+03
5.64462455e-07 6.87070458e+03 1.64179648e+03
5.64893485e-07 7.27051235e+03 1.68459916e+03
5.65324515e-07 8.03195098e+03 1.64026698e+03
5.65755545e-07 7.88724470e+03 1.61339323e+03
5.66186576e-07 7.73971548e+03 1.61728771e+03
5.66617606e-07 7.46393710e+03 1.66104537e+03
5.67048636e-07 7.41853368e+03 1.67278290e+03
5.67479667e-07 7.03301133e+03 1.68662908e+03
5.67910697e-07 7.53405534e+03 1.69335778e+03
5.68341727e-07 7.32857791e+03 1.70789429e+03
5.68772758e-07 7.67410442e+03 1.74309865e+03
5.69203788e-07 7.78448899e+03 1.73875740e+03
5.69634818e-07 7.82257807e+03 1.80342092e+03
5.70065848e-07 7.72753391e+03 1.79970004e+03
5.70496879e-07 8.11275715e+03 1.70046446e+03
5.70927909e-07 7.94044344e+03 1.81116477e+03
5.71358939e-07 7.55487215e+03 1.78595889e+03
5.71789970e-07 7.57793025e+03 1.79898012e+03
5.72221000e-07 7.80112887e+03 1.74145844e+03
5.72652030e-07 8.01392264e+03 1.74598108e+03
5.73083061e-07 7.81265512e+03 1.75626545e+03
5.73514091e-07 8.33135911e+03 1.72543210e+03
5.73945121e-07 8.03200742e+03 1.80598691e+03
5.74376152e-07 7.66757534e+03 1.76059212e+03
5.74807182e-07 7.55038618e+03 1.71110467e+03
5.75238212e-07 7.56908642e+03 1.68208271e+03
5.75669242e-07 7.32436855e+03 1.70503246e+03
5.76100273e-07 7.21064182e+03 1.75715485e+03
5.76531303e-07 7.64090418e+03 1.75098148e+03
5.76962333e-07 8.03196405e+03 1.79743881e+03
5.77393364e-07 8.21168512e+03 1.83545650e+03
5.77824394e-07 8.00421759e+03 1.70903637e+03
5.78255424e-07 7.90081184e+03 1.69703193e+03
5.78686455e-07 7.85118203e+03 1.78738159e+03
5.79117485e-07 8.16914369e+03 1.81565207e+03
5.79548515e-07 8.19894363e+03 1.76152547e+03
5.79979545e-07 8.02558050e+03 1.78298039e+03
5.80410576e-07 7.74894896e+03 1.79380928e+03
5.80841606e-07 8.22908161e+03 1.74914451e+03
5.81272636e-07 8.10987334e+03 1.72723034e+03
5.81703667e-07 7.97857804e+03 1.79277840e+03
5.82134697e-07 8.27738843e+03 1.86627700e+03
5.82565727e-07 8.53439749e+03 1.80904331e+03
5.82996758e-07 8.60660157e+03 1.82366741e+03
5.83427788e-07 8.66524745e+03 1.83328503e+03
5.83858818e-07 8.48620811e+03 1.82130315e+03
5.84289848e-07 8.49064107e+03 1.84627644e+03
5.84720879e-07 8.48367318e+03 1.80552923e+03
5.85151909e-07 8.32045595e+03 1.79354447e+03
5.85582939e-07 8.30212307e+03 1.78349179e+03
5.86013970e-07 8.53543935e+03 1.97566828e+03
5.86445000e-07 8.31626424e+03 2.32707489e+03
5.86876030e-07 7.78650508e+03 2.56491868e+03
5.87307061e-07 8.30389972e+03 2.30161286e+03
5.87738091e-07 8.32747101e+03 2.12682603e+03
5.88169121e-07 8.34390212e+03 2.40579642e+03
5.88600152e-07 8.37284246e+03 4.70090095e+03
5.89031182e-07 7.93661791e+03 7.24164926e+03
5.89462212e-07 7.12504601e+03 7.27868535e+03
5.89893242e-07 7.23783874e+03 5.06795457e+03
5.90324273e-07 8.18886173e+03 3.19450175e+03
5.90755303e-07 8.67367243e+03 2.47961846e+03
5.91186333e-07 8.96051543e+03 2.46520386e+03
5.91617364e-07 9.04128987e+03 2.56950624e+03
5.92048394e-07 8.51058615e+03 2.42912467e+03
5.92479424e-07 8.22702445e+03 2.35021699e+03
5.92910455e-07 8.43911580e+03 2.41272446e+03
5.93341485e-07 7.93206606e+03 2.65676033e+03
5.93772515e-07 7.94206611e+03 2.38930020e+03
5.94203545e-07 8.27951332e+03 2.14964464e+03
5.94634576e-07 8.39985676e+03 2.23784332e+03
5.95065606e-07 8.20959798e+03 2.40445152e+03
5.95496636e-07 8.23658417e+03 2.48574790e+03
5.95927667e-07 8.44393746e+03 2.28908374e+03
5.96358697e-07 8.44892479e+03 2.20348030e+03
5.96789727e-07 8.55998007e+03 2.23714212e+03
5.97220758e-07 8.60936565e+03 2.33049124e+03
5.97651788e-07 8.98176828e+03 2.38375818e+03
5.98082818e-07 8.75059923e+03 2.25196697e+03
5.98513848e-07 8.50778969e+03 2.10917204e+03
5.98944879e-07 9.03037480e+03 1.96492824e+03
5.99375909e-07 9.05435645e+03 2.04765304e+03
5.99806939e-07 9.18164190e+03 2.05611661e+03
6.00237970e-07 8.61731047e+03 2.14049384e+03
6.00669000e-07 8.95480966e+03 2.05847953e+03
6.01100030e-07 8.76771601e+03 2.02399497e+03
6.01531061e-07 9.03146884e+03 1.95681325e+03
6.01962091e-07 8.89758816e+03 1.91738750e+03
6.02393121e-07 8.78621584e+03 1.87272465e+03
6.02824152e-07 8.87183486e+03 1.95556241e+03
6.03255182e-07 8.76040514e+03 2.01164363e+03
6.03686212e-07 8.69284741e+03 2.03448340e+03
6.04117242e-07 8.81093598e+03 1.96445791e+03
6.04548273e-07 9.17735820e+03 1.92621885e+03
6.04979303e-07 9.35530203e+03 1.92245439e+03
6.05410333e-07 9.40346724e+03 1.84904654e+03
6.05841364e-07 9.19539078e+03 1.88267304e+03
6.06272394e-07 9.62349554e+03 1.86777211e+03
6.06703424e-07 1.00217897e+04 1.91704582e+03
6.07134455e-07 9.62093486e+03 1.90623835e+03
6.07565485e-07 9.00265725e+03 1.78483030e+03
6.07996515e-07 8.95165650e+03 1.76663967e+03
6.08427545e-07 9.22586885e+03 1.92032896e+03
6.08858576e-07 9.67671984e+03 1.85537693e+03
6.09289606e-07 9.53971005e+03 1.83735271e+03
6.09720636e-07 9.54063037e+03 1.88521469e+03
6.10151667e-07 9.63044226e+03 1.86941166e+03
6.10582697e-07 9.85984066e+03 1.84406359e+03
6.11013727e-07 9.73932388e+03 1.85164071e+03
6.11444758e-07 1.01391059e+04 1.86695562e+03
6.11875788e-07 1.06149175e+04 1.80653709e+03
6.12306818e-07 9.84686250e+03 1.80620999e+03
6.12737848e-07 9.64442357e+03 1.83223268e+03
6.13168879e-07 9.21637512e+03 1.86668388e+03
6.13599909e-07 9.68902274e+03 1.99912129e+03
6.14030939e-07 9.84055734e+03 2.09854431e+03
6.14461970e-07 9.96071570e+03 2.12130190e+03
6.14893000e-07 1.02033464e+04 2.00450157e+03
6.15324030e-07 1.01500706e+04 1.98207835e+03
6.15755061e-07 9.69673995e+03 2.12926239e+03
6.16186091e-07 9.65763917e+03 2.06343958e+03
6.16617121e-07 9.09373979e+03 2.11664082e+03
6.17048152e-07 9.48792888e+03 2.23369057e+03
6.17479182e-07 1.00794876e+04 2.14145239e+03
6.17910212e-07 1.00721845e+04 2.02619076e+03
6.18341242e-07 9.95096879e+03 1.92242460e+03
6.18772273e-07 1.03718599e+04 1.97329313e+03
6.19203303e-07 9.69424049e+03 1.94792693e+03
6.19634333e-07 1.00325254e+04 1.94969012e+03
6.20065364e-07 1.03053963e+04 2.11913423e+03
6.20496394e-07 1.05192738e+04 2.12209494e+03
6.20927424e-07 9.94720137e+03 2.03083381e+03
6.21358455e-07 1.01380197e+04 2.00997417e+03
6.21789485e-07 1.04542100e+04 2.07746466e+03
6.22220515e-07 1.03696358e+04 2.15669511e+03
6.22651545e-07 1.04921254e+04 2.09572498e+03
6.23082576e-07 1.04052609e+04 2.62083800e+03
6.23513606e-07 9.89031988e+03 3.46038970e+03
6.23944636e-07 9.76381047e+03 3.58687286e+03
6.24375667e-07 9.95840948e+03 2.87629441e+03
6.24806697e-07 9.87664543e+03 2.32498052e+03
6.25237727e-07 9.97623441e+03 2.35584360e+03
6.25668758e-07 1.01864249e+04 3.10375397e+03
6.26099788e-07 9.81584975e+03 3.23392285e+03
6.26530818e-07 9.80970502e+03 2.86369192e+03
6.26961848e-07 8.49865347e+03 2.42742591e+03
6.27392879e-07 6.91626267e+03 2.26957313e+03
6.27823909e-07 6.78409199e+03 2.12822023e+03
6.28254939e-07 7.97403162e+03 2.43194808e+03
6.28685970e-07 8.91401424e+03 2.84160676e+03
6.29117000e-07 9.46229076e+03 4.12592490e+03
6.29548030e-07 6.89911463e+03 1.34372540e+04
6.29979061e-07 9.09604987e+03 2.60203269e+04
6.30410091e-07 6.42949518e+03 2.15209327e+04
6.30841121e-07 5.62812662e+03 8.82254070e+03
6.31272152e-07 9.32051519e+03 3.37053273e+03
6.31703182e-07 1.01342852e+04 2.38342987e+03
6.32134212e-07 1.04524863e+04 2.45608482e+03
6.32565242e-07 1.04446725e+04 2.83607767e+03
6.32996273e-07 9.77469027e+03 3.10196557e+03
6.33427303e-07 9.91657144e+03 2.65631060e+03
6.33858333e-07 1.04960419e+04 2.16049076e+03
6.34289364e-07 1.01547963e+04 2.12019746e+03
6.34720394e-07 1.09710400e+04 2.25583849e+03
6.35151424e-07 1.02398739e+04 2.43186139e+03
6.35582455e-07 9.85572908e+03 3.71181688e+03
6.36013485e-07 1.00550990e+04 7.70503901e+03
6.36444515e-07 1.05062462e+04 1.04758419e+04
6.36875545e-07 9.00556146e+03 6.91996433e+03
6.37306576e-07 9.33148292e+03 3.27328485e+03
6.37737606e-07 1.10695275e+04 2.33395772e+03
6.38168636e-07 1.09362852e+04 2.25851899e+03
6.38599667e-07 1.08153748e+04 2.30435763e+03
6.39030697e-07 1.00894986e+04 2.20299241e+03
6.39461727e-07 1.02791584e+04 1.99295737e+03
6.39892758e-07 1.04671804e+04 1.93703276e+03
6.40323788e-07 1.08621833e+04 1.90741123e+03
6.40754818e-07 1.03202730e+04 1.91823028e+03
6.41185848e-07 1.03922730e+04 2.00545429e+03
6.41616879e-07 1.05147619e+04 2.00832800e+03
6.42047909e-07 1.08527140e+04 2.08687114e+03
6.42478939e-07 1.07557162e+04 2.05319456e+03
6.42909970e-07 1.11975917e+04 1.93595683e+03
6.43341000e-07 1.17018900e+04 1.78533969e+03
6.43772030e-07 1.10896419e+04 1.88145011e+03
6.44203061e-07 1.09760148e+04 1.89953995e+03
6.44634091e-07 1.15603592e+04 1.92909976e+03
6.45065121e-07 1.08389853e+04 2.06068607e+03
6.45496152e-07 1.14349604e+04 2.12916239e+03
6.45927182e-07 1.15986337e+04 2.37025972e+03
6.46358212e-07 1.08571279e+04 2.99592832e+03
6.46789242e-07 1.19319959e+04 3.36169647e+03
6.47220273e-07 1.11525325e+04 3.07282782e+03
6.47651303e-07 1.09863411e+04 2.49570481e+03
6.48082333e-07 1.10112535e+04 2.15624447e+03
6.48513364e-07 1.11325689e+04 1.96636773e+03
6.48944394e-07 1.15158480e+04 1.87690230e+03
6.49375424e-07 1.16547403e+04 2.56833780e+03
6.49806455e-07 1.14158005e+04 3.54874260e+03
6.50237485e-07 1.12080535e+04 3.70007709e+03
6.50668515e-07 1.15117929e+04 2.86086985e+03
6.51099545e-07 1.18868086e+04 2.29168645e+03
6.51530576e-07 1.14310326e+04 2.09748445e+03
6.51961606e-07 1.15447138e+04 2.22068651e+03
6.52392636e-07 1.15781578e+04 2.37957309e+03
6.52823667e-07 1.19514142e+04 2.77252239e+03
6.53254697e-07 1.17760784e+04 3.23881296e+03
6.53685727e-07 1.18524211e+04 3.03471551e+03
6.54116758e-07 1.15473529e+04 2.62088227e+03
6.54547788e-07 1.18445293e+04 2.65987263e+03
6.54978818e-07 1.18365642e+04 3.11758209e+03
6.55409848e-07 1.16035874e+04 3.53578494e+03
6.55840879e-07 1.16534865e+04 3.02730761e+03
6.56271909e-07 1.11212751e+04 2.53918179e+03
6.56702939e-07 1.08730454e+04 2.55041575e+03
6.57133970e-07 1.07022470e+04 2.75107469e+03
6.57565000e-07 1.14882107e+04 3.13614376e+03
6.57996030e-07 1.12474387e+04 3.01170122e+03
6.58427061e-07 1.15753584e+04 2.43998481e+03
6.58858091e-07 1.17979621e+04 2.08353697e+03
6.59289121e-07 1.11931233e+04 2.16628854e+03
6.59720152e-07 1.13381479e+04 2.28617837e+03
6.60151182e-07 1.19646607e+04 2.53887215e+03
6.60582212e-07 1.18336262e+04 2.55951616e+03
6.61013242e-07 1.18619657e+04 2.21237455e+03
6.61444273e-07 1.16624835e+04 1.99347677e+03
6.61875303e-07 1.17028693e+04 1.95693632e+03
6.62306333e-07 1.14935185e+04 2.03214111e+03
6.62737364e-07 1.15550299e+04 2.09691882e+03
6.63168394e-07 1.13443092e+04 2.24349222e+03
6.63599424e-07 1.16182870e+04 2.17367555e+03
6.64030455e-07 1.16369346e+04 2.01649166e+03
6.64461485e-07 1.14311334e+04 1.92747154e+03
6.64892515e-07 1.14036817e+04 1.90331202e+03
6.65323545e-07 1.10981689e+04 1.99094119e+03
6.65754576e-07 1.12869442e+04 1.99617261e+03
6.66185606e-07 1.15960026e+04 1.98629905e+03
6.66616636e-07 1.14560205e+04 2.07388891e+03
6.67047667e-07 1.20059682e+04 1.98283718e+03
6.67478697e-07 1.22017443e+04 1.89968138e+03
6.67909727e-07 1.18607189e+04 1.89888497e+03
6.68340758e-07 1.17701558e+04 1.89237045e+03
6.68771788e-07 1.20100423e+04 1.89708106e+03
6.69202818e-07 1.20073079e+04 1.96579815e+03
6.69633848e-07 1.21384145e+04 2.01504585e+03
6.70064879e-07 1.23342839e+04 2.06852907e+03
6.70495909e-07 1.25458743e+04 1.96211440e+03
6.70926939e-07 1.21731159e+04 2.03799587e+03
6.71357970e-07 1.22255847e+04 1.92628248e+03
6.71789000e-07 1.24291913e+04 1.96620121e+03
6.72220030e-07 1.22133801e+04 1.92261847e+03
6.72651061e-07 1.16893514e+04 1.87290442e+03
6.73082091e-07 1.17475451e+04 1.87002407e+03
6.73513121e-07 1.20727696e+04 1.91045009e+03
6.73944152e-07 1.20392816e+04 1.95123435e+03
6.74375182e-07 1.23821160e+04 2.01935181e+03
6.74806212e-07 1.23827047e+04 1.99430572e+03
6.75237242e-07 1.23613299e+04 1.93029102e+03
6.75668273e-07 1.21578193e+04 1.93427199e+03
6.76099303e-07 1.23434010e+04 1.90405219e+03
6.76530333e-07 1.22602253e+04 1.88822938e+03
6.76961364e-07 1.21734724e+04 1.86693172e+03
6.77392394e-07 1.18765562e+04 1.81428072e+03
6.77823424e-07 1.21335941e+04 1.86962458e+03
6.78254455e-07 1.27061439e+04 1.95624401e+03
6.78685485e-07 1.21934377e+04 1.91851508e+03
6.79116515e-07 1.22661649e+04 1.85733422e+03
6.79547545e-07 1.21742911e+04 1.83140654e+03
6.79978576e-07 1.16848347e+04 1.90439940e+03
6.80409606e-07 1.19029731e+04 1.82062015e+03
6.80840636e-07 1.22061062e+04 1.77027442e+03
6.81271667e-07 1.24217557e+04 1.79725537e+03
6.81702697e-07 1.22792228e+04 1.90070705e+03
6.82133727e-07 1.15160604e+04 2.29216947e+03
6.82564758e-07 1.12214828e+04 4.02681099e+03
6.82995788e-07 1.15900483e+04 5.79730805e+03
6.83426818e-07 1.17801843e+04 5.86153965e+03
6.83857848e-07 1.17107755e+04 4.20831606e+03
6.84288879e-07 1.19544515e+04 2.97531970e+03
6.84719909e-07 1.21235104e+04 2.27321644e+03
6.85150939e-07 1.24604128e+04 2.00345368e+03
6.85581970e-07 1.25197307e+04 2.51263256e+03
6.86013000e-07 1.16845492e+04 4.62740399e+03
6.86444030e-07 1.09944899e+04 6.18607655e+03
6.86875061e-07 8.88749792e+03 4.29302136e+03
6.87306091e-07 8.07527889e+03 2.32451163e+03
6.87737121e-07 9.23587142e+03 1.99421151e+03
6.88168152e-07 1.02144016e+04 2.40202823e+03
6.88599182e-07 1.08393431e+04 2.64420633e+03
6.89030212e-07 1.02117094e+04 2.56460951e+03
6.89461242e-07 1.08124128e+04 2.33277807e+03
6.89892273e-07 1.05330807e+04 2.25296033e+03
6.90323303e-07 1.06994942e+04 2.24025511e+03
6.90754333e-07 1.13473020e+04 2.39375548e+03
6.91185364e-07 1.10641486e+04 2.99084588e+03
6.91616394e-07 1.09437958e+04 3.18186803e+03
6.92047424e-07 1.04500864e+04 3.77929972e+03
6.92478455e-07 1.17903566e+04 3.98303868e+03
6.92909485e-07 1.11595710e+04 2.82197864e+03
6.93340515e-07 1.16110051e+04 2.29954545e+03
6.93771545e-07 1.15125370e+04 2.83589987e+03
6.94202576e-07 1.16651223e+04 3.28898573e+03
6.94633606e-07 1.16304166e+04 4.14042173e+03
6.95064636e-07 1.20514342e+04 4.53821686e+03
6.95495667e-07 1.23723966e+04 3.11726886e+03
6.95926697e-07 1.18235364e+04 2.22191128e+03
6.96357727e-07 1.24515917e+04 2.32256182e+03
6.96788758e-07 1.27925000e+04 2.63385655e+03
6.97219788e-07 1.29901374e+04 3.12662658e+03
6.97650818e-07 1.31781309e+04 3.76904088e+03
6.98081848e-07 1.22834889e+04 3.47506446e+03
6.98512879e-07 1.17928581e+04 2.57140206e+03
6.98943909e-07 1.14563208e+04 1.95907887e+03
6.99374939e-07 1.12498671e+04 2.04985393e+03
6.99805970e-07 1.21940577e+04 2.20114441e+03
7.00237000e-07 1.26874216e+04 2.40764044e+03
7.00668030e-07 1.28497742e+04 2.62247174e+03
7.01099061e-07 1.42429644e+04 2.65009775e+03
7.01530091e-07 1.43998936e+04 2.34103322e+03
7.01961121e-07 1.27131555e+04 1.88352316e+03
7.02392152e-07 1.27331613e+04 1.86628841e+03
7.02823182e-07 1.22259175e+04 1.87436636e+03
7.03254212e-07 1.23181799e+04 1.81828171e+03
7.03685242e-07 1.24030329e+04 1.97694504e+03
7.04116273e-07 1.16589806e+04 2.21244300e+03
7.04547303e-07 1.20247212e+04 2.57757195e+03
7.04978333e-07 1.21984170e+04 2.75947695e+03
7.05409364e-07 1.25692858e+04 2.45644044e+03
7.05840394e-07 1.18079819e+04 2.08832618e+03
7.06271424e-07 1.19713827e+04 2.18598572e+03
7.06702455e-07 1.16798199e+04 2.24431737e+03
7.07133485e-07 1.15737501e+04 2.16929861e+03
7.07564515e-07 1.17375254e+04 2.19880037e+03
7.07995545e-07 1.22823789e+04 2.28137594e+03
7.08426576e-07 1.20110239e+04 2.34179538e+03
7.08857606e-07 1.20334514e+04 2.33649257e+03
7.09288636e-07 1.17116249e+04 2.18082899e+03
7.09719667e-07 1.17415774e+04 2.00897546e+03
7.10150697e-07 1.20013817e+04 1.93960845e+03
7.10581727e-07 1.19797495e+04 1.96378313e+03
7.11012758e-07 1.17297711e+04 1.97904812e+03
7.11443788e-07 1.17098921e+04 1.89309733e+03
7.11874818e-07 1.14753689e+04 1.93924443e+03
7.12305848e-07 1.24676888e+04 1.88919050e+03
7.12736879e-07 1.20769556e+04 1.99126795e+03
7.13167909e-07 1.14142917e+04 1.98856680e+03
7.13598939e-07 1.18303924e+04 2.00952505e+03
7.14029970e-07 1.15660933e+04 2.21849322e+03
7.14461000e-07 1.12346063e+04 2.38882086e+03
7.14892030e-07 1.16926005e+04 2.36745389e+03
7.15323061e-07 1.20892475e+04 2.06557314e+03
7.15754091e-07 1.22933794e+04 1.98085324e+03
7.16185121e-07 1.16914534e+04 2.03683688e+03
7.16616152e-07 1.15786252e+04 1.98058296e+03
7.17047182e-07 1.14685963e+04 1.92688177e+03
7.17478212e-07 9.65584004e+03 1.98323813e+03
7.17909242e-07 9.60440716e+03 1.88002630e+03
7.18340273e-07 9.32404128e+03 1.69439041e+03
7.18771303e-07 9.31500487e+03 1.48023420e+03
7.19202333e-07 9.47012720e+03 1.50378150e+03
7.19633364e-07 9.76565406e+03 1.53752338e+03
7.20064394e-07 9.74752411e+03 1.52584211e+03
7.20495424e-07 9.19345512e+03 1.51197384e+03
7.20926455e-07 9.89778076e+03 1.63233171e+03
7.21357485e-07 1.02420945e+04 1.59820014e+03
7.21788515e-07 1.07222702e+04 1.70072764e+03
7.22219545e-07 1.06961181e+04 1.85657846e+03
7.22650576e-07 1.03999990e+04 1.76287233e+03
7.23081606e-07 9.13206041e+03 2.08654352e+03
7.23512636e-07 7.64454155e+03 4.28249262e+03
7.23943667e-07 7.42877041e+03 8.60298686e+03
7.24374697e-07 8.09117209e+03 1.03840755e+04
7.24805727e-07 8.47468955e+03 7.65540211e+03
7.25236758e-07 8.91021286e+03 4.20886802e+03
7.25667788e-07 9.54992294e+03 2.80585556e+03
7.26098818e-07 9.63341311e+03 2.24836986e+03
7.26529848e-07 9.52317501e+03 2.16652145e+03
7.26960879e-07 8.58752410e+03 3.81477344e+03
7.27391909e-07 8.77927886e+03 7.94185850e+03
7.27822939e-07 8.79967772e+03 9.79329430e+03
7.28253970e-07 8.91037457e+03 7.56615654e+03
7.28685000e-07 9.15953918e+03 5.06634197e+03
7.29116030e-07 9.32645350e+03 3.48184041e+03
7.29547061e-07 9.37294579e+03 3.09149330e+03
7.29978091e-07 1.01234580e+04 3.31586911e+03
7.30409121e-07 9.78895487e+03 3.73856948e+03
7.30840152e-07 9.30826949e+03 3.90081249e+03
7.31271182e-07 9.83585273e+03 6.32488040e+03
7.31702212e-07 9.77862364e+03 8.31571959e+03
7.32133242e-07 1.00821022e+04 5.71941480e+03
7.32564273e-07 1.01746678e+04 4.15199193e+03
7.32995303e-07 1.03839453e+04 4.74043139e+03
7.33426333e-07 9.83722388e+03 5.14446104e+03
7.33857364e-07 1.01931717e+04 8.08470503e+03
7.34288394e-07 1.04806076e+04 9.17913186e+03
7.34719424e-07 1.06532724e+04 5.17092058e+03
7.35150455e-07 1.01722139e+04 3.02306700e+03
7.35581485e-07 1.03654580e+04 3.99055148e+03
7.36012515e-07 1.02585934e+04 4.72922025e+03
7.36443545e-07 9.59202393e+03 5.49759556e+03
7.36874576e-07 9.91060725e+03 7.14847204e+03
7.37305606e-07 1.08524622e+04 6.11646103e+03
7.37736636e-07 1.12915301e+04 3.13510628e+03
7.38167667e-07 1.14076848e+04 2.14513532e+03
7.38598697e-07 1.09884232e+04 2.48683708e+03
7.39029727e-07 1.09051199e+04 3.52675519e+03
7.39460758e-07 1.07120280e+04 4.17309448e+03
7.39891788e-07 1.06019661e+04 5.21465311e+03
7.40322818e-07 1.09642760e+04 5.66141129e+03
7.40753848e-07 1.16364878e+04 3.64486163e+03
7.41184879e-07 1.11477962e+04 2.21794002e+03
7.41615909e-07 1.14169531e+04 2.12295526e+03
7.42046939e-07 1.20149896e+04 2.05644062e+03
7.42477970e-07 1.15066507e+04 2.28327268e+03
7.42909000e-07 1.14392957e+04 2.92993687e+03
7.43340030e-07 1.07098234e+04 3.57164444e+03
7.43771061e-07 1.08679833e+04 3.98709371e+03
7.44202091e-07 1.16634604e+04 3.49271077e+03
7.44633121e-07 1.13142727e+04 2.28694850e+03
7.45064152e-07 1.20410424e+04 1.93555840e+03
7.45495182e-07 1.11053631e+04 1.98071339e+03
7.45926212e-07 1.08997442e+04 2.36681058e+03
7.46357242e-07 1.11701656e+04 3.07577804e+03
7.46788273e-07 1.10450776e+04 3.79995707e+03
7.47219303e-07 1.04188282e+04 4.70872374e+03
7.47650333e-07 1.10607244e+04 4.95754311e+03
7.48081364e-07 1.11071372e+04 5.33126164e+03
7.48512394e-07 1.11531323e+04 4.56502700e+03
7.48943424e-07 1.13866102e+04 3.18488898e+03
7.49374455e-07 1.10375830e+04 2.69772383e+03
7.49805485e-07 1.21520301e+04 2.39245885e+03
7.50236515e-07 1.20437123e+04 2.04441612e+03
7.50667545e-07 1.24103938e+04 1.99619457e+03
7.51098576e-07 1.17592841e+04 1.98039256e+03
7.51529606e-07 1.05594309e+04 2.62456977e+03
7.51960636e-07 9.53772170e+03 5.00453734e+03
7.52391667e-07 1.01368497e+04 8.09559201e+03
7.52822697e-07 1.10518036e+04 7.15338893e+03
7.53253727e-07 1.09152166e+04 4.38884527e+03
7.53684758e-07 1.10534988e+04 2.96449397e+03
7.54115788e-07 1.11387034e+04 2.38481078e+03
7.54546818e-07 1.09954656e+04 2.21773409e+03
7.54977848e-07 1.00625612e+04 2.23609966e+03
7.55408879e-07 1.02702579e+04 2.72424825e+03
7.55839909e-07 1.06258307e+04 3.15317786e+03
7.56270939e-07 1.08431786e+04 2.95459391e+03
7.56701970e-07 9.89121583e+03 4.03034979e+03
7.57133000e-07 1.00509282e+04 6.10624550e+03
7.57564030e-07 1.09666010e+04 5.10598877e+03
7.57995061e-07 9.98152368e+03 2.97681806e+03
7.58426091e-07 9.81480790e+03 3.14741242e+03
7.58857121e-07 9.79985501e+03 3.14800921e+03
7.59288152e-07 8.11471542e+03 2.17563641e+03
7.59719182e-07 4.88524472e+03 2.05245386e+03
7.60150212e-07 2.29240570e+03 1.55314659e+03
7.60581242e-07 1.47310282e+03 8.95669476e+02
7.61012273e-07 1.80559597e+03 9.59164378e+02
7.61443303e-07 3.33613256e+03 1.77858294e+03
7.61874333e-07 6.21027195e+03 2.53859812e+03
7.62305364e-07 6.03539380e+03 2.38735223e+03
7.62736394e-07 4.10865942e+03 2.24641547e+03
7.63167424e-07 3.93691904e+03 1.88171779e+03
7.63598455e-07 4.31255997e+03 1.48601006e+03
7.64029485e-07 4.50074127e+03 1.31129880e+03
7.64460515e-07 5.20142169e+03 1.40874500e+03
7.64891545e-07 6.13430311e+03 1.79847653e+03
7.65322576e-07 6.39765883e+03 2.10515488e+03
7.65753606e-07 6.63219089e+03 2.43190324e+03
7.66184636e-07 7.36653497e+03 3.08476925e+03
7.66615667e-07 8.50407941e+03 2.67934041e+03
7.67046697e-07 9.00750183e+03 1.91260928e+03
7.67477727e-07 9.13307276e+03 1.89458053e+03
7.67908758e-07 9.43352610e+03 1.89462604e+03
7.68339788e-07 9.30988072e+03 2.24498274e+03
7.68770818e-07 9.44443227e+03 2.50620379e+03
7.69201848e-07 1.02347310e+04 2.66681308e+03
7.69632879e-07 9.82853867e+03 2.84412789e+03
7.70063909e-07 9.91523780e+03 2.88270171e+03
7.70494939e-07 9.45166255e+03 3.22346319e+03
7.70925970e-07 6.83976773e+03 7.57217776e+03
7.71357000e-07 8.60626171e+03 1.47048986e+04
7.71788030e-07 1.17617610e+04 1.43475236e+04
7.72219061e-07 9.73662815e+03 8.64401061e+03
7.72650091e-07 1.06652339e+04 5.28698290e+03
7.73081121e-07 1.06515206e+04 3.87972038e+03
7.73512152e-07 1.04437041e+04 3.08401682e+03
7.73943182e-07 1.08775399e+04 2.83805807e+03
7.74374212e-07 7.76738600e+03 4.57380547e+03
7.74805242e-07 7.54210325e+03 1.07450970e+04
7.75236273e-07 1.10161009e+04 1.33360701e+04
7.75667303e-07 8.61085389e+03 9.12337126e+03
7.76098333e-07 9.52735064e+03 6.79303273e+03
7.76529364e-07 1.04394813e+04 4.52074337e+03
7.76960394e-07 7.93779040e+03 5.13453454e+03
7.77391424e-07 1.05638912e+04 6.93980811e+03
7.77822455e-07 1.05073031e+04 6.57040753e+03
7.78253485e-07 1.10379741e+04 5.08927134e+03
7.78684515e-07 8.86020235e+03 4.67707618e+03
7.79115545e-07 6.89739134e+03 8.48914629e+03
7.79546576e-07 1.25334292e+04 1.05192832e+04
7.79977606e-07 1.11733289e+04 5.98777363e+03
7.80408636e-07 8.83972436e+03 4.24484936e+03
7.80839667e-07 1.08043502e+04 5.82811658e+03
7.81270697e-07 9.78015896e+03 5.25192678e+03
7.81701727e-07 5.93999645e+03 7.29966859e+03
7.82132758e-07 1.10258046e+04 1.21897861e+04
7.82563788e-07 1.25801082e+04 8.89133156e+03
7.82994818e-07 9.29246618e+03 3.69327038e+03
7.83425848e-07 1.00213377e+04 2.86221172e+03
7.83856879e-07 9.16143126e+03 4.42116117e+03
7.84287909e-07 1.17877088e+04 5.44026076e+03
7.84718939e-07 6.22895483e+03 6.79421197e+03
7.85149970e-07 8.32722315e+03 1.24443330e+04
7.85581000e-07 1.13208296e+04 1.43559014e+04
7.86012030e-07 1.03608612e+04 1.04907221e+04
7.86443061e-07 8.98826335e+03 7.95747367e+03
7.86874091e-07 9.07078849e+03 8.99814248e+03
7.87305121e-07 1.02145308e+04 8.34248854e+03
7.87736152e-07 8.22232306e+03 6.74266897e+03
7.88167182e-07 9.96862815e+03 6.77285664e+03
7.88598212e-07 8.66572882e+03 7.31611656e+03
7.89029242e-07 1.07322345e+04 8.22300218e+03
7.89460273e-07 1.07162448e+04 5.64513303e+03
7.89891303e-07 1.00821214e+04 2.92359336e+03
7.90322333e-07 1.02982816e+04 2.74537125e+03
7.90753364e-07 5.19987468e+03 5.85705283e+03
7.91184394e-07 5.65890976e+03 1.47318761e+04
7.91615424e-07 1.02484557e+04 1.73518395e+04
7.92046455e-07 9.59644631e+03 1.21615030e+04
7.92477485e-07 1.02803147e+04 7.59027478e+03
7.92908515e-07 8.06682685e+03 6.53536644e+03
7.93339545e-07 1.21701111e+04 5.59083799e+03
7.93770576e-07 1.12033039e+04 3.40198097e+03
7.94201606e-07 9.66743006e+03 2.87650431e+03
7.94632636e-07 1.00048646e+04 4.51797423e+03
7.95063667e-07 1.21592552e+04 5.06691385e+03
