1.05020000e-01
3.70208207e-07 6.26337272e+01 2.60937405e+02
3.70639311e-07 7.90803767e+01 2.25383654e+02
3.71070414e-07 6.84594323e+01 1.95984625e+02
3.71501518e-07 7.38336438e+01 2.05340458e+02
3.71932622e-07 2.35821406e+01 2.00574110e+02
3.72363725e-07 6.80693923e+01 2.03755998e+02
3.72794829e-07 1.61157120e+00 1.79144984e+02
3.73225933e-07 5.57443987e+01 2.34355110e+02
3.73657036e-07 4.04938141e+01 2.46332712e+02
3.74088140e-07 6.57680052e+01 2.77686301e+02
3.74519243e-07 1.96202375e+01 2.38758858e+02
3.74950347e-07 1.21360836e+00 2.43560176e+02
3.75381451e-07 4.58674682e+01 2.21011997e+02
3.75812554e-07 2.43736540e+01 2.14619103e+02
3.76243658e-07 4.36964488e+01 2.10947466e+02
3.76674761e-07 5.18966925e+01 2.13750205e+02
3.77105865e-07 5.53069765e+01 2.33299704e+02
3.77536969e-07 9.38584341e+01 2.56485535e+02
3.77968072e-07 9.90858421e+01 2.37922023e+02
3.78399176e-07 1.01928125e+02 2.36250077e+02
3.78830280e-07 8.09078529e+01 2.41988325e+02
3.79261383e-07 7.76414366e+01 2.33086616e+02
3.79692487e-07 7.53672299e+01 2.31495743e+02
3.80554694e-07 6.40117211e+01 2.20568166e+02
3.80985798e-07 9.70175763e+01 2.53708607e+02
3.81416901e-07 1.13050727e+02 2.76218637e+02
3.81848005e-07 8.25716265e+01 2.57643439e+02
3.82279109e-07 8.89512002e+01 2.55865828e+02
3.82710212e-07 1.08648730e+02 2.92273927e+02
3.83141316e-07 1.32521954e+02 3.18082922e+02
3.83572419e-07 1.26746135e+02 3.19951444e+02
3.84003523e-07 7.36148164e+01 2.89967564e+02
3.84434627e-07 6.55711868e+01 3.03142899e+02
3.84865730e-07 7.57995961e+01 3.01290304e+02
3.85296834e-07 6.00664540e+01 2.78180834e+02
3.85727937e-07 8.72981145e+01 2.65874851e+02
3.86159041e-07 2.24336857e+01 2.50308066e+02
3.86590145e-07 1.04963871e+02 2.59919263e+02
3.87021248e-07 1.65057855e+02 2.94395430e+02
3.87452352e-07 1.23090786e+02 2.98953105e+02
3.87883456e-07 9.19658650e+01 2.67517955e+02
3.88314559e-07 7.19476910e+01 2.50148993e+02
3.88745663e-07 1.48989873e+02 2.70442892e+02
3.89176766e-07 1.75347012e+02 2.89149233e+02
3.89607870e-07 1.20499816e+02 2.84156425e+02
3.90038974e-07 1.45663275e+02 3.09049387e+02
3.90470077e-07 1.77578903e+02 3.25458684e+02
3.90901181e-07 1.14697045e+02 3.56827976e+02
3.91332284e-07 2.02868402e+02 3.79272810e+02
3.91763388e-07 1.38947082e+02 3.76287868e+02
3.92194492e-07 1.57892237e+02 3.48965634e+02
3.92625595e-07 1.20683141e+02 3.04903628e+02
3.93056699e-07 2.24750452e+02 3.24339939e+02
3.93487803e-07 2.03082775e+02 3.19604980e+02
3.93918906e-07 2.36073306e+02 3.39219134e+02
3.94350010e-07 1.54989749e+02 3.62378162e+02
3.94781113e-07 1.61015312e+02 3.83302631e+02
3.95212217e-07 1.70349407e+02 5.83213422e+02
3.95643321e-07 2.16509675e+02 5.26734439e+02
3.96074424e-07 1.05399639e+02 5.04942002e+02
3.96505528e-07 9.46879413e+01 4.51293894e+02
3.96936631e-07 3.25310595e+02 3.52548066e+02
3.97367735e-07 3.15757600e+02 3.68366911e+02
3.97798839e-07 2.53104829e+02 3.84586288e+02
3.98229942e-07 2.09088062e+02 3.89110213e+02
3.98661046e-07 1.91998152e+02 3.98544171e+02
3.99092150e-07 1.93586847e+02 3.96625881e+02
3.99523253e-07 2.32182770e+02 4.15454630e+02
3.99954357e-07 2.99480226e+02 4.25093115e+02
4.00385460e-07 2.52336946e+02 4.37492557e+02
4.00816564e-07 2.15069929e+02 4.49786233e+02
4.01247668e-07 2.19536317e+02 4.52603510e+02
4.01678771e-07 1.95226692e+02 4.42760913e+02
4.02109875e-07 1.67952905e+02 4.33486998e+02
4.02540978e-07 2.33688143e+02 4.53897741e+02
4.02972082e-07 2.92030943e+02 4.88581229e+02
4.03403186e-07 3.68308346e+02 4.95411567e+02
4.03834289e-07 4.09706326e+02 5.09499365e+02
4.04265393e-07 3.79824643e+02 5.21079589e+02
4.04696497e-07 2.81632959e+02 5.08794580e+02
4.05127600e-07 2.66304979e+02 5.04609930e+02
4.05558704e-07 2.56143392e+02 4.86034225e+02
4.05989807e-07 3.44903886e+02 5.07784839e+02
4.06420911e-07 2.44886667e+02 5.16301129e+02
4.06852015e-07 2.86410810e+02 5.27526943e+02
4.07283118e-07 2.37642511e+02 5.26148022e+02
4.07714222e-07 2.39650395e+02 5.24760213e+02
4.08145326e-07 4.18688218e+02 5.63653967e+02
4.08576429e-07 3.80690679e+02 5.47707780e+02
4.09007533e-07 3.11925385e+02 5.24188520e+02
4.09438636e-07 3.34324502e+02 5.14192640e+02
4.09869740e-07 3.44701448e+02 4.98876064e+02
4.10300844e-07 3.10493051e+02 4.85514970e+02
4.10731947e-07 3.40448487e+02 4.86565028e+02
4.11163051e-07 3.12094381e+02 4.74716813e+02
4.11594154e-07 3.21852456e+02 5.15104837e+02
4.12025258e-07 3.27860735e+02 5.12088840e+02
4.12456362e-07 2.36201772e+02 5.14297239e+02
4.12887465e-07 1.81174525e+02 5.03951077e+02
4.13318569e-07 3.12791486e+02 5.49746710e+02
4.13749673e-07 1.99078303e+02 5.07826994e+02
4.14180776e-07 2.19051344e+02 4.97804711e+02
4.14611880e-07 2.73095730e+02 5.30378775e+02
4.15042983e-07 2.97081920e+02 5.47782525e+02
4.15474087e-07 3.28418132e+02 5.46535856e+02
4.15905191e-07 3.25423053e+02 5.73314859e+02
4.16336294e-07 3.42137983e+02 6.12406601e+02
4.16767398e-07 3.09156461e+02 6.25490628e+02
4.17198501e-07 4.06299431e+02 6.49422154e+02
4.17629605e-07 5.21451128e+02 6.70026575e+02
4.18060709e-07 4.33511142e+02 6.21768742e+02
4.18491812e-07 4.04659702e+02 6.04055264e+02
4.18922916e-07 3.78107696e+02 5.89814433e+02
4.19354020e-07 3.39911792e+02 5.75982039e+02
4.19785123e-07 3.08707798e+02 5.37830163e+02
4.20216227e-07 4.80112645e+02 5.92515288e+02
4.20647330e-07 4.07479287e+02 5.84932495e+02
4.21078434e-07 4.25505395e+02 5.93320769e+02
4.21509538e-07 2.60281129e+02 5.57069305e+02
4.21940641e-07 3.54296010e+02 5.85987657e+02
4.22371745e-07 3.59336986e+02 5.79311962e+02
4.22802848e-07 2.98372921e+02 5.43220457e+02
4.23233952e-07 2.69167330e+02 5.46707322e+02
4.23665056e-07 3.59047061e+02 5.79644167e+02
4.24096159e-07 2.31655952e+02 5.54535263e+02
4.24527263e-07 3.31040432e+02 5.89186262e+02
4.24958367e-07 3.79378470e+02 5.99494634e+02
4.25389470e-07 4.42865241e+02 6.37368260e+02
4.25820574e-07 4.22384708e+02 6.60309105e+02
4.26251677e-07 3.93849361e+02 6.39462086e+02
4.26682781e-07 2.65286056e+02 6.12588214e+02
4.27113885e-07 3.95935516e+02 6.22429902e+02
4.27544988e-07 4.11012724e+02 6.43302954e+02
4.27976092e-07 3.40723532e+02 6.14183877e+02
4.28407196e-07 4.88129109e+02 6.50387887e+02
4.28838299e-07 4.95799145e+02 6.42147139e+02
4.29269403e-07 5.13244359e+02 6.64391058e+02
4.29700506e-07 4.10809568e+02 6.43247016e+02
4.30131610e-07 5.51694071e+02 6.46637693e+02
4.30562714e-07 5.86416488e+02 6.62461625e+02
4.30993817e-07 5.23125875e+02 6.60665125e+02
4.31424921e-07 4.37949849e+02 1.00080744e+03
4.31856024e-07 5.45445384e+02 1.10197187e+03
4.32287128e-07 6.77821621e+02 1.13783777e+03
4.32718232e-07 5.84114698e+02 1.09745821e+03
4.33149335e-07 5.80952174e+02 7.37411683e+02
4.33580439e-07 5.64540709e+02 7.19307381e+02
4.34011543e-07 3.84817316e+02 6.62211304e+02
4.34442646e-07 2.51946055e+02 6.44697624e+02
4.34873750e-07 2.66147140e+02 6.31320423e+02
4.35304853e-07 4.31498347e+02 7.07991875e+02
4.35735957e-07 5.88501487e+02 8.06873018e+02
4.36167061e-07 5.93576558e+02 8.18179539e+02
4.36598164e-07 5.60425888e+02 7.95766660e+02
4.37029268e-07 6.88210864e+02 7.99893461e+02
4.37460371e-07 5.66165735e+02 7.77185584e+02
4.37891475e-07 4.17867975e+02 7.00407764e+02
4.38322579e-07 2.91266394e+02 6.66943084e+02
4.38753682e-07 3.15347865e+02 6.55024712e+02
4.39184786e-07 4.68835576e+02 6.99690294e+02
4.39615890e-07 6.00940803e+02 7.57914530e+02
4.40046993e-07 7.63108548e+02 8.62779853e+02
4.40478097e-07 9.05803946e+02 9.38686002e+02
4.40909200e-07 7.90732092e+02 9.25329330e+02
4.41340304e-07 8.70997242e+02 9.62917180e+02
4.41771408e-07 9.41537221e+02 9.93632727e+02
4.42202511e-07 7.94399006e+02 9.46297309e+02
4.42633615e-07 8.33983248e+02 9.48448137e+02
4.43064718e-07 9.04571385e+02 9.70602418e+02
4.43495822e-07 8.47800976e+02 9.50276339e+02
4.43926926e-07 9.59503124e+02 9.62887677e+02
4.44358029e-07 9.17412562e+02 9.56205082e+02
4.44789133e-07 9.76897296e+02 9.64172825e+02
4.45220237e-07 9.18647053e+02 9.29024603e+02
4.45651340e-07 9.06272218e+02 9.07227221e+02
4.46082444e-07 1.05110261e+03 9.29990310e+02
4.46513547e-07 9.53462227e+02 9.03010096e+02
4.46944651e-07 8.37522232e+02 9.03087325e+02
4.47375755e-07 9.75570887e+02 9.39924934e+02
4.47806858e-07 1.06089924e+03 9.78642049e+02
4.48237962e-07 1.03218294e+03 9.75166250e+02
4.48669065e-07 1.03692944e+03 9.85330459e+02
4.49100169e-07 8.11053556e+02 9.16554359e+02
4.49531273e-07 9.67292608e+02 9.62336956e+02
4.49962376e-07 9.53063158e+02 9.58447550e+02
4.50393480e-07 9.32880237e+02 9.66914727e+02
4.50824584e-07 1.01386566e+03 1.01398289e+03
4.51255687e-07 9.23785447e+02 9.81066701e+02
4.51686791e-07 1.08622886e+03 1.01885113e+03
4.52117894e-07 1.27223021e+03 1.08518716e+03
4.52548998e-07 1.26623181e+03 1.08969400e+03
4.52980102e-07 1.10250050e+03 1.04677912e+03
4.53411205e-07 9.72069821e+02 1.04275495e+03
4.53842309e-07 1.12345117e+03 1.09361890e+03
4.54273413e-07 1.23049237e+03 1.11027702e+03
4.54704516e-07 1.06844258e+03 1.08766634e+03
4.55135620e-07 1.10569532e+03 1.07636362e+03
4.55566723e-07 1.17168343e+03 1.07961475e+03
4.55997827e-07 1.21639952e+03 1.13220997e+03
4.56428931e-07 9.41306502e+02 1.04394668e+03
4.56860034e-07 1.07214653e+03 1.07648024e+03
4.57291138e-07 1.18124755e+03 1.10461995e+03
4.57722241e-07 1.17712832e+03 1.11611991e+03
4.58153345e-07 1.29757044e+03 1.19797065e+03
4.58584449e-07 1.13543214e+03 1.11634517e+03
4.59015552e-07 1.18223233e+03 1.11400831e+03
4.59446656e-07 1.24616996e+03 1.13662913e+03
4.59877760e-07 1.12843403e+03 1.08126744e+03
4.60308863e-07 1.30877720e+03 1.14667596e+03
4.60739967e-07 1.34267415e+03 1.15276762e+03
4.61171070e-07 1.23218991e+03 1.12364724e+03
4.61602174e-07 1.16669738e+03 1.12433924e+03
4.62033278e-07 1.17381568e+03 1.12810365e+03
4.62464381e-07 1.31978456e+03 1.15568406e+03
4.62895485e-07 1.34453743e+03 1.19047804e+03
4.63326588e-07 1.30236877e+03 1.16240535e+03
4.63757692e-07 1.14636991e+03 1.12853165e+03
4.64188796e-07 1.23429079e+03 1.16201453e+03
4.64619899e-07 1.29930385e+03 1.14300245e+03
4.65051003e-07 1.36753617e+03 1.19707774e+03
4.65482107e-07 1.43714858e+03 1.23471271e+03
4.65913210e-07 1.58382460e+03 1.28519759e+03
4.66344314e-07 1.45454205e+03 1.28891360e+03
4.66775417e-07 1.24597658e+03 1.20645892e+03
4.67206521e-07 1.30380089e+03 1.21518248e+03
4.67637625e-07 1.29608850e+03 1.23532358e+03
4.68068728e-07 1.39322264e+03 1.26589493e+03
4.68499832e-07 1.33148756e+03 1.22908237e+03
4.68930935e-07 1.48798244e+03 1.28324502e+03
4.69362039e-07 1.50000917e+03 1.25959747e+03
4.69793143e-07 1.49170841e+03 1.26089691e+03
4.70224246e-07 1.41094748e+03 1.25493561e+03
4.70655350e-07 1.30922922e+03 1.20997946e+03
4.71086454e-07 1.27367838e+03 1.24222096e+03
4.71517557e-07 1.50855560e+03 1.29913423e+03
4.71948661e-07 1.29453159e+03 1.24018894e+03
4.72379764e-07 1.32687122e+03 1.26630873e+03
4.72810868e-07 1.47643921e+03 1.26827783e+03
4.73241972e-07 1.40112551e+03 1.24903325e+03
4.73673075e-07 1.34706565e+03 1.23064762e+03
4.74104179e-07 1.27483976e+03 1.21346160e+03
4.74535283e-07 1.38437705e+03 1.26165095e+03
4.74966386e-07 1.23326540e+03 1.20288661e+03
4.75397490e-07 1.16387980e+03 1.20472486e+03
4.75828593e-07 1.09760748e+03 1.18635115e+03
4.76259697e-07 1.17143722e+03 1.20953736e+03
4.76690801e-07 1.39647946e+03 1.26355291e+03
4.77121904e-07 1.77826178e+03 1.39694384e+03
4.77553008e-07 1.80845966e+03 1.40749422e+03
4.77984111e-07 1.61190470e+03 1.37156192e+03
4.78415215e-07 1.67090597e+03 1.37735623e+03
4.78846319e-07 1.75494867e+03 1.41010915e+03
4.79277422e-07 1.50668417e+03 1.35353996e+03
4.79708526e-07 1.60720330e+03 1.38836397e+03
4.80139630e-07 1.73224068e+03 1.44817869e+03
4.80570733e-07 1.67947306e+03 1.40555799e+03
4.81001837e-07 1.86043693e+03 1.44870339e+03
4.81432940e-07 1.81188044e+03 1.48402740e+03
4.81864044e-07 1.77368502e+03 1.51955556e+03
4.82295148e-07 1.90437332e+03 1.58651712e+03
4.82726251e-07 1.83756353e+03 1.57279420e+03
4.83157355e-07 1.87387423e+03 1.58127160e+03
4.83588458e-07 1.75912869e+03 1.53711045e+03
4.84019562e-07 1.63174695e+03 1.48987304e+03
4.84450666e-07 1.66827573e+03 1.52101137e+03
4.84881769e-07 1.73410802e+03 1.48584759e+03
4.85312873e-07 1.82243105e+03 1.47341645e+03
4.85743977e-07 1.93984111e+03 1.48863155e+03
4.86175080e-07 1.97291391e+03 1.45259062e+03
4.86606184e-07 1.82021615e+03 1.41522535e+03
4.87037287e-07 1.81247797e+03 1.44734383e+03
4.87468391e-07 1.94496914e+03 1.51014402e+03
4.87899495e-07 1.78342374e+03 1.51584426e+03
4.88330598e-07 1.83514936e+03 2.20869418e+03
4.88761702e-07 2.09358563e+03 2.32869532e+03
4.89192805e-07 2.15240368e+03 2.43797946e+03
4.89623909e-07 2.62751890e+03 1.77787747e+03
4.90055013e-07 1.96171125e+03 1.56054923e+03
4.90486116e-07 2.00960680e+03 1.60938617e+03
4.90917220e-07 2.28003938e+03 1.67281884e+03
4.91348324e-07 2.32613749e+03 1.66904141e+03
4.91779427e-07 2.14818491e+03 1.59434656e+03
4.92210531e-07 1.95144769e+03 1.54991861e+03
4.92641634e-07 1.92484474e+03 1.57275958e+03
4.93072738e-07 2.13774008e+03 1.59083271e+03
4.93503842e-07 2.00631086e+03 1.60062141e+03
4.93934945e-07 2.19380232e+03 1.67896821e+03
4.94366049e-07 2.50053964e+03 1.73430121e+03
4.94797152e-07 2.38866643e+03 1.68001682e+03
4.95228256e-07 2.43823538e+03 1.74171376e+03
4.95659360e-07 2.60977132e+03 1.77391562e+03
4.96090463e-07 2.44292601e+03 1.73615420e+03
4.96521567e-07 2.36587102e+03 1.72145661e+03
4.96952671e-07 2.38946119e+03 1.78961701e+03
4.97383774e-07 2.59296720e+03 1.83008559e+03
4.97814878e-07 2.60821890e+03 1.81972995e+03
4.98245981e-07 2.71407076e+03 1.82910986e+03
4.98677085e-07 2.74280886e+03 1.83510733e+03
4.99108189e-07 2.56463482e+03 1.79776222e+03
4.99539292e-07 2.53862226e+03 1.80492474e+03
4.99970396e-07 2.52374770e+03 1.79854901e+03
5.00401500e-07 2.32034185e+03 1.75721500e+03
5.00832603e-07 2.32388129e+03 1.73832955e+03
5.01263707e-07 2.43355242e+03 1.76829670e+03
5.01694810e-07 2.46930984e+03 1.78273364e+03
5.02125914e-07 2.56486342e+03 1.81917260e+03
5.02557018e-07 2.57767438e+03 1.79849613e+03
5.02988121e-07 2.48682352e+03 1.80079228e+03
5.03419225e-07 2.51801599e+03 1.79683986e+03
5.03850328e-07 2.64534648e+03 1.82738673e+03
5.04281432e-07 2.90006601e+03 1.89073467e+03
5.04712536e-07 2.79581565e+03 1.86306719e+03
5.05143639e-07 2.82063099e+03 1.88236616e+03
5.05574743e-07 3.39467042e+03 2.03825556e+03
5.06005847e-07 3.27582014e+03 2.01168011e+03
5.06436950e-07 2.81091246e+03 1.88969472e+03
5.06868054e-07 2.87681805e+03 1.90581485e+03
5.07299157e-07 2.78949814e+03 1.88037953e+03
5.07730261e-07 2.74419105e+03 1.87355971e+03
5.08161365e-07 2.66315722e+03 1.86752104e+03
5.08592468e-07 2.86901695e+03 1.94336898e+03
5.09023572e-07 3.12103993e+03 1.99488602e+03
5.09454675e-07 3.04162180e+03 1.96543918e+03
5.09885779e-07 3.11723648e+03 1.96368106e+03
5.10316883e-07 3.23621303e+03 2.02162941e+03
5.10747986e-07 3.19292430e+03 2.01438086e+03
5.11179090e-07 3.14910496e+03 1.99555879e+03
5.11610194e-07 2.96202888e+03 1.99713233e+03
5.12041297e-07 2.92260261e+03 1.99502259e+03
5.12472401e-07 3.13369119e+03 2.01050422e+03
5.12903504e-07 3.14655532e+03 2.03333814e+03
5.13334608e-07 3.16119984e+03 2.05832903e+03
5.13765712e-07 2.93006739e+03 2.03398573e+03
5.14196815e-07 2.98160366e+03 2.05768665e+03
5.14627919e-07 3.25279293e+03 2.11760484e+03
5.15059022e-07 3.16824304e+03 2.10748886e+03
5.15490126e-07 2.89777879e+03 2.05149810e+03
5.15921230e-07 2.90015282e+03 2.01895853e+03
5.16352333e-07 3.04871408e+03 2.05967350e+03
5.16783437e-07 2.98973975e+03 1.98261920e+03
5.17214541e-07 3.04839294e+03 1.99772181e+03
5.17645644e-07 3.23576792e+03 2.04017916e+03
5.18076748e-07 3.20215164e+03 2.07519421e+03
5.18507851e-07 3.23922222e+03 2.08682167e+03
5.18938955e-07 3.30376954e+03 2.15803319e+03
5.19370059e-07 3.21242060e+03 2.27352674e+03
5.19801162e-07 3.19557058e+03 2.54063670e+03
5.20232266e-07 3.18711221e+03 2.58324257e+03
5.20663370e-07 3.36914993e+03 2.41004429e+03
5.21094473e-07 3.23138906e+03 2.22703410e+03
5.21525577e-07 3.10427118e+03 2.14479195e+03
5.21956680e-07 3.39185445e+03 2.22664075e+03
5.22387784e-07 3.23300148e+03 2.21127864e+03
5.22818888e-07 3.02212474e+03 2.12603960e+03
5.23249991e-07 3.21677581e+03 2.19191586e+03
5.23681095e-07 3.52480614e+03 2.30287041e+03
5.24112198e-07 3.38039861e+03 2.28282048e+03
5.24543302e-07 3.45387313e+03 2.29324449e+03
5.24974406e-07 3.55067159e+03 2.26418815e+03
5.25405509e-07 3.76809068e+03 2.36058860e+03
5.25836613e-07 3.79091164e+03 2.40414170e+03
5.26267717e-07 3.47275115e+03 2.24596674e+03
5.26698820e-07 3.39673438e+03 2.15599115e+03
5.27129924e-07 3.31734822e+03 2.17443707e+03
5.27561027e-07 3.24716839e+03 2.21125922e+03
5.27992131e-07 3.32268583e+03 2.26326788e+03
5.28423235e-07 3.41685643e+03 2.29008841e+03
5.28854338e-07 3.58126053e+03 2.32506944e+03
5.29285442e-07 3.42190793e+03 2.29489629e+03
5.29716545e-07 3.60219874e+03 2.36775795e+03
5.30147649e-07 3.68529742e+03 2.42548320e+03
5.30578753e-07 3.68893691e+03 2.39882449e+03
5.31009856e-07 3.71371258e+03 2.41610113e+03
5.31440960e-07 3.58707924e+03 2.40113997e+03
5.31872064e-07 3.44347606e+03 2.36252339e+03
5.32303167e-07 3.65944589e+03 2.41223403e+03
5.32734271e-07 3.68354406e+03 2.43544752e+03
5.33165374e-07 3.71160242e+03 2.44682967e+03
5.33596478e-07 3.64340136e+03 2.44334448e+03
5.34027582e-07 3.65194681e+03 2.40661000e+03
5.34458685e-07 3.39732003e+03 2.32033369e+03
5.34889789e-07 3.31224192e+03 2.31938625e+03
5.35320892e-07 3.50496423e+03 2.39069103e+03
5.35751996e-07 3.73936052e+03 2.45690979e+03
5.36183100e-07 3.73401059e+03 2.41316978e+03
5.36614203e-07 3.24629115e+03 2.26761346e+03
5.37045307e-07 2.95661844e+03 2.19020228e+03
5.37476411e-07 3.24746978e+03 2.27634743e+03
5.37907514e-07 3.31828574e+03 2.29436300e+03
5.38338618e-07 3.28708733e+03 2.31379296e+03
5.38769721e-07 3.56651606e+03 2.36955071e+03
5.39200825e-07 3.55181273e+03 2.33901380e+03
5.39631929e-07 3.46223129e+03 2.30104367e+03
5.40063032e-07 3.44173377e+03 2.31517234e+03
5.40494136e-07 3.48781988e+03 2.30891658e+03
5.40925239e-07 3.79718090e+03 2.41807933e+03
5.41356343e-07 3.82693928e+03 2.40921277e+03
5.41787447e-07 3.70551281e+03 2.39806477e+03
5.42218550e-07 3.72162102e+03 2.39065883e+03
5.42649654e-07 3.75639566e+03 2.42068885e+03
5.43080758e-07 3.69037607e+03 2.37778276e+03
5.43511861e-07 3.64646223e+03 2.40441769e+03
5.43942965e-07 3.62909094e+03 2.47232024e+03
5.44374068e-07 3.89574005e+03 2.51884076e+03
5.44805172e-07 4.00082496e+03 2.54535197e+03
5.45236276e-07 4.09484277e+03 2.56312945e+03
5.45667379e-07 4.13610911e+03 2.62827230e+03
5.46098483e-07 4.04883493e+03 2.68321351e+03
5.46529587e-07 4.14516436e+03 2.71107969e+03
5.46960690e-07 4.26007552e+03 2.67731777e+03
5.47391794e-07 3.87805240e+03 2.54230585e+03
5.47822897e-07 3.92809287e+03 2.55543920e+03
5.48254001e-07 4.06521038e+03 2.59028571e+03
5.48685105e-07 3.84761402e+03 2.55335779e+03
5.49116208e-07 3.77534960e+03 2.52965355e+03
5.49547312e-07 3.88951148e+03 2.56673355e+03
5.49978415e-07 3.64812324e+03 2.54745062e+03
5.50409519e-07 3.54424542e+03 2.51245741e+03
5.50840623e-07 3.90245105e+03 2.58933557e+03
5.51271726e-07 3.98644124e+03 2.63482279e+03
5.51702830e-07 4.09434255e+03 2.68560061e+03
5.52133934e-07 3.86692752e+03 2.62467192e+03
5.52565037e-07 3.79033255e+03 2.57627621e+03
5.52996141e-07 3.76180354e+03 2.56440011e+03
5.53427244e-07 3.67587503e+03 2.53092015e+03
5.53858348e-07 3.98422096e+03 2.65155120e+03
5.54289452e-07 3.89452924e+03 2.73771601e+03
5.54720555e-07 3.91060105e+03 2.76822953e+03
5.55151659e-07 4.09162619e+03 2.75252252e+03
5.55582762e-07 3.83027938e+03 2.65908558e+03
5.56013866e-07 3.74212974e+03 2.71741909e+03
5.56444970e-07 3.96913094e+03 2.76236754e+03
5.56876073e-07 2.85827863e+03 2.83918061e+03
5.57307177e-07 2.15663130e+03 8.68291086e+03
5.57738281e-07 4.23351941e+03 2.26411905e+04
5.58169384e-07 7.22324224e+03 2.27780657e+04
5.58600488e-07 5.53342331e+03 9.82866855e+03
5.59031591e-07 3.47070699e+03 3.58832819e+03
5.59462695e-07 4.26028749e+03 2.93066567e+03
5.59893799e-07 4.17582935e+03 2.88379429e+03
5.60324902e-07 3.95609614e+03 2.87163740e+03
5.60756006e-07 4.13685834e+03 2.94071367e+03
5.61187109e-07 3.94459724e+03 2.81321163e+03
5.61618213e-07 3.84458512e+03 2.72298352e+03
5.62049317e-07 4.21636795e+03 2.89847661e+03
5.62480420e-07 4.70531191e+03 3.06724630e+03
5.62911524e-07 4.39884645e+03 2.90805504e+03
5.63342628e-07 3.98940833e+03 2.77869177e+03
5.63773731e-07 3.87112232e+03 2.71717398e+03
5.64204835e-07 4.07394372e+03 2.82217999e+03
5.64635938e-07 4.10400469e+03 2.85818869e+03
5.65067042e-07 4.31601676e+03 2.89255036e+03
5.65498146e-07 4.55633317e+03 2.93951980e+03
5.65929249e-07 4.23545936e+03 2.80944896e+03
5.66360353e-07 4.06800039e+03 2.76100468e+03
5.66791457e-07 3.99351494e+03 2.78425842e+03
5.67222560e-07 4.20001294e+03 2.90095801e+03
5.67653664e-07 4.18658404e+03 2.90106475e+03
5.68084767e-07 4.07892476e+03 2.82758617e+03
5.68515871e-07 4.01626701e+03 2.80292707e+03
5.68946975e-07 3.67772868e+03 2.76474886e+03
5.69378078e-07 3.89339211e+03 2.83582981e+03
5.69809182e-07 4.26577996e+03 2.96671867e+03
5.70240285e-07 4.11398477e+03 2.90724707e+03
5.70671389e-07 3.71153173e+03 2.79724007e+03
5.71102493e-07 3.57130863e+03 2.69574093e+03
5.71533596e-07 3.72671995e+03 2.75639250e+03
5.71964700e-07 3.91540500e+03 2.81163706e+03
5.72395804e-07 3.88909406e+03 2.86208965e+03
5.72826907e-07 3.25477388e+03 2.68877335e+03
5.73258011e-07 3.39207170e+03 2.68180429e+03
5.73689114e-07 4.19550244e+03 2.88708924e+03
5.74120218e-07 4.16226494e+03 2.89822513e+03
5.74551322e-07 4.34167167e+03 2.90908785e+03
5.74982425e-07 4.16148476e+03 2.85604515e+03
5.75413529e-07 3.75297274e+03 2.76823857e+03
5.75844632e-07 4.07178390e+03 2.86346748e+03
5.76275736e-07 4.69563175e+03 3.06111201e+03
5.76706840e-07 4.70955736e+03 3.08249102e+03
5.77137943e-07 4.48759374e+03 3.05693849e+03
5.77569047e-07 4.25854174e+03 3.01087905e+03
5.78000151e-07 4.50273412e+03 2.99958983e+03
5.78431254e-07 4.66343414e+03 3.02626602e+03
5.78862358e-07 4.97136907e+03 3.13960722e+03
5.79293461e-07 4.59492249e+03 4.45658753e+03
5.79724565e-07 4.47731806e+03 4.44460231e+03
5.80155669e-07 4.65110262e+03 4.40367493e+03
5.80586772e-07 4.64165653e+03 4.43075700e+03
5.81017876e-07 4.63777204e+03 3.05994298e+03
5.81448979e-07 4.12524128e+03 2.98833430e+03
5.81880083e-07 4.26574811e+03 3.01678232e+03
5.82311187e-07 4.18673503e+03 3.02127137e+03
5.82742290e-07 4.36916265e+03 3.02436473e+03
5.83173394e-07 4.76103785e+03 3.18361232e+03
5.83604498e-07 4.69202790e+03 3.16845850e+03
5.84035601e-07 4.68692903e+03 3.14598398e+03
5.84466705e-07 5.00235087e+03 3.23689603e+03
5.84897808e-07 5.11705307e+03 3.28434174e+03
5.85328912e-07 5.05878291e+03 3.26058262e+03
5.85760016e-07 5.16644099e+03 3.29367377e+03
5.86191119e-07 5.02231760e+03 3.41352578e+03
5.86622223e-07 5.10385809e+03 3.80190106e+03
5.87053326e-07 5.25104051e+03 4.03812194e+03
5.87484430e-07 5.30201648e+03 3.72675368e+03
5.87915534e-07 4.89381300e+03 3.40152734e+03
5.88346637e-07 4.84229713e+03 3.70948393e+03
5.88777741e-07 4.89165179e+03 5.64729443e+03
5.89208845e-07 5.21621584e+03 7.51869833e+03
5.89639948e-07 4.84587295e+03 7.14242930e+03
5.90071052e-07 4.65280287e+03 5.20331580e+03
5.90502155e-07 4.73495014e+03 3.91239992e+03
5.90933259e-07 5.09791788e+03 3.65429834e+03
5.91364363e-07 5.38549534e+03 3.90635249e+03
5.91795466e-07 5.29277260e+03 3.89890244e+03
5.92226570e-07 5.15477453e+03 3.74542997e+03
5.92657674e-07 5.19434061e+03 3.73489194e+03
5.93088777e-07 4.69913491e+03 3.74912100e+03
5.93519881e-07 5.02402862e+03 3.91378094e+03
5.93950984e-07 5.17036082e+03 3.68159728e+03
5.94382088e-07 5.00852101e+03 3.48041497e+03
5.94813192e-07 4.95141857e+03 3.54235053e+03
5.95244295e-07 5.27198216e+03 3.82838508e+03
5.95675399e-07 4.74151646e+03 3.79794711e+03
5.96106502e-07 4.80062399e+03 3.53294419e+03
5.96537606e-07 4.97529399e+03 3.47255280e+03
5.96968710e-07 4.40317528e+03 3.38208483e+03
5.97399813e-07 4.25248403e+03 3.46183898e+03
5.97830917e-07 5.13747353e+03 3.72819339e+03
5.98262021e-07 5.12549913e+03 3.60078662e+03
5.98693124e-07 5.48965903e+03 3.52591302e+03
5.99124228e-07 5.30848561e+03 3.43960332e+03
5.99555331e-07 5.21381497e+03 3.43439352e+03
5.99986435e-07 5.43994200e+03 3.57605766e+03
6.00417539e-07 5.33559923e+03 3.60051951e+03
6.00848642e-07 5.38342543e+03 3.55871859e+03
6.01279746e-07 5.85327338e+03 3.57991138e+03
6.01710849e-07 5.56375178e+03 3.45556553e+03
6.02141953e-07 5.35729063e+03 3.38417986e+03
6.02573057e-07 5.18962256e+03 3.31059410e+03
6.03004160e-07 5.20391566e+03 3.43111830e+03
6.03435264e-07 5.15229552e+03 3.40987206e+03
6.03866368e-07 5.00003413e+03 3.33493879e+03
6.04297471e-07 5.31126019e+03 3.41642488e+03
6.04728575e-07 5.18074605e+03 3.35562983e+03
6.05159678e-07 5.02762421e+03 3.32695581e+03
6.05590782e-07 5.24286193e+03 3.31139864e+03
6.06021886e-07 5.54540187e+03 3.38590353e+03
6.06452989e-07 5.57991780e+03 3.46064372e+03
6.06884093e-07 5.45975957e+03 3.43529543e+03
6.07315196e-07 5.29199795e+03 3.37846752e+03
6.07746300e-07 5.56994910e+03 3.38715067e+03
6.08177404e-07 5.55786209e+03 3.37748821e+03
6.08608507e-07 5.92040830e+03 3.48316833e+03
6.09039611e-07 5.83979923e+03 3.41260794e+03
6.09470715e-07 5.74621382e+03 3.44114418e+03
6.09901818e-07 5.93159602e+03 3.51030117e+03
6.10332922e-07 5.83313133e+03 3.51779703e+03
6.10764025e-07 5.90847830e+03 3.58104860e+03
6.11195129e-07 5.64701945e+03 3.44232459e+03
6.11626233e-07 5.61433035e+03 3.40231852e+03
6.12057336e-07 5.52919734e+03 3.37579457e+03
6.12488440e-07 5.71112425e+03 3.37043285e+03
6.12919543e-07 5.87457593e+03 3.47081983e+03
6.13350647e-07 5.55526058e+03 3.50442449e+03
6.13781751e-07 6.29233622e+03 3.77361359e+03
6.14212854e-07 5.86029299e+03 3.78553025e+03
6.14643958e-07 5.78630757e+03 3.74864325e+03
6.15075062e-07 5.72914655e+03 3.64751686e+03
6.15506165e-07 5.62100606e+03 3.59115564e+03
6.15937269e-07 6.29761264e+03 3.80748672e+03
6.16368372e-07 5.70895347e+03 3.53649018e+03
6.16799476e-07 5.62653937e+03 3.66127432e+03
6.17230580e-07 5.87047924e+03 3.78173411e+03
6.17661683e-07 5.65986229e+03 3.67574142e+03
6.18092787e-07 5.51941448e+03 3.55572845e+03
6.18523891e-07 5.46677493e+03 3.46345673e+03
6.18954994e-07 5.22204647e+03 3.40732564e+03
6.19386098e-07 5.93177743e+03 3.62967137e+03
6.19817201e-07 5.88179525e+03 3.62523281e+03
6.20248305e-07 5.91468217e+03 3.73753347e+03
6.20679409e-07 5.61087060e+03 3.68612201e+03
6.21110512e-07 5.34357607e+03 3.52120621e+03
6.21541616e-07 5.94701889e+03 3.68891536e+03
6.21972719e-07 5.81930416e+03 3.70894781e+03
6.22403823e-07 6.09341096e+03 3.87500602e+03
6.22834927e-07 5.84601674e+03 3.75028123e+03
6.23266030e-07 5.40846190e+03 4.23436417e+03
6.23697134e-07 6.12820936e+03 5.21948343e+03
6.24128238e-07 5.99748978e+03 5.09516364e+03
6.24559341e-07 5.73389127e+03 4.34112848e+03
6.24990445e-07 5.79067207e+03 3.85757969e+03
6.25421548e-07 5.31864494e+03 3.94652722e+03
6.25852652e-07 5.58189255e+03 4.77195601e+03
6.26283756e-07 5.84893843e+03 4.76351328e+03
6.26714859e-07 6.04916798e+03 4.44151969e+03
6.27145963e-07 5.81829780e+03 4.02690109e+03
6.27577066e-07 5.73559452e+03 3.78984327e+03
6.28008170e-07 5.68630797e+03 3.73755202e+03
6.28439274e-07 5.74780332e+03 4.10822827e+03
6.28870377e-07 6.14687650e+03 4.60570491e+03
6.29301481e-07 4.59523199e+03 4.82653029e+03
6.29732585e-07 5.89926985e+03 1.21395274e+04
6.30163688e-07 8.94826134e+03 2.09904130e+04
6.30594792e-07 6.54141107e+03 1.53669429e+04
6.31025895e-07 5.29088714e+03 6.86630043e+03
6.31456999e-07 5.78758201e+03 4.25009565e+03
6.31888103e-07 6.03544140e+03 3.90877551e+03
6.32319206e-07 5.95062721e+03 4.10454994e+03
6.32750310e-07 6.11386290e+03 4.53828063e+03
6.33181413e-07 6.29340037e+03 4.74849834e+03
6.33612517e-07 5.81746230e+03 4.15210614e+03
6.34043621e-07 5.78435039e+03 3.69000207e+03
6.34474724e-07 6.10201847e+03 3.80096098e+03
6.34905828e-07 6.05551472e+03 4.01325668e+03
6.35336932e-07 5.99726574e+03 4.18825195e+03
6.35768035e-07 5.80895964e+03 5.04872634e+03
6.36199139e-07 7.27128590e+03 8.22262390e+03
6.36630242e-07 7.05461061e+03 9.31738793e+03
6.37061346e-07 6.42326285e+03 6.34714422e+03
6.37492450e-07 6.02308123e+03 4.11853568e+03
6.37923553e-07 6.23119256e+03 3.91422850e+03
6.38354657e-07 5.95041471e+03 4.06330106e+03
6.38785761e-07 6.25322528e+03 4.14852145e+03
6.39216864e-07 6.20443173e+03 3.94853191e+03
6.39647968e-07 6.35794901e+03 3.75155159e+03
6.40079071e-07 6.36609401e+03 3.72115807e+03
6.40510175e-07 6.28691081e+03 3.69886546e+03
6.40941279e-07 6.62704843e+03 3.77156545e+03
6.41372382e-07 6.49866933e+03 3.80395543e+03
6.41803486e-07 6.40088529e+03 3.88594689e+03
6.42234589e-07 6.46718846e+03 3.90286365e+03
6.42665693e-07 6.93206945e+03 3.94306152e+03
6.43096797e-07 7.10078723e+03 3.92394929e+03
6.43527900e-07 6.63717340e+03 3.74308976e+03
6.43959004e-07 7.00658315e+03 3.88001804e+03
6.44390108e-07 7.18508441e+03 3.91015387e+03
6.44821211e-07 6.74518421e+03 3.85344933e+03
6.45252315e-07 6.77248483e+03 3.98837051e+03
6.45683418e-07 6.86597320e+03 4.04713189e+03
6.46114522e-07 6.60972992e+03 4.34035220e+03
6.46545626e-07 6.78382435e+03 5.00677778e+03
6.46976729e-07 6.53274356e+03 5.15336466e+03
6.47407833e-07 6.48540978e+03 4.76586934e+03
6.47838936e-07 6.95069429e+03 4.40629503e+03
6.48270040e-07 6.83664974e+03 4.05499496e+03
6.48701144e-07 6.52040347e+03 3.80881469e+03
6.49132247e-07 6.44796251e+03 3.77224903e+03
6.49563351e-07 6.09861597e+03 4.46209592e+03
6.49994455e-07 6.23285043e+03 5.47260795e+03
6.50425558e-07 6.39780959e+03 5.26943564e+03
6.50856662e-07 5.55255808e+03 4.29533335e+03
6.51287765e-07 5.41207166e+03 3.82149586e+03
6.51718869e-07 6.00721186e+03 3.84380381e+03
6.52149973e-07 6.72489267e+03 4.21961229e+03
6.52581076e-07 7.20525735e+03 4.45557098e+03
6.53012180e-07 6.85305783e+03 4.77347035e+03
6.53443283e-07 6.76120693e+03 5.13942217e+03
6.53874387e-07 7.00023379e+03 4.86630041e+03
6.54305491e-07 6.93679133e+03 4.58048279e+03
6.54736594e-07 6.64680685e+03 4.57191432e+03
6.55167698e-07 6.50706934e+03 5.13773486e+03
6.55598802e-07 7.17227989e+03 5.51401572e+03
6.56029905e-07 6.99661885e+03 4.82150073e+03
6.56461009e-07 6.96023331e+03 4.34304408e+03
6.56892112e-07 6.97014134e+03 4.50827890e+03
6.57323216e-07 7.00015613e+03 4.74227686e+03
6.57754320e-07 7.31005610e+03 5.26865669e+03
6.58185423e-07 7.31598914e+03 5.05923537e+03
6.58616527e-07 7.34634613e+03 4.36650403e+03
6.59047630e-07 7.32401682e+03 4.17563857e+03
6.59478734e-07 7.23590748e+03 4.31630451e+03
6.59909838e-07 7.44396603e+03 4.51305277e+03
6.60340941e-07 7.20969708e+03 4.69646079e+03
6.60772045e-07 7.00744897e+03 4.65879575e+03
6.61203149e-07 7.17996979e+03 4.24882305e+03
6.61634252e-07 7.22765686e+03 4.09702799e+03
6.62065356e-07 7.39536793e+03 4.14031112e+03
6.62496459e-07 7.46156536e+03 4.18685584e+03
6.62927563e-07 7.12121252e+03 4.25742151e+03
6.63358667e-07 7.26777832e+03 4.39566689e+03
6.63789770e-07 7.32246557e+03 4.36090120e+03
6.64220874e-07 6.89929130e+03 4.07679954e+03
6.64651978e-07 7.23497628e+03 4.06441224e+03
6.65083081e-07 7.11814003e+03 4.01858638e+03
6.65514185e-07 7.43614306e+03 4.15637085e+03
6.65945288e-07 7.21851933e+03 4.12798231e+03
6.66376392e-07 7.66323334e+03 4.31780686e+03
6.66807496e-07 7.95346044e+03 4.45209013e+03
6.67238599e-07 7.25319553e+03 4.16558176e+03
6.67669703e-07 7.29747684e+03 4.07197839e+03
6.68100806e-07 7.70803025e+03 4.19127647e+03
6.68531910e-07 7.40897689e+03 4.08985456e+03
6.68963014e-07 7.43648288e+03 4.14436523e+03
6.69394117e-07 7.30127877e+03 4.09643783e+03
6.69825221e-07 7.45570337e+03 4.20390852e+03
6.70256325e-07 7.34594031e+03 4.23799979e+03
6.70687428e-07 7.37215841e+03 4.19317136e+03
6.71118532e-07 7.71357335e+03 4.30752031e+03
6.71549635e-07 7.28967886e+03 4.15910100e+03
6.71980739e-07 7.52739024e+03 4.18097090e+03
6.72411843e-07 7.33045057e+03 4.12208194e+03
6.72842946e-07 7.36924635e+03 4.15072997e+03
6.73274050e-07 7.76437352e+03 4.27617933e+03
6.73705153e-07 7.44145711e+03 4.18221385e+03
6.74136257e-07 7.42370523e+03 4.23897020e+03
6.74567361e-07 7.16432310e+03 4.15279878e+03
6.74998464e-07 7.41360572e+03 4.19521910e+03
6.75429568e-07 7.45685950e+03 4.16616277e+03
6.75860672e-07 7.13670850e+03 4.03163889e+03
6.76291775e-07 7.25315721e+03 4.10208739e+03
6.76722879e-07 7.22696222e+03 4.09656503e+03
6.77153982e-07 7.66531116e+03 4.22261771e+03
6.77585086e-07 7.60277617e+03 4.19291923e+03
6.78016190e-07 7.59783850e+03 4.20655405e+03
6.78447293e-07 7.49801256e+03 4.15987138e+03
6.78878397e-07 7.74844194e+03 4.33162002e+03
6.79309500e-07 7.61288223e+03 4.22405514e+03
6.79740604e-07 7.06963138e+03 4.01536410e+03
6.80171708e-07 7.10148103e+03 4.03953345e+03
6.80602811e-07 6.59847506e+03 3.93511495e+03
6.81033915e-07 6.43660671e+03 3.83602717e+03
6.81465019e-07 6.53516974e+03 3.87329090e+03
6.81896122e-07 7.13182907e+03 4.06830820e+03
6.82327226e-07 7.23985814e+03 4.64182029e+03
6.82758329e-07 7.71101871e+03 6.75101838e+03
6.83189433e-07 7.77475569e+03 8.65240859e+03
6.83620537e-07 6.76100407e+03 7.72819834e+03
6.84051640e-07 6.30273878e+03 5.88035102e+03
6.84482744e-07 7.22445070e+03 4.97635633e+03
6.84913848e-07 7.18329080e+03 4.43600909e+03
6.85344951e-07 7.19475595e+03 4.21438203e+03
6.85776055e-07 6.69936017e+03 4.60928900e+03
6.86207158e-07 8.02123435e+03 7.37265695e+03
6.86638262e-07 6.38644847e+03 8.19141245e+03
6.87069366e-07 4.45505653e+03 5.35286615e+03
6.87500469e-07 4.73078134e+03 3.71768179e+03
6.87931573e-07 5.47240102e+03 3.91497218e+03
6.88362676e-07 6.55945410e+03 4.52522545e+03
6.88793780e-07 6.04166234e+03 4.60016170e+03
6.89224884e-07 5.59939097e+03 4.49787287e+03
6.89655987e-07 5.85609976e+03 4.23428079e+03
6.90087091e-07 6.18692550e+03 4.27670478e+03
6.90518195e-07 5.80664645e+03 4.19716367e+03
6.90949298e-07 6.77787397e+03 4.71609922e+03
6.91380402e-07 7.21293893e+03 5.40316919e+03
6.91811505e-07 6.26321251e+03 5.20388675e+03
6.92242609e-07 6.93057037e+03 5.97145413e+03
6.92673713e-07 6.80730310e+03 5.93625098e+03
6.93104816e-07 6.87991186e+03 4.60619462e+03
6.93535920e-07 6.42094765e+03 4.25805150e+03
6.93967023e-07 6.62498778e+03 4.91424362e+03
6.94398127e-07 6.91069286e+03 5.31668828e+03
6.94829231e-07 7.24279517e+03 6.27543906e+03
6.95260334e-07 6.95138968e+03 6.29705055e+03
6.95691438e-07 7.08043944e+03 4.96100765e+03
6.96122542e-07 6.47658923e+03 4.19275802e+03
6.96553645e-07 6.85549106e+03 4.45513676e+03
6.96984749e-07 6.96407196e+03 5.01424428e+03
6.97415852e-07 7.42798395e+03 5.51015596e+03
6.97846956e-07 7.76553967e+03 6.21821821e+03
6.98278060e-07 6.75871980e+03 5.61655886e+03
6.98709163e-07 6.62719905e+03 4.40006047e+03
6.99140267e-07 6.64579750e+03 4.03451886e+03
6.99571370e-07 7.08748468e+03 4.17448470e+03
7.00002474e-07 7.27259269e+03 4.39776763e+03
7.00433578e-07 7.18088654e+03 4.68136355e+03
7.00864681e-07 7.07439664e+03 4.88718918e+03
7.01295785e-07 6.74230232e+03 4.85581329e+03
7.01726889e-07 6.93818729e+03 4.41280292e+03
7.02157992e-07 6.97977178e+03 4.02173907e+03
7.02589096e-07 6.71595553e+03 3.89306226e+03
7.03020199e-07 6.67435071e+03 3.96434589e+03
7.03451303e-07 7.26038410e+03 4.12361021e+03
7.03882407e-07 7.39588910e+03 4.24225913e+03
7.04313510e-07 7.01210085e+03 4.46355185e+03
7.04744614e-07 7.61811938e+03 5.02658508e+03
7.05175717e-07 7.67516457e+03 5.07485743e+03
7.05606821e-07 7.46476978e+03 4.63280121e+03
7.06037925e-07 6.95818626e+03 4.30667103e+03
7.06469028e-07 6.86551389e+03 4.41018074e+03
7.06900132e-07 7.31914492e+03 4.55676486e+03
7.07331236e-07 7.22254725e+03 4.53180225e+03
7.07762339e-07 7.36892859e+03 4.55879976e+03
7.08193443e-07 7.50129230e+03 4.59120282e+03
7.08624546e-07 7.40844918e+03 4.66898012e+03
7.09055650e-07 7.09793036e+03 4.51741424e+03
7.09486754e-07 7.14868881e+03 4.35831124e+03
7.09917857e-07 7.51923964e+03 4.34021015e+03
7.10348961e-07 7.60389102e+03 4.24646618e+03
7.10780065e-07 7.70477399e+03 4.25267171e+03
7.11211168e-07 7.61367555e+03 4.24738405e+03
7.11642272e-07 7.48872058e+03 4.19531768e+03
7.12073375e-07 7.52083864e+03 4.28127001e+03
7.12504479e-07 7.46677620e+03 4.29815503e+03
7.12935583e-07 6.90148111e+03 4.27874928e+03
7.13366686e-07 7.05938135e+03 4.30234759e+03
7.13797790e-07 7.40811174e+03 4.42151297e+03
7.14228893e-07 7.06021392e+03 4.45443827e+03
7.14659997e-07 7.18422101e+03 4.65861751e+03
7.15091101e-07 7.33288385e+03 4.50653118e+03
7.15522204e-07 7.17850463e+03 4.27722019e+03
7.15953308e-07 7.46162229e+03 4.38628821e+03
7.16384412e-07 7.05160437e+03 4.34316873e+03
7.16815515e-07 6.31766708e+03 4.00471260e+03
7.17246619e-07 5.40944540e+03 3.63382416e+03
7.17677722e-07 5.44513448e+03 3.57680647e+03
7.18108826e-07 5.94563465e+03 3.70322905e+03
7.18539930e-07 5.37337433e+03 3.43334344e+03
7.18971033e-07 5.56782618e+03 3.41091732e+03
7.19402137e-07 5.47659688e+03 3.34439985e+03
7.19833240e-07 5.37332506e+03 3.28514712e+03
7.20264344e-07 5.60161805e+03 3.34633490e+03
7.20695448e-07 5.64092664e+03 3.38289037e+03
7.21126551e-07 6.37589420e+03 3.65210024e+03
7.21557655e-07 6.52725230e+03 3.74237485e+03
7.21988759e-07 7.06472237e+03 3.98357909e+03
7.22419862e-07 6.76024718e+03 4.02162721e+03
7.22850966e-07 5.97087834e+03 3.84213273e+03
7.23282069e-07 6.06003263e+03 4.15717758e+03
7.23713173e-07 6.57402067e+03 7.00003609e+03
7.24144277e-07 6.92151839e+03 1.15916350e+04
7.24575380e-07 6.58110526e+03 1.24730704e+04
7.25006484e-07 5.22528205e+03 8.23431603e+03
7.25437587e-07 4.47695236e+03 5.14350487e+03
7.25868691e-07 4.99184267e+03 4.29625822e+03
7.26299795e-07 5.23428738e+03 3.81766140e+03
7.26730898e-07 5.40286032e+03 3.85319837e+03
7.27162002e-07 6.09068492e+03 5.69694669e+03
7.27593106e-07 6.41000626e+03 9.82602292e+03
7.28024209e-07 6.74946280e+03 1.05392018e+04
7.28455313e-07 5.66639479e+03 8.60974611e+03
7.28886416e-07 5.58914549e+03 6.63652125e+03
7.29317520e-07 5.34239891e+03 4.83514975e+03
7.29748624e-07 6.13412215e+03 5.06267458e+03
7.30179727e-07 6.34545302e+03 5.52982470e+03
7.30610831e-07 5.88322677e+03 5.55071546e+03
7.31041935e-07 6.61353045e+03 5.84775021e+03
7.31473038e-07 6.51187088e+03 8.90575757e+03
7.31904142e-07 7.90514920e+03 1.07285815e+04
7.32335245e-07 5.74797623e+03 6.79680294e+03
7.32766349e-07 6.39057906e+03 6.31786646e+03
7.33197453e-07 7.22174795e+03 7.04523634e+03
7.33628556e-07 6.35334037e+03 7.44942925e+03
7.34059660e-07 7.83194876e+03 1.19460347e+04
7.34490763e-07 7.12633034e+03 1.13549480e+04
7.34921867e-07 5.63009724e+03 5.95194309e+03
7.35352971e-07 6.49496440e+03 5.18206226e+03
7.35784074e-07 6.77980375e+03 6.59487527e+03
7.36215178e-07 7.17964594e+03 7.13314501e+03
7.36646282e-07 7.03558389e+03 7.48397430e+03
7.37077385e-07 7.88637353e+03 9.73253954e+03
7.37508489e-07 6.86795770e+03 7.36074576e+03
7.37939592e-07 5.99168202e+03 4.59077918e+03
7.38370696e-07 6.68139839e+03 4.30894032e+03
7.38801800e-07 6.70758570e+03 4.89030306e+03
7.39232903e-07 7.31832220e+03 6.14973123e+03
7.39664007e-07 7.02684324e+03 6.60084945e+03
7.40095110e-07 7.65395406e+03 8.22200499e+03
7.40526214e-07 7.28493574e+03 8.23272549e+03
7.40957318e-07 6.07892561e+03 5.20043858e+03
7.41388421e-07 7.31104479e+03 4.64943337e+03
7.41819525e-07 6.59615798e+03 4.33608602e+03
7.42250629e-07 7.03798261e+03 4.39399731e+03
7.42681732e-07 7.37186155e+03 4.96013151e+03
7.43112836e-07 7.59572412e+03 5.69021591e+03
7.43543939e-07 6.95509459e+03 6.00484530e+03
7.43975043e-07 7.43373851e+03 6.71354191e+03
7.44406147e-07 6.79402738e+03 5.54380591e+03
7.44837250e-07 6.16033390e+03 4.30584586e+03
7.45268354e-07 7.61250860e+03 4.51813684e+03
7.45699457e-07 6.52719002e+03 4.23975303e+03
7.46130561e-07 7.70594767e+03 5.07460958e+03
7.46561665e-07 7.22704865e+03 5.70531612e+03
7.46992768e-07 7.29297239e+03 6.62818575e+03
7.47423872e-07 7.08559893e+03 7.37045975e+03
7.47854976e-07 7.74077102e+03 7.65715617e+03
7.48286079e-07 7.23971860e+03 7.96621882e+03
7.48717183e-07 6.84368064e+03 6.68139866e+03
7.49148286e-07 6.94201083e+03 5.35987752e+03
7.49579390e-07 6.95454331e+03 5.03456955e+03
7.50010494e-07 6.67573040e+03 4.68311978e+03
7.50441597e-07 7.79505616e+03 5.09678071e+03
7.50872701e-07 7.11547496e+03 4.48017396e+03
7.51303804e-07 7.52271272e+03 4.55722500e+03
7.51734908e-07 7.33976418e+03 5.35828586e+03
7.52166012e-07 8.34410235e+03 8.54934576e+03
7.52597115e-07 9.18693095e+03 1.14597491e+04
7.53028219e-07 7.33203864e+03 8.98111939e+03
7.53459323e-07 6.66915447e+03 6.20932963e+03
7.53890426e-07 7.17178557e+03 5.32275209e+03
7.54321530e-07 7.12879601e+03 4.99317973e+03
7.54752633e-07 7.40197515e+03 4.77758778e+03
7.55183737e-07 7.46910773e+03 4.89446971e+03
7.55614841e-07 7.49178095e+03 5.55845327e+03
7.56045944e-07 6.93477554e+03 5.71143669e+03
7.56477048e-07 6.81329445e+03 5.13984694e+03
7.56908152e-07 8.14712462e+03 7.31984717e+03
7.57339255e-07 7.49412556e+03 9.20203256e+03
7.57770359e-07 6.76629262e+03 6.89439072e+03
7.58201462e-07 6.74437650e+03 5.18977169e+03
7.58632566e-07 7.10792263e+03 5.94692144e+03
7.59063670e-07 6.69934473e+03 5.45429072e+03
7.59494773e-07 4.57315788e+03 6.38688046e+03
7.59925877e-07 1.98331292e+03 4.93077046e+03
7.60356980e-07 5.47113453e+02 3.57631514e+03
7.60788084e-07 2.64163021e+02 2.78752180e+03
7.61219188e-07 1.93149045e+03 2.15111414e+03
7.61650291e-07 4.28045166e+03 3.74017652e+03
7.62081395e-07 4.00743958e+03 7.14122391e+03
7.62512499e-07 3.04357643e+03 6.01287540e+03
7.62943602e-07 2.21948076e+03 5.85684128e+03
7.63374706e-07 3.44855228e+03 3.43269858e+03
7.63805809e-07 3.71019448e+03 3.03680281e+03
7.64236913e-07 3.74333513e+03 3.00004098e+03
7.64668017e-07 4.19965034e+03 3.22352169e+03
7.65099120e-07 4.97728918e+03 3.74592414e+03
7.65530224e-07 5.29371602e+03 4.26065763e+03
7.65961327e-07 5.77597656e+03 4.89286527e+03
7.66392431e-07 6.33538618e+03 5.52536789e+03
7.66823535e-07 5.99607087e+03 4.77459085e+03
7.67254638e-07 6.32018994e+03 4.27804292e+03
7.67685742e-07 6.58056109e+03 4.35655899e+03
7.68116846e-07 7.06638651e+03 4.59430916e+03
7.68547949e-07 6.80239771e+03 4.96784740e+03
7.68979053e-07 7.10662017e+03 5.23677508e+03
7.69410156e-07 6.79986241e+03 5.29270852e+03
7.69841260e-07 7.23630311e+03 5.53727396e+03
7.70272364e-07 6.50617905e+03 5.22937482e+03
7.70703467e-07 8.12278332e+03 6.37577634e+03
7.71134571e-07 1.08487654e+04 1.36368325e+04
7.71565674e-07 1.10257183e+04 2.19341616e+04
7.71996778e-07 7.71006032e+03 1.74855556e+04
7.72427882e-07 7.45065515e+03 1.07462493e+04
7.72858985e-07 6.29692700e+03 7.87868013e+03
7.73290089e-07 7.43445288e+03 9.54355618e+03
7.73721193e-07 7.90830957e+03 9.02640652e+03
7.74152296e-07 7.50828579e+03 8.42501992e+03
7.74583400e-07 1.02165543e+04 1.31003141e+04
7.75014503e-07 1.25738228e+04 1.82246163e+04
7.75445607e-07 8.11268870e+03 1.75213666e+04
7.75876711e-07 8.66423326e+03 1.21141234e+04
7.76307814e-07 5.97554402e+03 9.15698410e+03
7.76738918e-07 7.20537552e+03 7.08860805e+03
7.77170022e-07 8.04668928e+03 9.01219924e+03
7.77601125e-07 8.58846017e+03 1.08282204e+04
7.78032229e-07 9.36503112e+03 1.01875926e+04
7.78463332e-07 7.71889209e+03 7.86883004e+03
7.78894436e-07 9.14012730e+03 8.38068866e+03
7.79325540e-07 1.03862663e+04 1.43961601e+04
7.79756643e-07 6.76606789e+03 1.37552869e+04
7.80187747e-07 7.28997636e+03 7.83107615e+03
7.80618850e-07 7.65597907e+03 7.96260343e+03
7.81049954e-07 6.79537894e+03 9.43215635e+03
7.81481058e-07 8.45313671e+03 8.44276806e+03
7.81912161e-07 1.11364139e+04 1.34202164e+04
7.82343265e-07 7.56783297e+03 1.68683208e+04
7.82774369e-07 6.47060543e+03 1.04920694e+04
7.83205472e-07 6.05700620e+03 5.81749119e+03
7.83636576e-07 6.63909330e+03 5.86501375e+03
7.84067679e-07 7.24797505e+03 8.16114170e+03
7.84498783e-07 7.42115878e+03 8.60310916e+03
7.84929887e-07 9.83184774e+03 1.19015549e+04
7.85360990e-07 9.82485023e+03 1.91843170e+04
7.85792094e-07 9.84847255e+03 1.86272644e+04
7.86223197e-07 6.94773893e+03 1.30633024e+04
7.86654301e-07 7.24350249e+03 1.11291114e+04
7.87085405e-07 7.13933658e+03 1.25317937e+04
7.87516508e-07 8.01785170e+03 1.11780974e+04
7.87947612e-07 7.86590530e+03 1.04525678e+04
7.88378716e-07 7.66699249e+03 1.00705423e+04
7.88809819e-07 8.81401988e+03 1.17900005e+04
7.89240923e-07 6.76875109e+03 1.12801936e+04
7.89672026e-07 5.83221879e+03 7.36771630e+03
7.90103130e-07 5.60610539e+03 5.23037217e+03
7.90534234e-07 5.92160351e+03 5.25390781e+03
7.90965337e-07 1.09028037e+04 1.11704118e+04
7.91396441e-07 8.61717280e+03 2.10573889e+04
7.91827544e-07 9.32499083e+03 2.05346931e+04
7.92258648e-07 7.01999638e+03 1.42144841e+04
7.92689752e-07 7.16226035e+03 1.00122454e+04
7.93120855e-07 7.16722196e+03 9.92920485e+03
7.93551959e-07 5.52081597e+03 8.42775423e+03
7.93983063e-07 5.80571552e+03 5.73017211e+03
7.94414166e-07 7.50336224e+03 5.89345401e+03
7.94845270e-07 5.82144788e+03 1.35477277e+04
7.95276373e-07 9.63252572e+03 1.27302359e+04
7.95707477e-07 5.13397330e+02 4.56038090e+03
