9.40300000e-02
3.58861000e-07 6.80477465e+01 3.46863695e+02
3.59292030e-07 4.98849059e+01 3.46232814e+02
3.59723061e-07 5.02819822e+01 3.82940696e+02
3.61016152e-07 5.20169649e+01 3.45847510e+02
3.61447182e-07 1.05043696e+02 3.91592741e+02
3.61878212e-07 1.12664257e+02 4.27114743e+02
3.62309242e-07 4.52166932e+01 3.98164839e+02
3.62740273e-07 5.93701165e+01 4.11118038e+02
3.63171303e-07 8.59215874e+01 4.44134613e+02
3.63602333e-07 7.94685682e+01 4.64436166e+02
3.64033364e-07 1.11249357e+02 4.87452377e+02
3.64464394e-07 1.21374737e+02 4.70646604e+02
3.64895424e-07 4.21880540e+01 4.26510527e+02
3.65326455e-07 1.03662754e+02 4.50643840e+02
3.65757485e-07 1.73139553e+02 4.88387093e+02
3.66188515e-07 1.10431846e+02 4.44109195e+02
3.66619545e-07 1.08682784e+02 4.61465927e+02
3.67050576e-07 7.93104829e+01 4.14044504e+02
3.67481606e-07 7.04836417e+01 3.95754506e+02
3.67912636e-07 7.05800251e+01 4.07167534e+02
3.68343667e-07 6.97741509e+01 3.91965695e+02
3.68774697e-07 1.41523090e+01 3.96898268e+02
3.69205727e-07 1.22258438e+02 4.16563636e+02
3.69636758e-07 8.37493316e+01 4.38400277e+02
3.70067788e-07 8.84790513e+01 4.73365885e+02
3.70498818e-07 1.17590985e+02 4.71846508e+02
3.70929848e-07 8.14588018e+01 4.88262539e+02
3.71360879e-07 5.31844935e+01 4.79897034e+02
3.71791909e-07 1.54161796e+02 4.79418851e+02
3.72222939e-07 8.21470326e+01 4.53148951e+02
3.72653970e-07 4.98588826e+01 4.60743547e+02
3.73085000e-07 3.44478365e+01 4.77309325e+02
3.73947061e-07 1.60471214e+02 6.11019609e+02
3.74378091e-07 9.02521357e+01 5.55833147e+02
3.74809121e-07 1.10977328e+01 4.98853427e+02
3.75240152e-07 7.74526289e+01 5.05181343e+02
3.75671182e-07 1.05068136e+02 5.00073202e+02
3.76102212e-07 9.22016583e+01 4.91784542e+02
3.76533242e-07 1.30563425e+02 4.79078756e+02
3.76964273e-07 1.02441110e+02 4.64230212e+02
3.77395303e-07 1.30458899e+02 5.13113731e+02
3.77826333e-07 1.24413116e+02 4.96866411e+02
3.78257364e-07 6.50060979e+01 4.93402527e+02
3.78688394e-07 7.16964323e+01 4.87280999e+02
3.79119424e-07 9.93197332e+01 4.73447371e+02
3.79550455e-07 9.82944161e+01 4.74352928e+02
3.79981485e-07 4.47741246e+01 4.74409136e+02
3.80412515e-07 1.39713074e+02 5.18920159e+02
3.80843545e-07 1.35635350e+02 5.10003007e+02
3.81274576e-07 8.41586046e+01 5.09092110e+02
3.81705606e-07 1.66328102e+02 5.50150536e+02
3.82136636e-07 1.59110622e+02 5.33746803e+02
3.82567667e-07 1.30629127e+02 5.57215385e+02
3.82998697e-07 1.54884802e+02 6.08606213e+02
3.83429727e-07 9.79592106e+01 6.15763047e+02
3.83860758e-07 9.46253821e+01 5.92588409e+02
3.84291788e-07 9.65442321e+01 6.17042469e+02
3.84722818e-07 6.12740743e+01 5.76482396e+02
3.85153848e-07 9.85683593e+01 5.64043273e+02
3.85584879e-07 7.17213515e+01 5.55804924e+02
3.86015909e-07 1.02066217e+02 5.10106861e+02
3.86446939e-07 1.03723191e+02 5.23383504e+02
3.86877970e-07 1.64095798e+02 5.50557306e+02
3.87309000e-07 1.88840776e+02 5.39667745e+02
3.87740030e-07 2.15807004e+02 5.62724238e+02
3.88171061e-07 5.86104244e+01 4.75199032e+02
3.88602091e-07 1.40857621e+02 5.24002665e+02
3.89033121e-07 1.59337685e+02 5.27509478e+02
3.89464152e-07 4.47141358e+01 4.94246929e+02
3.89895182e-07 1.21606706e+02 5.41431609e+02
3.90326212e-07 7.76590448e+01 5.95998534e+02
3.90757242e-07 1.38179254e+02 6.61748714e+02
3.91619303e-07 2.15140494e+02 6.63013882e+02
3.92050333e-07 2.61898599e+02 6.48732117e+02
3.92481364e-07 1.63504002e+02 5.69141355e+02
3.92912394e-07 1.31889895e+02 5.43922424e+02
3.93343424e-07 1.37826980e+02 5.60345632e+02
3.93774455e-07 6.00434282e+01 5.65288916e+02
3.94205485e-07 1.82276549e+02 6.46165907e+02
3.94636515e-07 7.26841002e+01 6.32393880e+02
3.95067545e-07 4.25754543e+01 6.19625348e+02
3.95498576e-07 8.62122105e+01 6.04318316e+02
3.95929606e-07 3.12481892e+01 5.41459336e+02
3.96360636e-07 1.51460664e+02 5.56085058e+02
3.96791667e-07 1.76342119e+02 5.49017741e+02
3.97222697e-07 1.21102089e+02 5.65348089e+02
3.97653727e-07 1.44711055e+02 5.90842352e+02
3.98084758e-07 1.29130347e+02 6.11930471e+02
3.98515788e-07 9.80736402e+01 6.15739231e+02
3.98946818e-07 1.13775366e+02 6.10976809e+02
3.99377848e-07 1.34472313e+02 6.23509127e+02
3.99808879e-07 6.59345009e+01 6.19740721e+02
4.00239909e-07 1.27037392e+02 6.47324585e+02
4.00670939e-07 1.70025781e+02 7.00427727e+02
4.01101970e-07 8.19091351e+01 6.98698947e+02
4.01533000e-07 1.82040948e+02 7.15758786e+02
4.01964030e-07 1.26882200e+02 7.01331661e+02
4.02395061e-07 2.29777965e+02 7.15725206e+02
4.02826091e-07 1.57844427e+02 7.04612130e+02
4.03257121e-07 9.67024973e+01 6.90952596e+02
4.03688152e-07 1.76589703e+02 7.16643702e+02
4.04119182e-07 1.49959718e+02 7.12310915e+02
4.04550212e-07 2.31551568e+02 7.72840797e+02
4.04981242e-07 1.49129661e+02 7.45441372e+02
4.05412273e-07 1.06719437e+02 7.07376591e+02
4.05843303e-07 1.57720823e+02 7.29335514e+02
4.06274333e-07 1.44600106e+02 7.76204261e+02
4.06705364e-07 1.14959843e+02 7.81628885e+02
4.07136394e-07 1.74847999e+02 7.90485406e+02
4.07567424e-07 5.67579569e+02 9.03831998e+02
4.07998455e-07 5.52536861e+02 9.59014286e+02
4.08429485e-07 1.86951178e+02 7.82343949e+02
4.08860515e-07 2.07024300e+02 7.62739123e+02
4.09291545e-07 3.37740260e+02 7.91420221e+02
4.09722576e-07 1.79205470e+02 7.07106031e+02
4.10153606e-07 2.60083533e+02 7.11456394e+02
4.10584636e-07 1.52927117e+02 6.65172738e+02
4.11015667e-07 1.49967869e+02 6.72650447e+02
4.11446697e-07 1.57584993e+02 7.01180489e+02
4.11877727e-07 1.95123532e+02 7.38973170e+02
4.12308758e-07 1.35161367e+02 7.22983070e+02
4.12739788e-07 1.66651767e+02 7.36943999e+02
4.13170818e-07 2.56262156e+02 7.94305768e+02
4.13601848e-07 3.14041345e+02 7.98308281e+02
4.14032879e-07 1.83472736e+02 7.80743122e+02
4.14463909e-07 2.27788336e+02 7.50131127e+02
4.14894939e-07 1.43915757e+02 7.14684263e+02
4.15325970e-07 1.72847800e+02 7.48220285e+02
4.15757000e-07 2.27135641e+02 8.16160493e+02
4.16188030e-07 2.14635004e+02 8.58607501e+02
4.16619061e-07 2.39641027e+02 8.93302929e+02
4.17050091e-07 3.20195015e+02 9.39900578e+02
4.17481121e-07 2.62057401e+02 8.74788107e+02
4.17912152e-07 3.70836999e+02 8.98342861e+02
4.18343182e-07 3.07141919e+02 8.67622675e+02
4.18774212e-07 2.20299993e+02 7.93755065e+02
4.19205242e-07 2.83917590e+02 8.21583849e+02
4.19636273e-07 2.04929255e+02 7.72125763e+02
4.20067303e-07 2.05366411e+02 7.51329583e+02
4.20498333e-07 2.88376569e+02 8.02634613e+02
4.20929364e-07 3.59756804e+02 8.40410254e+02
4.21360394e-07 3.04080111e+02 8.25617974e+02
4.21791424e-07 2.79309406e+02 7.89375381e+02
4.22222455e-07 2.60225186e+02 7.85387896e+02
4.22653485e-07 3.70723014e+02 7.92363838e+02
4.23084515e-07 3.23630127e+02 7.80601192e+02
4.23515545e-07 3.27163030e+02 7.94993458e+02
4.23946576e-07 3.57061415e+02 8.21984011e+02
4.24377606e-07 3.26154437e+02 8.23106596e+02
4.24808636e-07 2.21304809e+02 8.24302443e+02
4.25239667e-07 2.43515011e+02 8.27518818e+02
4.25670697e-07 2.26171842e+02 8.53855147e+02
4.26101727e-07 2.89858222e+02 8.81053028e+02
4.26532758e-07 2.80022481e+02 8.67614587e+02
4.26963788e-07 1.79590918e+02 8.24435372e+02
4.27394818e-07 3.31469783e+02 8.54262032e+02
4.27825848e-07 3.92535356e+02 8.81868711e+02
4.28256879e-07 3.22788693e+02 8.85573523e+02
4.28687909e-07 3.55103498e+02 8.73753784e+02
4.29118939e-07 4.70195052e+02 9.16567681e+02
4.29549970e-07 1.69005151e+02 8.12716594e+02
4.29981000e-07 1.19838939e+02 7.80281352e+02
4.30412030e-07 2.97083740e+02 8.52430269e+02
4.30843061e-07 1.88288823e+02 8.40502011e+02
4.31274091e-07 2.67814725e+02 9.16823437e+02
4.31705121e-07 2.82236591e+02 9.33544858e+02
4.32136152e-07 3.38798572e+02 9.25374286e+02
4.32567182e-07 3.71773100e+02 9.47099171e+02
4.32998212e-07 3.58869543e+02 9.42260811e+02
4.33429242e-07 3.31094006e+02 9.02296397e+02
4.33860273e-07 2.91279942e+02 8.70268943e+02
4.34291303e-07 4.23176287e+02 9.17190958e+02
4.34722333e-07 2.74768556e+02 8.73322038e+02
4.35153364e-07 3.99216646e+02 9.37722291e+02
4.35584394e-07 3.65625513e+02 9.55201728e+02
4.36015424e-07 2.93465098e+02 9.49177571e+02
4.36446455e-07 2.40422628e+02 9.44951529e+02
4.36877485e-07 4.68015053e+02 1.02353092e+03
4.37308515e-07 4.17839833e+02 9.97874157e+02
4.37739545e-07 6.11642383e+02 1.05481133e+03
4.38170576e-07 4.23990133e+02 1.00309714e+03
4.38601606e-07 3.14194534e+02 9.53670924e+02
4.39032636e-07 4.33494131e+02 9.77613043e+02
4.39463667e-07 4.65632623e+02 9.76045224e+02
4.39894697e-07 4.59788157e+02 1.02876986e+03
4.40325727e-07 3.99421016e+02 1.07767434e+03
4.40756758e-07 4.41619047e+02 1.13550030e+03
4.41187788e-07 4.57433323e+02 1.15584872e+03
4.41618818e-07 4.76776027e+02 1.14877485e+03
4.42049848e-07 2.49539765e+02 1.09550668e+03
4.42480879e-07 3.03888174e+02 1.09797882e+03
4.42911909e-07 4.93481793e+02 1.15123781e+03
4.43342939e-07 4.14475690e+02 1.09619505e+03
4.43773970e-07 2.97660882e+02 1.06632629e+03
4.44205000e-07 4.33809235e+02 1.09128116e+03
4.44636030e-07 4.69464630e+02 1.10479995e+03
4.45067061e-07 4.22391987e+02 1.07165833e+03
4.45498091e-07 3.30386694e+02 1.01459848e+03
4.45929121e-07 2.88489105e+02 9.87571659e+02
4.46360152e-07 4.69640816e+02 1.06383732e+03
4.46791182e-07 3.35587527e+02 1.02518177e+03
4.47222212e-07 3.71717662e+02 1.03255576e+03
4.47653242e-07 5.90699291e+02 1.07961346e+03
4.48084273e-07 4.04835735e+02 1.06362603e+03
4.48515303e-07 4.59861497e+02 1.08067716e+03
4.48946333e-07 3.88480079e+02 1.07359738e+03
4.49377364e-07 3.70876712e+02 1.06768696e+03
4.49808394e-07 4.04378125e+02 1.09431979e+03
4.50239424e-07 4.44833055e+02 1.11576877e+03
4.50670455e-07 4.80275833e+02 1.13879791e+03
4.51101485e-07 5.21192664e+02 1.15495136e+03
4.51532515e-07 6.05812930e+02 1.21150536e+03
4.51963545e-07 5.53016886e+02 1.16357675e+03
4.52394576e-07 5.27429164e+02 1.17360249e+03
4.52825606e-07 4.91433346e+02 1.20480652e+03
4.53256636e-07 5.07389382e+02 1.21406288e+03
4.53687667e-07 4.85514453e+02 1.20944862e+03
4.54118697e-07 5.29061237e+02 1.25971691e+03
4.54549727e-07 4.97072753e+02 1.25004820e+03
4.54980758e-07 5.43239359e+02 1.25051253e+03
4.55411788e-07 5.50057685e+02 1.23965786e+03
4.55842818e-07 4.50918496e+02 1.20762445e+03
4.56273848e-07 4.56652432e+02 1.18256798e+03
4.56704879e-07 4.09426851e+02 1.18939569e+03
4.57135909e-07 3.82008025e+02 1.18714567e+03
4.57566939e-07 4.11216055e+02 1.19504196e+03
4.57997970e-07 4.76979644e+02 1.23857125e+03
4.58429000e-07 5.21120846e+02 1.26362148e+03
4.58860030e-07 5.21588391e+02 1.25114945e+03
4.59291061e-07 4.92547514e+02 1.22783619e+03
4.59722091e-07 5.19752938e+02 1.25306232e+03
4.60153121e-07 4.39192169e+02 1.21300410e+03
4.60584152e-07 4.49901497e+02 1.19743300e+03
4.61015182e-07 6.25539907e+02 1.24833751e+03
4.61446212e-07 6.57030434e+02 1.28340469e+03
4.61877242e-07 5.00285172e+02 1.23556504e+03
4.62308273e-07 4.23886897e+02 1.21513046e+03
4.62739303e-07 5.05357043e+02 1.23073405e+03
4.63170333e-07 4.80370789e+02 1.24035361e+03
4.63601364e-07 6.10761970e+02 1.25221505e+03
4.64032394e-07 4.93303217e+02 1.22188877e+03
4.64463424e-07 5.34840421e+02 1.23395037e+03
4.64894455e-07 5.03610867e+02 1.21298668e+03
4.65325485e-07 4.57216590e+02 1.23327568e+03
4.65756515e-07 3.94077413e+02 1.27660898e+03
4.66187545e-07 5.94809387e+02 1.33760211e+03
4.66618576e-07 7.26456622e+02 1.38925942e+03
4.67049606e-07 7.72071470e+02 1.39659126e+03
4.67480636e-07 6.10360874e+02 1.37930207e+03
4.67911667e-07 4.46265869e+02 1.31302513e+03
4.68342697e-07 4.27394073e+02 1.32178631e+03
4.68773727e-07 5.67362354e+02 1.36473747e+03
4.69204758e-07 5.24975372e+02 1.30991859e+03
4.69635788e-07 4.11011196e+02 1.28248251e+03
4.70066818e-07 5.06057699e+02 1.30594442e+03
4.70497848e-07 3.42403893e+02 1.24942112e+03
4.70928879e-07 5.44720058e+02 1.32302531e+03
4.71359909e-07 5.86025157e+02 1.35462345e+03
4.71790939e-07 5.13075522e+02 1.30385638e+03
4.72221970e-07 3.73318157e+02 1.27158610e+03
4.72653000e-07 5.45487644e+02 1.34490798e+03
4.73084030e-07 5.73264877e+02 1.34842253e+03
4.73515061e-07 4.28628419e+02 1.29693380e+03
4.73946091e-07 5.28081642e+02 1.31803738e+03
4.74377121e-07 5.76740760e+02 1.32524961e+03
4.74808152e-07 5.85682819e+02 1.34350793e+03
4.75239182e-07 5.90373481e+02 1.32297205e+03
4.75670212e-07 2.89945162e+02 1.23900198e+03
4.76101242e-07 6.05884315e+02 1.34459982e+03
4.76532273e-07 5.97413987e+02 1.35154237e+03
4.76963303e-07 6.55840344e+02 1.37183929e+03
4.77394333e-07 6.81251444e+02 1.39773312e+03
4.77825364e-07 6.13757353e+02 1.40897387e+03
4.78256394e-07 6.59652947e+02 1.38260848e+03
4.78687424e-07 6.27700024e+02 1.38790124e+03
4.79118455e-07 6.94037593e+02 1.45659056e+03
4.79549485e-07 6.52580101e+02 1.42915454e+03
4.79980515e-07 5.79043104e+02 1.38988290e+03
4.80411545e-07 5.96491533e+02 1.39607486e+03
4.80842576e-07 7.00001394e+02 1.44442027e+03
4.81273606e-07 5.84592370e+02 1.44926047e+03
4.81704636e-07 5.81875380e+02 1.52023734e+03
4.82135667e-07 6.90586304e+02 1.56024384e+03
4.82566697e-07 6.17555032e+02 1.55315953e+03
4.82997727e-07 4.87945003e+02 1.51712849e+03
4.83428758e-07 5.14571758e+02 1.55541435e+03
4.83859788e-07 5.85480427e+02 1.57017437e+03
4.84290818e-07 5.42285821e+02 1.54148991e+03
4.84721848e-07 5.35766445e+02 1.51136225e+03
4.85152879e-07 6.03606170e+02 1.49667442e+03
4.85583909e-07 5.98460760e+02 1.44195781e+03
4.86014939e-07 5.85921947e+02 1.42913865e+03
4.86445970e-07 7.06332763e+02 1.41134642e+03
4.86877000e-07 6.42613966e+02 1.41743151e+03
4.87308030e-07 5.53316400e+02 1.44066131e+03
4.87739061e-07 6.28345888e+02 1.46690121e+03
4.88170091e-07 6.76915209e+02 1.51447224e+03
4.88601121e-07 6.77669237e+02 1.53434330e+03
4.89032152e-07 6.11350346e+02 1.54409475e+03
4.89463182e-07 7.13802957e+02 1.56871852e+03
4.89894212e-07 7.44792655e+02 1.58452576e+03
4.90325242e-07 6.77556130e+02 1.51766437e+03
4.90756273e-07 6.96648466e+02 1.52262073e+03
4.91187303e-07 7.65889629e+02 1.54141130e+03
4.91618333e-07 7.59841989e+02 1.53025232e+03
4.92049364e-07 7.52067732e+02 1.53894666e+03
4.92480394e-07 7.62595407e+02 1.54189274e+03
4.92911424e-07 8.15464148e+02 1.57846467e+03
4.93342455e-07 8.64397286e+02 1.61567298e+03
4.93773485e-07 8.15077395e+02 1.58153421e+03
4.94204515e-07 7.16860782e+02 1.56993169e+03
4.94635545e-07 8.61424668e+02 1.61087479e+03
4.95066576e-07 7.23532232e+02 1.59045726e+03
4.95497606e-07 7.01232778e+02 1.58832914e+03
4.95928636e-07 6.85427233e+02 1.57407050e+03
4.96359667e-07 7.37677232e+02 1.63561954e+03
4.96790697e-07 7.15501142e+02 1.60411396e+03
4.97221727e-07 5.75957039e+02 1.60312567e+03
4.97652758e-07 5.88509156e+02 1.59461060e+03
4.98083788e-07 6.12792164e+02 1.57786580e+03
4.98514818e-07 8.27047814e+02 1.66120424e+03
4.98945848e-07 9.34071005e+02 1.70269993e+03
4.99376879e-07 7.79738703e+02 1.67051072e+03
4.99807909e-07 9.07418012e+02 1.71309832e+03
5.00238939e-07 7.70886501e+02 1.63399785e+03
5.00669970e-07 7.55069986e+02 1.65464317e+03
5.01101000e-07 7.72952797e+02 1.66420173e+03
5.01532030e-07 7.59576427e+02 1.64514022e+03
5.01963061e-07 9.90993097e+02 1.73111963e+03
5.02394091e-07 7.74862179e+02 1.67403815e+03
5.02825121e-07 8.06590682e+02 1.67421364e+03
5.03256152e-07 7.89742298e+02 1.64738992e+03
5.03687182e-07 9.61454884e+02 1.69494967e+03
5.04118212e-07 9.40464619e+02 1.67790909e+03
5.04549242e-07 8.89970718e+02 1.65463338e+03
5.04980273e-07 7.15570964e+02 1.62512856e+03
5.05411303e-07 9.21925580e+02 1.68161531e+03
5.05842333e-07 8.72471035e+02 1.74662524e+03
5.06273364e-07 9.15968585e+02 1.74332254e+03
5.06704394e-07 1.00811270e+03 1.75463157e+03
5.07135424e-07 8.70705874e+02 1.75181442e+03
5.07566455e-07 9.15749229e+02 1.74266750e+03
5.07997485e-07 7.31798154e+02 1.63668929e+03
5.08428515e-07 7.06383483e+02 1.67860374e+03
5.08859545e-07 7.63118611e+02 1.68820954e+03
5.09290576e-07 8.15555216e+02 1.73334061e+03
5.09721606e-07 1.15053048e+03 1.78985127e+03
5.10152636e-07 1.00942213e+03 1.77485572e+03
5.10583667e-07 8.10462334e+02 1.72193032e+03
5.11014697e-07 9.38879213e+02 1.76508122e+03
5.11445727e-07 9.17933059e+02 1.77047726e+03
5.11876758e-07 7.58755458e+02 1.71099254e+03
5.12307788e-07 1.13338918e+03 1.79107506e+03
5.12738818e-07 1.02685097e+03 1.78786211e+03
5.13169848e-07 6.52833138e+02 1.71886684e+03
5.13600879e-07 1.02572984e+03 1.87965218e+03
5.14031909e-07 6.85039192e+02 1.80112017e+03
5.14462939e-07 8.19689441e+02 1.82990234e+03
5.14893970e-07 8.59526815e+02 1.86731880e+03
5.15325000e-07 9.51248632e+02 1.91733762e+03
5.15756030e-07 9.04220140e+02 1.91866034e+03
5.16187061e-07 1.07137012e+03 1.90352762e+03
5.16618091e-07 9.47750369e+02 1.83248626e+03
5.17049121e-07 1.20599906e+03 1.89811213e+03
5.17480152e-07 1.01274579e+03 1.83246462e+03
5.17911182e-07 8.30635452e+02 1.77037303e+03
5.18342212e-07 8.51325042e+02 1.80199824e+03
5.18773242e-07 8.75259441e+02 1.84116004e+03
5.19204273e-07 7.57253640e+02 1.97633120e+03
5.19635303e-07 1.18827165e+03 2.62193501e+03
5.20066333e-07 9.92014373e+02 2.78648626e+03
5.20497364e-07 9.74537909e+02 2.46285575e+03
5.20928394e-07 9.40323925e+02 2.06240224e+03
5.21359424e-07 1.06535205e+03 1.94603044e+03
5.21790455e-07 1.00442939e+03 1.95622910e+03
5.22221485e-07 9.86529296e+02 1.99534502e+03
5.22652515e-07 9.83639212e+02 2.02133176e+03
5.23083545e-07 1.00446803e+03 2.01507186e+03
5.23514576e-07 9.56387273e+02 1.96788329e+03
5.23945606e-07 1.07131239e+03 2.02170366e+03
5.24376636e-07 9.49117489e+02 1.98915880e+03
5.24807667e-07 1.18685205e+03 2.04638606e+03
5.25238697e-07 9.81135116e+02 1.95984274e+03
5.25669727e-07 1.21834998e+03 2.08588112e+03
5.26100758e-07 7.76385088e+02 1.88844128e+03
5.26531788e-07 7.12581952e+02 1.81353998e+03
5.26962818e-07 1.18034681e+03 1.94089879e+03
5.27393848e-07 9.17723872e+02 1.96170511e+03
5.27824879e-07 1.00614197e+03 2.01444887e+03
5.28255909e-07 9.20074795e+02 1.99677898e+03
5.28686939e-07 1.24485351e+03 2.01270827e+03
5.29117970e-07 9.23779786e+02 1.93460176e+03
5.29549000e-07 1.05077896e+03 2.03523223e+03
5.29980030e-07 9.71891505e+02 2.00874953e+03
5.30411061e-07 8.68253812e+02 1.98480549e+03
5.30842091e-07 1.13912266e+03 2.07935878e+03
5.31273121e-07 1.27075988e+03 2.15672735e+03
5.31704152e-07 1.60955647e+03 2.28518796e+03
5.32135182e-07 1.12666629e+03 2.13294231e+03
5.32566212e-07 9.74013320e+02 2.11156703e+03
5.32997242e-07 1.03702061e+03 2.14289114e+03
5.33428273e-07 7.84285225e+02 2.12839485e+03
5.33859303e-07 8.10906013e+02 2.04992863e+03
5.34290333e-07 1.02024329e+03 2.09431451e+03
5.34721364e-07 7.66563794e+02 1.99417619e+03
5.35152394e-07 1.02397498e+03 2.12155468e+03
5.35583424e-07 9.01352749e+02 2.08249548e+03
5.36014455e-07 1.12803935e+03 2.09991534e+03
5.36445485e-07 9.84992294e+02 2.02614093e+03
5.36876515e-07 9.97889717e+02 2.09437895e+03
5.37307545e-07 6.63173683e+02 1.99319367e+03
5.37738576e-07 9.22509088e+02 2.06228221e+03
5.38169606e-07 9.24952214e+02 2.04969941e+03
5.38600636e-07 8.46619814e+02 2.01753685e+03
5.39031667e-07 8.83594167e+02 2.04771322e+03
5.39462697e-07 1.14880038e+03 2.10758471e+03
5.39893727e-07 8.13149638e+02 1.97799526e+03
5.40324758e-07 8.53194593e+02 2.00462295e+03
5.40755788e-07 1.09187672e+03 2.06030190e+03
5.41186818e-07 1.38994150e+03 2.16835948e+03
5.41617848e-07 1.03443303e+03 2.06102293e+03
5.42048879e-07 8.44694995e+02 2.07129573e+03
5.42479909e-07 1.41638732e+03 2.23720396e+03
5.42910939e-07 1.23601981e+03 2.16634716e+03
5.43341970e-07 1.16382574e+03 2.18095793e+03
5.43773000e-07 1.02926924e+03 2.16242744e+03
5.44204030e-07 1.21464212e+03 2.21599029e+03
5.44635061e-07 8.95620558e+02 2.11095769e+03
5.45066091e-07 1.34375227e+03 2.27291221e+03
5.45497121e-07 9.26340708e+02 2.15818519e+03
5.45928152e-07 1.04799252e+03 2.26289458e+03
5.46359182e-07 1.19510222e+03 2.37195564e+03
5.46790212e-07 1.05474784e+03 2.19707091e+03
5.47221242e-07 1.22608069e+03 2.23595614e+03
5.47652273e-07 1.86140635e+03 2.44208294e+03
5.48083303e-07 1.76700166e+03 2.44116978e+03
5.48514333e-07 1.39043705e+03 2.29652132e+03
5.48945364e-07 1.07981464e+03 2.21423585e+03
5.49376394e-07 1.02095320e+03 2.24163326e+03
5.49807424e-07 1.09467220e+03 2.26068105e+03
5.50238455e-07 1.08699899e+03 2.28391133e+03
5.50669485e-07 8.92979621e+02 2.21758905e+03
5.51100515e-07 9.44300824e+02 2.28372201e+03
5.51531545e-07 8.98674774e+02 2.24500353e+03
5.51962576e-07 8.86655532e+02 2.24833509e+03
5.52393606e-07 1.00607243e+03 2.26428501e+03
5.52824636e-07 1.11191610e+03 2.26642568e+03
5.53255667e-07 9.39730635e+02 2.24594602e+03
5.53686697e-07 8.57467255e+02 2.23541690e+03
5.54117727e-07 1.33312975e+03 2.49797896e+03
5.54548758e-07 1.14673516e+03 2.51416073e+03
5.54979788e-07 9.66521755e+02 2.38950479e+03
5.55410818e-07 9.05680357e+02 2.34987696e+03
5.55841848e-07 7.30589075e+02 2.29741426e+03
5.56272879e-07 1.00771748e+03 2.44917659e+03
5.56703909e-07 2.10784856e+03 3.01385902e+03
5.57134939e-07 2.15066415e+03 1.08631231e+04
5.57565970e-07 6.06220572e+02 3.51770777e+04
5.57997000e-07 2.73691347e+03 4.49636708e+04
5.58428030e-07 1.64300699e+03 2.27608018e+04
5.59290091e-07 6.12241351e+02 2.88983968e+03
5.59721121e-07 1.06113655e+03 2.67200075e+03
5.60152152e-07 1.03216696e+03 2.59728595e+03
5.60583182e-07 1.13711664e+03 2.67191769e+03
5.61014212e-07 1.12425666e+03 2.58371502e+03
5.61445242e-07 9.16674614e+02 2.43307337e+03
5.61876273e-07 8.49936106e+02 2.41027915e+03
5.62307303e-07 1.15045099e+03 2.56595546e+03
5.62738333e-07 1.00795947e+03 2.50404161e+03
5.63169364e-07 1.06833078e+03 2.46596047e+03
5.63600394e-07 1.22520775e+03 2.48255600e+03
5.64031424e-07 1.40804411e+03 2.53397827e+03
5.64462455e-07 1.13118214e+03 2.52221785e+03
5.64893485e-07 1.05886568e+03 2.49184346e+03
5.65324515e-07 1.11810391e+03 2.44552152e+03
5.65755545e-07 7.74233492e+02 2.32397578e+03
5.66186576e-07 1.01631944e+03 2.40809148e+03
5.66617606e-07 1.00107363e+03 2.41716958e+03
5.67048636e-07 9.66408167e+02 2.44544235e+03
5.67479667e-07 1.02260986e+03 2.51699157e+03
5.67910697e-07 9.69881266e+02 2.46561630e+03
5.68341727e-07 1.02159940e+03 2.50117435e+03
5.68772758e-07 1.16754416e+03 2.57018902e+03
5.69203788e-07 1.04426433e+03 2.56391821e+03
5.69634818e-07 8.53608188e+02 2.54588843e+03
5.70065848e-07 1.23112457e+03 2.65675518e+03
5.70496879e-07 1.14233034e+03 2.60711882e+03
5.70927909e-07 9.31163047e+02 2.55744879e+03
5.71358939e-07 8.63680658e+02 2.56723518e+03
5.71789970e-07 1.28478244e+03 2.67499629e+03
5.72221000e-07 1.03234580e+03 2.59044489e+03
5.72652030e-07 1.13093913e+03 2.58115650e+03
5.73083061e-07 1.12790645e+03 2.58622326e+03
5.73514091e-07 1.49904908e+03 2.69086673e+03
5.73945121e-07 1.11301938e+03 2.60708908e+03
5.74376152e-07 1.10379248e+03 2.54408360e+03
5.74807182e-07 1.13099984e+03 2.53340233e+03
5.75238212e-07 1.29850736e+03 2.55090044e+03
5.75669242e-07 1.42463003e+03 2.66179028e+03
5.76100273e-07 8.52644093e+02 2.51313297e+03
5.76531303e-07 1.00147052e+03 2.56655338e+03
5.76962333e-07 9.32258969e+02 2.58101219e+03
5.77393364e-07 8.16176024e+02 2.57913203e+03
5.77824394e-07 1.20840740e+03 2.57694840e+03
5.78255424e-07 1.28416364e+03 2.59601280e+03
5.78686455e-07 9.72413220e+02 2.59759891e+03
5.79117485e-07 1.11610906e+03 2.70553019e+03
5.79548515e-07 9.95034162e+02 2.61012404e+03
5.79979545e-07 9.29359560e+02 2.54415934e+03
5.80410576e-07 1.26266517e+03 2.70772369e+03
5.80841606e-07 1.53095611e+03 2.75396171e+03
5.81272636e-07 1.00729078e+03 2.57596583e+03
5.81703667e-07 1.32693274e+03 2.72295466e+03
5.82134697e-07 1.19110455e+03 2.72725742e+03
5.82565727e-07 1.32337414e+03 2.70123600e+03
5.82996758e-07 9.11044016e+02 2.61035057e+03
5.83427788e-07 1.28323074e+03 2.71381110e+03
5.83858818e-07 1.31651536e+03 2.73523493e+03
5.84289848e-07 1.37302820e+03 2.76247688e+03
5.84720879e-07 1.17660670e+03 2.70293525e+03
5.85151909e-07 1.39185446e+03 2.72509320e+03
5.85582939e-07 1.40545954e+03 2.73785820e+03
5.86013970e-07 1.40258465e+03 2.86372257e+03
5.86445000e-07 1.22496266e+03 3.18471450e+03
5.86876030e-07 1.45592346e+03 3.53963056e+03
5.87307061e-07 1.18532184e+03 3.31266928e+03
5.87738091e-07 1.30115683e+03 3.04345603e+03
5.88169121e-07 1.13164373e+03 3.25066057e+03
5.88600152e-07 8.37227893e+02 5.13036323e+03
5.89031182e-07 1.42138132e+03 7.92232581e+03
5.89462212e-07 9.71352974e+02 8.25757834e+03
5.89893242e-07 1.05380304e+03 6.22804997e+03
5.90324273e-07 1.21405057e+03 4.21377515e+03
5.90755303e-07 1.09228790e+03 3.35298699e+03
5.91186333e-07 1.11651569e+03 3.32823246e+03
5.91617364e-07 1.03509614e+03 3.40053570e+03
5.92048394e-07 1.18989856e+03 3.34234776e+03
5.92479424e-07 1.32244536e+03 3.31772430e+03
5.92910455e-07 1.36594267e+03 3.42524939e+03
5.93341485e-07 1.10589952e+03 3.55805401e+03
5.93772515e-07 1.13926419e+03 3.32673326e+03
5.94203545e-07 1.24066761e+03 3.10507735e+03
5.94634576e-07 1.23573218e+03 3.15921785e+03
5.95065606e-07 2.01072329e+03 3.58466435e+03
5.95496636e-07 1.35618528e+03 3.47507325e+03
5.95927667e-07 1.20446198e+03 3.24883242e+03
5.96358697e-07 1.04621966e+03 3.03893131e+03
5.96789727e-07 1.28138325e+03 3.12159693e+03
5.97220758e-07 1.24170089e+03 3.22428664e+03
5.97651788e-07 1.09507028e+03 3.26579158e+03
5.98082818e-07 1.75350602e+03 3.38611406e+03
5.98513848e-07 1.53928511e+03 3.10084010e+03
5.98944879e-07 1.30563514e+03 2.89181551e+03
5.99375909e-07 1.25341122e+03 2.95528306e+03
5.99806939e-07 1.31769180e+03 3.01956746e+03
6.00237970e-07 9.98820359e+02 3.02462773e+03
6.00669000e-07 1.15362520e+03 2.98455717e+03
6.01100030e-07 9.87485703e+02 2.85055739e+03
6.01531061e-07 1.15165855e+03 2.84172210e+03
6.01962091e-07 1.60570103e+03 2.95978649e+03
6.02393121e-07 1.47619674e+03 2.86935402e+03
6.02824152e-07 1.19424164e+03 2.84434086e+03
6.03255182e-07 1.43996903e+03 2.97749268e+03
6.03686212e-07 1.06297798e+03 2.86599238e+03
6.04117242e-07 1.21717304e+03 2.87359185e+03
6.04548273e-07 1.10283518e+03 2.72858000e+03
6.04979303e-07 8.37537181e+02 2.68425360e+03
6.05410333e-07 1.66798866e+03 2.89308019e+03
6.05841364e-07 1.31065321e+03 2.78791080e+03
6.06272394e-07 1.52477294e+03 2.90912167e+03
6.06703424e-07 1.07459177e+03 2.78000577e+03
6.07134455e-07 1.46118529e+03 2.91215711e+03
6.07565485e-07 1.27943286e+03 2.74097276e+03
6.07996515e-07 1.52902834e+03 2.83139640e+03
6.08427545e-07 1.08905598e+03 2.70325206e+03
6.08858576e-07 1.16973202e+03 2.72499225e+03
6.09289606e-07 1.15522104e+03 2.72349768e+03
6.09720636e-07 1.12966782e+03 2.75030846e+03
6.10151667e-07 1.25489601e+03 2.76603945e+03
6.10582697e-07 1.10219232e+03 2.70502964e+03
6.11013727e-07 1.23717053e+03 2.74885242e+03
6.11444758e-07 7.57492207e+02 2.60105604e+03
6.11875788e-07 1.41731647e+03 2.76194007e+03
6.12306818e-07 1.00904304e+03 2.66112700e+03
6.12737848e-07 1.42009690e+03 2.77653739e+03
6.13168879e-07 8.37542984e+02 2.65807577e+03
6.13599909e-07 1.10517620e+03 2.84551494e+03
6.14030939e-07 1.41736087e+03 3.12208514e+03
6.14461970e-07 1.53833530e+03 3.13266198e+03
6.14893000e-07 1.25947864e+03 2.96480069e+03
6.15324030e-07 1.31552937e+03 2.95211603e+03
6.15755061e-07 1.17799921e+03 2.92145724e+03
6.16186091e-07 1.03442740e+03 2.82896833e+03
6.16617121e-07 1.14427170e+03 2.89921093e+03
6.17048152e-07 1.26760013e+03 3.14142623e+03
6.17479182e-07 1.47205680e+03 3.15212567e+03
6.17910212e-07 1.41368203e+03 2.96905210e+03
6.18341242e-07 1.22743031e+03 2.81186225e+03
6.18772273e-07 1.00701564e+03 2.72651308e+03
6.19203303e-07 1.36299474e+03 2.90643184e+03
6.19634333e-07 1.15289652e+03 2.85484046e+03
6.20065364e-07 9.50726640e+02 2.93530384e+03
6.20496394e-07 1.32764037e+03 3.09253433e+03
6.20927424e-07 1.04530853e+03 2.92749823e+03
6.21358455e-07 9.45302453e+02 2.86696336e+03
6.21789485e-07 1.07326458e+03 2.97792453e+03
6.22220515e-07 1.29567664e+03 3.14585631e+03
6.22651545e-07 1.67451708e+03 3.14903272e+03
6.23082576e-07 1.47459817e+03 3.48867613e+03
6.23513606e-07 1.43421233e+03 4.36378972e+03
6.23944636e-07 1.25904781e+03 4.53276382e+03
6.24375667e-07 9.88461280e+02 3.82314609e+03
6.24806697e-07 1.23631519e+03 3.26047882e+03
6.25237727e-07 1.31025233e+03 3.31040897e+03
6.25668758e-07 1.53615565e+03 4.02656018e+03
6.26099788e-07 1.41901020e+03 4.25902024e+03
6.26530818e-07 1.49065102e+03 3.85376588e+03
6.26961848e-07 1.31613252e+03 3.41017339e+03
6.27392879e-07 1.36584048e+03 3.17596883e+03
6.27823909e-07 1.33728814e+03 3.06600919e+03
6.28254939e-07 1.47775280e+03 3.33367553e+03
6.28685970e-07 1.44955937e+03 3.79565350e+03
6.29117000e-07 1.37850088e+03 4.63272133e+03
6.29548030e-07 7.42060679e+02 1.29774234e+04
6.29979061e-07 1.02890073e+03 2.74104762e+04
6.30410091e-07 1.10120526e+03 2.54590485e+04
6.30841121e-07 3.53899597e+01 1.12066539e+04
6.31272152e-07 7.10550928e+02 4.48758365e+03
6.31703182e-07 8.72786446e+02 3.24535404e+03
6.32134212e-07 1.12921844e+03 3.35514678e+03
6.32565242e-07 1.36683995e+03 3.77934429e+03
6.32996273e-07 9.73355496e+02 3.96225413e+03
6.33427303e-07 1.19801274e+03 3.62826149e+03
6.33858333e-07 1.30785726e+03 3.15619294e+03
6.34289364e-07 1.13021376e+03 2.99535496e+03
6.34720394e-07 1.26265850e+03 3.17417561e+03
6.35151424e-07 8.17590961e+02 3.22527897e+03
6.35582455e-07 1.45849070e+03 4.44599247e+03
6.36013485e-07 1.08722292e+03 8.26329711e+03
6.36444515e-07 6.96137390e+02 1.19342590e+04
6.36875545e-07 1.07322492e+03 8.88307209e+03
6.37306576e-07 1.42552877e+03 4.61868009e+03
6.37737606e-07 1.01778987e+03 3.15898104e+03
6.38168636e-07 1.32448791e+03 3.24655218e+03
6.38599667e-07 1.49285642e+03 3.36971088e+03
6.39030697e-07 1.27877123e+03 3.17777654e+03
6.39461727e-07 1.34076414e+03 3.00440511e+03
6.39892758e-07 1.17902925e+03 2.87649658e+03
6.40323788e-07 1.56534090e+03 2.91452616e+03
6.40754818e-07 1.30254202e+03 2.87632417e+03
6.41185848e-07 9.04107172e+02 2.81166656e+03
6.41616879e-07 1.24891359e+03 2.94198207e+03
6.42047909e-07 1.37404459e+03 3.06373059e+03
6.42478939e-07 1.30300731e+03 3.07126376e+03
6.42909970e-07 1.69778283e+03 3.02567984e+03
6.43341000e-07 1.63619727e+03 2.92986340e+03
6.43772030e-07 1.23944125e+03 2.80408389e+03
6.44203061e-07 1.49269179e+03 2.91452004e+03
6.44634091e-07 1.64188805e+03 3.00488579e+03
6.45065121e-07 1.50919179e+03 3.05142883e+03
6.45496152e-07 1.31743661e+03 3.09608108e+03
6.45927182e-07 1.02293199e+03 3.24215482e+03
6.46358212e-07 1.31647720e+03 3.92355256e+03
6.46789242e-07 1.42846850e+03 4.32145798e+03
6.47220273e-07 1.41571500e+03 4.12733777e+03
6.47651303e-07 1.28227873e+03 3.57438895e+03
6.48082333e-07 1.39014898e+03 3.16180319e+03
6.48513364e-07 1.70898962e+03 2.99455905e+03
6.48944394e-07 1.66147518e+03 2.99108651e+03
6.49375424e-07 1.36877137e+03 3.51543788e+03
6.49806455e-07 1.45462949e+03 4.56965458e+03
6.50237485e-07 1.39492868e+03 4.69281926e+03
6.50668515e-07 1.53681877e+03 4.00566117e+03
6.51099545e-07 1.56114076e+03 3.39424696e+03
6.51530576e-07 1.26947507e+03 3.08278745e+03
6.51961606e-07 1.68686752e+03 3.31852178e+03
6.52392636e-07 1.59293341e+03 3.41026111e+03
6.52823667e-07 1.39534931e+03 3.70437609e+03
6.53254697e-07 1.36992349e+03 4.23256668e+03
6.53685727e-07 1.26794402e+03 4.08347586e+03
6.54116758e-07 1.29825118e+03 3.68612587e+03
6.54547788e-07 1.47451670e+03 3.77091822e+03
6.54978818e-07 1.31311261e+03 4.15569181e+03
6.55409848e-07 1.24530909e+03 4.46217432e+03
6.55840879e-07 1.98613375e+03 4.25020766e+03
6.56271909e-07 1.51739053e+03 3.58192510e+03
6.56702939e-07 1.25167079e+03 3.47224668e+03
6.57133970e-07 1.86276016e+03 3.82978403e+03
6.57565000e-07 1.60226308e+03 4.20127347e+03
6.57996030e-07 1.59763017e+03 4.19173057e+03
6.58427061e-07 1.84694291e+03 3.59357511e+03
6.58858091e-07 1.91507915e+03 3.25604887e+03
6.59289121e-07 1.73574834e+03 3.21419997e+03
6.59720152e-07 1.37251792e+03 3.32479774e+03
6.60151182e-07 1.65066606e+03 3.60987986e+03
6.60582212e-07 1.40417585e+03 3.52683354e+03
6.61013242e-07 1.32912730e+03 3.26380361e+03
6.61444273e-07 1.52188681e+03 2.99612830e+03
6.61875303e-07 1.59537750e+03 2.96631998e+03
6.62306333e-07 1.35343655e+03 3.02366145e+03
6.62737364e-07 1.30050270e+03 3.08153541e+03
6.63168394e-07 1.28923619e+03 3.17961203e+03
6.63599424e-07 1.56368654e+03 3.23982019e+03
6.64030455e-07 1.51010180e+03 3.08095639e+03
6.64461485e-07 1.33356698e+03 2.93812641e+03
6.64892515e-07 1.54912831e+03 2.97756615e+03
6.65323545e-07 1.65163766e+03 3.06950693e+03
6.65754576e-07 1.48201593e+03 3.01994183e+03
6.66185606e-07 1.32875813e+03 2.99090573e+03
6.66616636e-07 1.45232784e+03 3.08137137e+03
6.67047667e-07 1.77669763e+03 3.11017465e+03
6.67478697e-07 1.71957152e+03 3.02153187e+03
6.67909727e-07 1.36834450e+03 2.90892533e+03
6.68340758e-07 1.46412370e+03 2.94914255e+03
6.68771788e-07 1.51014703e+03 3.01749734e+03
6.69202818e-07 1.25055575e+03 2.88857350e+03
6.69633848e-07 1.62327700e+03 3.01230539e+03
6.70064879e-07 1.70805918e+03 3.15684717e+03
6.70495909e-07 1.58334737e+03 3.11660805e+03
6.70926939e-07 1.34203254e+03 3.00219536e+03
6.71357970e-07 1.62841192e+03 3.03339611e+03
6.71789000e-07 1.42936316e+03 2.99993125e+03
6.72220030e-07 1.33006432e+03 2.96626864e+03
6.72651061e-07 1.63941964e+03 2.97955322e+03
6.73082091e-07 1.32816306e+03 2.88996172e+03
6.73513121e-07 1.48107028e+03 2.99725798e+03
6.73944152e-07 1.42922579e+03 3.04453786e+03
6.74375182e-07 1.09900117e+03 2.91438189e+03
6.74806212e-07 1.12810181e+03 2.89876637e+03
6.75237242e-07 1.31020822e+03 2.91878968e+03
6.75668273e-07 1.57012058e+03 2.98737054e+03
6.76099303e-07 1.68293747e+03 2.96196958e+03
6.76530333e-07 1.36765320e+03 2.85162816e+03
6.76961364e-07 1.28990408e+03 2.80432733e+03
6.77392394e-07 1.32232881e+03 2.78846531e+03
6.77823424e-07 1.70184077e+03 2.96779457e+03
6.78254455e-07 1.52589341e+03 2.94705561e+03
6.78685485e-07 1.22256105e+03 2.87411175e+03
6.79116515e-07 1.48306809e+03 2.87714078e+03
6.79547545e-07 1.41452419e+03 2.89383938e+03
6.79978576e-07 1.45782317e+03 2.94732758e+03
6.80409606e-07 1.38633013e+03 2.88391476e+03
6.80840636e-07 1.45898442e+03 2.88479120e+03
6.81271667e-07 1.59733113e+03 4.13145691e+03
6.81702697e-07 1.24558548e+03 4.15648978e+03
6.82133727e-07 1.37280683e+03 4.69687934e+03
6.82564758e-07 1.57867630e+03 7.07915506e+03
6.82995788e-07 1.72402689e+03 6.92738487e+03
6.83426818e-07 1.47080235e+03 7.11705993e+03
6.83857848e-07 1.55264408e+03 5.52017323e+03
6.84288879e-07 1.20583062e+03 3.99796863e+03
6.84719909e-07 1.49769342e+03 3.36633305e+03
6.85150939e-07 1.49177246e+03 3.07955462e+03
6.85581970e-07 1.50145455e+03 3.40792542e+03
6.86013000e-07 9.67953669e+02 5.30324546e+03
6.86444030e-07 1.02349032e+03 7.15571791e+03
6.86875061e-07 1.30202599e+03 5.73160157e+03
6.87306091e-07 7.25862116e+02 3.35722971e+03
6.87737121e-07 1.23048135e+03 3.02195035e+03
6.88168152e-07 1.21452985e+03 3.30667027e+03
6.88599182e-07 1.18468976e+03 3.60816633e+03
6.89030212e-07 1.13362135e+03 3.70799280e+03
6.89461242e-07 1.27536704e+03 3.38458818e+03
6.89892273e-07 9.90460509e+02 3.27494292e+03
6.90323303e-07 1.19332242e+03 3.31963817e+03
6.90754333e-07 1.43785754e+03 3.50110936e+03
6.91185364e-07 1.43591148e+03 4.10109866e+03
6.91616394e-07 1.37309068e+03 4.27987135e+03
6.92047424e-07 1.11247612e+03 4.64991062e+03
6.92478455e-07 1.32247917e+03 5.08524626e+03
6.92909485e-07 1.06342246e+03 4.00516105e+03
6.93340515e-07 1.14157611e+03 3.30174184e+03
6.93771545e-07 1.21581105e+03 3.78254988e+03
6.94202576e-07 1.55064453e+03 4.33936735e+03
6.94633606e-07 1.03148720e+03 5.01410555e+03
6.95064636e-07 1.46985201e+03 5.59497555e+03
6.95495667e-07 1.45928490e+03 4.34606728e+03
6.95926697e-07 8.70190816e+02 3.15690761e+03
6.96357727e-07 1.55946784e+03 3.33322396e+03
6.96788758e-07 1.43663003e+03 3.66066722e+03
6.97219788e-07 1.52204288e+03 4.22196475e+03
6.97650818e-07 1.05152627e+03 4.72106698e+03
6.98081848e-07 1.04286203e+03 4.63972756e+03
6.98512879e-07 1.30327798e+03 3.74115193e+03
6.98943909e-07 1.40113026e+03 3.10179939e+03
6.99374939e-07 1.28712702e+03 3.07533182e+03
6.99805970e-07 1.26608109e+03 3.17461211e+03
7.00237000e-07 1.35610771e+03 3.44618515e+03
7.00668030e-07 8.50183425e+02 3.48380782e+03
7.01099061e-07 7.63286203e+02 3.60018370e+03
7.01530091e-07 1.25975109e+03 3.40140670e+03
7.01961121e-07 8.48830780e+02 2.85687043e+03
7.02392152e-07 8.29648626e+02 2.71955198e+03
7.02823182e-07 1.40225513e+03 2.92976483e+03
7.03254212e-07 1.49953438e+03 2.97125543e+03
7.03685242e-07 8.42574158e+02 2.82984015e+03
7.04116273e-07 7.24557692e+02 3.09969398e+03
7.04547303e-07 1.16765483e+03 3.59183369e+03
7.04978333e-07 1.11469057e+03 3.80750738e+03
7.05409364e-07 1.29683999e+03 3.48913013e+03
7.05840394e-07 1.20220804e+03 3.15059226e+03
7.06271424e-07 1.38420536e+03 3.20599168e+03
7.06702455e-07 1.31371380e+03 3.29098796e+03
7.07133485e-07 1.33570943e+03 3.24760067e+03
7.07564515e-07 1.51234299e+03 3.32853969e+03
7.07995545e-07 9.85097835e+02 3.16905878e+03
7.08426576e-07 9.52086691e+02 3.27889989e+03
7.08857606e-07 1.08632073e+03 3.30719849e+03
7.09288636e-07 1.12131632e+03 3.18970216e+03
7.09719667e-07 1.33435326e+03 3.05285462e+03
7.10150697e-07 1.32344414e+03 2.95707418e+03
7.10581727e-07 1.29085587e+03 2.95620549e+03
7.11012758e-07 1.41025976e+03 3.00435086e+03
7.11443788e-07 1.47971880e+03 3.01827038e+03
7.11874818e-07 1.41014941e+03 3.02290692e+03
7.12305848e-07 1.44539553e+03 3.01949972e+03
7.12736879e-07 1.30718671e+03 3.02772665e+03
7.13167909e-07 1.24477232e+03 3.08166731e+03
7.13598939e-07 9.38216642e+02 2.99111768e+03
7.14029970e-07 1.39817692e+03 3.23784797e+03
7.14461000e-07 1.12140244e+03 3.32507423e+03
7.14892030e-07 1.35414854e+03 3.38845058e+03
7.15323061e-07 9.22362237e+02 3.01003996e+03
7.15754091e-07 6.82168491e+02 2.88798592e+03
7.16185121e-07 1.22894737e+03 3.14313469e+03
7.16616152e-07 1.45671539e+03 3.09511813e+03
7.17047182e-07 1.94143409e+03 3.15480855e+03
7.17478212e-07 3.31286378e+03 3.60717087e+03
7.17909242e-07 4.52995729e+03 3.95161212e+03
7.18340273e-07 3.08199274e+03 3.31011963e+03
7.18771303e-07 1.15943417e+03 2.55683032e+03
7.19202333e-07 1.03785343e+03 2.49764985e+03
7.19633364e-07 9.62387626e+02 2.49108903e+03
7.20064394e-07 1.58973002e+03 2.68482334e+03
7.20495424e-07 1.30607576e+03 2.58527145e+03
7.20926455e-07 1.07398897e+03 2.57241177e+03
7.21357485e-07 5.95923435e+02 2.46268124e+03
7.21788515e-07 6.93320650e+02 2.54161340e+03
7.22219545e-07 9.10635966e+02 2.79754790e+03
7.22650576e-07 1.21905011e+03 2.87250558e+03
7.23081606e-07 9.45834768e+02 2.98782807e+03
7.23512636e-07 3.81491886e+02 4.72767261e+03
7.23943667e-07 3.41206946e+02 9.25213698e+03
7.24374697e-07 7.64921132e+02 1.19171920e+04
7.24805727e-07 5.44176008e+01 9.19737760e+03
7.25236758e-07 1.87361596e+02 5.54695813e+03
7.25667788e-07 1.29056646e+03 4.24622528e+03
7.26098818e-07 4.15684661e+02 3.26142058e+03
7.26529848e-07 1.72353228e+03 3.43979316e+03
7.26960879e-07 4.07756265e+02 4.31887636e+03
7.27391909e-07 3.81734408e+01 8.38671146e+03
7.27822939e-07 1.77062329e+03 1.18489957e+04
7.28685000e-07 8.96710796e+02 6.84160721e+03
7.29116030e-07 1.57302894e+02 4.55242866e+03
7.29547061e-07 1.39402088e+03 4.38994125e+03
7.29978091e-07 1.01167536e+03 4.59984880e+03
7.30409121e-07 9.26891368e+02 4.95905514e+03
7.30840152e-07 9.59043983e+02 5.06492715e+03
7.31702212e-07 1.76732476e+03 1.03079893e+04
7.32133242e-07 1.40607121e+03 7.76150498e+03
7.32564273e-07 2.25048866e+02 5.26662626e+03
7.32995303e-07 1.26812248e+03 6.14366062e+03
7.33426333e-07 9.21295623e+02 6.33411465e+03
7.33857364e-07 8.67424099e+02 9.30312131e+03
7.34288394e-07 2.11983979e+03 1.19781513e+04
7.34719424e-07 1.49621997e+03 7.36418341e+03
7.35150455e-07 1.12749552e+03 4.39865990e+03
7.35581485e-07 1.26191730e+03 5.31104892e+03
7.36012515e-07 2.40018273e+03 6.65671989e+03
7.36443545e-07 1.32674321e+03 6.92632053e+03
7.36874576e-07 2.19591278e+03 9.41704646e+03
7.37305606e-07 1.02374218e+03 8.31764245e+03
7.37736636e-07 6.25785063e+02 4.70485005e+03
7.38167667e-07 1.11579754e+03 3.45196755e+03
7.38598697e-07 1.29890600e+03 3.80657803e+03
7.39029727e-07 1.85624075e+03 5.10052126e+03
7.39460758e-07 1.18423098e+03 5.80047602e+03
7.39891788e-07 7.01256750e+02 6.59303666e+03
7.40322818e-07 1.85661812e+03 7.86813280e+03
7.40753848e-07 5.35604230e+02 5.35474208e+03
7.41184879e-07 1.35509012e+03 3.78790555e+03
7.41615909e-07 1.07665976e+03 3.45376206e+03
7.42046939e-07 1.00935697e+03 3.40695783e+03
7.42477970e-07 7.92633055e+02 3.67499652e+03
7.42909000e-07 1.80754192e+03 4.57692403e+03
7.43340030e-07 9.78907111e+02 5.02552848e+03
7.43771061e-07 1.77030797e+03 5.93166661e+03
7.44202091e-07 1.48206149e+03 5.40427575e+03
7.44633121e-07 1.27478470e+03 3.97861552e+03
7.45064152e-07 1.52313428e+03 3.47631874e+03
7.45495182e-07 1.50419803e+03 3.57684618e+03
7.45926212e-07 1.52679027e+03 4.06580813e+03
7.46357242e-07 1.45165730e+03 4.78240995e+03
7.46788273e-07 1.56949423e+03 5.64740528e+03
7.47219303e-07 1.23728566e+03 6.62859536e+03
7.47650333e-07 1.34874883e+03 6.99490679e+03
7.48081364e-07 1.61345885e+03 7.40943289e+03
7.48512394e-07 1.75393276e+03 6.98524681e+03
7.48943424e-07 1.50632281e+03 5.23718063e+03
7.49374455e-07 1.75652754e+03 4.67197377e+03
7.49805485e-07 1.14211886e+03 4.07587838e+03
7.50236515e-07 1.35489204e+03 3.68988803e+03
7.50667545e-07 1.12589921e+03 3.57728379e+03
7.51098576e-07 1.64625573e+03 3.65874551e+03
7.51529606e-07 1.23082690e+03 4.14605708e+03
7.51960636e-07 1.50685655e+03 6.68957941e+03
7.52391667e-07 2.01208539e+03 1.07890455e+04
7.52822697e-07 1.39139232e+03 9.98113259e+03
7.53253727e-07 2.36010956e+03 6.96569868e+03
7.53684758e-07 1.01858449e+03 4.72397182e+03
7.54115788e-07 1.66959167e+03 4.33246928e+03
7.54546818e-07 1.43131923e+03 4.02270847e+03
7.54977848e-07 1.62679435e+03 3.82858096e+03
7.55408879e-07 1.62656411e+03 4.53084480e+03
7.55839909e-07 1.21071284e+03 4.94122558e+03
7.56270939e-07 1.16543478e+03 4.70262604e+03
7.56701970e-07 1.47960012e+03 5.63367130e+03
7.57133000e-07 2.82370714e+03 8.78514662e+03
7.57564030e-07 7.85316998e+02 7.46357792e+03
7.57995061e-07 9.00773050e+02 4.78676137e+03
7.58426091e-07 9.52678987e+02 4.83297051e+03
7.58857121e-07 9.50933327e+02 4.95703122e+03
7.59288152e-07 6.84499302e+02 3.84411202e+03
7.59719182e-07 2.37769991e+02 3.35772602e+03
7.60581242e-07 1.17594755e+02 2.09472166e+03
7.61012273e-07 2.79631875e+02 2.04789229e+03
7.61443303e-07 5.86190245e+02 2.97599280e+03
7.61874333e-07 1.83476990e+02 3.91822620e+03
7.62305364e-07 2.11275497e+02 3.77930889e+03
7.62736394e-07 4.71049748e+02 3.73469564e+03
7.63167424e-07 5.12345384e+02 3.49648034e+03
7.63598455e-07 2.64694753e+02 2.69233426e+03
7.64029485e-07 3.21935582e+01 2.38998298e+03
7.64460515e-07 1.87867980e+02 2.55834120e+03
7.64891545e-07 9.64602716e+02 3.14853812e+03
7.65322576e-07 8.56376008e+02 3.57488332e+03
7.65753606e-07 6.11862498e+02 3.90419492e+03
7.66184636e-07 7.87224676e+02 4.60049755e+03
7.66615667e-07 8.28869747e+02 4.38204008e+03
7.67046697e-07 1.32983799e+03 3.56735292e+03
7.67477727e-07 1.12660416e+03 3.36951399e+03
7.67908758e-07 1.50650867e+03 3.58307837e+03
7.68339788e-07 9.93976226e+02 3.80486406e+03
7.68770818e-07 1.13683132e+03 4.08354704e+03
7.69201848e-07 1.12749120e+03 4.31533205e+03
7.69632879e-07 1.07017786e+03 4.43915875e+03
7.70063909e-07 9.28710550e+02 4.53002411e+03
7.70494939e-07 1.08259742e+03 4.75937093e+03
7.71357000e-07 8.99387889e+02 1.71539200e+04
7.71788030e-07 1.90997553e+03 1.87716093e+04
7.72219061e-07 1.53645919e+03 1.20370876e+04
7.72650091e-07 1.39459763e+03 7.59097255e+03
7.73081121e-07 8.46881371e+02 5.71973045e+03
7.73512152e-07 9.67640154e+02 4.84161564e+03
7.73943182e-07 7.05570146e+02 4.33943120e+03
7.74374212e-07 2.88868393e+02 5.59488072e+03
7.74805242e-07 1.89926326e+02 1.21585727e+04
7.75236273e-07 1.29093635e+03 1.73160930e+04
7.75667303e-07 1.18641216e+03 1.25031783e+04
7.76098333e-07 6.16899841e+02 9.01863956e+03
7.76529364e-07 8.64351745e+02 6.61990419e+03
7.76960394e-07 8.86648394e+02 6.52585003e+03
7.77391424e-07 2.00971499e+02 8.56488218e+03
7.77822455e-07 9.93147698e+02 8.89291755e+03
7.78253485e-07 8.39863817e+02 7.28617591e+03
7.78684515e-07 6.81670486e+02 6.40072958e+03
7.79115545e-07 4.26111619e+02 1.01638412e+04
7.79546576e-07 5.39186511e+02 1.36813582e+04
7.79977606e-07 1.14620296e+03 9.02486405e+03
7.80839667e-07 5.03556143e+01 7.50797642e+03
7.81270697e-07 9.99202884e+02 7.59087177e+03
7.81701727e-07 7.42590757e+01 8.92491370e+03
7.82563788e-07 1.08152665e+03 1.27273488e+04
7.82994818e-07 1.55439928e+03 6.35177654e+03
7.83425848e-07 9.11028699e+02 4.62515488e+03
7.83856879e-07 1.19656507e+03 6.34046365e+03
7.84287909e-07 7.82727125e+02 7.44748456e+03
7.85149970e-07 8.49159975e+02 1.51642542e+04
7.85581000e-07 8.48997715e+02 1.88079360e+04
7.86012030e-07 8.26793615e+02 1.44467681e+04
7.86443061e-07 4.33211961e+02 1.08930867e+04
7.86874091e-07 6.32306422e+02 1.15306850e+04
7.87305121e-07 1.12931273e+02 1.12218257e+04
7.87736152e-07 4.19409250e+02 9.26285482e+03
7.89029242e-07 6.98526588e+02 1.06557436e+04
7.89460273e-07 1.12663739e+03 8.55808990e+03
7.89891303e-07 1.69087376e+03 5.26733341e+03
7.90322333e-07 8.50972157e+02 4.35337096e+03
7.91615424e-07 2.07743231e+02 2.23731076e+04
7.92046455e-07 1.07469907e+03 1.67559633e+04
7.92477485e-07 8.82224064e+02 1.09276051e+04
7.92908515e-07 2.15673382e+02 8.85350618e+03
7.93339545e-07 1.83052746e+03 8.20194386e+03
7.93770576e-07 2.61424405e+03 1.02895121e+04
