8.15800000e-02
3.69346000e-07 1.28758304e+01 1.85898938e+02
3.70208207e-07 9.43580069e+01 2.83331475e+02
3.70639311e-07 7.05526970e+01 2.40614898e+02
3.71070414e-07 7.71793553e+01 2.14101196e+02
3.71501518e-07 7.34874004e+01 2.23541811e+02
3.71932622e-07 7.90990428e+01 2.56127466e+02
3.72794829e-07 1.35900974e+01 2.17158317e+02
3.73225933e-07 5.32474394e+01 2.53353013e+02
3.74088140e-07 1.91139467e+01 2.60884894e+02
3.74950347e-07 1.13999887e+01 2.63454072e+02
3.75381451e-07 1.13076144e+02 3.20736968e+02
3.76243658e-07 3.40595885e+00 2.09445782e+02
3.76674761e-07 1.78459907e+01 2.29547548e+02
3.77105865e-07 6.13703105e+00 2.24054680e+02
3.77968072e-07 7.92720543e+01 2.80044403e+02
3.78399176e-07 6.33796571e+01 2.59388230e+02
3.78830280e-07 1.64148905e+01 2.22259752e+02
3.79261383e-07 9.94283656e+00 2.22427109e+02
3.79692487e-07 1.39762294e+02 3.00300145e+02
3.80123590e-07 7.91305862e+01 2.67340181e+02
3.80554694e-07 9.04917212e+01 2.64910970e+02
3.80985798e-07 9.13966042e+01 2.81444156e+02
3.81416901e-07 5.00735076e+01 2.72383398e+02
3.81848005e-07 5.08973070e+00 2.52906062e+02
3.82279109e-07 8.10349829e+01 2.94184227e+02
3.82710212e-07 4.98060648e+01 3.07041584e+02
3.83141316e-07 1.01305313e+01 2.87900642e+02
3.83572419e-07 4.61360605e+01 3.12070624e+02
3.84003523e-07 3.99108104e+01 3.11388182e+02
3.84434627e-07 4.13148275e+01 3.18394058e+02
3.84865730e-07 2.12645808e+01 3.14226235e+02
3.85727937e-07 5.14266238e+01 2.75247972e+02
3.86590145e-07 2.28198900e+01 2.82654322e+02
3.87021248e-07 6.53665070e+01 2.94184265e+02
3.87883456e-07 1.40772131e+01 2.74571461e+02
3.88314559e-07 7.52800808e+00 2.75136345e+02
3.88745663e-07 6.19937052e+01 2.85977374e+02
3.89176766e-07 7.20037395e+01 2.96547386e+02
3.89607870e-07 1.01394182e+02 3.25837202e+02
3.90038974e-07 1.24982981e+02 3.39791787e+02
3.90470077e-07 8.16157639e+01 3.48479626e+02
3.90901181e-07 2.69298044e+01 3.76556148e+02
3.91332284e-07 6.78483858e+01 3.93250287e+02
3.91763388e-07 5.39048694e+01 3.98187765e+02
3.92194492e-07 5.79782486e+01 3.48229872e+02
3.92625595e-07 9.07636633e+01 3.24714093e+02
3.93056699e-07 1.12277365e+02 3.41458109e+02
3.93487803e-07 2.19319420e+02 3.98901508e+02
3.93918906e-07 1.89474754e+02 3.80383529e+02
3.94350010e-07 1.22699754e+02 4.01458476e+02
3.94781113e-07 6.69639853e+01 3.96236365e+02
3.95212217e-07 1.11767653e+02 4.27722293e+02
3.95643321e-07 1.61976851e+02 3.99815387e+02
3.96074424e-07 1.37947901e+02 3.90075034e+02
3.96505528e-07 9.88261250e+01 3.57660445e+02
3.96936631e-07 1.16170103e+02 3.50672585e+02
3.97367735e-07 2.07173055e+02 3.81428641e+02
3.97798839e-07 1.26927424e+02 4.22588757e+02
3.98229942e-07 7.78217825e+01 4.17867674e+02
3.98661046e-07 1.13983101e+02 4.45755358e+02
3.99092150e-07 1.88294789e+02 4.74303248e+02
3.99523253e-07 1.58292955e+02 4.73014727e+02
3.99954357e-07 1.77244292e+02 4.59992498e+02
4.00385460e-07 1.49362035e+02 4.73865332e+02
4.00816564e-07 6.53201311e+01 4.60854069e+02
4.01247668e-07 1.75767802e+02 5.16569377e+02
4.01678771e-07 2.00358775e+02 5.34994372e+02
4.02109875e-07 1.00961570e+02 4.89137292e+02
4.02540978e-07 2.60093777e+02 5.36158855e+02
4.02972082e-07 4.22199446e+02 5.88163754e+02
4.03403186e-07 4.19982483e+02 5.89280301e+02
4.03834289e-07 3.10450271e+02 5.62652189e+02
4.04265393e-07 2.64166499e+02 5.77058246e+02
4.04696497e-07 1.61826833e+02 5.49990675e+02
4.05127600e-07 5.69752353e+01 5.04223250e+02
4.05558704e-07 1.57631478e+02 5.33895126e+02
4.05989807e-07 2.81738704e+02 5.65896110e+02
4.06420911e-07 1.61087700e+02 5.66146002e+02
4.06852015e-07 1.71199516e+02 5.72436778e+02
4.07283118e-07 1.62841793e+02 5.78487172e+02
4.07714222e-07 1.22629817e+02 5.58432477e+02
4.08145326e-07 2.57396851e+02 5.87249569e+02
4.08576429e-07 3.12239263e+02 5.97518864e+02
4.09007533e-07 2.31358963e+02 5.67069895e+02
4.09438636e-07 2.77597768e+02 5.58501558e+02
4.09869740e-07 2.92538669e+02 5.52810711e+02
4.10300844e-07 2.42350207e+02 5.35062053e+02
4.10731947e-07 2.91240010e+02 5.42171581e+02
4.11163051e-07 3.08594177e+02 5.30363844e+02
4.11594154e-07 3.04076250e+02 5.57902409e+02
4.12025258e-07 2.92961972e+02 5.64269406e+02
4.12456362e-07 2.20257822e+02 5.62241033e+02
4.12887465e-07 1.73940718e+02 5.47028043e+02
4.13318569e-07 1.46703754e+02 5.53387652e+02
4.13749673e-07 1.94331969e+02 5.57232020e+02
4.14180776e-07 1.85463017e+02 5.43354004e+02
4.14611880e-07 1.87270655e+02 5.62333991e+02
4.15042983e-07 1.04906077e+02 5.29711354e+02
4.15474087e-07 2.32050301e+02 5.66869531e+02
4.15905191e-07 3.59881361e+02 6.44470056e+02
4.16336294e-07 2.50499827e+02 6.45373159e+02
4.16767398e-07 2.64420627e+02 6.75441210e+02
4.17198501e-07 3.37274965e+02 6.85124025e+02
4.17629605e-07 2.88319390e+02 6.36462955e+02
4.18060709e-07 3.57410812e+02 6.52576473e+02
4.18491812e-07 3.24182405e+02 6.25809340e+02
4.18922916e-07 2.31806439e+02 5.92129847e+02
4.19354020e-07 3.25176631e+02 6.28571442e+02
4.19785123e-07 2.22392862e+02 5.65641513e+02
4.20216227e-07 3.73275737e+02 6.27122361e+02
4.20647330e-07 2.97206872e+02 6.11156022e+02
4.21078434e-07 3.62036158e+02 6.15625918e+02
4.21509538e-07 2.98782096e+02 6.07629131e+02
4.21940641e-07 2.96859751e+02 6.07373766e+02
4.22371745e-07 3.73268355e+02 6.42971830e+02
4.22802848e-07 4.15145745e+02 6.21873010e+02
4.23233952e-07 4.18304652e+02 6.45649084e+02
4.23665056e-07 3.78478342e+02 6.44291689e+02
4.24096159e-07 2.87209663e+02 6.09557634e+02
4.24527263e-07 3.23566003e+02 6.39542443e+02
4.24958367e-07 3.71835371e+02 6.53282660e+02
4.25389470e-07 2.84817360e+02 6.53898112e+02
4.25820574e-07 3.65242684e+02 7.13019290e+02
4.26251677e-07 3.21093273e+02 6.79037951e+02
4.26682781e-07 3.19733294e+02 6.76271636e+02
4.27113885e-07 3.73180620e+02 6.80274028e+02
4.27544988e-07 3.60778089e+02 6.96925592e+02
4.27976092e-07 3.94354702e+02 6.96557859e+02
4.28407196e-07 3.98401781e+02 6.86778864e+02
4.28838299e-07 2.64226270e+02 6.50050593e+02
4.29269403e-07 2.42972109e+02 6.54327402e+02
4.29700506e-07 2.54208274e+02 6.71244437e+02
4.30131610e-07 3.47633071e+02 6.64743406e+02
4.30562714e-07 3.10544337e+02 6.67131355e+02
4.30993817e-07 3.51310974e+02 6.97406970e+02
4.31424921e-07 3.56160453e+02 7.45894956e+02
4.31856024e-07 4.17640665e+02 7.88904241e+02
4.32287128e-07 4.04892296e+02 7.66590983e+02
4.32718232e-07 4.33008410e+02 7.81195066e+02
4.33149335e-07 4.73425565e+02 7.97486522e+02
4.33580439e-07 4.89826732e+02 7.92506966e+02
4.34011543e-07 5.00953079e+02 8.21498616e+02
4.34442646e-07 5.03008925e+02 8.33273448e+02
4.34873750e-07 4.90389995e+02 8.13733732e+02
4.35304853e-07 6.10589045e+02 8.91170424e+02
4.35735957e-07 5.52461958e+02 9.08326725e+02
4.36167061e-07 5.50733711e+02 9.31597395e+02
4.36598164e-07 5.08457752e+02 9.16794539e+02
4.37029268e-07 4.89516484e+02 8.52743086e+02
4.37460371e-07 5.68910822e+02 9.24448780e+02
4.37891475e-07 6.46202758e+02 9.31437699e+02
4.38322579e-07 6.00745187e+02 9.32784583e+02
4.38753682e-07 6.87027772e+02 9.23041530e+02
4.39184786e-07 6.78960110e+02 9.22538083e+02
4.39615890e-07 5.38435630e+02 8.92641850e+02
4.40046993e-07 3.64342710e+02 9.15123729e+02
4.40478097e-07 5.86264438e+02 1.52862958e+03
4.40909200e-07 5.90542391e+02 1.58648271e+03
4.41340304e-07 5.33970413e+02 1.60324880e+03
4.41771408e-07 5.79368109e+02 1.67312245e+03
4.42202511e-07 6.43351122e+02 1.71110462e+03
4.42633615e-07 9.65634981e+02 1.21881397e+03
4.43064718e-07 6.81212611e+02 1.10130238e+03
4.43495822e-07 5.85107902e+02 1.07088033e+03
4.43926926e-07 5.22752564e+02 1.04758852e+03
4.44358029e-07 4.75529014e+02 1.05943983e+03
4.44789133e-07 5.49129824e+02 1.06487389e+03
4.45220237e-07 6.03558918e+02 1.04176364e+03
4.45651340e-07 7.48947303e+02 1.10579092e+03
4.46082444e-07 6.15941460e+02 1.00484418e+03
4.46513547e-07 8.05830667e+02 1.09685046e+03
4.46944651e-07 6.20100207e+02 1.07238171e+03
4.47375755e-07 8.19254433e+02 1.11392627e+03
4.47806858e-07 7.28526342e+02 1.10739667e+03
4.48237962e-07 6.42890608e+02 1.07257528e+03
4.48669065e-07 7.41086851e+02 1.13487302e+03
4.49100169e-07 7.55986470e+02 1.15332314e+03
4.49531273e-07 7.02691520e+02 1.12826769e+03
4.49962376e-07 6.82417569e+02 1.13045613e+03
4.50393480e-07 7.20895145e+02 1.13312270e+03
4.50824584e-07 8.13204641e+02 1.20470000e+03
4.51255687e-07 5.02514662e+02 1.11384553e+03
4.51686791e-07 7.04368687e+02 1.16665052e+03
4.52117894e-07 7.11233200e+02 1.17043382e+03
4.52548998e-07 7.82832381e+02 1.19604525e+03
4.52980102e-07 7.58627161e+02 1.21455130e+03
4.53411205e-07 8.15959757e+02 1.27334270e+03
4.53842309e-07 8.53128838e+02 1.29128622e+03
4.54273413e-07 7.66188885e+02 1.22155682e+03
4.54704516e-07 7.04693460e+02 1.25239416e+03
4.55135620e-07 6.46224341e+02 1.18306506e+03
4.55566723e-07 9.64975790e+02 1.31501308e+03
4.55997827e-07 8.09007885e+02 1.26567333e+03
4.56428931e-07 8.70293071e+02 1.28811910e+03
4.56860034e-07 9.94204584e+02 1.34432995e+03
4.57291138e-07 8.91933624e+02 1.27322364e+03
4.57722241e-07 8.09005805e+02 1.26020063e+03
4.58153345e-07 7.79256211e+02 1.28773352e+03
4.58584449e-07 8.94905550e+02 1.33261281e+03
4.59015552e-07 1.00614968e+03 1.36591566e+03
4.59446656e-07 8.13882749e+02 1.26861805e+03
4.59877760e-07 8.46449277e+02 1.24610119e+03
4.60308863e-07 9.12747273e+02 1.28365000e+03
4.60739967e-07 8.39052033e+02 1.26037400e+03
4.61171070e-07 7.51437949e+02 1.21627622e+03
4.61602174e-07 8.56092667e+02 1.27197676e+03
4.62033278e-07 1.04118300e+03 1.35350166e+03
4.62464381e-07 1.00686736e+03 1.33528289e+03
4.62895485e-07 7.66315137e+02 1.26295229e+03
4.63326588e-07 9.65514261e+02 1.32413881e+03
4.63757692e-07 9.41899236e+02 1.30519035e+03
4.64188796e-07 8.92310587e+02 1.29570592e+03
4.64619899e-07 9.03536961e+02 1.26941036e+03
4.65051003e-07 8.06563258e+02 1.24534963e+03
4.65482107e-07 8.84300638e+02 1.30105544e+03
4.65913210e-07 9.37646973e+02 1.34181623e+03
4.66344314e-07 9.04154999e+02 1.36202494e+03
4.66775417e-07 1.00706504e+03 1.36736243e+03
4.67206521e-07 1.05333334e+03 1.38794293e+03
4.67637625e-07 9.31864071e+02 1.36860107e+03
4.68068728e-07 7.13460991e+02 1.26600291e+03
4.68499832e-07 8.87330175e+02 1.31255910e+03
4.68930935e-07 1.02869497e+03 1.39071465e+03
4.69362039e-07 8.95097635e+02 1.29670957e+03
4.69793143e-07 8.89741159e+02 1.29623104e+03
4.70224246e-07 1.04317414e+03 1.37112834e+03
4.70655350e-07 1.16397701e+03 1.38493192e+03
4.71086454e-07 9.55807611e+02 1.36380751e+03
4.71517557e-07 9.49327879e+02 1.32035638e+03
4.71948661e-07 1.01974478e+03 1.33859824e+03
4.72379764e-07 1.09488938e+03 1.39766187e+03
4.72810868e-07 1.02851201e+03 1.32868439e+03
4.73241972e-07 8.81157282e+02 1.28920621e+03
4.73673075e-07 1.05733043e+03 1.34299162e+03
4.74104179e-07 1.10307344e+03 1.35845921e+03
4.74535283e-07 9.66766178e+02 1.32905122e+03
4.74966386e-07 9.57503838e+02 1.30731968e+03
4.75397490e-07 1.11955517e+03 1.37796480e+03
4.75828593e-07 1.11044213e+03 1.37285592e+03
4.76259697e-07 9.21517530e+02 1.29987662e+03
4.76690801e-07 9.90474147e+02 1.31842968e+03
4.77121904e-07 8.38901653e+02 1.28967782e+03
4.77553008e-07 1.02204274e+03 1.35449264e+03
4.77984111e-07 9.77061497e+02 1.36515994e+03
4.78415215e-07 1.07759970e+03 1.40166332e+03
4.78846319e-07 1.17614208e+03 1.43720612e+03
4.79277422e-07 9.71212148e+02 1.37290862e+03
4.79708526e-07 1.28829908e+03 1.45427834e+03
4.80139630e-07 1.05762638e+03 1.43506505e+03
4.80570733e-07 9.91256659e+02 1.37706500e+03
4.81001837e-07 1.05072020e+03 1.38585142e+03
4.81432940e-07 1.08856699e+03 1.46813288e+03
4.81864044e-07 1.08398343e+03 1.49939433e+03
4.82295148e-07 9.34102488e+02 1.47201824e+03
4.82726251e-07 9.91029441e+02 1.50967767e+03
4.83157355e-07 1.03968848e+03 1.51666367e+03
4.83588458e-07 1.09656384e+03 1.54318658e+03
4.84019562e-07 1.13733447e+03 1.54356974e+03
4.84450666e-07 1.21042169e+03 1.56501967e+03
4.84881769e-07 1.18737605e+03 1.50669598e+03
4.85312873e-07 1.16332083e+03 1.49027499e+03
4.85743977e-07 1.36002335e+03 1.50617170e+03
4.86175080e-07 1.25790312e+03 1.43366166e+03
4.86606184e-07 1.26428924e+03 1.46058300e+03
4.87037287e-07 1.13496281e+03 1.45084168e+03
4.87468391e-07 1.07037381e+03 1.44546902e+03
4.87899495e-07 1.22062025e+03 1.55670477e+03
4.88330598e-07 1.17039084e+03 1.53733685e+03
4.88761702e-07 1.25659319e+03 1.58314940e+03
4.89192805e-07 1.23466448e+03 1.57118898e+03
4.89623909e-07 1.06451497e+03 1.51531892e+03
4.90055013e-07 1.12533182e+03 1.53066656e+03
4.90486116e-07 1.02015514e+03 1.52240633e+03
4.90917220e-07 1.06940658e+03 1.51803234e+03
4.91348324e-07 1.42098981e+03 1.62985190e+03
4.91779427e-07 1.12582445e+03 1.51816749e+03
4.92210531e-07 1.15867109e+03 1.52677193e+03
4.92641634e-07 1.23349259e+03 1.59943491e+03
4.93072738e-07 1.23186089e+03 1.56642987e+03
4.93503842e-07 1.19232007e+03 1.59833903e+03
4.93934945e-07 1.34354518e+03 1.68242884e+03
4.94366049e-07 9.71148384e+02 1.53079351e+03
4.94797152e-07 1.27434477e+03 1.62515053e+03
4.95228256e-07 1.05702134e+03 1.59239290e+03
4.95659360e-07 1.13731808e+03 1.58012040e+03
4.96090463e-07 1.21389863e+03 1.64462049e+03
4.96521567e-07 1.19572327e+03 2.53407713e+03
4.96952671e-07 1.16546767e+03 2.59860308e+03
4.97383774e-07 1.10614553e+03 2.51109909e+03
4.97814878e-07 1.53245425e+03 2.78372505e+03
4.98245981e-07 1.33966699e+03 1.72792496e+03
4.98677085e-07 1.43761165e+03 1.76875427e+03
4.99108189e-07 1.16163307e+03 1.68521313e+03
4.99539292e-07 1.34186363e+03 1.77113877e+03
4.99970396e-07 1.22178473e+03 1.76011896e+03
5.00401500e-07 1.52806859e+03 1.90627116e+03
5.00832603e-07 1.27858371e+03 1.77036652e+03
5.01263707e-07 1.32440604e+03 1.79900797e+03
5.01694810e-07 1.25225563e+03 1.79288115e+03
5.02125914e-07 1.28368628e+03 1.81391437e+03
5.02557018e-07 1.16953326e+03 1.74663780e+03
5.02988121e-07 1.13605260e+03 1.76745336e+03
5.03419225e-07 1.35548545e+03 1.83385010e+03
5.03850328e-07 1.37078390e+03 1.82237910e+03
5.04281432e-07 1.19205730e+03 1.74899031e+03
5.04712536e-07 1.38482593e+03 1.84780783e+03
5.05143639e-07 1.21063589e+03 1.77622089e+03
5.05574743e-07 1.59245983e+03 1.93197818e+03
5.06005847e-07 1.30198437e+03 1.86546243e+03
5.06436950e-07 1.59080715e+03 1.95545970e+03
5.06868054e-07 1.60653882e+03 1.98371658e+03
5.07299157e-07 1.56838997e+03 1.99100045e+03
5.07730261e-07 1.32667506e+03 1.88247015e+03
5.08161365e-07 1.40052346e+03 1.93705824e+03
5.08592468e-07 1.58110262e+03 2.04615557e+03
5.09023572e-07 1.40510625e+03 1.95935212e+03
5.09454675e-07 1.83489027e+03 2.13360581e+03
5.09885779e-07 1.61385455e+03 2.01466749e+03
5.10316883e-07 1.68090440e+03 2.07311377e+03
5.10747986e-07 1.37296178e+03 1.98360486e+03
5.11179090e-07 1.40759741e+03 1.95647722e+03
5.11610194e-07 1.29191151e+03 1.98742393e+03
5.12041297e-07 1.69836288e+03 2.15419240e+03
5.12472401e-07 1.86412287e+03 2.16514986e+03
5.12903504e-07 1.94888888e+03 2.24089995e+03
5.13334608e-07 1.70386081e+03 2.18118891e+03
5.13765712e-07 1.59312275e+03 2.15987770e+03
5.14196815e-07 1.45571372e+03 2.17431816e+03
5.14627919e-07 1.73936687e+03 2.27998956e+03
5.15059022e-07 1.68155085e+03 2.23255361e+03
5.15490126e-07 1.71777552e+03 2.31151264e+03
5.15921230e-07 1.75961242e+03 2.26494459e+03
5.16352333e-07 1.72515014e+03 2.28210505e+03
5.16783437e-07 1.77277351e+03 2.22200998e+03
5.17214541e-07 2.03350218e+03 2.28745805e+03
5.17645644e-07 1.74613733e+03 2.18138935e+03
5.18076748e-07 1.70580887e+03 2.21244781e+03
5.18507851e-07 2.03416756e+03 3.37930535e+03
5.18938955e-07 1.86063783e+03 3.43478121e+03
5.19370059e-07 1.92252423e+03 3.83997730e+03
5.19801162e-07 1.92727502e+03 2.87167840e+03
5.20232266e-07 1.98583805e+03 2.98933080e+03
5.20663370e-07 1.75021766e+03 2.60371846e+03
5.21094473e-07 1.66201056e+03 2.37782697e+03
5.21525577e-07 1.73751050e+03 2.37221303e+03
5.21956680e-07 1.83123926e+03 2.40576487e+03
5.22387784e-07 2.10206433e+03 2.52866450e+03
5.22818888e-07 1.74272187e+03 2.37347346e+03
5.23249991e-07 1.84584823e+03 2.41078593e+03
5.23681095e-07 1.76287858e+03 2.41230507e+03
5.24112198e-07 1.80633534e+03 2.48165087e+03
5.24543302e-07 1.79172863e+03 2.44436805e+03
5.24974406e-07 1.69299236e+03 2.32228092e+03
5.25405509e-07 2.05914565e+03 2.53585332e+03
5.25836613e-07 2.29155776e+03 2.62405031e+03
5.26267717e-07 2.26619271e+03 2.55873521e+03
5.26698820e-07 1.97202166e+03 2.36542292e+03
5.27129924e-07 1.64737648e+03 2.27357168e+03
5.27561027e-07 1.78896575e+03 2.40133231e+03
5.27992131e-07 1.85910311e+03 2.47786992e+03
5.28423235e-07 1.55017566e+03 2.29664155e+03
5.28854338e-07 1.62956049e+03 2.33206388e+03
5.29285442e-07 1.54514921e+03 2.35154872e+03
5.29716545e-07 1.90344071e+03 2.50527385e+03
5.30147649e-07 1.82809741e+03 2.50195034e+03
5.30578753e-07 1.78842343e+03 2.45359746e+03
5.31009856e-07 2.12354613e+03 2.57480159e+03
5.31440960e-07 2.19618021e+03 2.63213003e+03
5.31872064e-07 1.93999730e+03 2.53278706e+03
5.32303167e-07 1.81692156e+03 2.51111396e+03
5.32734271e-07 2.05749276e+03 2.63336876e+03
5.33165374e-07 2.06912194e+03 2.61980661e+03
5.33596478e-07 2.10274980e+03 2.61588875e+03
5.34027582e-07 1.92406988e+03 2.50998219e+03
5.34458685e-07 2.06309966e+03 2.52680005e+03
5.34889789e-07 2.33437046e+03 2.66662637e+03
5.35320892e-07 1.94765557e+03 2.54651161e+03
5.35751996e-07 2.08317459e+03 2.58686261e+03
5.36183100e-07 2.31268521e+03 2.60420240e+03
5.36614203e-07 2.21651924e+03 2.56845057e+03
5.37045307e-07 1.81625862e+03 2.42546758e+03
5.37476411e-07 2.20150828e+03 2.54806558e+03
5.37907514e-07 2.31048631e+03 2.60455107e+03
5.38338618e-07 1.70666952e+03 2.40025555e+03
5.38769721e-07 1.80982149e+03 2.39426689e+03
5.39200825e-07 2.01331185e+03 2.43916023e+03
5.39631929e-07 2.13200713e+03 2.46748171e+03
5.40063032e-07 2.16153464e+03 2.48424156e+03
5.40494136e-07 1.81631326e+03 2.33844943e+03
5.40925239e-07 2.16562526e+03 2.48577257e+03
5.41356343e-07 2.55681339e+03 2.59243698e+03
5.41787447e-07 2.47604420e+03 2.58935402e+03
5.42218550e-07 2.00465846e+03 2.37882600e+03
5.42649654e-07 1.85128185e+03 2.34353237e+03
5.43080758e-07 2.14529373e+03 2.44474702e+03
5.43511861e-07 2.05572338e+03 2.43443510e+03
5.43942965e-07 2.30442237e+03 2.59911828e+03
5.44374068e-07 2.02662988e+03 2.45649457e+03
5.44805172e-07 2.06561275e+03 2.46337265e+03
5.45236276e-07 2.19993416e+03 2.50039222e+03
5.45667379e-07 2.19750061e+03 2.55790522e+03
5.46098483e-07 2.15808368e+03 2.63164963e+03
5.46529587e-07 1.94836614e+03 2.55368499e+03
5.46960690e-07 2.24459040e+03 2.58066217e+03
5.47391794e-07 2.04591588e+03 2.47065907e+03
5.47822897e-07 2.04989026e+03 2.45203417e+03
5.48254001e-07 2.09157306e+03 2.45182114e+03
5.48685105e-07 2.24695151e+03 2.55976866e+03
5.49116208e-07 2.21098221e+03 2.54787458e+03
5.49547312e-07 2.20044876e+03 2.54413838e+03
5.49978415e-07 2.22829469e+03 2.61046450e+03
5.50409519e-07 1.99073877e+03 2.51793002e+03
5.50840623e-07 2.14462804e+03 2.55375368e+03
5.51271726e-07 2.20434993e+03 2.59190099e+03
5.51702830e-07 2.03670959e+03 2.53619198e+03
5.52133934e-07 2.15636545e+03 2.57592551e+03
5.52565037e-07 2.06539577e+03 2.51363074e+03
5.52996141e-07 2.10632015e+03 2.53023132e+03
5.53427244e-07 2.20606926e+03 2.57924947e+03
5.53858348e-07 2.27556196e+03 2.63536322e+03
5.54289452e-07 2.20247206e+03 2.72396592e+03
5.54720555e-07 2.10348614e+03 2.71274920e+03
5.55151659e-07 2.19524709e+03 2.65624846e+03
5.55582762e-07 2.01822809e+03 2.57127066e+03
5.56013866e-07 1.88682624e+03 2.59757385e+03
5.56444970e-07 2.06793755e+03 2.67366423e+03
5.56876073e-07 2.01537314e+03 3.17780138e+03
5.57738281e-07 1.49857036e+02 2.53109668e+04
5.58169384e-07 4.01460415e+03 2.56630070e+04
5.58600488e-07 4.21545335e+03 1.09581031e+04
5.59031591e-07 2.78390482e+03 3.95966450e+03
5.59462695e-07 1.90482631e+03 2.67199710e+03
5.59893799e-07 2.26216718e+03 2.76939845e+03
5.60324902e-07 1.88833739e+03 2.70628955e+03
5.60756006e-07 2.01410797e+03 2.79879783e+03
5.61187109e-07 1.92209592e+03 2.67105043e+03
5.61618213e-07 2.12244862e+03 2.64411372e+03
5.62049317e-07 2.13933126e+03 2.73294368e+03
5.62480420e-07 2.25083877e+03 2.80489882e+03
5.62911524e-07 2.01060609e+03 2.66002377e+03
5.63342628e-07 2.06296530e+03 2.67017711e+03
5.63773731e-07 2.14499632e+03 2.65344949e+03
5.64204835e-07 2.06911479e+03 2.67017398e+03
5.64635938e-07 2.29663378e+03 2.78777425e+03
5.65067042e-07 2.27529012e+03 2.74441805e+03
5.65498146e-07 2.18034743e+03 2.66620721e+03
5.65929249e-07 1.97897147e+03 2.58544756e+03
5.66360353e-07 2.39784146e+03 2.74829668e+03
5.66791457e-07 2.22157135e+03 2.75109592e+03
5.67222560e-07 2.15895803e+03 2.77750106e+03
5.67653664e-07 1.89941112e+03 2.69705498e+03
5.68084767e-07 2.23686511e+03 2.78541494e+03
5.68515871e-07 2.22136504e+03 2.75135986e+03
5.68946975e-07 2.19682385e+03 2.79367065e+03
5.69378078e-07 2.07523815e+03 2.76111728e+03
5.69809182e-07 2.12241271e+03 2.80724560e+03
5.70240285e-07 1.76302060e+03 2.68892031e+03
5.70671389e-07 2.11139585e+03 2.78890197e+03
5.71102493e-07 2.54073059e+03 2.87058739e+03
5.71533596e-07 2.06686718e+03 2.76587478e+03
5.71964700e-07 1.97817876e+03 2.74512062e+03
5.72395804e-07 2.07622673e+03 2.80876199e+03
5.72826907e-07 1.91159562e+03 2.78772859e+03
5.73258011e-07 1.92554181e+03 2.76243475e+03
5.73689114e-07 2.05265100e+03 2.74462861e+03
5.74120218e-07 2.15176726e+03 2.82054568e+03
5.74551322e-07 2.60018250e+03 2.95210776e+03
5.74982425e-07 2.16745013e+03 2.79868537e+03
5.75413529e-07 2.12682084e+03 2.82434759e+03
5.75844632e-07 2.29878491e+03 4.39748058e+03
5.76275736e-07 2.35605758e+03 4.48082112e+03
5.76706840e-07 2.38823703e+03 4.56833450e+03
5.77137943e-07 2.23669099e+03 4.48564069e+03
5.77569047e-07 2.41415021e+03 3.02148991e+03
5.78000151e-07 2.19816793e+03 2.88597933e+03
5.78431254e-07 2.59505409e+03 3.03314323e+03
5.78862358e-07 2.25004669e+03 2.93512405e+03
5.79293461e-07 2.11028094e+03 2.99621861e+03
5.79724565e-07 2.16549115e+03 3.03039007e+03
5.80155669e-07 2.13135049e+03 2.94789193e+03
5.80586772e-07 2.39748844e+03 3.05719204e+03
5.81017876e-07 2.34484081e+03 3.03461645e+03
5.81448979e-07 2.34068906e+03 3.12588924e+03
5.81880083e-07 2.34293596e+03 3.08770168e+03
5.82311187e-07 2.26770753e+03 3.10568457e+03
5.82742290e-07 2.07885785e+03 2.96855736e+03
5.83173394e-07 2.55032512e+03 3.18096920e+03
5.83604498e-07 2.57733297e+03 3.22982949e+03
5.84035601e-07 2.07469854e+03 3.02820636e+03
5.84466705e-07 2.25754159e+03 3.11106259e+03
5.84897808e-07 2.20588603e+03 3.11604072e+03
5.85328912e-07 2.32681911e+03 3.17241451e+03
5.85760016e-07 2.42185438e+03 3.19090408e+03
5.86191119e-07 2.28027704e+03 3.37479792e+03
5.86622223e-07 2.44072410e+03 3.90946483e+03
5.87053326e-07 1.99546395e+03 3.96881384e+03
5.87484430e-07 2.55465494e+03 3.77068097e+03
5.87915534e-07 2.22889973e+03 3.40157059e+03
5.88346637e-07 2.05233517e+03 3.78597578e+03
5.88777741e-07 1.70944322e+03 6.07331917e+03
5.89208845e-07 1.62858218e+03 8.28680334e+03
5.89639948e-07 2.28276556e+03 8.14877421e+03
5.90071052e-07 2.81477210e+03 5.98418176e+03
5.90502155e-07 2.55782716e+03 4.21595675e+03
5.90933259e-07 2.61079735e+03 3.79320302e+03
5.91364363e-07 2.34043003e+03 3.96077226e+03
5.91795466e-07 2.46703279e+03 4.04677592e+03
5.92226570e-07 2.27272139e+03 3.80879077e+03
5.92657674e-07 2.16075170e+03 3.74762515e+03
5.93088777e-07 2.50102390e+03 4.09270333e+03
5.93519881e-07 2.13481009e+03 4.03545535e+03
5.93950984e-07 2.52832090e+03 3.78482813e+03
5.94382088e-07 2.00395923e+03 3.45938338e+03
5.94813192e-07 2.36191613e+03 3.70732243e+03
5.95244295e-07 2.50525748e+03 4.03789540e+03
5.95675399e-07 2.53245449e+03 4.18892950e+03
5.96106502e-07 2.47573345e+03 3.76625405e+03
5.96537606e-07 2.61518708e+03 3.70142188e+03
5.96968710e-07 2.58525577e+03 3.85204776e+03
5.97399813e-07 2.58160526e+03 3.98249819e+03
5.97830917e-07 2.55049220e+03 4.00392584e+03
5.98262021e-07 2.28993600e+03 3.77069946e+03
5.98693124e-07 2.30222724e+03 3.51895539e+03
5.99124228e-07 2.40039910e+03 3.54496122e+03
5.99555331e-07 2.36594467e+03 3.58490773e+03
5.99986435e-07 2.54900290e+03 3.72821106e+03
6.00417539e-07 2.48923133e+03 3.77086866e+03
6.00848642e-07 2.67276935e+03 3.77013899e+03
6.01279746e-07 2.63794617e+03 3.60484283e+03
6.01710849e-07 2.24347935e+03 3.44572044e+03
6.02141953e-07 2.60349688e+03 3.55740248e+03
6.02573057e-07 2.65362370e+03 3.54034882e+03
6.03004160e-07 2.83408653e+03 3.76004354e+03
6.03435264e-07 3.06146008e+03 3.82226513e+03
6.03866368e-07 2.13010803e+03 3.45037528e+03
6.04297471e-07 2.32606840e+03 3.48316717e+03
6.04728575e-07 2.63797992e+03 3.59009695e+03
6.05159678e-07 2.23718926e+03 3.44047027e+03
6.05590782e-07 2.78878397e+03 3.60658413e+03
6.06021886e-07 2.70096587e+03 3.54449396e+03
6.06452989e-07 2.99638352e+03 3.76528321e+03
6.06884093e-07 2.79954136e+03 3.65167506e+03
6.07315196e-07 2.71634523e+03 3.64093410e+03
6.07746300e-07 2.80133600e+03 3.60173902e+03
6.08177404e-07 2.66711376e+03 3.55814323e+03
6.08608507e-07 2.96652375e+03 3.66634634e+03
6.09039611e-07 2.86659118e+03 3.60263824e+03
6.09470715e-07 2.71592549e+03 3.58962473e+03
6.09901818e-07 2.75593742e+03 3.65116356e+03
6.10332922e-07 3.15299143e+03 3.83044591e+03
6.10764025e-07 2.98456551e+03 3.81207508e+03
6.11195129e-07 3.21614562e+03 3.82977628e+03
6.11626233e-07 2.70586717e+03 3.63667446e+03
6.12057336e-07 3.19788332e+03 3.77617034e+03
6.12488440e-07 3.05023349e+03 3.67513162e+03
6.12919543e-07 3.00547815e+03 3.72550442e+03
6.13350647e-07 2.81240011e+03 3.80238992e+03
6.13781751e-07 2.54454661e+03 3.78994982e+03
6.14212854e-07 2.85451119e+03 4.08590167e+03
6.14643958e-07 2.33116805e+03 3.84982653e+03
6.15075062e-07 2.80661130e+03 3.90315429e+03
6.15506165e-07 3.09111438e+03 4.01960856e+03
6.15937269e-07 2.83294181e+03 3.92294707e+03
6.16368372e-07 3.07751964e+03 3.91402263e+03
6.16799476e-07 2.39817816e+03 3.82551353e+03
6.17230580e-07 2.88478380e+03 4.12455608e+03
6.17661683e-07 2.91795841e+03 4.05167133e+03
6.18092787e-07 2.43792366e+03 3.72391423e+03
6.18523891e-07 2.89077199e+03 3.81799102e+03
6.18954994e-07 3.12263641e+03 3.92668770e+03
6.19386098e-07 2.78706591e+03 3.79873930e+03
6.19817201e-07 2.93966777e+03 3.90947826e+03
6.20248305e-07 2.97195156e+03 4.07004068e+03
6.20679409e-07 3.46838162e+03 4.28654630e+03
6.21110512e-07 2.67263255e+03 3.83693149e+03
6.21541616e-07 2.85310621e+03 3.92975051e+03
6.21972719e-07 3.25152705e+03 4.15573240e+03
6.22403823e-07 3.03448202e+03 4.18461377e+03
6.22834927e-07 2.99453292e+03 4.11040703e+03
6.23266030e-07 3.18403133e+03 5.01225301e+03
6.23697134e-07 3.05325690e+03 5.98219182e+03
6.24128238e-07 3.25380117e+03 5.86409079e+03
6.24559341e-07 3.66830217e+03 5.07774979e+03
6.24990445e-07 3.57127237e+03 4.41558251e+03
6.25421548e-07 2.60673514e+03 4.40528940e+03
6.25852652e-07 3.04794205e+03 5.54754185e+03
6.26283756e-07 3.48073516e+03 5.55711143e+03
6.26714859e-07 3.16388095e+03 4.92172307e+03
6.27145963e-07 3.43681978e+03 4.56962964e+03
6.27577066e-07 2.68290644e+03 3.97642824e+03
6.28008170e-07 2.58749199e+03 3.91066600e+03
6.28439274e-07 2.74885569e+03 4.46824773e+03
6.28870377e-07 3.16481025e+03 5.10217730e+03
6.29301481e-07 2.82456027e+03 5.94663050e+03
6.29732585e-07 1.90365591e+03 1.46283918e+04
6.30163688e-07 3.57608492e+03 2.53304859e+04
6.30594792e-07 5.70379445e+03 1.94976935e+04
6.31025895e-07 4.65748561e+03 8.67836522e+03
6.31456999e-07 3.45247983e+03 4.76392707e+03
6.31888103e-07 3.07214602e+03 4.15492828e+03
6.32319206e-07 3.43558062e+03 4.57701140e+03
6.32750310e-07 3.23360624e+03 5.04583147e+03
6.33181413e-07 2.97692883e+03 5.12046438e+03
6.33612517e-07 2.71710035e+03 4.34685685e+03
6.34043621e-07 2.85435904e+03 3.84202405e+03
6.34474724e-07 2.75925939e+03 3.85314972e+03
6.34905828e-07 3.18586544e+03 4.27915190e+03
6.35336932e-07 3.44293944e+03 4.61408568e+03
6.35768035e-07 3.38282072e+03 5.81682171e+03
6.36199139e-07 2.86015685e+03 9.09451239e+03
6.36630242e-07 3.15157486e+03 1.05435704e+04
6.37061346e-07 3.51184330e+03 7.01849792e+03
6.37492450e-07 3.15579314e+03 4.28517177e+03
6.37923553e-07 3.13652088e+03 4.00132185e+03
6.38354657e-07 2.98827097e+03 4.23670933e+03
6.38785761e-07 2.82431444e+03 4.14607409e+03
6.39216864e-07 2.93771315e+03 3.90988999e+03
6.39647968e-07 3.45520371e+03 3.84601259e+03
6.40079071e-07 3.39276882e+03 3.76550528e+03
6.40510175e-07 3.18489243e+03 3.66332554e+03
6.40941279e-07 2.98760952e+03 3.57372562e+03
6.41372382e-07 2.50943163e+03 3.49596943e+03
6.41803486e-07 2.50777340e+03 3.60512839e+03
6.42234589e-07 3.23555913e+03 3.84789387e+03
6.42665693e-07 3.52432163e+03 3.80773664e+03
6.43096797e-07 3.33022623e+03 3.66600942e+03
6.43527900e-07 3.09446570e+03 3.53335586e+03
6.43959004e-07 2.93371068e+03 3.49692773e+03
6.44390108e-07 3.30621684e+03 3.57077200e+03
6.44821211e-07 3.16031465e+03 3.62636462e+03
6.45252315e-07 2.93857896e+03 3.74011031e+03
6.45683418e-07 3.45140822e+03 3.91437508e+03
6.46114522e-07 3.27064917e+03 4.27860614e+03
6.46545626e-07 3.11513320e+03 4.97575914e+03
6.46976729e-07 3.32631767e+03 5.30636030e+03
6.47407833e-07 3.50745582e+03 4.89192294e+03
6.47838936e-07 3.56157501e+03 4.27439866e+03
6.48270040e-07 3.34599410e+03 3.79619526e+03
6.48701144e-07 3.02738679e+03 3.49838322e+03
6.49132247e-07 2.95252135e+03 3.50067553e+03
6.49563351e-07 2.84210225e+03 4.44920883e+03
6.49994455e-07 2.82504384e+03 5.56979109e+03
6.50425558e-07 3.50068044e+03 5.46350081e+03
6.50856662e-07 3.46100725e+03 4.55294937e+03
6.51287765e-07 3.41784390e+03 3.98575868e+03
6.51718869e-07 3.13248885e+03 3.71245552e+03
6.52149973e-07 3.21537481e+03 3.94048175e+03
6.52581076e-07 3.60429740e+03 4.21554704e+03
6.53012180e-07 3.21184768e+03 4.60826323e+03
6.53443283e-07 3.45535918e+03 5.11961733e+03
6.53874387e-07 4.00940856e+03 4.86570674e+03
6.54305491e-07 3.90087790e+03 4.52420464e+03
6.54736594e-07 3.53058655e+03 4.48367437e+03
6.55167698e-07 2.86923241e+03 4.97209594e+03
6.55598802e-07 3.26661670e+03 5.31668465e+03
6.56029905e-07 3.78365914e+03 4.69049686e+03
6.56461009e-07 3.57993924e+03 4.11122826e+03
6.56892112e-07 3.13684401e+03 4.15895310e+03
6.57323216e-07 3.29399801e+03 4.50464989e+03
6.57754320e-07 3.28591843e+03 4.97749824e+03
6.58185423e-07 3.61185406e+03 4.80295101e+03
6.58616527e-07 3.75226552e+03 4.05853050e+03
6.59047630e-07 3.59923437e+03 3.80034017e+03
6.59478734e-07 3.25172457e+03 3.84144483e+03
6.59909838e-07 2.99483355e+03 3.92608992e+03
6.60340941e-07 3.40754343e+03 4.33602522e+03
6.60772045e-07 3.59034578e+03 4.38431660e+03
6.61203149e-07 3.52674752e+03 3.83329191e+03
6.61634252e-07 3.40239767e+03 3.60488300e+03
6.62065356e-07 3.69019252e+03 3.71183571e+03
6.62496459e-07 3.60412210e+03 3.72786989e+03
6.62927563e-07 3.40016984e+03 3.84698746e+03
6.63358667e-07 3.27293736e+03 3.91883271e+03
6.63789770e-07 3.29412266e+03 3.82692757e+03
6.64220874e-07 3.66204792e+03 3.75311661e+03
6.64651978e-07 3.58334980e+03 3.61396991e+03
6.65083081e-07 3.06416352e+03 3.45560214e+03
6.65514185e-07 3.15604046e+03 3.51537360e+03
6.65945288e-07 3.45748521e+03 3.67206975e+03
6.66376392e-07 3.39657209e+03 3.70573285e+03
6.66807496e-07 3.52692024e+03 3.78543668e+03
6.67238599e-07 3.18779516e+03 3.58727166e+03
6.67669703e-07 3.32691853e+03 3.49441269e+03
6.68100806e-07 3.45443501e+03 3.55105253e+03
6.68531910e-07 3.39428891e+03 3.55669404e+03
6.68963014e-07 3.45429573e+03 3.61074267e+03
6.69394117e-07 3.21150775e+03 3.50390709e+03
6.69825221e-07 3.19776728e+03 3.56262980e+03
6.70256325e-07 3.34431846e+03 3.67989316e+03
6.70687428e-07 3.42655367e+03 3.65919419e+03
6.71118532e-07 3.24372295e+03 3.58707673e+03
6.71549635e-07 3.11064155e+03 3.52736810e+03
6.71980739e-07 3.41603915e+03 3.60245984e+03
6.72411843e-07 3.39521946e+03 3.61052989e+03
6.72842946e-07 3.31552249e+03 3.58917940e+03
6.73274050e-07 3.17382641e+03 3.52708654e+03
6.73705153e-07 3.38022585e+03 3.59852220e+03
6.74136257e-07 3.21972238e+03 3.58876423e+03
6.74567361e-07 2.93006416e+03 3.52305722e+03
6.74998464e-07 3.24256377e+03 3.56791721e+03
6.75429568e-07 3.28902976e+03 3.54739748e+03
6.75860672e-07 3.61532781e+03 3.60174672e+03
6.76291775e-07 3.27921607e+03 3.51061941e+03
6.76722879e-07 2.93940093e+03 3.40610889e+03
6.77153982e-07 3.13329211e+03 3.45131972e+03
6.77585086e-07 3.42795367e+03 3.58230751e+03
6.78016190e-07 3.49732700e+03 3.60651255e+03
6.78447293e-07 3.64180387e+03 3.64407550e+03
6.78878397e-07 3.21481717e+03 3.59008122e+03
6.79309500e-07 3.29641652e+03 3.55619675e+03
6.79740604e-07 3.54678919e+03 3.56568629e+03
6.80171708e-07 3.59292787e+03 3.61771658e+03
6.80602811e-07 3.47085692e+03 3.64385014e+03
6.81033915e-07 3.65681073e+03 3.64216979e+03
6.81465019e-07 3.48874957e+03 3.59975095e+03
6.81896122e-07 2.97771904e+03 3.45739383e+03
6.82327226e-07 2.97903965e+03 4.12325607e+03
6.82758329e-07 3.44583729e+03 6.57085410e+03
6.83189433e-07 2.58154542e+03 8.33670525e+03
6.83620537e-07 3.73866136e+03 8.00266282e+03
6.84051640e-07 3.26220733e+03 5.84507421e+03
6.84482744e-07 3.57305648e+03 4.60105118e+03
6.84913848e-07 3.39050285e+03 3.96897268e+03
6.85344951e-07 3.49618398e+03 3.75372170e+03
6.85776055e-07 3.12479335e+03 4.33752911e+03
6.86207158e-07 2.07186478e+03 6.72292083e+03
6.86638262e-07 2.91254836e+03 8.36986721e+03
6.87069366e-07 1.90570743e+03 5.34894477e+03
6.87500469e-07 2.06430654e+03 3.48091604e+03
6.87931573e-07 2.61976003e+03 3.69238868e+03
6.88362676e-07 3.04217257e+03 4.18808794e+03
6.88793780e-07 2.81645734e+03 4.41062633e+03
6.89224884e-07 2.90803437e+03 4.42549376e+03
6.89655987e-07 2.94395414e+03 4.04683976e+03
6.90087091e-07 2.49942233e+03 3.84487687e+03
6.90518195e-07 3.07316760e+03 4.09126161e+03
6.90949298e-07 2.63438159e+03 4.26669606e+03
6.91380402e-07 2.94968292e+03 5.03955109e+03
6.91811505e-07 2.87560585e+03 5.04657050e+03
6.92242609e-07 3.10172380e+03 5.89058770e+03
6.92673713e-07 3.10609589e+03 5.77288801e+03
6.93104816e-07 3.41619766e+03 4.31870476e+03
6.93535920e-07 2.63156593e+03 3.85605782e+03
6.93967023e-07 2.60606602e+03 4.59940470e+03
6.94398127e-07 2.93972417e+03 5.09757454e+03
6.94829231e-07 3.15590854e+03 6.16362547e+03
6.95260334e-07 2.71745633e+03 6.08391116e+03
6.95691438e-07 2.39772678e+03 4.32716267e+03
6.96122542e-07 2.94940674e+03 3.83876171e+03
6.96553645e-07 2.83858395e+03 4.06781043e+03
6.96984749e-07 3.17877790e+03 4.81738619e+03
6.97415852e-07 3.05660182e+03 5.20408632e+03
6.97846956e-07 3.21266491e+03 6.01504845e+03
6.98278060e-07 3.70920238e+03 5.78696715e+03
6.98709163e-07 3.27975010e+03 4.21398499e+03
6.99140267e-07 3.01638894e+03 3.69774538e+03
6.99571370e-07 3.26857476e+03 3.81539912e+03
7.00002474e-07 3.03522363e+03 3.97743902e+03
7.00433578e-07 2.86671631e+03 4.25793586e+03
7.00864681e-07 3.38931051e+03 4.74160867e+03
7.01295785e-07 3.22093657e+03 4.71936723e+03
7.01726889e-07 3.12788658e+03 4.11085967e+03
7.02157992e-07 3.02873063e+03 3.61413062e+03
7.02589096e-07 3.00139855e+03 3.53394268e+03
7.03020199e-07 2.42089424e+03 3.45689761e+03
7.03451303e-07 3.24451028e+03 3.76855414e+03
7.03882407e-07 3.55272753e+03 3.97851559e+03
7.04313510e-07 2.76678802e+03 4.12565480e+03
7.04744614e-07 3.58479477e+03 4.87765481e+03
7.05175717e-07 3.29819098e+03 4.76559517e+03
7.05606821e-07 3.68447428e+03 4.42949525e+03
7.06037925e-07 2.94836179e+03 3.96626038e+03
7.06469028e-07 3.20073611e+03 4.26956153e+03
7.06900132e-07 3.30657961e+03 4.31673239e+03
7.07331236e-07 3.17334187e+03 4.25470788e+03
7.07762339e-07 3.57853033e+03 4.40399805e+03
7.08193443e-07 3.59399335e+03 4.42705404e+03
7.08624546e-07 3.45244862e+03 4.47793485e+03
7.09055650e-07 4.28696292e+03 4.77732133e+03
7.09486754e-07 6.99168530e+03 5.56072761e+03
7.09917857e-07 7.19514743e+03 5.48000085e+03
7.10348961e-07 4.51366257e+03 4.34650859e+03
7.10780065e-07 3.33412270e+03 3.91194493e+03
7.11211168e-07 3.26309992e+03 3.96416496e+03
7.11642272e-07 4.77159917e+03 4.51462054e+03
7.12073375e-07 4.99858600e+03 4.61983464e+03
7.12504479e-07 3.98491799e+03 4.30409336e+03
7.12935583e-07 3.27001169e+03 4.23104918e+03
7.13366686e-07 2.50900895e+03 3.95012684e+03
7.13797790e-07 3.24282256e+03 4.22161698e+03
7.14228893e-07 3.70638332e+03 4.58701138e+03
7.14659997e-07 2.77656431e+03 4.46629083e+03
7.15091101e-07 3.04877511e+03 4.29164039e+03
7.15522204e-07 3.58939554e+03 4.24993861e+03
7.15953308e-07 3.20535722e+03 4.11725217e+03
7.16384412e-07 2.84540064e+03 4.07707879e+03
7.16815515e-07 3.24555162e+03 4.08087000e+03
7.17246619e-07 2.82289030e+03 3.76842003e+03
7.17677722e-07 2.58943586e+03 3.64779034e+03
7.18108826e-07 2.42579277e+03 3.57126486e+03
7.18539930e-07 2.11063656e+03 3.31472882e+03
7.18971033e-07 2.28429590e+03 3.25583389e+03
7.19402137e-07 2.27120810e+03 3.23329134e+03
7.19833240e-07 2.04749364e+03 3.11875893e+03
7.20264344e-07 2.46121304e+03 3.28339453e+03
7.20695448e-07 2.68778055e+03 3.40846922e+03
7.21126551e-07 2.94401363e+03 3.56691772e+03
7.21557655e-07 3.03762040e+03 3.66411279e+03
7.21988759e-07 2.92876801e+03 3.73996473e+03
7.22419862e-07 2.87702361e+03 3.90386687e+03
7.22850966e-07 2.84163474e+03 3.89527120e+03
7.23282069e-07 2.56883664e+03 4.18973926e+03
7.23713173e-07 2.91467555e+03 7.77886115e+03
7.24144277e-07 2.12007377e+03 1.32206913e+04
7.24575380e-07 1.91314229e+03 1.41460596e+04
7.25006484e-07 2.68314134e+03 9.46248971e+03
7.25437587e-07 2.89276180e+03 5.99489631e+03
7.25868691e-07 2.86312592e+03 4.78435101e+03
7.26299795e-07 3.44306896e+03 4.36899757e+03
7.26730898e-07 3.36109659e+03 4.41411269e+03
7.27162002e-07 2.86917205e+03 6.35170756e+03
7.27593106e-07 2.10372735e+03 1.11975818e+04
7.28024209e-07 2.58083693e+03 1.20276995e+04
7.28455313e-07 2.97439858e+03 1.01151783e+04
7.28886416e-07 2.16215983e+03 7.33171899e+03
7.29317520e-07 2.35070405e+03 5.25355831e+03
7.29748624e-07 2.25176163e+03 5.19641024e+03
7.30179727e-07 2.83187304e+03 6.03451753e+03
7.30610831e-07 2.27998833e+03 5.98013570e+03
7.31041935e-07 2.92348776e+03 6.36020447e+03
7.31473038e-07 2.50237879e+03 1.02217358e+04
7.31904142e-07 1.62916968e+03 1.14778564e+04
7.32335245e-07 4.18889503e+03 8.25098210e+03
7.32766349e-07 3.78104404e+03 7.37609365e+03
7.33197453e-07 2.48170155e+03 7.45029975e+03
7.33628556e-07 3.11083073e+03 8.51086544e+03
7.34059660e-07 1.87220807e+03 1.33025037e+04
7.34490763e-07 1.93328077e+03 1.26491181e+04
7.34921867e-07 3.91218198e+03 7.04533100e+03
7.35352971e-07 3.35804197e+03 5.68782984e+03
7.35784074e-07 2.75985581e+03 7.23380223e+03
7.36215178e-07 3.29783718e+03 7.88971996e+03
7.36646282e-07 4.20411350e+03 8.84479280e+03
7.37077385e-07 2.46434089e+03 1.06099707e+04
7.37508489e-07 3.36052542e+03 8.19437055e+03
7.37939592e-07 3.18729964e+03 5.00946416e+03
7.38370696e-07 2.79201949e+03 4.34634790e+03
7.38801800e-07 3.60851207e+03 5.44838208e+03
7.39232903e-07 2.70164445e+03 6.51845521e+03
7.39664007e-07 2.54510402e+03 7.17723919e+03
7.40095110e-07 2.78191958e+03 8.99376653e+03
7.40526214e-07 2.97563871e+03 9.11353539e+03
7.40957318e-07 3.85639283e+03 6.05033708e+03
7.41388421e-07 2.94079048e+03 4.52705165e+03
7.41819525e-07 2.78676294e+03 4.41310588e+03
7.42250629e-07 2.86256096e+03 4.38116349e+03
7.42681732e-07 2.68025759e+03 4.89729590e+03
7.43112836e-07 2.68731916e+03 5.72997671e+03
7.43543939e-07 3.16108098e+03 6.66391078e+03
7.43975043e-07 2.65696712e+03 7.15800200e+03
7.44406147e-07 3.47303270e+03 6.14410620e+03
7.44837250e-07 3.46268381e+03 4.78093710e+03
7.45268354e-07 3.47810928e+03 4.50803762e+03
7.45699457e-07 3.30845648e+03 4.56014133e+03
7.46130561e-07 2.93788156e+03 5.03747174e+03
7.46561665e-07 2.92156534e+03 6.00126943e+03
7.46992768e-07 3.57365195e+03 7.35416635e+03
7.47423872e-07 3.46065481e+03 8.32695081e+03
7.47854976e-07 3.53156464e+03 8.49599801e+03
7.48286079e-07 3.26896934e+03 8.95179584e+03
7.48717183e-07 3.67274639e+03 7.60328346e+03
7.49148286e-07 3.80498383e+03 5.92235895e+03
7.49579390e-07 3.53419590e+03 5.44703511e+03
7.50010494e-07 3.36656092e+03 4.98987294e+03
7.50441597e-07 3.65755066e+03 4.71677371e+03
7.50872701e-07 3.38718077e+03 4.49160656e+03
7.51303804e-07 3.25392234e+03 4.45882076e+03
7.51734908e-07 4.06032786e+03 6.00573460e+03
7.52166012e-07 4.01208953e+03 9.72698124e+03
7.52597115e-07 2.88795170e+03 1.24615481e+04
7.53028219e-07 3.85724172e+03 1.03141905e+04
7.53459323e-07 4.04255005e+03 7.11564205e+03
7.53890426e-07 3.77674102e+03 5.71574806e+03
7.54321530e-07 3.09082932e+03 5.09025962e+03
7.54752633e-07 3.11558202e+03 4.68393317e+03
7.55183737e-07 3.62810483e+03 5.00565212e+03
7.55614841e-07 3.24258237e+03 5.74116963e+03
7.56045944e-07 2.53060930e+03 5.77317338e+03
7.56477048e-07 4.01028915e+03 5.78368497e+03
7.56908152e-07 3.03300319e+03 7.78578526e+03
7.57339255e-07 2.24563652e+03 9.96549637e+03
7.57770359e-07 3.78300104e+03 7.79918967e+03
7.58201462e-07 4.21969644e+03 5.91835311e+03
7.58632566e-07 3.02960533e+03 6.33824033e+03
7.59063670e-07 2.98908218e+03 5.73883060e+03
7.59494773e-07 2.79825958e+03 4.51666230e+03
7.59925877e-07 1.71494468e+03 3.93400825e+03
7.60356980e-07 8.79651903e+02 3.04219592e+03
7.60788084e-07 6.09195896e+02 2.33525024e+03
7.61219188e-07 1.13590389e+03 2.79683657e+03
7.61650291e-07 1.53598393e+03 4.08408818e+03
7.62081395e-07 1.93054629e+03 4.99143272e+03
7.62512499e-07 2.19111060e+03 4.57133614e+03
7.62943602e-07 1.61930187e+03 4.48566126e+03
7.63374706e-07 2.10459413e+03 4.06636859e+03
7.63805809e-07 2.08150764e+03 3.48409579e+03
7.64236913e-07 1.98588311e+03 3.39301110e+03
7.64668017e-07 1.85085241e+03 3.44775190e+03
7.65099120e-07 1.99477323e+03 3.94782711e+03
7.65530224e-07 2.10562254e+03 4.43768414e+03
7.65961327e-07 2.42274803e+03 5.17357213e+03
7.66392431e-07 2.52545710e+03 5.75907045e+03
7.66823535e-07 3.24594058e+03 5.16251313e+03
7.67254638e-07 3.13377044e+03 4.44670775e+03
7.67685742e-07 2.78012830e+03 4.32135821e+03
7.68116846e-07 2.59369504e+03 4.33523075e+03
7.68547949e-07 2.58753494e+03 4.89843976e+03
7.68979053e-07 3.17228367e+03 5.34847754e+03
7.69410156e-07 2.87841652e+03 5.40466091e+03
7.69841260e-07 2.56596366e+03 5.38680948e+03
7.70272364e-07 2.79216270e+03 5.40927489e+03
7.70703467e-07 4.54543978e+03 6.97868226e+03
7.71134571e-07 3.52501711e+03 1.46896938e+04
7.71565674e-07 1.11946981e+03 2.35476489e+04
7.71996778e-07 4.47491497e+03 2.06176247e+04
7.72427882e-07 5.51108785e+03 1.27211665e+04
7.72858985e-07 3.57683595e+03 8.86244719e+03
7.73290089e-07 3.02237285e+03 6.44414378e+03
7.73721193e-07 3.01712734e+03 5.79990494e+03
7.74152296e-07 3.63760253e+03 5.82387060e+03
7.74583400e-07 5.19351529e+03 9.62453474e+03
7.75014503e-07 2.10926225e+03 1.87306867e+04
7.75445607e-07 2.89759461e+03 1.96890913e+04
7.75876711e-07 5.63913904e+03 1.39647473e+04
7.76307814e-07 3.85532708e+03 1.06725625e+04
7.76738918e-07 4.83460580e+03 8.10598770e+03
7.77170022e-07 2.60830135e+03 9.38436682e+03
7.77601125e-07 3.34354305e+03 1.16201178e+04
7.78032229e-07 3.60438849e+03 1.05495436e+04
7.78463332e-07 3.66898076e+03 8.34496920e+03
7.78894436e-07 5.66572596e+03 9.52900842e+03
7.79325540e-07 2.99373179e+03 1.53087456e+04
7.79756643e-07 2.18338749e+03 1.52566008e+04
7.80187747e-07 5.83941303e+03 9.25307480e+03
7.80618850e-07 3.81231497e+03 8.64408779e+03
7.81049954e-07 2.57732291e+03 1.01096867e+04
7.81481058e-07 5.29250060e+03 9.31638398e+03
7.81912161e-07 4.55746272e+03 1.43645209e+04
7.82343265e-07 2.65788871e+03 1.89764457e+04
7.82774369e-07 5.37366053e+03 1.23172070e+04
7.83205472e-07 4.68385711e+03 6.64683629e+03
7.83636576e-07 4.84417933e+03 6.75373411e+03
7.84067679e-07 2.98895033e+03 8.71149714e+03
7.84498783e-07 4.51102299e+03 9.67584529e+03
7.84929887e-07 5.67264705e+03 1.33391364e+04
7.85360990e-07 2.47972467e+03 2.08896313e+04
7.85792094e-07 4.63786093e+03 2.06339463e+04
7.86223197e-07 4.12919203e+03 1.47264083e+04
7.86654301e-07 5.84525917e+03 1.31980078e+04
7.87085405e-07 3.02965311e+03 1.37665972e+04
7.87516508e-07 4.31686725e+03 1.22196445e+04
7.87947612e-07 4.06245983e+03 1.13285941e+04
7.88378716e-07 4.81564755e+03 1.13343752e+04
7.88809819e-07 4.21074235e+03 1.27140831e+04
7.89240923e-07 3.95772393e+03 1.27388967e+04
7.89672026e-07 3.86683013e+03 8.19405875e+03
7.90103130e-07 2.99530071e+03 5.36893830e+03
7.90534234e-07 4.32993178e+03 5.98992883e+03
7.90965337e-07 5.73297688e+03 1.21734872e+04
7.91396441e-07 5.80191284e+02 2.23685270e+04
7.91827544e-07 3.56001544e+03 2.24462549e+04
7.92258648e-07 4.88341287e+03 1.63525042e+04
7.92689752e-07 6.17152480e+03 1.16675325e+04
7.93120855e-07 3.56684162e+03 1.06483028e+04
7.93551959e-07 2.92361023e+03 9.23158529e+03
7.93983063e-07 3.98623040e+03 6.32081640e+03
7.94414166e-07 4.88670380e+03 6.44067358e+03
7.94845270e-07 2.13529144e+03 8.53470553e+03
7.95276373e-07 6.66178644e+03 8.34831279e+03
7.95707477e-07 2.94922880e+03 4.37305330e+03
