1.00510000e-01
3.65874000e-07 9.40622993e+01 7.70043573e+01
3.66305055e-07 1.15315552e+02 3.23283318e+01
3.66736109e-07 8.93738496e+01 6.69135188e+01
3.67598219e-07 2.80488762e+01 5.76642181e+01
3.68029274e-07 5.00297388e+01 3.81313343e+01
3.68460328e-07 6.85582313e+01 3.04543266e+01
3.68891383e-07 9.08656329e+01 3.66340047e+01
3.69322438e-07 1.29911058e+02 5.04940310e+01
3.69753493e-07 1.01434646e+02 5.92631318e+01
3.70184547e-07 9.80962647e+01 8.44350959e+01
3.70615602e-07 1.27268980e+02 1.01008081e+02
3.71046657e-07 1.66721212e+02 6.89637516e+01
3.71477712e-07 8.32469961e+01 5.79649780e+01
3.71908766e-07 3.41992591e+01 5.46214186e+01
3.72770876e-07 8.93974068e+01 6.18145990e+01
3.73201931e-07 1.50938124e+02 9.59272439e+01
3.73632985e-07 1.36155555e+02 1.19746998e+02
3.74064040e-07 2.03504915e+01 1.20453942e+02
3.74495095e-07 4.57895177e+01 1.20639595e+02
3.74926150e-07 9.95034387e+01 1.25131094e+02
3.75357204e-07 3.37329634e+01 9.47250570e+01
3.75788259e-07 1.33941537e+02 8.12234256e+01
3.76219314e-07 1.26237450e+02 7.70167622e+01
3.76650369e-07 1.23905741e+02 7.59752915e+01
3.77081423e-07 8.68395785e+01 7.07611411e+01
3.77512478e-07 1.18660055e+02 8.88207003e+01
3.77943533e-07 1.86436202e+02 1.01981842e+02
3.78374587e-07 1.03297724e+02 9.62285146e+01
3.78805642e-07 1.09264394e+02 8.44112589e+01
3.79236697e-07 6.02666788e+01 8.93505477e+01
3.79667752e-07 3.17412031e+01 9.34386892e+01
3.80098806e-07 7.56794792e+01 9.08246174e+01
3.80529861e-07 1.04226695e+02 8.10124490e+01
3.80960916e-07 1.31961623e+02 8.91830118e+01
3.81391971e-07 1.30891046e+02 8.90628443e+01
3.81823025e-07 1.05233734e+02 9.41347227e+01
3.82254080e-07 1.50155080e+02 9.87347584e+01
3.82685135e-07 1.25049129e+02 1.20723719e+02
3.83116190e-07 1.57661580e+02 1.41636253e+02
3.83547244e-07 9.31591976e+01 1.22386168e+02
3.83978299e-07 5.52635689e+01 1.41062411e+02
3.84409354e-07 1.48758830e+02 1.25378615e+02
3.84840409e-07 1.38845069e+02 1.33744943e+02
3.85271463e-07 1.14811681e+02 1.02576738e+02
3.85702518e-07 1.10337431e+02 9.36984103e+01
3.86133573e-07 2.08956401e+02 7.21820662e+01
3.86564628e-07 1.13928874e+02 9.30895723e+01
3.86995682e-07 7.98072269e+01 9.78896992e+01
3.87426737e-07 6.42042184e+01 7.27105606e+01
3.87857792e-07 6.79816682e+01 8.20448552e+01
3.88288847e-07 5.11003218e+01 8.07297366e+01
3.88719901e-07 8.96377531e+00 7.71556128e+01
3.89150956e-07 1.01652863e+02 8.88661146e+01
3.89582011e-07 1.53446177e+02 9.70785618e+01
3.90013065e-07 1.40914667e+02 1.17194770e+02
3.90444120e-07 1.33455209e+02 1.37025347e+02
3.90875175e-07 6.53611942e+01 1.57585956e+02
3.91306230e-07 7.61725758e+01 1.51651484e+02
3.91737284e-07 1.26748150e+02 1.39295503e+02
3.92168339e-07 1.05747789e+02 1.43180045e+02
3.92599394e-07 1.09824411e+02 1.10799186e+02
3.93030449e-07 7.48402843e+01 6.36374354e+01
3.93461503e-07 8.18757593e+01 8.72859995e+01
3.93892558e-07 5.86609806e+01 1.23439034e+02
3.94323613e-07 1.32639673e+02 1.53940841e+02
3.94754668e-07 8.66448899e+01 1.46652340e+02
3.95185722e-07 1.11265852e+02 1.39071962e+02
3.95616777e-07 1.04257752e+02 1.43127886e+02
3.96047832e-07 5.90435959e+01 1.11803608e+02
3.96478887e-07 8.26435744e+01 1.06173729e+02
3.96909941e-07 1.48112900e+02 9.04462337e+01
3.97340996e-07 1.19194138e+02 1.31632373e+02
3.97772051e-07 2.77865030e+01 1.45269712e+02
3.98203106e-07 1.23995953e+02 1.43903891e+02
3.98634160e-07 5.86307167e+01 1.84526864e+02
3.99065215e-07 1.50869364e+02 1.64424540e+02
3.99496270e-07 6.46830657e+01 1.55668463e+02
3.99927325e-07 6.38614569e+01 1.69981703e+02
4.00358379e-07 1.31051868e+02 1.67972633e+02
4.00789434e-07 9.76391534e+01 1.74463091e+02
4.01220489e-07 1.13306950e+02 2.15444139e+02
4.01651543e-07 6.29672329e+01 2.02991011e+02
4.02082598e-07 1.00686433e+02 2.02020303e+02
4.02513653e-07 1.39899172e+02 1.91220876e+02
4.02944708e-07 1.99907394e+02 1.59800726e+02
4.03375762e-07 1.02487199e+02 1.75740499e+02
4.03806817e-07 1.89951447e+02 1.76649415e+02
4.04237872e-07 1.79512894e+02 2.00628002e+02
4.04668927e-07 1.05972291e+02 2.16172729e+02
4.05099981e-07 1.26796145e+02 2.10777247e+02
4.05531036e-07 2.09940719e+02 2.05075449e+02
4.05962091e-07 2.85094554e+02 2.06559764e+02
4.06393146e-07 1.75551134e+02 2.29982121e+02
4.06824200e-07 1.01807575e+02 2.48869331e+02
4.07255255e-07 2.00095798e+02 2.33791564e+02
4.07686310e-07 9.49709340e+01 2.22370134e+02
4.08117365e-07 1.38055710e+02 2.22791818e+02
4.08548419e-07 1.35577718e+02 2.26436436e+02
4.08979474e-07 7.31308381e+01 2.16754770e+02
4.09410529e-07 1.68321619e+02 2.14425550e+02
4.09841584e-07 3.08191981e+02 1.85166690e+02
4.10272638e-07 3.69904396e+02 1.75035783e+02
4.10703693e-07 2.55337073e+02 1.71374774e+02
4.11134748e-07 1.74909663e+02 1.75023095e+02
4.11565803e-07 1.89678222e+02 1.92237094e+02
4.11996857e-07 2.09562843e+02 2.02224351e+02
4.12427912e-07 7.60589507e+01 2.12250518e+02
4.12858967e-07 1.28688339e+02 2.21862246e+02
4.13290022e-07 1.33874405e+02 2.31581117e+02
4.13721076e-07 1.69257588e+02 2.04255395e+02
4.14152131e-07 9.77946887e+01 2.22110147e+02
4.14583186e-07 1.59757418e+02 2.27737079e+02
4.15014240e-07 1.30159439e+02 2.25861264e+02
4.15445295e-07 1.85290880e+02 2.47329731e+02
4.15876350e-07 2.42642368e+02 2.86081507e+02
4.16307405e-07 1.33883448e+02 2.91004328e+02
4.16738459e-07 2.09944478e+02 2.73618458e+02
4.17169514e-07 1.92272403e+02 3.01917983e+02
4.17600569e-07 4.50214900e+01 3.00186316e+02
4.18031624e-07 1.60700955e+02 2.97753120e+02
4.18462678e-07 8.67179905e+01 2.65875548e+02
4.18893733e-07 1.50602332e+02 2.57864340e+02
4.19324788e-07 2.65792129e+02 2.05259067e+02
4.19755843e-07 2.71662899e+02 2.07298969e+02
4.20186897e-07 1.96841200e+02 1.99971346e+02
4.20617952e-07 2.12657268e+02 2.38072681e+02
4.21049007e-07 2.13868758e+02 2.34649298e+02
4.21480062e-07 1.00658782e+02 2.28386203e+02
4.21911116e-07 1.32962619e+02 2.19172256e+02
4.22342171e-07 1.65419921e+02 2.24129846e+02
4.22773226e-07 1.24900560e+02 1.87355715e+02
4.23204281e-07 1.76428653e+02 2.12810564e+02
4.23635335e-07 1.76932863e+02 2.20754722e+02
4.24066390e-07 2.40459254e+02 2.53108081e+02
4.24497445e-07 2.00694572e+02 2.42662106e+02
4.24928500e-07 2.85398439e+02 2.51647711e+02
4.25359554e-07 2.80501790e+02 2.61791150e+02
4.25790609e-07 2.56795863e+02 2.46616313e+02
4.26221664e-07 2.22098511e+02 2.65831218e+02
4.26652718e-07 2.59219671e+02 2.46391922e+02
4.27083773e-07 2.91066613e+02 2.55225343e+02
4.27514828e-07 2.61811251e+02 2.60245972e+02
4.27945883e-07 2.62846670e+02 2.43221672e+02
4.28376937e-07 2.63133074e+02 2.51107241e+02
4.28807992e-07 2.46649163e+02 2.43433984e+02
4.29239047e-07 2.06807313e+02 2.51671770e+02
4.29670102e-07 1.74320319e+02 2.63292059e+02
4.30101156e-07 3.26562332e+02 2.29336187e+02
4.30532211e-07 1.73315875e+02 2.59492034e+02
4.30963266e-07 1.83542961e+02 2.59904948e+02
4.31394321e-07 2.99355748e+02 2.98479684e+02
4.31825375e-07 3.45934055e+02 2.89603812e+02
4.32256430e-07 2.46790998e+02 3.01186283e+02
4.32687485e-07 1.66818548e+02 2.68906258e+02
4.33118540e-07 2.47623546e+02 2.67832816e+02
4.33549594e-07 3.29770562e+02 2.57122558e+02
4.33980649e-07 2.26687280e+02 2.78255157e+02
4.34411704e-07 2.59381086e+02 2.90215439e+02
4.34842759e-07 1.73102937e+02 2.99954093e+02
4.35273813e-07 2.29647053e+02 2.88173337e+02
4.35704868e-07 2.48419775e+02 3.05789462e+02
4.36135923e-07 2.58368804e+02 2.71511553e+02
4.36566978e-07 1.27003799e+02 2.94404377e+02
4.36998032e-07 1.68540319e+02 3.31422735e+02
4.37429087e-07 1.75763147e+02 3.34856010e+02
4.37860142e-07 2.81616824e+02 2.91480280e+02
4.38291196e-07 2.34434774e+02 2.85533322e+02
4.38722251e-07 3.09990246e+02 2.77472319e+02
4.39153306e-07 2.13249745e+02 3.08647034e+02
4.39584361e-07 2.37483142e+02 3.22344094e+02
4.40015415e-07 2.65834421e+02 3.66190879e+02
4.40446470e-07 3.21192203e+02 3.58125169e+02
4.40877525e-07 2.31373564e+02 4.08881480e+02
4.41308580e-07 3.34321555e+02 4.61442342e+02
4.41739634e-07 3.57003199e+02 4.47393168e+02
4.42170689e-07 3.21723464e+02 4.01575677e+02
4.42601744e-07 3.96853322e+02 4.01958026e+02
4.43032799e-07 3.70185576e+02 3.82675630e+02
4.43463853e-07 3.07097697e+02 3.83075485e+02
4.43894908e-07 4.38562348e+02 3.53355351e+02
4.44325963e-07 2.66852516e+02 3.91832974e+02
4.44757018e-07 2.13468970e+02 3.93698937e+02
4.45188072e-07 3.87736250e+02 3.16591670e+02
4.45619127e-07 5.22863330e+02 3.06123072e+02
4.46050182e-07 2.90787946e+02 3.19337704e+02
4.46481237e-07 2.74957454e+02 3.52840907e+02
4.46912291e-07 2.92350113e+02 3.55326489e+02
4.47343346e-07 3.69663261e+02 3.52682536e+02
4.47774401e-07 2.87951431e+02 3.57508640e+02
4.48205456e-07 2.62555952e+02 3.82550920e+02
4.48636510e-07 2.83578985e+02 3.71228050e+02
4.49067565e-07 4.41261082e+02 3.77792421e+02
4.49498620e-07 2.54277195e+02 3.94678406e+02
4.49929674e-07 3.98815551e+02 3.69949390e+02
4.50360729e-07 3.96411646e+02 3.74659315e+02
4.50791784e-07 1.31495989e+02 3.87757784e+02
4.51222839e-07 2.94407821e+02 3.61817681e+02
4.51653893e-07 3.59526311e+02 3.88583816e+02
4.52084948e-07 2.82267871e+02 4.01982562e+02
4.52516003e-07 2.87987407e+02 4.18151147e+02
4.52947058e-07 1.91484991e+02 4.62323950e+02
4.53378112e-07 3.78318242e+02 4.39409651e+02
4.53809167e-07 4.22630979e+02 4.81643278e+02
4.54240222e-07 3.25125829e+02 4.47211555e+02
4.54671277e-07 3.13227781e+02 4.52717761e+02
4.55102331e-07 3.10149258e+02 4.43951292e+02
4.55533386e-07 3.21013722e+02 4.25104188e+02
4.55964441e-07 3.32732214e+02 4.24549735e+02
4.56395496e-07 2.87628153e+02 4.28072521e+02
4.56826550e-07 3.20285031e+02 4.15710477e+02
4.57257605e-07 2.75610409e+02 4.36720702e+02
4.57688660e-07 3.90518405e+02 4.39125416e+02
4.58119715e-07 4.44514420e+02 4.46100525e+02
4.58550769e-07 3.47384481e+02 4.68204770e+02
4.58981824e-07 3.74840116e+02 4.63029145e+02
4.59412879e-07 4.45602212e+02 4.02127085e+02
4.59843934e-07 4.77618185e+02 4.13915948e+02
4.60274988e-07 4.06615692e+02 4.49066420e+02
4.60706043e-07 2.60227361e+02 4.25099650e+02
4.61137098e-07 3.60725207e+02 4.33243815e+02
4.61568152e-07 4.38022584e+02 4.28116604e+02
4.61999207e-07 4.56258814e+02 4.18721197e+02
4.62430262e-07 4.37250212e+02 4.42306586e+02
4.62861317e-07 6.03451490e+02 4.54866970e+02
4.63292371e-07 4.15530917e+02 4.65463158e+02
4.63723426e-07 4.27005321e+02 4.34854186e+02
4.64154481e-07 3.81682564e+02 4.23391838e+02
4.64585536e-07 3.52048198e+02 4.54091002e+02
4.65016590e-07 4.08886122e+02 4.45398224e+02
4.65447645e-07 3.87144830e+02 4.61825040e+02
4.65878700e-07 4.75845401e+02 5.42396942e+02
4.66309755e-07 3.70024845e+02 5.02766915e+02
4.66740809e-07 4.23372650e+02 5.05136127e+02
4.67171864e-07 4.46904080e+02 4.89771471e+02
4.67602919e-07 5.37622964e+02 5.07325090e+02
4.68033974e-07 5.53735990e+02 5.19767735e+02
4.68465028e-07 6.28220294e+02 4.90971052e+02
4.68896083e-07 5.07812551e+02 4.96000455e+02
4.69327138e-07 4.14318970e+02 5.23811976e+02
4.69758193e-07 4.59040768e+02 4.92721176e+02
4.70189247e-07 4.02692803e+02 4.91252107e+02
4.70620302e-07 3.35753699e+02 5.01594301e+02
4.71051357e-07 3.59467360e+02 5.30896989e+02
4.71482412e-07 3.82734989e+02 5.30487356e+02
4.71913466e-07 4.40016250e+02 5.23907468e+02
4.72344521e-07 3.81683735e+02 4.77985289e+02
4.72775576e-07 3.74513301e+02 4.65222676e+02
4.73206630e-07 4.35554668e+02 5.03340529e+02
4.73637685e-07 5.73440770e+02 4.68697314e+02
4.74068740e-07 3.70492006e+02 5.01059140e+02
4.74499795e-07 4.25218029e+02 4.77769618e+02
4.74930849e-07 3.84752275e+02 5.07314336e+02
4.75361904e-07 3.83092537e+02 4.98146705e+02
4.75792959e-07 5.53091368e+02 4.91443499e+02
4.76224014e-07 4.69710980e+02 4.89522112e+02
4.76655068e-07 4.39246938e+02 4.85399058e+02
4.77086123e-07 6.39767023e+02 5.11430632e+02
4.77517178e-07 4.73627595e+02 5.44979516e+02
4.77948233e-07 4.84222220e+02 5.38819071e+02
4.78379287e-07 5.28999857e+02 5.24100920e+02
4.78810342e-07 4.39128783e+02 5.20150385e+02
4.79241397e-07 5.53157693e+02 5.44314325e+02
4.79672452e-07 4.93925715e+02 5.45472929e+02
4.80103506e-07 5.47758366e+02 4.92411164e+02
4.80534561e-07 4.34861861e+02 5.07746419e+02
4.80965616e-07 3.86858413e+02 5.55588177e+02
4.81396671e-07 4.02962711e+02 5.92796358e+02
4.81827725e-07 3.90317779e+02 6.17692337e+02
4.82258780e-07 2.59652044e+02 6.72894083e+02
4.82689835e-07 3.83485726e+02 6.38693092e+02
4.83120890e-07 4.41030498e+02 6.52442489e+02
4.83551944e-07 3.20415550e+02 6.64357905e+02
4.83982999e-07 5.46796381e+02 6.31565843e+02
4.84414054e-07 6.09313307e+02 6.03103863e+02
4.84845109e-07 4.12490429e+02 6.24657350e+02
4.85276163e-07 3.35997851e+02 5.95747120e+02
4.85707218e-07 4.50974813e+02 5.06685549e+02
4.86138273e-07 4.50154469e+02 5.66427190e+02
4.86569327e-07 4.30494881e+02 5.50729188e+02
4.87000382e-07 4.88881907e+02 5.45990656e+02
4.87431437e-07 5.13266433e+02 5.81280460e+02
4.87862492e-07 7.06763770e+02 5.57549737e+02
4.88293546e-07 5.78308231e+02 5.93296913e+02
4.88724601e-07 3.88670159e+02 5.95115583e+02
4.89155656e-07 4.84022616e+02 5.51455923e+02
4.89586711e-07 4.08806238e+02 5.77328721e+02
4.90017765e-07 4.18033691e+02 5.85402272e+02
4.90448820e-07 5.32509582e+02 5.73268756e+02
4.90879875e-07 3.93778487e+02 5.81143873e+02
4.91310930e-07 2.78391330e+02 5.78072297e+02
4.91741984e-07 4.01803505e+02 5.71539688e+02
4.92173039e-07 5.99476853e+02 5.39532833e+02
4.92604094e-07 6.61723783e+02 5.40936952e+02
4.93035149e-07 5.21375982e+02 5.66678206e+02
4.93466203e-07 4.96796297e+02 5.53074566e+02
4.93897258e-07 5.01618421e+02 5.89224255e+02
4.94328313e-07 3.96092936e+02 5.76938093e+02
4.94759368e-07 4.26469974e+02 5.78565557e+02
4.95190422e-07 5.95659853e+02 6.06953872e+02
4.95621477e-07 6.08576681e+02 5.75731077e+02
4.96052532e-07 5.23622779e+02 6.20072174e+02
4.96483587e-07 5.20969341e+02 6.64916649e+02
4.96914641e-07 4.92406963e+02 6.66122659e+02
4.97345696e-07 5.56816990e+02 6.37993699e+02
4.97776751e-07 5.57614359e+02 5.81180326e+02
4.98207805e-07 4.54534153e+02 6.04546169e+02
4.98638860e-07 7.02078296e+02 6.53760936e+02
4.99069915e-07 5.85221510e+02 6.62335677e+02
4.99500970e-07 4.95466320e+02 6.51897822e+02
4.99932024e-07 5.53776818e+02 6.36687060e+02
5.00363079e-07 6.33558312e+02 6.65845256e+02
5.00794134e-07 5.37810231e+02 6.70485787e+02
5.01225189e-07 5.25697388e+02 7.11705324e+02
5.01656243e-07 5.47095959e+02 6.72081546e+02
5.02087298e-07 5.78032645e+02 6.67750992e+02
5.02518353e-07 6.77732005e+02 6.61091549e+02
5.02949408e-07 3.99418525e+02 6.82269345e+02
5.03380462e-07 4.41417519e+02 6.33315336e+02
5.03811517e-07 5.22248042e+02 6.24150276e+02
5.04242572e-07 4.59301771e+02 6.35637138e+02
5.04673627e-07 5.39310739e+02 6.29412202e+02
5.05104681e-07 4.24673400e+02 6.75059432e+02
5.05535736e-07 3.93212459e+02 6.63346245e+02
5.05966791e-07 4.44034132e+02 6.84708094e+02
5.06397846e-07 8.08922448e+02 6.87927073e+02
5.06828900e-07 6.86818882e+02 6.74975716e+02
5.07259955e-07 6.91963727e+02 6.55320544e+02
5.07691010e-07 5.68425185e+02 6.38952317e+02
5.08122065e-07 7.12581530e+02 6.55060798e+02
5.08553119e-07 6.58544754e+02 6.53879607e+02
5.08984174e-07 5.84320207e+02 6.58318963e+02
5.09415229e-07 7.01511472e+02 6.56897364e+02
5.09846283e-07 3.59124167e+02 6.86061240e+02
5.10277338e-07 6.83527326e+02 6.59093114e+02
5.10708393e-07 8.27944876e+02 6.50307918e+02
5.11139448e-07 6.31928850e+02 6.55351648e+02
5.11570502e-07 4.51336162e+02 6.85399107e+02
5.12001557e-07 7.12752535e+02 6.82551885e+02
5.12432612e-07 5.70428742e+02 7.27474062e+02
5.12863667e-07 6.82354446e+02 6.67613306e+02
5.13294721e-07 4.94670005e+02 7.42116737e+02
5.13725776e-07 6.60952729e+02 7.45613313e+02
5.14156831e-07 6.78180046e+02 7.60585627e+02
5.14587886e-07 5.51538609e+02 7.71176795e+02
5.15018940e-07 8.28711211e+02 7.58159313e+02
5.15449995e-07 6.22529910e+02 7.58833274e+02
5.15881050e-07 6.47088462e+02 7.66495132e+02
5.16312105e-07 2.32052854e+02 7.56843056e+02
5.16743159e-07 5.32731785e+02 7.18498113e+02
5.17174214e-07 6.74531086e+02 7.03361075e+02
5.17605269e-07 7.13364526e+02 6.49737456e+02
5.18036324e-07 4.93149170e+02 7.25676564e+02
5.18467378e-07 4.00164359e+02 6.85253453e+02
5.18898433e-07 6.61542541e+02 7.48558748e+02
5.19329488e-07 7.41628563e+02 8.23866422e+02
5.19760543e-07 7.00870611e+02 9.03098316e+02
5.20191597e-07 6.58429457e+02 8.94155554e+02
5.20622652e-07 6.61578849e+02 8.23150559e+02
5.21053707e-07 8.25561749e+02 7.47644669e+02
5.21484761e-07 8.23776509e+02 7.53925863e+02
5.21915816e-07 9.69425130e+02 7.71678928e+02
5.22346871e-07 6.53749799e+02 7.94312637e+02
5.22777926e-07 6.14990687e+02 8.06350685e+02
5.23208980e-07 4.85770896e+02 7.79170266e+02
5.23640035e-07 6.76155587e+02 8.10166583e+02
5.24071090e-07 7.27445272e+02 7.91165020e+02
5.24502145e-07 9.98696318e+02 7.88496756e+02
5.24933199e-07 7.25998236e+02 7.13551049e+02
5.25364254e-07 7.19496001e+02 7.62384166e+02
5.25795309e-07 5.70288479e+02 8.03893579e+02
5.26226364e-07 6.86984027e+02 7.43213277e+02
5.26657418e-07 5.24019694e+02 7.33169503e+02
5.27088473e-07 5.44362368e+02 7.48094664e+02
5.27519528e-07 6.14466833e+02 7.64605169e+02
5.27950583e-07 7.22059631e+02 7.62611050e+02
5.28381637e-07 5.24214858e+02 7.54274847e+02
5.28812692e-07 7.28113662e+02 7.38898391e+02
5.29243747e-07 6.98412543e+02 8.35811085e+02
5.29674802e-07 8.15317028e+02 8.32605372e+02
5.30105856e-07 6.61931294e+02 8.47953170e+02
5.30536911e-07 5.08020882e+02 9.00177004e+02
5.30967966e-07 6.31983949e+02 8.55743343e+02
5.31399021e-07 6.13642704e+02 8.52420102e+02
5.31830075e-07 7.35323629e+02 8.43517624e+02
5.32261130e-07 6.25359918e+02 9.06025830e+02
5.32692185e-07 6.13274645e+02 8.61039267e+02
5.33123239e-07 5.92888085e+02 8.59102558e+02
5.33554294e-07 6.55236242e+02 8.06060936e+02
5.33985349e-07 6.40818963e+02 8.57639508e+02
5.34416404e-07 9.38113037e+02 8.10246179e+02
5.34847458e-07 9.42553186e+02 8.79235779e+02
5.35278513e-07 8.70054252e+02 8.35468490e+02
5.35709568e-07 5.46413828e+02 8.58810173e+02
5.36140623e-07 5.98091197e+02 8.14984058e+02
5.36571677e-07 5.92209667e+02 8.47553692e+02
5.37002732e-07 6.57936919e+02 8.12914613e+02
5.37433787e-07 5.05294530e+02 8.47956114e+02
5.37864842e-07 6.15295327e+02 8.29040689e+02
5.38295896e-07 6.73649775e+02 8.59844875e+02
5.38726951e-07 8.96808679e+02 7.73152102e+02
5.39158006e-07 8.27076698e+02 8.24393087e+02
5.39589061e-07 5.59439280e+02 7.87776097e+02
5.40020115e-07 5.53425044e+02 8.26514747e+02
5.40451170e-07 7.19016099e+02 7.99497184e+02
5.40882225e-07 5.36435094e+02 8.04977603e+02
5.41313280e-07 5.38779753e+02 8.25284114e+02
5.41744334e-07 6.06921451e+02 8.06705627e+02
5.42175389e-07 7.62459805e+02 7.88287845e+02
5.42606444e-07 7.76617939e+02 7.65956367e+02
5.43037499e-07 6.98455166e+02 8.12019237e+02
5.43468553e-07 6.06974854e+02 8.66436773e+02
5.43899608e-07 6.14299646e+02 8.52539604e+02
5.44330663e-07 5.44230378e+02 8.46431015e+02
5.44761717e-07 7.64430117e+02 8.28282632e+02
5.45192772e-07 9.08733516e+02 8.55332993e+02
5.45623827e-07 9.79328258e+02 8.60017241e+02
5.46054882e-07 7.60860484e+02 8.93193951e+02
5.46485936e-07 8.21665501e+02 8.92791680e+02
5.46916991e-07 7.21118760e+02 8.24650218e+02
5.47348046e-07 5.94628731e+02 8.08926894e+02
5.47779101e-07 7.98747958e+02 8.18506447e+02
5.48210155e-07 6.56586700e+02 8.83634162e+02
5.48641210e-07 7.32204613e+02 8.61077139e+02
5.49072265e-07 8.80030268e+02 8.13713193e+02
5.49503320e-07 6.87732762e+02 9.50883247e+02
5.49934374e-07 6.32229274e+02 9.46606463e+02
5.50365429e-07 9.36766066e+02 9.00991717e+02
5.50796484e-07 1.05145692e+03 9.46528630e+02
5.51227539e-07 1.17328533e+03 9.58804439e+02
5.51658593e-07 8.34555378e+02 9.71152720e+02
5.52089648e-07 7.66551247e+02 9.46654340e+02
5.52520703e-07 6.30370001e+02 9.26234073e+02
5.52951758e-07 4.32418206e+02 9.68207085e+02
5.53382812e-07 7.34392843e+02 9.13527227e+02
5.53813867e-07 7.65267376e+02 9.48330575e+02
5.54244922e-07 8.27558255e+02 1.02535430e+03
5.54675977e-07 7.88069855e+02 1.07262361e+03
5.55107031e-07 6.75726642e+02 1.03632064e+03
5.55538086e-07 9.12646441e+02 9.98805614e+02
5.55969141e-07 9.38484225e+02 1.00732447e+03
5.56400196e-07 5.88176288e+02 1.06759260e+03
5.56831250e-07 3.75690912e+03 3.32141473e+03
5.57262305e-07 4.54541779e+03 1.54749329e+04
5.57693360e-07 1.74850986e+03 2.72040651e+04
5.58124414e-07 3.76331797e+03 1.90307297e+04
5.58555469e-07 3.31151768e+03 6.19993025e+03
5.58986524e-07 1.46959893e+03 1.74030658e+03
5.59417579e-07 4.65114883e+02 1.12342497e+03
5.59848633e-07 6.79037466e+02 1.16090600e+03
5.60279688e-07 9.25669348e+02 1.16103513e+03
5.60710743e-07 5.35045873e+02 1.15356671e+03
5.61141798e-07 8.66046045e+02 1.05387320e+03
5.61572852e-07 9.26050079e+02 1.05210323e+03
5.62003907e-07 6.88480029e+02 1.02012454e+03
5.62434962e-07 7.54488472e+02 1.06736754e+03
5.62866017e-07 7.08443599e+02 1.00575220e+03
5.63297071e-07 7.94100701e+02 9.49140692e+02
5.63728126e-07 7.44463631e+02 9.77328239e+02
5.64159181e-07 8.16424427e+02 9.70008325e+02
5.64590236e-07 7.49295300e+02 9.99136520e+02
5.65021290e-07 6.09911510e+02 9.61803877e+02
5.65452345e-07 8.88657375e+02 9.30702865e+02
5.65883400e-07 1.01435774e+03 9.92990819e+02
5.66314455e-07 1.01288591e+03 1.00557312e+03
5.66745509e-07 9.59272003e+02 9.93294915e+02
5.67176564e-07 8.49736715e+02 1.01681648e+03
5.67607619e-07 1.12378696e+03 9.39340936e+02
5.68038674e-07 1.28744076e+03 9.15764826e+02
5.68469728e-07 9.64157306e+02 9.93424828e+02
5.68900783e-07 6.29350637e+02 9.90656979e+02
5.69331838e-07 8.91034497e+02 1.05739754e+03
5.69762892e-07 8.56665372e+02 1.03997341e+03
5.70193947e-07 6.22362122e+02 1.00319842e+03
5.70625002e-07 5.59800933e+02 1.05625940e+03
5.71056057e-07 6.07118318e+02 1.03076035e+03
5.71487111e-07 8.12967401e+02 9.81521575e+02
5.71918166e-07 8.01940843e+02 1.02854304e+03
5.72349221e-07 7.67202802e+02 1.00574638e+03
5.72780276e-07 7.11416234e+02 1.01853936e+03
5.73211330e-07 6.94787569e+02 1.03818543e+03
5.73642385e-07 7.16518438e+02 1.05255220e+03
5.74073440e-07 7.00740718e+02 1.02163253e+03
5.74504495e-07 5.83337372e+02 9.99305938e+02
5.74935549e-07 5.47857562e+02 1.00611493e+03
5.75366604e-07 8.46359939e+02 1.02860351e+03
5.75797659e-07 8.43648531e+02 9.62943570e+02
5.76228714e-07 8.44591863e+02 9.89855358e+02
5.76659768e-07 1.01254974e+03 1.01835004e+03
5.77090823e-07 1.02557131e+03 1.04408545e+03
5.77521878e-07 8.00025753e+02 1.03516939e+03
5.77952933e-07 8.21212996e+02 9.80268154e+02
5.78383987e-07 7.24856432e+02 1.06518479e+03
5.78815042e-07 9.00845268e+02 1.03831332e+03
5.79246097e-07 1.08760027e+03 1.03230139e+03
5.79677152e-07 7.20662692e+02 1.02316956e+03
5.80108206e-07 8.06128999e+02 1.04398416e+03
5.80539261e-07 7.37747043e+02 1.04439413e+03
5.80970316e-07 8.99137720e+02 1.08895054e+03
5.81401370e-07 8.05537861e+02 1.01524998e+03
5.81832425e-07 9.53671261e+02 1.00213025e+03
5.82263480e-07 9.22477663e+02 1.08137773e+03
5.82694535e-07 7.49538506e+02 1.11151613e+03
5.83125589e-07 8.51969475e+02 1.09711624e+03
5.83556644e-07 1.01135837e+03 1.09952356e+03
5.83987699e-07 7.94450089e+02 1.11707700e+03
5.84418754e-07 8.26807260e+02 1.07211087e+03
5.84849808e-07 8.98955619e+02 1.09367344e+03
5.85280863e-07 9.30499474e+02 1.03625705e+03
5.85711918e-07 9.62766667e+02 1.08213385e+03
5.86142973e-07 8.98653421e+02 1.16707671e+03
5.86574027e-07 6.58045390e+02 1.42953455e+03
5.87005082e-07 8.81060916e+02 1.37391951e+03
5.87436137e-07 9.11646147e+02 1.22209146e+03
5.87867192e-07 1.17476565e+03 1.14186100e+03
5.88298246e-07 1.71284602e+03 1.69041397e+03
5.88729301e-07 1.59459996e+03 3.03004547e+03
5.89160356e-07 1.11267747e+03 3.78027298e+03
5.89591411e-07 1.19478661e+03 3.17775230e+03
5.90022465e-07 1.16582789e+03 2.04400590e+03
5.90453520e-07 8.34251266e+02 1.37592141e+03
5.90884575e-07 8.68736972e+02 1.29594158e+03
5.91315630e-07 8.78922709e+02 1.36870790e+03
5.91746684e-07 8.63181014e+02 1.40295274e+03
5.92177739e-07 7.43132984e+02 1.29225001e+03
5.92608794e-07 1.02140224e+03 1.30442955e+03
5.93039848e-07 1.14832511e+03 1.37924107e+03
5.93470903e-07 8.04936451e+02 1.31669054e+03
5.93901958e-07 9.06721066e+02 1.22597415e+03
5.94333013e-07 6.83875066e+02 1.14450535e+03
5.94764067e-07 8.02663976e+02 1.25075808e+03
5.95195122e-07 1.15789707e+03 1.36676186e+03
5.95626177e-07 9.10263661e+02 1.34032054e+03
5.96057232e-07 7.21743000e+02 1.18105820e+03
5.96488286e-07 9.00096907e+02 1.16712432e+03
5.96919341e-07 1.15430976e+03 1.24915585e+03
5.97350396e-07 9.87698609e+02 1.25129692e+03
5.97781451e-07 6.20540089e+02 1.29551655e+03
5.98212505e-07 9.13953589e+02 1.22660018e+03
5.98643560e-07 1.09842291e+03 1.11270096e+03
5.99074615e-07 8.65697214e+02 1.12843418e+03
5.99505670e-07 8.43369437e+02 1.12514617e+03
5.99936724e-07 1.04235290e+03 1.10146024e+03
6.00367779e-07 1.05159232e+03 1.20276698e+03
6.00798834e-07 9.71913429e+02 1.16511735e+03
6.01229889e-07 1.10048183e+03 1.06538916e+03
6.01660943e-07 9.83227002e+02 1.14662799e+03
6.02091998e-07 7.19263751e+02 1.16272233e+03
6.02523053e-07 6.66092882e+02 1.09831135e+03
6.02954108e-07 8.58050552e+02 1.13842842e+03
6.03385162e-07 8.17514402e+02 1.20475051e+03
6.03816217e-07 8.62068910e+02 1.11383300e+03
6.04247272e-07 9.78777608e+02 1.11460666e+03
6.04678326e-07 8.75616455e+02 1.17651073e+03
6.05109381e-07 8.80349607e+02 1.14980616e+03
6.05540436e-07 1.07488852e+03 1.08725141e+03
6.05971491e-07 1.02986477e+03 1.11671754e+03
6.06402545e-07 8.35005703e+02 1.08807708e+03
6.06833600e-07 7.25775553e+02 1.09922479e+03
6.07264655e-07 9.06591326e+02 1.10279937e+03
6.07695710e-07 8.76119333e+02 1.12071176e+03
6.08126764e-07 5.97089402e+02 1.10193747e+03
6.08557819e-07 6.63032910e+02 1.07388547e+03
6.08988874e-07 1.03664750e+03 1.14123334e+03
6.09419929e-07 1.06486351e+03 1.09428280e+03
6.09850983e-07 9.53228003e+02 1.03712346e+03
6.10282038e-07 1.02021264e+03 1.06449276e+03
6.10713093e-07 9.82968098e+02 1.12765692e+03
6.11144148e-07 7.76447552e+02 1.10058526e+03
6.11575202e-07 8.62291182e+02 1.07356889e+03
6.12006257e-07 7.49440038e+02 1.11214846e+03
6.12437312e-07 6.30077044e+02 1.10045677e+03
6.12868367e-07 8.09223655e+02 1.08986527e+03
6.13299421e-07 7.16764713e+02 1.15271999e+03
6.13730476e-07 9.40543714e+02 1.17194375e+03
6.14161531e-07 8.94398360e+02 1.23691674e+03
6.14592586e-07 8.17402017e+02 1.21437681e+03
6.15023640e-07 6.99307924e+02 1.13217007e+03
6.15454695e-07 7.72806038e+02 1.09916125e+03
6.15885750e-07 1.00966786e+03 1.10703110e+03
6.16316804e-07 8.29757417e+02 1.18313370e+03
6.16747859e-07 8.59535738e+02 1.19407167e+03
6.17178914e-07 8.72677693e+02 1.22171240e+03
6.17609969e-07 1.03274033e+03 1.12457430e+03
6.18041023e-07 7.73528603e+02 1.14600076e+03
6.18472078e-07 6.12252952e+02 1.16550951e+03
6.18903133e-07 8.29941158e+02 1.09324450e+03
6.19334188e-07 8.71515338e+02 1.13650775e+03
6.19765242e-07 9.89848357e+02 1.11142679e+03
6.20196297e-07 5.59707786e+02 1.19431685e+03
6.20627352e-07 6.09654318e+02 1.24934515e+03
6.21058407e-07 1.07634292e+03 1.16553407e+03
6.21489461e-07 7.32537482e+02 1.19845975e+03
6.21920516e-07 6.05367967e+02 1.23288606e+03
6.22351571e-07 8.45516356e+02 1.24722045e+03
6.22782626e-07 1.03142449e+03 1.30693356e+03
6.23213680e-07 1.06725962e+03 1.64362821e+03
6.23644735e-07 7.42614821e+02 2.03211035e+03
6.24075790e-07 1.02914278e+03 1.74885148e+03
6.24506845e-07 1.11747168e+03 1.44429765e+03
6.24937899e-07 1.00967536e+03 1.30152832e+03
6.25368954e-07 7.98036918e+02 1.55423875e+03
6.25800009e-07 7.03030420e+02 1.84188809e+03
6.26231064e-07 7.99056238e+02 1.76941354e+03
6.26662118e-07 5.89949557e+02 1.44881997e+03
6.27093173e-07 7.52730333e+02 1.32418411e+03
6.27524228e-07 7.44688767e+02 1.22626484e+03
6.27955283e-07 8.62468996e+02 1.24528939e+03
6.28386337e-07 7.87280535e+02 1.55398783e+03
6.28817392e-07 8.56911951e+02 1.69470294e+03
6.29248447e-07 1.95326077e+03 2.73701461e+03
6.29679501e-07 1.48555634e+03 6.37696965e+03
6.30110556e-07 5.37917255e+02 7.82791617e+03
6.30541611e-07 1.23155166e+03 4.86402082e+03
6.30972666e-07 1.10384526e+03 2.23424748e+03
6.31403720e-07 6.23600880e+02 1.30543947e+03
6.31834775e-07 9.28073064e+02 1.22916206e+03
6.32265830e-07 8.70409519e+02 1.40772061e+03
6.32696885e-07 7.44745532e+02 1.68677452e+03
6.33127939e-07 7.85594579e+02 1.70314032e+03
6.33558994e-07 7.98915244e+02 1.31802590e+03
6.33990049e-07 8.74471263e+02 1.23014837e+03
6.34421104e-07 8.85988660e+02 1.28716666e+03
6.34852158e-07 1.29093210e+03 1.40161811e+03
6.35283213e-07 9.80570172e+02 1.59684253e+03
6.35714268e-07 8.30875417e+02 2.30640043e+03
6.36145323e-07 9.79206968e+02 3.28993170e+03
6.36576377e-07 7.91514127e+02 3.11771600e+03
6.37007432e-07 7.31928888e+02 1.98955345e+03
6.37438487e-07 1.21176421e+03 1.36704044e+03
6.37869542e-07 1.12382975e+03 1.32380824e+03
6.38300596e-07 1.10369763e+03 1.37812691e+03
6.38731651e-07 8.67467093e+02 1.38527153e+03
6.39162706e-07 1.08134422e+03 1.32751457e+03
6.39593761e-07 9.78215723e+02 1.17459576e+03
6.40024815e-07 1.06839285e+03 1.18295819e+03
6.40455870e-07 6.88600971e+02 1.19378363e+03
6.40886925e-07 1.06741339e+03 1.13433797e+03
6.41317979e-07 1.32112098e+03 1.14193012e+03
6.41749034e-07 1.26756655e+03 1.24188572e+03
6.42180089e-07 8.02381612e+02 1.21077994e+03
6.42611144e-07 8.98741329e+02 1.18615102e+03
6.43042198e-07 7.87529572e+02 1.15447497e+03
6.43473253e-07 8.51853145e+02 1.10299727e+03
6.43904308e-07 1.05077166e+03 1.21156475e+03
6.44335363e-07 8.65311338e+02 1.14167046e+03
6.44766417e-07 7.65844712e+02 1.22387999e+03
6.45197472e-07 9.73798639e+02 1.33817715e+03
6.45628527e-07 1.01859024e+03 1.30671865e+03
6.46059582e-07 1.05102686e+03 1.48470568e+03
6.46490636e-07 1.40166930e+03 1.73763918e+03
6.46921691e-07 1.45864521e+03 1.70007653e+03
6.47352746e-07 9.02924775e+02 1.52391792e+03
6.47783801e-07 9.49485833e+02 1.38416004e+03
6.48214855e-07 1.05077233e+03 1.27102075e+03
6.48645910e-07 7.53829086e+02 1.24158016e+03
6.49076965e-07 1.06029998e+03 1.33048516e+03
6.49508020e-07 1.12350721e+03 1.62054282e+03
6.49939074e-07 9.99120115e+02 1.99932267e+03
6.50370129e-07 1.10735657e+03 1.72728672e+03
6.50801184e-07 1.07377146e+03 1.39865516e+03
6.51232239e-07 8.64543989e+02 1.28206923e+03
6.51663293e-07 7.53029280e+02 1.30328223e+03
6.52094348e-07 5.94147554e+02 1.39063665e+03
6.52525403e-07 1.00860034e+03 1.44890497e+03
6.52956457e-07 8.44501175e+02 1.56652478e+03
6.53387512e-07 6.52626687e+02 1.70936421e+03
6.53818567e-07 1.11322963e+03 1.60747429e+03
6.54249622e-07 1.18799273e+03 1.51173029e+03
6.54680676e-07 1.18560240e+03 1.61449956e+03
6.55111731e-07 1.10081331e+03 1.88639319e+03
6.55542786e-07 1.39376732e+03 1.83842165e+03
6.55973841e-07 1.02883167e+03 1.61055464e+03
6.56404895e-07 9.00261758e+02 1.55632347e+03
6.56835950e-07 9.62556154e+02 1.46982260e+03
6.57267005e-07 8.41621729e+02 1.63080715e+03
6.57698060e-07 6.81041410e+02 1.76144822e+03
6.58129114e-07 6.81713281e+02 1.59936348e+03
6.58560169e-07 7.27036064e+02 1.35039930e+03
6.58991224e-07 1.25108629e+03 1.29136524e+03
6.59422279e-07 6.69161182e+02 1.37211292e+03
6.59853333e-07 9.52963450e+02 1.46850941e+03
6.60284388e-07 9.47461442e+02 1.46212252e+03
6.60715443e-07 1.15871864e+03 1.37403132e+03
6.61146498e-07 6.17210399e+02 1.24054716e+03
6.61577552e-07 7.18898013e+02 1.32505469e+03
6.62008607e-07 1.28178012e+03 1.18280920e+03
6.62439662e-07 8.51342909e+02 1.25307500e+03
6.62870717e-07 1.18918922e+03 1.21628192e+03
6.63301771e-07 8.21255047e+02 1.21822950e+03
6.63732826e-07 1.14219310e+03 1.24383613e+03
6.64163881e-07 9.27559665e+02 1.26689666e+03
6.64594935e-07 5.98152197e+02 1.22969260e+03
6.65025990e-07 1.25289602e+03 1.15848194e+03
6.65457045e-07 7.37220179e+02 1.23449124e+03
6.65888100e-07 4.61028429e+02 1.23896881e+03
6.66319154e-07 9.31753773e+02 1.24281116e+03
6.66750209e-07 1.14028286e+03 1.28693781e+03
6.67181264e-07 1.13273152e+03 1.24264266e+03
6.67612319e-07 1.11906936e+03 1.14781284e+03
6.68043373e-07 9.86347050e+02 1.18734235e+03
6.68474428e-07 7.87272374e+02 1.21435851e+03
6.68905483e-07 6.85102116e+02 1.25167361e+03
6.69336538e-07 6.82380589e+02 1.14031159e+03
6.69767592e-07 1.01438737e+03 1.30271533e+03
6.70198647e-07 7.89953293e+02 1.31813318e+03
6.70629702e-07 9.66442195e+02 1.23563437e+03
6.71060757e-07 9.75004597e+02 1.17494631e+03
6.71491811e-07 9.15368726e+02 1.20172426e+03
6.71922866e-07 1.28172751e+03 1.16660172e+03
6.72353921e-07 8.90007839e+02 1.19116105e+03
6.72784976e-07 1.04500279e+03 1.19823418e+03
6.73216030e-07 6.86554566e+02 1.22091922e+03
6.73647085e-07 7.81118195e+02 1.26266622e+03
6.74078140e-07 1.25980917e+03 1.18207834e+03
6.74509195e-07 1.09753296e+03 1.23855592e+03
6.74940249e-07 1.01288619e+03 1.15448057e+03
6.75371304e-07 9.37879515e+02 1.22559320e+03
6.75802359e-07 6.78521317e+02 1.17228030e+03
6.76233413e-07 1.04158386e+03 1.14589921e+03
6.76664468e-07 8.87545339e+02 1.12036776e+03
6.77095523e-07 9.40554787e+02 1.19824162e+03
6.77526578e-07 8.59972281e+02 1.23792252e+03
6.77957632e-07 6.82158339e+02 1.21613172e+03
6.78388687e-07 5.92247422e+02 1.19307477e+03
6.78819742e-07 5.60053362e+02 1.23028833e+03
6.79250797e-07 8.86563670e+02 1.12799033e+03
6.79681851e-07 7.38166935e+02 1.24706696e+03
6.80112906e-07 7.78656655e+02 1.14346176e+03
6.80543961e-07 4.87533539e+02 1.18226124e+03
6.80975016e-07 9.51601201e+02 1.15856255e+03
6.81406070e-07 1.08815808e+03 1.04453344e+03
6.81837125e-07 1.04984651e+03 1.15971637e+03
6.82268180e-07 1.16582864e+03 1.69056520e+03
6.82699235e-07 1.00364740e+03 2.58768321e+03
6.83130289e-07 1.06276567e+03 3.18982726e+03
6.83561344e-07 5.14388000e+02 2.71049018e+03
6.83992399e-07 9.96042317e+02 1.78669354e+03
6.84423454e-07 6.89272235e+02 1.47185535e+03
6.84854508e-07 1.12017363e+03 1.32015199e+03
6.85285563e-07 7.34739449e+02 1.29344552e+03
6.85716618e-07 1.36954627e+03 1.85352903e+03
6.86147673e-07 6.13164520e+02 2.88995953e+03
6.86578727e-07 4.02281845e+02 2.72496771e+03
6.87009782e-07 1.76834899e+02 1.63198081e+03
6.87440837e-07 9.18875616e+02 1.19183997e+03
6.87871891e-07 1.03253286e+03 1.32322304e+03
6.88302946e-07 8.72294980e+02 1.44103854e+03
6.88734001e-07 7.04807011e+02 1.62004478e+03
6.89165056e-07 6.21562194e+02 1.39870499e+03
6.89596110e-07 8.53659278e+02 1.34318418e+03
6.90027165e-07 1.00039209e+03 1.46907140e+03
6.90458220e-07 7.48220817e+02 1.41006890e+03
6.90889275e-07 6.81766945e+02 1.64922807e+03
6.91320329e-07 1.01722330e+03 1.66079285e+03
6.91751384e-07 4.94009393e+02 1.90443287e+03
6.92182439e-07 1.21531346e+03 2.04359388e+03
6.92613494e-07 1.02328451e+03 1.87577175e+03
6.93044548e-07 8.00560235e+02 1.45752488e+03
6.93475603e-07 6.39419624e+02 1.42711090e+03
6.93906658e-07 4.49116142e+02 1.68403420e+03
6.94337713e-07 1.13290191e+03 1.91878435e+03
6.94768767e-07 8.50067778e+02 2.22672489e+03
6.95199822e-07 9.86753034e+02 2.02871047e+03
6.95630877e-07 6.53733735e+02 1.43038338e+03
6.96061932e-07 9.35286563e+02 1.28798871e+03
6.96492986e-07 8.62418884e+02 1.58506818e+03
6.96924041e-07 8.18837557e+02 1.72805508e+03
6.97355096e-07 9.47349424e+02 2.01816337e+03
6.97786151e-07 7.83450726e+02 2.03671359e+03
6.98217205e-07 5.76575385e+02 1.71830913e+03
6.98648260e-07 7.79775098e+02 1.41869851e+03
6.99079315e-07 9.21919638e+02 1.20549902e+03
6.99510370e-07 8.67182906e+02 1.20833316e+03
6.99941424e-07 1.13102312e+03 1.31310684e+03
7.00372479e-07 7.84077428e+02 1.42943495e+03
7.00803534e-07 7.76915334e+02 1.58705711e+03
7.01234588e-07 6.07506192e+02 1.49211069e+03
7.01665643e-07 6.71648075e+02 1.26758787e+03
7.02096698e-07 8.19335175e+02 1.08344969e+03
7.02527753e-07 4.13114982e+02 1.10984458e+03
7.02958807e-07 4.90606745e+02 1.16618090e+03
7.03389862e-07 3.66547583e+02 1.14869225e+03
7.03820917e-07 8.25329573e+02 1.18110088e+03
7.04251972e-07 5.59620153e+02 1.52062369e+03
7.04683026e-07 5.49347617e+02 1.74593985e+03
7.05114081e-07 5.28379123e+02 1.59396209e+03
7.05545136e-07 9.92595475e+02 1.26114900e+03
7.05976191e-07 6.28368126e+02 1.29448325e+03
7.06407245e-07 8.26653540e+02 1.37701714e+03
7.06838300e-07 9.36531365e+02 1.42362750e+03
7.07269355e-07 7.34543529e+02 1.38065059e+03
7.07700410e-07 3.59074997e+02 1.35696837e+03
7.08131464e-07 3.37776583e+02 1.50441861e+03
7.08562519e-07 5.05860716e+02 1.50570334e+03
7.08993574e-07 5.38185707e+02 1.45182800e+03
7.09424629e-07 8.76315865e+02 1.24057486e+03
7.09855683e-07 8.37159947e+02 1.17533438e+03
7.10286738e-07 2.39914245e+02 1.22186492e+03
7.10717793e-07 4.28018092e+02 1.25508718e+03
7.11148848e-07 7.63676917e+02 1.11032810e+03
7.11579902e-07 6.11765034e+02 1.18173505e+03
7.12010957e-07 2.70054704e+02 1.19542476e+03
7.12442012e-07 4.46355723e+02 1.18008866e+03
7.12873066e-07 3.28100363e+02 1.21791348e+03
7.13304121e-07 7.24468784e+02 1.19895154e+03
7.13735176e-07 5.24076349e+02 1.32306445e+03
7.14166231e-07 4.70748131e+02 1.38691235e+03
7.14597285e-07 2.15509983e+02 1.44484984e+03
7.15028340e-07 7.04318920e+02 1.31797017e+03
7.15459395e-07 6.00289460e+02 1.29167084e+03
7.15890450e-07 5.54743925e+02 1.27959897e+03
7.16321504e-07 3.43562798e+02 1.19222608e+03
7.16752559e-07 1.35061417e+02 1.12857161e+03
7.17183614e-07 2.34103067e+02 1.08180684e+03
7.17614669e-07 5.04531750e+02 1.07997859e+03
7.18045723e-07 2.28833609e+02 1.04022302e+03
7.18476778e-07 5.97558488e+02 9.11825732e+02
7.18907833e-07 5.64128774e+02 7.76188852e+02
7.19769942e-07 1.77412296e+02 8.07284439e+02
7.20200997e-07 6.79104950e+02 7.41320487e+02
7.20632052e-07 5.44311791e+02 8.62618378e+02
7.21063107e-07 5.09337498e+02 9.27533976e+02
7.21494161e-07 1.34225564e+03 9.02048784e+02
7.21925216e-07 1.93785757e+03 1.01442194e+03
7.22356271e-07 1.72102380e+03 1.10245271e+03
7.22787326e-07 1.27805729e+03 1.07341004e+03
7.23218380e-07 7.85502150e+02 1.69725250e+03
7.23649435e-07 9.90281373e+02 3.24887394e+03
7.24080490e-07 9.57261318e+01 5.12798909e+03
7.24511544e-07 2.43888279e+00 4.63503710e+03
7.24942599e-07 1.10906195e+02 2.89163022e+03
7.25373654e-07 1.08672050e+02 1.83037532e+03
7.25804709e-07 4.28777359e+02 1.33678668e+03
7.26235763e-07 2.68497479e+02 1.22278573e+03
7.26666818e-07 9.17930561e+02 1.50280070e+03
7.27097873e-07 5.93893890e+02 2.85210738e+03
7.27528928e-07 1.24504670e+02 4.20404592e+03
7.28822092e-07 5.33912077e+01 2.24483195e+03
7.29253147e-07 4.03828356e+02 1.63325777e+03
7.29684201e-07 4.52171394e+02 1.57455978e+03
7.30546311e-07 3.38494510e+02 1.82494253e+03
7.30977366e-07 7.49911887e+02 2.39444145e+03
7.32270530e-07 6.37773593e+02 2.24756413e+03
7.32701585e-07 5.68784962e+02 2.35449413e+03
7.33132639e-07 6.78078472e+02 2.57040134e+03
7.33563694e-07 7.59623469e+02 3.37758876e+03
7.33994749e-07 5.07702883e+02 4.76821887e+03
7.34425804e-07 2.92227520e+01 3.65132593e+03
7.34856858e-07 1.63274829e+02 1.87970404e+03
7.35287913e-07 3.11787322e+02 1.88053908e+03
7.35718968e-07 3.09519133e+02 2.43667740e+03
7.36150022e-07 5.56528893e+02 2.58134540e+03
7.36581077e-07 6.14344238e+01 3.20882171e+03
7.37012132e-07 2.85229060e+02 3.45117315e+03
7.37443187e-07 6.91399724e+02 2.22925688e+03
7.37874241e-07 2.23325424e+02 1.39621228e+03
7.38305296e-07 8.50146451e+02 1.26683229e+03
7.38736351e-07 1.13213284e+03 1.67531528e+03
7.39167406e-07 1.06898703e+03 2.06715832e+03
7.39598460e-07 1.28669301e+03 2.49290959e+03
7.40029515e-07 1.18372780e+03 2.97142686e+03
7.40460570e-07 1.15701274e+03 2.40027806e+03
7.40891625e-07 7.68894021e+02 1.53029137e+03
7.41322679e-07 3.26247909e+02 1.23919591e+03
7.41753734e-07 5.70571038e+02 1.09194769e+03
7.42184789e-07 7.98783420e+02 1.21162564e+03
7.42615844e-07 7.72474925e+02 1.46934949e+03
7.43046898e-07 7.27285122e+02 1.74624105e+03
7.43477953e-07 5.26130323e+02 2.08815918e+03
7.43909008e-07 4.14731654e+02 2.11007599e+03
7.44340063e-07 3.70813995e+02 1.53763613e+03
7.44771117e-07 4.86894465e+02 1.11737585e+03
7.45202172e-07 7.65312203e+02 1.09373881e+03
7.45633227e-07 9.67746673e+02 1.06860900e+03
7.46064282e-07 6.89912210e+02 1.24266891e+03
7.46495336e-07 5.99138503e+02 1.60467446e+03
7.46926391e-07 8.38909657e+02 2.06358228e+03
7.47357446e-07 7.42190974e+02 2.28348533e+03
7.47788500e-07 4.34581223e+02 2.38672934e+03
7.48219555e-07 3.59280563e+02 2.24205303e+03
7.48650610e-07 5.50371873e+02 1.71709009e+03
7.49081665e-07 8.97000502e+02 1.29792294e+03
7.49512719e-07 6.16787682e+02 1.28078507e+03
7.49943774e-07 6.43088062e+02 1.21069263e+03
7.50374829e-07 6.91178493e+02 1.16613995e+03
7.50805884e-07 6.22906310e+02 1.15844121e+03
7.51236938e-07 8.02961848e+02 1.19362972e+03
7.51667993e-07 1.10473537e+03 1.80235065e+03
7.52099048e-07 1.38089320e+03 2.92227282e+03
7.52530103e-07 9.93093875e+02 3.16677404e+03
7.52961157e-07 9.55010604e+02 2.07540542e+03
7.53392212e-07 1.01831392e+03 1.46210017e+03
7.53823267e-07 7.97738774e+02 1.27124933e+03
7.54254322e-07 6.19459994e+02 1.09572206e+03
7.54685376e-07 5.48035532e+02 1.04657177e+03
7.55116431e-07 7.83806807e+02 1.24311091e+03
7.55547486e-07 9.65824939e+02 1.37946232e+03
7.55978541e-07 1.17075551e+03 1.33253712e+03
7.56409595e-07 1.20286989e+03 1.48840612e+03
7.56840650e-07 9.87120893e+02 2.20386368e+03
7.57271705e-07 7.41143098e+02 2.31599534e+03
7.57702760e-07 6.40840716e+02 1.63544169e+03
7.58133814e-07 7.89613584e+02 1.23337513e+03
7.58564869e-07 5.93786801e+02 1.42206591e+03
7.58995924e-07 4.67270912e+02 1.18292193e+03
7.59858033e-07 6.98717078e+01 8.22232905e+02
7.60289088e-07 2.87980841e+02 5.36228744e+02
7.61151197e-07 5.53425463e+02 6.01248129e+02
7.61582252e-07 6.44055113e+02 1.04198523e+03
7.62444362e-07 3.16337058e+01 1.22229953e+03
7.62875416e-07 2.96465428e+02 1.17202858e+03
7.63306471e-07 5.72018490e+02 9.21164814e+02
7.63737526e-07 4.35383859e+02 8.66489084e+02
7.64168581e-07 2.27466817e+02 7.40663865e+02
7.64599635e-07 4.85829470e+02 7.95097656e+02
7.65030690e-07 6.09006694e+02 9.17314098e+02
7.65461745e-07 3.42794606e+02 9.72610444e+02
7.65892800e-07 3.87482817e+02 1.17601779e+03
7.66323854e-07 5.00241757e+02 1.23394539e+03
7.66754909e-07 4.78144487e+02 1.00538624e+03
7.67185964e-07 5.04206500e+02 8.76995410e+02
7.67617019e-07 3.72587822e+02 9.75255029e+02
7.68048073e-07 5.37220849e+02 1.14997420e+03
7.68479128e-07 7.05028963e+02 1.29035060e+03
7.68910183e-07 4.61922938e+02 1.35067864e+03
7.69341238e-07 1.23817440e+02 1.37417408e+03
7.69772292e-07 3.82316458e+02 1.39629017e+03
7.70203347e-07 5.08792640e+02 1.34922601e+03
7.70634402e-07 8.21579764e+02 2.66678667e+03
7.71065457e-07 1.29949514e+03 5.94291854e+03
7.71496511e-07 5.25530082e+02 8.21878576e+03
7.71927566e-07 2.06499587e+01 6.29018223e+03
7.72358621e-07 3.71085939e+02 3.31736456e+03
7.72789675e-07 7.78286668e+02 2.29266764e+03
7.73220730e-07 5.81134640e+02 1.67093250e+03
7.73651785e-07 4.60924250e+02 1.35528641e+03
7.74082840e-07 1.17835577e+03 1.69536174e+03
7.74513894e-07 1.36967655e+03 4.10544933e+03
7.74944949e-07 4.56743727e+02 6.89819613e+03
7.75376004e-07 9.65067295e+02 5.78571218e+03
7.75807059e-07 3.05655209e+02 3.85424617e+03
7.76238113e-07 3.42079281e+02 2.59017596e+03
7.76669168e-07 8.33113781e+02 1.93570658e+03
7.77100223e-07 8.81722255e+02 2.20708333e+03
7.77531278e-07 5.36678951e+02 2.78345978e+03
7.77962332e-07 1.43983529e+01 2.61001726e+03
7.78393387e-07 1.73760669e+02 2.39465854e+03
7.78824442e-07 8.25537803e+02 3.36043856e+03
7.79255497e-07 6.31620131e+02 5.31711477e+03
7.79686551e-07 3.66929272e+02 4.21855061e+03
7.80117606e-07 4.69258125e+02 2.19146343e+03
7.80548661e-07 4.97245715e+02 2.58347482e+03
7.80979716e-07 8.95005457e+02 2.96071531e+03
7.81410770e-07 1.28526611e+03 3.25285836e+03
7.81841825e-07 7.11959226e+02 5.16907170e+03
7.82703935e-07 4.07273520e+02 3.02791238e+03
7.83134989e-07 1.47362453e+02 1.42824024e+03
7.84428153e-07 9.80368992e+01 3.06430029e+03
7.84859208e-07 5.18410484e+02 4.88627590e+03
7.85290263e-07 5.14158610e+02 6.89027058e+03
7.85721318e-07 5.01620990e+02 5.37940031e+03
7.86152372e-07 7.49550784e+01 3.61936725e+03
7.87014482e-07 4.58514709e+02 3.56045563e+03
7.87445537e-07 7.54043769e+02 3.11427563e+03
7.87876591e-07 2.48733030e+02 3.08272382e+03
7.88307646e-07 3.87909772e+02 3.29766563e+03
7.90031865e-07 2.84586851e+02 1.21660993e+03
7.90462920e-07 6.55497146e+02 1.78870305e+03
7.90893975e-07 6.25298645e+02 4.39236546e+03
7.91325029e-07 5.11034677e+02 6.82277250e+03
7.91756084e-07 3.54260604e+02 6.10755352e+03
7.92618194e-07 2.01760043e+02 3.07516372e+03
7.93911358e-07 1.07499987e+02 1.43786712e+03
7.94342413e-07 7.86528370e+02 1.72389010e+03
7.94773467e-07 2.84598060e+02 2.13760475e+03
7.95204522e-07 1.10606825e+02 1.70447492e+03
7.95635577e-07 5.63266356e+02 1.54195540e+03
7.96066631e-07 4.95933227e+02 3.30612831e+03
7.96497686e-07 3.08452700e+02 4.55294531e+03
7.96928741e-07 3.45094821e+02 3.02200248e+03
7.97359796e-07 4.30717332e+02 2.24263768e+03
7.98221905e-07 3.34438400e-01 2.42880919e+03
7.98652960e-07 4.66262428e+02 2.70779143e+03
7.99084015e-07 6.75853507e+02 4.77063703e+03
7.99515069e-07 5.93688292e+02 4.54500904e+03
7.99946124e-07 5.83959425e+02 2.12733486e+03
8.00377179e-07 6.46413669e+02 1.21418178e+03
8.00808234e-07 5.27963373e+02 1.43951494e+03
8.01239288e-07 9.13089973e+02 1.91124840e+03
8.01670343e-07 1.07244282e+03 2.19931566e+03
8.02101398e-07 1.02226073e+03 3.29464605e+03
8.02532453e-07 4.62348488e+02 4.10456549e+03
8.02963507e-07 1.42502633e+03 2.41362163e+03
8.03394562e-07 3.44012320e+02 1.33667550e+03
