2.02400000e-02
3.60046000e-07 2.87376926e+02 3.92674233e+02
3.60477006e-07 3.94172187e+02 4.26587319e+02
3.60908012e-07 3.56155594e+02 4.09936991e+02
3.61339018e-07 3.65948502e+02 4.23970026e+02
3.61770023e-07 3.91054860e+02 4.40979286e+02
3.62201029e-07 3.20944097e+02 4.15234509e+02
3.62632035e-07 3.78446901e+02 4.90622366e+02
3.63063041e-07 3.06551373e+02 4.49654387e+02
3.63494047e-07 2.68982854e+02 4.24423652e+02
3.63925053e-07 2.75335602e+02 4.31519780e+02
3.64356059e-07 2.84225715e+02 4.08005205e+02
3.64787065e-07 3.02123423e+02 4.37304895e+02
3.65218070e-07 2.82939963e+02 4.21096888e+02
3.65649076e-07 2.37133779e+02 3.90100983e+02
3.66080082e-07 3.27424559e+02 4.51278823e+02
3.66511088e-07 3.97790210e+02 4.72482650e+02
3.66942094e-07 4.45717836e+02 4.90145332e+02
3.67373100e-07 4.96400638e+02 5.08969260e+02
3.67804106e-07 5.62533041e+02 5.24301109e+02
3.68235111e-07 4.32731975e+02 4.64061251e+02
3.68666117e-07 4.26762174e+02 4.68724789e+02
3.69097123e-07 3.89001734e+02 4.50014172e+02
3.69528129e-07 4.65002305e+02 5.02691532e+02
3.69959135e-07 5.29296158e+02 5.18776237e+02
3.70390141e-07 5.34375499e+02 5.24169231e+02
3.70821147e-07 5.49149210e+02 5.29885085e+02
3.71252152e-07 6.44445216e+02 6.04799360e+02
3.71683158e-07 6.64064491e+02 6.01664020e+02
3.72114164e-07 6.40293465e+02 5.72295687e+02
3.72545170e-07 5.89470210e+02 5.99236323e+02
3.72976176e-07 7.11935855e+02 6.67001290e+02
3.73407182e-07 7.48848370e+02 6.68303106e+02
3.73838188e-07 7.56630596e+02 6.83922218e+02
3.74269194e-07 7.77655158e+02 6.53332165e+02
3.74700199e-07 8.23102688e+02 6.58798174e+02
3.75131205e-07 7.21187349e+02 6.04348144e+02
3.75562211e-07 6.97067968e+02 6.32390159e+02
3.75993217e-07 7.21344352e+02 6.45991408e+02
3.76424223e-07 8.28092198e+02 6.66858419e+02
3.76855229e-07 9.42550152e+02 7.31104688e+02
3.77286235e-07 9.33028165e+02 7.12619093e+02
3.77717240e-07 8.93775802e+02 7.00578306e+02
3.78148246e-07 8.28479850e+02 6.76850807e+02
3.78579252e-07 8.24494763e+02 6.65977910e+02
3.79010258e-07 8.19533918e+02 6.49198243e+02
3.79441264e-07 9.30476325e+02 6.81636803e+02
3.79872270e-07 1.12939254e+03 7.89431947e+02
3.80303276e-07 1.16664608e+03 8.08696944e+02
3.80734282e-07 1.01274422e+03 7.62377002e+02
3.81165287e-07 8.66945614e+02 6.87544929e+02
3.81596293e-07 7.44387916e+02 6.42903658e+02
3.82027299e-07 6.62893540e+02 6.11578232e+02
3.82458305e-07 7.41850351e+02 6.79726828e+02
3.82889311e-07 7.94974322e+02 6.85654822e+02
3.83320317e-07 1.02209778e+03 8.16777399e+02
3.83751323e-07 9.31565094e+02 7.25961749e+02
3.84182328e-07 1.01284517e+03 8.05700871e+02
3.84613334e-07 1.01320605e+03 8.13679042e+02
3.85044340e-07 1.15656777e+03 8.06944625e+02
3.85475346e-07 1.27611330e+03 8.36086103e+02
3.85906352e-07 1.19244402e+03 8.20261231e+02
3.86337358e-07 1.18655818e+03 8.09686136e+02
3.86768364e-07 1.07093850e+03 7.80710020e+02
3.87199370e-07 1.05204004e+03 7.64155377e+02
3.87630375e-07 1.01862040e+03 7.61666406e+02
3.88061381e-07 1.11839374e+03 7.92381326e+02
3.88492387e-07 1.19313337e+03 8.31118658e+02
3.88923393e-07 1.16907868e+03 8.19239983e+02
3.89354399e-07 1.10574228e+03 8.18035276e+02
3.89785405e-07 9.22183299e+02 7.51694742e+02
3.90216411e-07 9.44610304e+02 7.32976604e+02
3.90647416e-07 7.86114905e+02 7.49107583e+02
3.91078422e-07 7.46563762e+02 7.39343482e+02
3.91509428e-07 8.51495223e+02 7.69413578e+02
3.91940434e-07 8.99288173e+02 7.55904834e+02
3.92371440e-07 1.17507299e+03 8.41081940e+02
3.92802446e-07 1.26496454e+03 8.52579997e+02
3.93233452e-07 1.14294254e+03 7.81258436e+02
3.93664457e-07 1.17598386e+03 8.28110580e+02
3.94095463e-07 1.16658874e+03 8.85817602e+02
3.94526469e-07 1.34044011e+03 9.51277513e+02
3.94957475e-07 1.38038066e+03 9.88665839e+02
3.95388481e-07 1.29575255e+03 9.22112207e+02
3.95819487e-07 1.23841872e+03 8.88291452e+02
3.96250493e-07 1.33831390e+03 8.96645342e+02
3.96681499e-07 1.54834436e+03 9.65628962e+02
3.97112504e-07 1.76404437e+03 1.06483421e+03
3.97543510e-07 1.76860555e+03 1.09351839e+03
3.97974516e-07 1.77086814e+03 1.12621199e+03
3.98405522e-07 1.84014252e+03 1.16711116e+03
3.98836528e-07 2.08735341e+03 1.26352077e+03
3.99267534e-07 2.10047758e+03 1.27408170e+03
3.99698540e-07 1.87827683e+03 1.20185964e+03
4.00129545e-07 1.71171154e+03 1.14144341e+03
4.00560551e-07 1.54999987e+03 1.07543698e+03
4.00991557e-07 1.16681187e+03 9.64251360e+02
4.01422563e-07 1.00602974e+03 8.96984229e+02
4.01853569e-07 1.23457669e+03 9.78831171e+02
4.02284575e-07 1.58104207e+03 1.12858398e+03
4.02715581e-07 1.87620201e+03 1.21643466e+03
4.03146587e-07 2.17246337e+03 1.31520794e+03
4.03577592e-07 2.15340252e+03 1.29368708e+03
4.04008598e-07 1.72648614e+03 1.16390718e+03
4.04439604e-07 1.39845055e+03 1.07093255e+03
4.04870610e-07 1.20167877e+03 9.50519783e+02
4.05301616e-07 1.44777164e+03 1.04205459e+03
4.05732622e-07 2.11590642e+03 1.30838096e+03
4.06163628e-07 2.61735623e+03 1.52188603e+03
4.06594633e-07 2.84255379e+03 1.64351992e+03
4.07025639e-07 3.09549429e+03 1.70886911e+03
4.07456645e-07 3.02503474e+03 1.65768046e+03
4.07887651e-07 3.28691174e+03 1.77524938e+03
4.08318657e-07 3.37215317e+03 1.78285100e+03
4.08749663e-07 3.33030608e+03 1.83434769e+03
4.09180669e-07 3.45358354e+03 1.89227914e+03
4.09611674e-07 3.76597808e+03 1.92956919e+03
4.10042680e-07 3.65234941e+03 1.84381311e+03
4.10473686e-07 3.81401709e+03 1.95564442e+03
4.10904692e-07 3.67379615e+03 1.88568406e+03
4.11335698e-07 3.48501874e+03 1.81284119e+03
4.11766704e-07 3.64701298e+03 1.91775897e+03
4.12197710e-07 3.64086967e+03 1.88785784e+03
4.12628716e-07 3.64533264e+03 1.93265382e+03
4.13059721e-07 3.66840178e+03 1.91787788e+03
4.13490727e-07 3.65837184e+03 1.93089670e+03
4.13921733e-07 3.75167994e+03 1.94341823e+03
4.14352739e-07 3.74683771e+03 1.91264041e+03
4.14783745e-07 3.75774486e+03 1.95039987e+03
4.15214751e-07 3.81154518e+03 1.98696054e+03
4.15645757e-07 3.75827667e+03 1.95302096e+03
4.16076762e-07 4.04964688e+03 2.12140455e+03
4.16507768e-07 4.20587498e+03 2.20039680e+03
4.16938774e-07 4.51962945e+03 2.26193712e+03
4.17369780e-07 4.58744448e+03 2.30266868e+03
4.17800786e-07 4.33056899e+03 2.20609395e+03
4.18231792e-07 4.10613062e+03 2.11627196e+03
4.18662798e-07 4.04665838e+03 2.05789795e+03
4.19093804e-07 4.17716261e+03 2.09389316e+03
4.19524809e-07 4.43946718e+03 2.21427187e+03
4.19955815e-07 4.82941735e+03 2.37147085e+03
4.20386821e-07 4.55206980e+03 2.25999366e+03
4.20817827e-07 4.60774828e+03 2.29648036e+03
4.21248833e-07 4.41259935e+03 2.18931096e+03
4.21679839e-07 4.75619841e+03 2.34647169e+03
4.22110845e-07 4.57625615e+03 2.27104674e+03
4.22541850e-07 4.37965539e+03 2.17555348e+03
4.22972856e-07 4.40999560e+03 2.19167157e+03
4.23403862e-07 4.39307598e+03 2.20399466e+03
4.23834868e-07 4.58327398e+03 2.25272902e+03
4.24265874e-07 4.81292133e+03 2.38616417e+03
4.24696880e-07 5.00079222e+03 2.45773883e+03
4.25127886e-07 4.94583897e+03 2.48007095e+03
4.25558891e-07 4.66196906e+03 2.35007962e+03
4.25989897e-07 4.69087672e+03 2.32637306e+03
4.26420903e-07 4.87729235e+03 2.41091777e+03
4.26851909e-07 4.88378610e+03 2.37484338e+03
4.27282915e-07 5.04693590e+03 2.45485313e+03
4.27713921e-07 5.27972828e+03 2.58438148e+03
4.28144927e-07 5.05487130e+03 2.47001295e+03
4.28575933e-07 5.12288898e+03 2.53442335e+03
4.29006938e-07 5.46711901e+03 2.64624186e+03
4.29437944e-07 5.47483575e+03 3.77851199e+03
4.29868950e-07 5.48493352e+03 3.79606311e+03
4.30299956e-07 5.85778380e+03 3.95163605e+03
4.30730962e-07 5.62845772e+03 3.84107457e+03
4.31161968e-07 5.60436730e+03 2.69348348e+03
4.31592974e-07 5.36961239e+03 2.62966401e+03
4.32023979e-07 5.76408386e+03 2.79669294e+03
4.32454985e-07 6.10710915e+03 2.96042355e+03
4.32885991e-07 6.15227586e+03 2.93170898e+03
4.33316997e-07 6.19021572e+03 2.96126248e+03
4.33748003e-07 6.12843726e+03 2.94046107e+03
4.34179009e-07 6.00641417e+03 2.83416545e+03
4.34610015e-07 6.26637119e+03 2.97158023e+03
4.35041021e-07 6.54662937e+03 3.09048359e+03
4.35472026e-07 6.28206373e+03 3.02819095e+03
4.35903032e-07 5.95260747e+03 2.90185881e+03
4.36334038e-07 6.25532940e+03 2.97892958e+03
4.36765044e-07 6.40236553e+03 3.04018339e+03
4.37196050e-07 6.21203105e+03 2.95821363e+03
4.37627056e-07 6.01833502e+03 2.90020417e+03
4.38058062e-07 6.00994011e+03 2.88980210e+03
4.38489067e-07 5.53081357e+03 2.67296769e+03
4.38920073e-07 4.87063607e+03 2.45252284e+03
4.39351079e-07 4.88804389e+03 2.46171493e+03
4.39782085e-07 5.34486889e+03 2.66987400e+03
4.40213091e-07 6.62260094e+03 3.20483756e+03
4.40644097e-07 7.63075437e+03 3.62512554e+03
4.41075103e-07 7.38721051e+03 3.49728083e+03
4.41506109e-07 7.16494960e+03 3.40602943e+03
4.41937114e-07 7.98253681e+03 3.76211003e+03
4.42368120e-07 7.74908417e+03 3.67039702e+03
4.42799126e-07 7.32385667e+03 3.45260197e+03
4.43230132e-07 7.53941673e+03 3.51860215e+03
4.43661138e-07 7.60135418e+03 3.56907856e+03
4.44092144e-07 7.48834648e+03 3.51670186e+03
4.44523150e-07 8.07600046e+03 3.76420939e+03
4.44954155e-07 8.28619304e+03 3.83570704e+03
4.45385161e-07 8.55595012e+03 3.92832170e+03
4.45816167e-07 8.22582803e+03 3.75803412e+03
4.46247173e-07 7.81653782e+03 3.61742592e+03
4.46678179e-07 7.81489406e+03 3.62485707e+03
4.47109185e-07 7.45968044e+03 3.54431083e+03
4.47540191e-07 7.55153267e+03 3.57495781e+03
4.47971196e-07 7.97005659e+03 3.74335830e+03
4.48402202e-07 8.59422359e+03 3.96445127e+03
4.48833208e-07 8.54399207e+03 3.91786120e+03
4.49264214e-07 8.32895954e+03 3.88219191e+03
4.49695220e-07 8.52662879e+03 3.94558391e+03
4.50126226e-07 8.80284202e+03 4.03094379e+03
4.50557232e-07 9.21441496e+03 4.15312844e+03
4.50988238e-07 9.54032684e+03 4.33590847e+03
4.51419243e-07 9.55374993e+03 4.34644834e+03
4.51850249e-07 9.58405233e+03 4.40422993e+03
4.52281255e-07 9.83385057e+03 4.48431596e+03
4.52712261e-07 9.85307237e+03 4.47345147e+03
4.53143267e-07 9.89955364e+03 4.51123314e+03
4.53574273e-07 1.05617792e+04 4.79700643e+03
4.54005279e-07 1.03913505e+04 4.74028969e+03
4.54436284e-07 1.00612884e+04 4.64438943e+03
4.54867290e-07 9.72011945e+03 4.49723263e+03
4.55298296e-07 9.64955771e+03 4.47811807e+03
4.55729302e-07 1.04123731e+04 4.68914602e+03
4.56160308e-07 1.10118179e+04 4.93709077e+03
4.56591314e-07 1.14341816e+04 5.13023986e+03
4.57022320e-07 1.19665449e+04 5.35967415e+03
4.57453326e-07 1.18765236e+04 5.27182392e+03
4.57884331e-07 1.16665753e+04 5.18912019e+03
4.58315337e-07 1.14376360e+04 5.12289107e+03
4.58746343e-07 1.19671532e+04 5.42993582e+03
4.59177349e-07 1.21449920e+04 5.37065051e+03
4.59608355e-07 1.28569329e+04 5.68439180e+03
4.60039361e-07 1.30152680e+04 5.71831430e+03
4.60470367e-07 1.31860791e+04 5.81542319e+03
4.60901372e-07 1.27970337e+04 5.72941874e+03
4.61332378e-07 1.23057268e+04 5.46895349e+03
4.61763384e-07 1.17133325e+04 5.26860577e+03
4.62194390e-07 1.09816848e+04 4.96663957e+03
4.62625396e-07 1.20368012e+04 5.39564340e+03
4.63056402e-07 1.21682941e+04 5.37927737e+03
4.63487408e-07 1.26368886e+04 5.61820362e+03
4.63918413e-07 1.24859656e+04 5.50827821e+03
4.64349419e-07 1.27975804e+04 5.71523953e+03
4.64780425e-07 1.31730374e+04 5.80932621e+03
4.65211431e-07 1.32041703e+04 5.86980787e+03
4.65642437e-07 1.36903515e+04 6.09893706e+03
4.66073443e-07 1.39601758e+04 6.16452701e+03
4.66504449e-07 1.44807984e+04 6.41616044e+03
4.66935455e-07 1.42352313e+04 6.28089718e+03
4.67366460e-07 1.37493221e+04 6.06074188e+03
4.67797466e-07 1.40885233e+04 6.22432335e+03
4.68228472e-07 1.40869808e+04 6.27157602e+03
4.68659478e-07 1.43833251e+04 6.38446095e+03
4.69090484e-07 1.42784752e+04 6.26523390e+03
4.69521490e-07 1.47803402e+04 6.48023438e+03
4.69952496e-07 1.48173036e+04 6.53753084e+03
4.70383501e-07 1.48894365e+04 6.49396913e+03
4.70814507e-07 1.52676904e+04 6.59942048e+03
4.71245513e-07 1.57649779e+04 6.82718857e+03
4.71676519e-07 1.56760134e+04 6.90218741e+03
4.72107525e-07 1.58838524e+04 6.95829832e+03
4.72538531e-07 1.51474434e+04 6.63281561e+03
4.72969537e-07 1.53696917e+04 6.73588775e+03
4.73400543e-07 1.50196363e+04 6.50815828e+03
4.73831548e-07 1.47359355e+04 6.44474344e+03
4.74262554e-07 1.52623152e+04 6.76639768e+03
4.74693560e-07 1.54255410e+04 6.72583180e+03
4.75124566e-07 1.55306448e+04 6.69633910e+03
4.75555572e-07 1.55191346e+04 6.78498875e+03
4.75986578e-07 1.53975025e+04 6.75329643e+03
4.76417584e-07 1.56376891e+04 6.87532388e+03
4.76848589e-07 1.56044443e+04 6.86646141e+03
4.77279595e-07 1.56009710e+04 6.82311348e+03
4.77710601e-07 1.56101117e+04 6.87242796e+03
4.78141607e-07 1.60639880e+04 7.05734337e+03
4.78572613e-07 1.54556756e+04 6.74722901e+03
4.79003619e-07 1.63556542e+04 7.13965296e+03
4.79434625e-07 1.59377373e+04 7.00039586e+03
4.79865630e-07 1.53814775e+04 6.73777549e+03
4.80296636e-07 1.56353112e+04 6.84716515e+03
4.80727642e-07 1.65162467e+04 7.23098314e+03
4.81158648e-07 1.68911342e+04 7.38585849e+03
4.81589654e-07 1.65927432e+04 7.26576674e+03
4.82020660e-07 1.70825759e+04 7.50042201e+03
4.82451666e-07 1.68539419e+04 7.43197712e+03
4.82882672e-07 1.66790818e+04 7.33172406e+03
4.83313677e-07 1.69749779e+04 7.51291197e+03
4.83744683e-07 1.74905156e+04 7.62245917e+03
4.84175689e-07 1.76005237e+04 7.66702544e+03
4.84606695e-07 1.79983997e+04 7.74630189e+03
4.85037701e-07 1.77871782e+04 7.69590177e+03
4.85468707e-07 1.76838574e+04 7.64609840e+03
4.85899713e-07 1.73459715e+04 7.51337173e+03
4.86330718e-07 1.76139241e+04 7.57005147e+03
4.86761724e-07 1.75688903e+04 7.62074195e+03
4.87192730e-07 1.79559749e+04 7.77155576e+03
4.87623736e-07 1.78196010e+04 7.75700286e+03
4.88054742e-07 1.74349567e+04 7.61654653e+03
4.88485748e-07 1.79306681e+04 7.80793805e+03
4.88916754e-07 1.82926157e+04 7.93845661e+03
4.89347760e-07 1.78215883e+04 7.75972576e+03
4.89778765e-07 1.84430543e+04 7.94486143e+03
4.90209771e-07 1.95072643e+04 8.38349120e+03
4.90640777e-07 1.94514617e+04 8.28959943e+03
4.91071783e-07 1.90840559e+04 8.18029128e+03
4.91502789e-07 1.90785029e+04 8.17704462e+03
4.91933795e-07 1.93448999e+04 8.33893936e+03
4.92364801e-07 1.92337593e+04 8.30740925e+03
4.92795806e-07 1.90043548e+04 8.18318807e+03
4.93226812e-07 1.89641514e+04 8.20227337e+03
4.93657818e-07 1.88943883e+04 8.15233957e+03
4.94088824e-07 1.92222692e+04 8.28846227e+03
4.94519830e-07 1.95686977e+04 8.48555284e+03
4.94950836e-07 1.90207972e+04 8.27125307e+03
4.95381842e-07 1.89412703e+04 8.21685170e+03
4.95812848e-07 1.86857636e+04 8.09931629e+03
4.96243853e-07 1.85419580e+04 8.06685261e+03
4.96674859e-07 1.88209730e+04 8.26634004e+03
4.97105865e-07 1.91636129e+04 8.37650160e+03
4.97536871e-07 1.95045825e+04 8.50138154e+03
4.97967877e-07 1.97433080e+04 8.52909887e+03
4.98398883e-07 1.97352402e+04 8.47687118e+03
4.98829889e-07 2.00407051e+04 8.68395372e+03
4.99260894e-07 2.06859733e+04 8.91739701e+03
4.99691900e-07 2.11825395e+04 9.17424230e+03
5.00122906e-07 2.15837802e+04 9.24178445e+03
5.00553912e-07 2.17386798e+04 9.25094990e+03
5.00984918e-07 2.14179098e+04 9.15972978e+03
5.01415924e-07 2.09562491e+04 9.03076504e+03
5.01846930e-07 2.11288642e+04 9.11470220e+03
5.02277935e-07 2.11027566e+04 9.06907737e+03
5.02708941e-07 2.18107476e+04 9.37752827e+03
5.03139947e-07 2.20687649e+04 9.46377004e+03
5.03570953e-07 2.15929125e+04 9.24028230e+03
5.04001959e-07 2.20185253e+04 9.41969059e+03
5.04432965e-07 2.27781372e+04 9.71675500e+03
5.04863971e-07 2.35339274e+04 1.00457545e+04
5.05294977e-07 2.33921156e+04 1.00114506e+04
5.05725982e-07 2.30094080e+04 9.87363410e+03
5.06156988e-07 2.27933981e+04 9.71970142e+03
5.06587994e-07 2.29008602e+04 9.76132955e+03
5.07019000e-07 2.25912295e+04 9.67267573e+03
5.07450006e-07 2.30459655e+04 9.84780131e+03
5.07881012e-07 2.29777320e+04 9.82451257e+03
5.08312018e-07 2.21071090e+04 9.53714462e+03
5.08743023e-07 2.19033259e+04 9.40515452e+03
5.09174029e-07 2.21908492e+04 9.49426054e+03
5.09605035e-07 2.28461993e+04 9.80609091e+03
5.10036041e-07 2.31012327e+04 9.83492570e+03
5.10467047e-07 2.34320756e+04 9.98388515e+03
5.10898053e-07 2.38158752e+04 1.01503914e+04
5.11329059e-07 2.30408892e+04 9.88525494e+03
5.11760065e-07 2.22476287e+04 9.60828112e+03
5.12191070e-07 2.20348625e+04 9.48272378e+03
5.12622076e-07 2.26622156e+04 9.66270364e+03
5.13053082e-07 2.30046962e+04 9.86750396e+03
5.13484088e-07 2.30805901e+04 9.87891981e+03
5.13915094e-07 2.32726705e+04 9.98199544e+03
5.14346100e-07 2.23392128e+04 9.61847708e+03
5.14777106e-07 2.29879083e+04 9.89327090e+03
5.15208111e-07 2.35885374e+04 1.00778200e+04
5.15639117e-07 2.42159746e+04 1.03595488e+04
5.16070123e-07 2.50439548e+04 1.07071917e+04
5.16501129e-07 2.50166923e+04 1.05863878e+04
5.16932135e-07 2.42449573e+04 1.02774139e+04
5.17363141e-07 2.42682654e+04 1.02837551e+04
5.17794147e-07 2.39471407e+04 1.01762070e+04
5.18225152e-07 2.37696625e+04 1.00612511e+04
5.18656158e-07 2.37681179e+04 1.01711690e+04
5.19087164e-07 2.37686382e+04 1.01988121e+04
5.19518170e-07 2.39320247e+04 1.04285790e+04
5.19949176e-07 2.42612252e+04 1.07333856e+04
5.20380182e-07 2.42021062e+04 1.05175207e+04
5.20811188e-07 2.37431202e+04 1.01747988e+04
5.21242194e-07 2.42924478e+04 1.03959250e+04
5.21673199e-07 2.40241367e+04 1.03197028e+04
5.22104205e-07 2.46679803e+04 1.06377577e+04
5.22535211e-07 2.46570715e+04 1.05805625e+04
5.22966217e-07 2.37428245e+04 1.02144753e+04
5.23397223e-07 2.35552295e+04 1.01377301e+04
5.23828229e-07 2.39921218e+04 1.03744838e+04
5.24259235e-07 2.39482951e+04 1.02981735e+04
5.24690240e-07 2.37933181e+04 1.01815789e+04
5.25121246e-07 2.39341235e+04 1.03492284e+04
5.25552252e-07 2.40449143e+04 1.04310406e+04
5.25983258e-07 2.41180867e+04 1.04018679e+04
5.26414264e-07 2.45175453e+04 1.04545951e+04
5.26845270e-07 2.32696257e+04 9.99497257e+03
5.27276276e-07 2.14940779e+04 9.44469398e+03
5.27707282e-07 2.03485186e+04 8.97932223e+03
5.28138287e-07 2.02152307e+04 8.85057842e+03
5.28569293e-07 2.11077449e+04 9.19672351e+03
5.29000299e-07 2.16395496e+04 9.40848801e+03
5.29431305e-07 2.26510450e+04 9.82130939e+03
5.29862311e-07 2.42112320e+04 1.04385690e+04
5.30293317e-07 2.53448739e+04 1.08674584e+04
5.30724323e-07 2.58817209e+04 1.11645656e+04
5.31155328e-07 2.50461795e+04 1.08197817e+04
5.31586334e-07 2.50290917e+04 1.07192071e+04
5.32017340e-07 2.60491697e+04 1.11363914e+04
5.32448346e-07 2.65650030e+04 1.15257963e+04
5.32879352e-07 2.72379080e+04 1.20812708e+04
5.33310358e-07 2.72442868e+04 1.17896728e+04
5.33741364e-07 2.74609123e+04 1.17737793e+04
5.34172370e-07 2.83462467e+04 1.20845872e+04
5.34603375e-07 2.83561950e+04 1.20621100e+04
5.35034381e-07 2.82871073e+04 1.20615012e+04
5.35465387e-07 2.86083070e+04 1.21897906e+04
5.35896393e-07 2.80351354e+04 1.20079882e+04
5.36327399e-07 2.80431229e+04 1.19834901e+04
5.36758405e-07 2.77414783e+04 1.18851593e+04
5.37189411e-07 2.62749854e+04 1.12404282e+04
5.37620416e-07 2.55063596e+04 1.10351803e+04
5.38051422e-07 2.67051614e+04 1.14068238e+04
5.38482428e-07 2.83765831e+04 1.20747095e+04
5.38913434e-07 2.94722748e+04 1.25278092e+04
5.39344440e-07 3.02394394e+04 1.28400054e+04
5.39775446e-07 3.12732713e+04 1.31514980e+04
5.40206452e-07 3.00712355e+04 1.26436190e+04
5.40637457e-07 2.99326081e+04 1.25995790e+04
5.41068463e-07 3.10057150e+04 1.30826726e+04
5.41499469e-07 3.20768191e+04 1.35353027e+04
5.41930475e-07 3.18760873e+04 1.34352658e+04
5.42361481e-07 3.18107880e+04 1.33617288e+04
5.42792487e-07 3.14763135e+04 1.33262035e+04
5.43223493e-07 3.02592300e+04 1.28009765e+04
5.43654499e-07 3.01819966e+04 1.28286458e+04
5.44085504e-07 3.01356547e+04 1.28784544e+04
5.44516510e-07 3.09976497e+04 1.32520255e+04
5.44947516e-07 3.12306757e+04 1.32742719e+04
5.45378522e-07 3.17982285e+04 1.34985100e+04
5.45809528e-07 3.20426305e+04 1.37082113e+04
5.46240534e-07 3.36932272e+04 1.42774279e+04
5.46671540e-07 3.36933589e+04 1.42270428e+04
5.47102545e-07 3.31936488e+04 1.39842860e+04
5.47533551e-07 3.27205531e+04 1.38685511e+04
5.47964557e-07 3.20618212e+04 1.36070600e+04
5.48395563e-07 3.22852022e+04 1.36545914e+04
5.48826569e-07 3.30373662e+04 1.38620255e+04
5.49257575e-07 3.41750538e+04 1.44472798e+04
5.49688581e-07 3.34283019e+04 1.41039886e+04
5.50119587e-07 3.23586874e+04 1.37231172e+04
5.50550592e-07 3.18131431e+04 1.35023811e+04
5.50981598e-07 3.16076053e+04 1.33749716e+04
5.51412604e-07 3.23800141e+04 1.37259891e+04
5.51843610e-07 3.19165976e+04 1.35618701e+04
5.52274616e-07 3.24535162e+04 1.37346704e+04
5.52705622e-07 3.40952232e+04 1.44447209e+04
5.53136628e-07 3.41823048e+04 1.44062004e+04
5.53567633e-07 3.37381913e+04 1.43300279e+04
5.53998639e-07 3.38423131e+04 1.44616033e+04
5.54429645e-07 3.36965225e+04 1.43980252e+04
5.54860651e-07 3.34155424e+04 1.43021007e+04
5.55291657e-07 3.45410079e+04 1.46039742e+04
5.55722663e-07 3.39555001e+04 1.44850108e+04
5.56153669e-07 3.30011411e+04 1.41625522e+04
5.56584674e-07 3.34104286e+04 1.42556182e+04
5.57015680e-07 3.23804494e+04 1.73324058e+04
5.57446686e-07 3.16993051e+04 2.95512248e+04
5.57877692e-07 3.44404885e+04 3.20891808e+04
5.58308698e-07 3.19545405e+04 1.82358106e+04
5.58739704e-07 3.32858446e+04 1.42609780e+04
5.59170710e-07 3.32406369e+04 1.42505974e+04
5.59601716e-07 3.41091206e+04 1.44688933e+04
5.60032721e-07 3.43430267e+04 1.47305164e+04
5.60463727e-07 3.40020907e+04 1.46358294e+04
5.60894733e-07 3.48857725e+04 2.36869384e+04
5.61325739e-07 3.43040032e+04 2.31279733e+04
5.61756745e-07 3.38313068e+04 2.28598031e+04
5.62187751e-07 3.42748808e+04 2.33452450e+04
5.62618757e-07 3.41714110e+04 1.47258516e+04
5.63049762e-07 3.53651488e+04 1.50507106e+04
5.63480768e-07 3.54785357e+04 1.51654568e+04
5.63911774e-07 3.52139654e+04 1.50219958e+04
5.64342780e-07 3.47892874e+04 1.49431752e+04
5.64773786e-07 3.50079513e+04 1.49582373e+04
5.65204792e-07 3.58996238e+04 1.52948202e+04
5.65635798e-07 3.66754860e+04 1.56037866e+04
5.66066804e-07 3.65603463e+04 1.56036173e+04
5.66497809e-07 3.63784417e+04 1.54395002e+04
5.66928815e-07 3.69427144e+04 1.58147208e+04
5.67359821e-07 3.63942443e+04 1.55371993e+04
5.67790827e-07 3.66297616e+04 1.55449575e+04
5.68221833e-07 3.60894864e+04 1.54308621e+04
5.68652839e-07 3.60959881e+04 1.53855135e+04
5.69083845e-07 3.64237481e+04 1.56251328e+04
5.69514850e-07 3.56326877e+04 1.53142884e+04
5.69945856e-07 3.60614769e+04 1.55297467e+04
5.70376862e-07 3.51071297e+04 1.51157864e+04
5.70807868e-07 3.55608607e+04 1.51974216e+04
5.71238874e-07 3.58298504e+04 1.52828606e+04
5.71669880e-07 3.59341805e+04 1.54582217e+04
5.72100886e-07 3.69702385e+04 1.59154339e+04
5.72531891e-07 3.63898254e+04 1.56169899e+04
5.72962897e-07 3.74520108e+04 1.60862113e+04
5.73393903e-07 3.58288410e+04 1.53743471e+04
5.73824909e-07 3.63818946e+04 1.56829879e+04
5.74255915e-07 3.72572684e+04 1.59354171e+04
5.74686921e-07 3.74113361e+04 1.59721065e+04
5.75117927e-07 3.75653606e+04 1.60741833e+04
5.75548933e-07 3.75194437e+04 1.59587464e+04
5.75979938e-07 3.69244503e+04 1.58476490e+04
5.76410944e-07 3.76277513e+04 1.61575892e+04
5.76841950e-07 3.80653296e+04 1.62795547e+04
5.77272956e-07 3.69138856e+04 1.58415396e+04
5.77703962e-07 3.73408615e+04 1.60721683e+04
5.78134968e-07 3.66699351e+04 1.57556194e+04
5.78565974e-07 3.80806412e+04 1.62534203e+04
5.78996979e-07 3.93132648e+04 1.68338360e+04
5.79427985e-07 3.84249035e+04 1.64638472e+04
5.79858991e-07 3.84492592e+04 1.64378826e+04
5.80289997e-07 3.80647871e+04 1.63283720e+04
5.80721003e-07 3.86247738e+04 1.66160493e+04
5.81152009e-07 3.97446503e+04 1.69637520e+04
5.81583015e-07 3.91629198e+04 1.67396401e+04
5.82014021e-07 3.80231433e+04 1.63564050e+04
5.82445026e-07 3.77919189e+04 1.62566893e+04
5.82876032e-07 3.83875307e+04 1.65984195e+04
5.83307038e-07 3.96610467e+04 1.70111409e+04
5.83738044e-07 4.07668067e+04 1.75202012e+04
5.84169050e-07 4.09198718e+04 1.74175048e+04
5.84600056e-07 4.15429603e+04 1.77323384e+04
5.85031062e-07 4.17025921e+04 1.77426924e+04
5.85462067e-07 4.06969655e+04 1.73382216e+04
5.85893073e-07 4.12372553e+04 1.76199648e+04
5.86324079e-07 4.14923918e+04 1.80915480e+04
5.86755085e-07 4.10519329e+04 1.82442510e+04
5.87186091e-07 4.06561990e+04 1.78338924e+04
5.87617097e-07 4.04663489e+04 1.74897125e+04
5.88048103e-07 4.08127184e+04 1.79290603e+04
5.88479109e-07 4.11016860e+04 2.03035704e+04
5.88910114e-07 4.01017348e+04 2.30289743e+04
5.89341120e-07 4.00589148e+04 2.25155639e+04
5.89772126e-07 3.91896483e+04 1.95879174e+04
5.90203132e-07 3.97199204e+04 1.78456690e+04
5.90634138e-07 3.98984327e+04 1.73920516e+04
5.91065144e-07 4.09413805e+04 1.80884783e+04
5.91496150e-07 4.18960215e+04 1.85263472e+04
5.91927155e-07 4.27215759e+04 1.86188739e+04
5.92358161e-07 4.25961702e+04 1.85728621e+04
5.92789167e-07 4.17978897e+04 1.84263376e+04
5.93220173e-07 4.22002215e+04 1.86818380e+04
5.93651179e-07 4.28535780e+04 1.87939753e+04
5.94082185e-07 4.32441251e+04 1.86410672e+04
5.94513191e-07 4.23780438e+04 1.83874135e+04
5.94944196e-07 4.24702384e+04 1.86365639e+04
5.95375202e-07 4.27802229e+04 1.88329728e+04
5.95806208e-07 4.29708117e+04 1.86510101e+04
5.96237214e-07 4.22749569e+04 1.82004212e+04
5.96668220e-07 4.19283926e+04 1.81621775e+04
5.97099226e-07 4.24612397e+04 1.84685183e+04
5.97530232e-07 4.21752444e+04 1.84539930e+04
5.97961238e-07 4.14782490e+04 1.81084657e+04
5.98392243e-07 4.18415676e+04 1.80607201e+04
5.98823249e-07 4.20916409e+04 1.80725629e+04
5.99254255e-07 4.25134141e+04 1.82936806e+04
5.99685261e-07 4.25397024e+04 1.83460300e+04
6.00116267e-07 4.12959500e+04 1.78451117e+04
6.00547273e-07 3.80579688e+04 1.65654222e+04
6.00978279e-07 3.54666160e+04 1.54673573e+04
6.01409284e-07 3.40407834e+04 1.49800369e+04
6.01840290e-07 3.64389309e+04 1.58271392e+04
6.02271296e-07 3.96087948e+04 1.70903478e+04
6.02702302e-07 4.15470809e+04 1.78604023e+04
6.03133308e-07 4.19586780e+04 1.80003359e+04
6.03564314e-07 4.20835094e+04 1.80187001e+04
6.03995320e-07 4.26285877e+04 1.81025348e+04
6.04426326e-07 4.26427115e+04 1.81665331e+04
6.04857331e-07 4.28260354e+04 1.83289517e+04
6.05288337e-07 4.30903495e+04 1.83399914e+04
6.05719343e-07 4.31468530e+04 1.83283294e+04
6.06150349e-07 4.37584187e+04 1.85888037e+04
6.06581355e-07 4.37648082e+04 1.86332817e+04
6.07012361e-07 4.40173914e+04 1.87213119e+04
6.07443367e-07 4.42923002e+04 1.87742030e+04
6.07874372e-07 4.37537799e+04 1.86382883e+04
6.08305378e-07 4.38951612e+04 1.86068243e+04
6.08736384e-07 4.40009465e+04 1.85948270e+04
6.09167390e-07 4.44595567e+04 1.88619609e+04
6.09598396e-07 4.45482763e+04 1.89478488e+04
6.10029402e-07 4.40995635e+04 1.87379466e+04
6.10460408e-07 4.42955596e+04 1.88046403e+04
6.10891413e-07 4.39960480e+04 1.87410266e+04
6.11322419e-07 4.43780417e+04 1.88362052e+04
6.11753425e-07 4.48455333e+04 1.90094842e+04
6.12184431e-07 4.44931237e+04 1.88362224e+04
6.12615437e-07 4.45764729e+04 1.88807348e+04
6.13046443e-07 4.41837009e+04 1.87170571e+04
6.13477449e-07 4.48316957e+04 1.91361158e+04
6.13908455e-07 4.46603558e+04 1.91955143e+04
6.14339460e-07 4.41529011e+04 1.89445832e+04
6.14770466e-07 4.53123310e+04 1.93276521e+04
6.15201472e-07 4.65559214e+04 1.96844984e+04
6.15632478e-07 4.67747778e+04 1.98059152e+04
6.16063484e-07 4.59572787e+04 1.94501464e+04
6.16494490e-07 4.66193305e+04 1.97950573e+04
6.16925496e-07 4.71850510e+04 2.02804700e+04
6.17356501e-07 4.63869971e+04 1.98511072e+04
6.17787507e-07 4.71071427e+04 1.99756774e+04
6.18218513e-07 4.74630617e+04 2.02694533e+04
6.18649519e-07 4.66020171e+04 1.99408392e+04
6.19080525e-07 4.67635252e+04 1.99005528e+04
6.19511531e-07 4.67250890e+04 1.98212450e+04
6.19942537e-07 4.73641896e+04 2.02052739e+04
6.20373543e-07 4.76691636e+04 2.04777877e+04
6.20804548e-07 4.68955760e+04 2.00348067e+04
6.21235554e-07 4.63198227e+04 1.97035190e+04
6.21666560e-07 4.57954907e+04 1.95557765e+04
6.22097566e-07 4.57877884e+04 1.97800110e+04
6.22528572e-07 4.73537378e+04 2.03334171e+04
6.22959578e-07 4.70589939e+04 2.04539264e+04
6.23390584e-07 4.71621445e+04 2.16933950e+04
6.23821589e-07 4.72907270e+04 2.18501877e+04
6.24252595e-07 4.65070121e+04 2.03756462e+04
6.24683601e-07 4.65832808e+04 2.00476202e+04
6.25114607e-07 4.64589099e+04 2.00216618e+04
6.25545613e-07 4.60081612e+04 2.06802317e+04
6.25976619e-07 4.58293192e+04 2.07060127e+04
6.26407625e-07 4.51458501e+04 2.00154722e+04
6.26838630e-07 4.59478080e+04 2.00458281e+04
6.27269636e-07 4.63402052e+04 1.99982200e+04
6.27700642e-07 4.51271472e+04 1.94817396e+04
6.28131648e-07 4.36663017e+04 1.91149568e+04
6.28562654e-07 4.33884684e+04 1.94698859e+04
6.28993660e-07 4.25848981e+04 1.92159085e+04
6.29424666e-07 4.29706106e+04 2.30659333e+04
6.29855672e-07 4.35852019e+04 3.15154391e+04
6.30286677e-07 4.37242858e+04 2.79284293e+04
6.30717683e-07 4.52159732e+04 2.14868330e+04
6.31148689e-07 4.57570614e+04 1.99548580e+04
6.31579695e-07 4.47604332e+04 1.93878527e+04
6.32010701e-07 4.50371402e+04 1.96511918e+04
6.32441707e-07 4.49351350e+04 1.98956048e+04
6.32872713e-07 4.67311688e+04 2.08108111e+04
6.33303718e-07 4.67543095e+04 2.06280332e+04
6.33734724e-07 4.58999743e+04 1.97495654e+04
6.34165730e-07 4.52724267e+04 1.95416203e+04
6.34596736e-07 4.49287820e+04 1.95800508e+04
6.35027742e-07 4.44129942e+04 1.94272882e+04
6.35458748e-07 4.39415566e+04 1.96042765e+04
6.35889754e-07 4.35361193e+04 2.13978954e+04
6.36320760e-07 4.57142110e+04 2.39766779e+04
6.36751765e-07 4.56514293e+04 2.15550236e+04
6.37182771e-07 4.48621806e+04 1.94483840e+04
6.37613777e-07 4.38046584e+04 1.89246699e+04
6.38044783e-07 4.40212270e+04 1.91731917e+04
6.38475789e-07 4.54455366e+04 1.98993184e+04
6.38906795e-07 4.59595202e+04 1.98940139e+04
6.39337801e-07 4.55227933e+04 1.93788972e+04
6.39768806e-07 4.61872059e+04 1.98035779e+04
6.40199812e-07 4.75033679e+04 2.02959822e+04
6.40630818e-07 4.76731263e+04 2.03474084e+04
6.41061824e-07 4.81496100e+04 2.05367726e+04
6.41492830e-07 4.77833563e+04 2.04647687e+04
6.41923836e-07 4.94502390e+04 2.11988817e+04
6.42354842e-07 4.78669996e+04 2.04621263e+04
6.42785848e-07 4.91318440e+04 2.08714795e+04
6.43216853e-07 4.92488579e+04 2.09245859e+04
6.43647859e-07 4.82678097e+04 2.04903423e+04
6.44078865e-07 4.87294768e+04 2.08189557e+04
6.44509871e-07 4.76313119e+04 2.02011860e+04
6.44940877e-07 4.79728895e+04 2.05400888e+04
6.45371883e-07 5.11282705e+04 2.17475281e+04
6.45802889e-07 4.95760695e+04 2.12835653e+04
6.46233894e-07 4.96204328e+04 2.19574875e+04
6.46664900e-07 5.00227018e+04 2.23812812e+04
6.47095906e-07 4.99779369e+04 2.19827251e+04
6.47526912e-07 4.91483898e+04 2.13040519e+04
6.47957918e-07 5.04909297e+04 2.15514285e+04
6.48388924e-07 5.03833256e+04 2.14035328e+04
6.48819930e-07 4.95085295e+04 2.09802439e+04
6.49250935e-07 4.93749463e+04 2.12929974e+04
6.49681941e-07 5.09396968e+04 2.27961178e+04
6.50112947e-07 5.13635198e+04 2.30705020e+04
6.50543953e-07 5.17326523e+04 2.24676033e+04
6.50974959e-07 5.08151176e+04 2.17233326e+04
6.51405965e-07 5.19127231e+04 2.21373594e+04
6.51836971e-07 5.22461731e+04 2.23335670e+04
6.52267977e-07 5.28771997e+04 2.26955369e+04
6.52698982e-07 5.24823964e+04 2.27314219e+04
6.53129988e-07 5.20739834e+04 2.31273637e+04
6.53560994e-07 5.20590646e+04 2.28222498e+04
6.53992000e-07 5.28168373e+04 2.28119870e+04
6.54423006e-07 5.18087839e+04 2.24105680e+04
6.54854012e-07 5.20435435e+04 2.28885544e+04
6.55285018e-07 5.24609909e+04 2.35587778e+04
6.55716023e-07 5.37220503e+04 2.35221038e+04
6.56147029e-07 5.30634432e+04 2.28849563e+04
6.56578035e-07 5.34712127e+04 2.32094635e+04
6.57009041e-07 5.34951799e+04 2.32031669e+04
6.57440047e-07 5.40162424e+04 2.38026104e+04
6.57871053e-07 5.33985882e+04 2.33863448e+04
6.58302059e-07 5.31627190e+04 2.26944096e+04
6.58733065e-07 5.37146039e+04 2.28629599e+04
6.59164070e-07 5.43501386e+04 2.31978917e+04
6.59595076e-07 5.39681183e+04 2.31241614e+04
6.60026082e-07 5.29777731e+04 2.29571775e+04
6.60457088e-07 5.38265615e+04 2.36325315e+04
6.60888094e-07 5.50974373e+04 2.36468010e+04
6.61319100e-07 5.44548600e+04 2.30210436e+04
6.61750106e-07 5.43282325e+04 2.29384855e+04
6.62181111e-07 5.24387152e+04 2.21773757e+04
6.62612117e-07 5.11347473e+04 2.17991896e+04
6.63043123e-07 5.12419414e+04 2.18912176e+04
6.63474129e-07 5.32997036e+04 2.27139529e+04
6.63905135e-07 5.51349429e+04 2.32639357e+04
6.64336141e-07 5.40553416e+04 2.27841094e+04
6.64767147e-07 5.44438500e+04 2.29659597e+04
6.65198152e-07 5.50001496e+04 2.32374726e+04
6.65629158e-07 5.47988119e+04 2.31361386e+04
6.66060164e-07 5.53322182e+04 2.34572610e+04
6.66491170e-07 5.52172135e+04 2.34124969e+04
6.66922176e-07 5.48076776e+04 2.31567882e+04
6.67353182e-07 5.50677571e+04 2.32130304e+04
6.67784188e-07 5.53370412e+04 2.33791800e+04
6.68215194e-07 5.53796227e+04 2.33323067e+04
6.68646199e-07 5.43024335e+04 2.28881489e+04
6.69077205e-07 5.39163496e+04 2.28183638e+04
6.69508211e-07 5.30221825e+04 2.25394214e+04
6.69939217e-07 5.15476547e+04 2.19593408e+04
6.70370223e-07 5.21692672e+04 2.22445578e+04
6.70801229e-07 5.29545694e+04 2.25849064e+04
6.71232235e-07 5.48198867e+04 2.31560096e+04
6.71663240e-07 5.69959100e+04 2.39887436e+04
6.72094246e-07 5.68334888e+04 2.39517730e+04
6.72525252e-07 5.46695712e+04 2.31281645e+04
6.72956258e-07 5.41034076e+04 2.29640479e+04
6.73387264e-07 5.34905090e+04 2.26925101e+04
6.73818270e-07 5.32081949e+04 2.24800189e+04
6.74249276e-07 5.35430890e+04 2.26904040e+04
6.74680282e-07 5.28555832e+04 2.23697295e+04
6.75111287e-07 5.34232724e+04 2.25010822e+04
6.75542293e-07 5.37400268e+04 2.27391248e+04
6.75973299e-07 5.32693085e+04 2.25166953e+04
6.76404305e-07 5.28297180e+04 2.23191197e+04
6.76835311e-07 5.31040449e+04 2.23578152e+04
6.77266317e-07 5.35798091e+04 2.25681455e+04
6.77697323e-07 5.36136330e+04 2.26791038e+04
6.78128328e-07 5.33928143e+04 2.26198843e+04
6.78559334e-07 5.36759098e+04 2.27351693e+04
6.78990340e-07 5.32845506e+04 2.25477902e+04
6.79421346e-07 5.19580516e+04 2.19479706e+04
6.79852352e-07 5.20470476e+04 2.19283100e+04
6.80283358e-07 5.21580364e+04 2.21000275e+04
6.80714364e-07 5.28782469e+04 2.23386693e+04
6.81145370e-07 5.21674111e+04 2.21336711e+04
6.81576375e-07 5.20702290e+04 2.20554818e+04
6.82007381e-07 5.19756395e+04 2.22349036e+04
6.82438387e-07 5.19068070e+04 2.36289883e+04
6.82869393e-07 5.17090611e+04 2.50137541e+04
6.83300399e-07 5.17739266e+04 2.47938229e+04
6.83731405e-07 5.19320789e+04 2.34619603e+04
6.84162411e-07 5.16039878e+04 2.25009246e+04
6.84593416e-07 5.42600546e+04 2.31346294e+04
6.85024422e-07 5.47212990e+04 2.31613877e+04
6.85455428e-07 5.45859173e+04 2.33768322e+04
6.85886434e-07 5.37363496e+04 2.47411366e+04
6.86317440e-07 5.00421158e+04 2.47861516e+04
6.86748446e-07 4.08422588e+04 1.95247052e+04
6.87179452e-07 3.71115077e+04 1.64581374e+04
6.87610457e-07 4.29499716e+04 1.87072767e+04
6.88041463e-07 4.74611372e+04 2.07007036e+04
6.88472469e-07 4.59421754e+04 2.03443189e+04
6.88903475e-07 4.33181238e+04 1.94046183e+04
6.89334481e-07 4.38611572e+04 1.92858356e+04
6.89765487e-07 4.54311275e+04 1.99164085e+04
6.90196493e-07 4.65066764e+04 2.03869912e+04
6.90627499e-07 4.82017263e+04 2.10804431e+04
6.91058504e-07 4.98233662e+04 2.21572961e+04
6.91489510e-07 5.08674036e+04 2.26613636e+04
6.91920516e-07 5.09189360e+04 2.31214260e+04
6.92351522e-07 5.06745355e+04 2.34452371e+04
6.92782528e-07 5.14915026e+04 2.27193452e+04
6.93213534e-07 5.03503346e+04 2.17571091e+04
6.93644540e-07 5.13905757e+04 2.27148576e+04
6.94075545e-07 5.11556067e+04 2.28969966e+04
6.94506551e-07 5.08345676e+04 2.34326309e+04
6.94937557e-07 5.16900657e+04 2.41291029e+04
6.95368563e-07 5.11044257e+04 2.27107516e+04
6.95799569e-07 5.03756883e+04 2.17438619e+04
6.96230575e-07 5.15558287e+04 2.21823614e+04
6.96661581e-07 5.35160864e+04 2.32936358e+04
6.97092587e-07 5.29279139e+04 2.35243856e+04
6.97523592e-07 5.28212342e+04 2.38525745e+04
6.97954598e-07 5.14845396e+04 2.31409972e+04
6.98385604e-07 5.15550321e+04 2.24170051e+04
6.98816610e-07 5.12213970e+04 2.20258203e+04
6.99247616e-07 5.08148434e+04 2.19341814e+04
6.99678622e-07 5.09993714e+04 2.21027023e+04
7.00109628e-07 5.07432877e+04 2.21492018e+04
7.00540633e-07 5.14308012e+04 2.25756530e+04
7.00971639e-07 5.32597076e+04 2.35306851e+04
7.01402645e-07 5.30221647e+04 2.29526508e+04
7.01833651e-07 5.21520975e+04 2.23786275e+04
7.02264657e-07 5.28100094e+04 2.26386285e+04
7.02695663e-07 5.21839604e+04 2.25234306e+04
7.03126669e-07 5.22025677e+04 2.26890673e+04
7.03557674e-07 5.46275854e+04 2.34654426e+04
7.03988680e-07 5.38938771e+04 2.33379211e+04
7.04419686e-07 5.33714544e+04 2.34710781e+04
7.04850692e-07 5.30863757e+04 2.35652503e+04
7.05281698e-07 5.41423054e+04 2.37048410e+04
7.05712704e-07 5.22477359e+04 2.26084999e+04
7.06143710e-07 5.39127625e+04 2.33060525e+04
7.06574716e-07 5.29585666e+04 2.31006517e+04
7.07005721e-07 5.35315377e+04 2.33559507e+04
7.07436727e-07 5.43011363e+04 2.35365024e+04
7.07867733e-07 5.30335196e+04 2.31688635e+04
7.08298739e-07 5.33220188e+04 2.32990301e+04
7.08729745e-07 5.21696326e+04 2.27448626e+04
7.09160751e-07 5.24822017e+04 2.29462634e+04
7.09591757e-07 5.35817111e+04 2.32916219e+04
7.10022762e-07 5.39484808e+04 2.32557804e+04
7.10453768e-07 5.32902797e+04 2.29834087e+04
7.10884774e-07 5.39899402e+04 2.31988836e+04
7.11315780e-07 5.32336215e+04 2.28515743e+04
7.11746786e-07 5.38481674e+04 2.32309343e+04
7.12177792e-07 5.43293320e+04 2.33919100e+04
7.12608798e-07 5.36658146e+04 2.32737382e+04
7.13039804e-07 5.37562596e+04 2.33821524e+04
7.13470809e-07 5.40434622e+04 2.33883089e+04
7.13901815e-07 5.41509289e+04 2.36141040e+04
7.14332821e-07 5.39613852e+04 2.37479087e+04
7.14763827e-07 5.34300545e+04 2.34272627e+04
7.15194833e-07 5.30185978e+04 2.30629536e+04
7.15625839e-07 5.23305136e+04 2.28221420e+04
7.16056845e-07 5.18717881e+04 2.26058152e+04
7.16487850e-07 5.05837960e+04 2.21557315e+04
7.16918856e-07 4.87654093e+04 2.13932644e+04
7.17349862e-07 4.80170821e+04 2.11192924e+04
7.17780868e-07 4.76390059e+04 2.08948344e+04
7.18211874e-07 4.71124436e+04 2.07095910e+04
7.18642880e-07 4.63860044e+04 2.02401623e+04
7.19073886e-07 4.60027304e+04 2.00063684e+04
7.19504891e-07 4.64285958e+04 2.02295282e+04
7.19935897e-07 4.28198419e+04 1.88477460e+04
7.20366903e-07 4.23908271e+04 1.86870840e+04
7.20797909e-07 4.46628544e+04 1.96612559e+04
7.21228915e-07 4.49935005e+04 1.97644823e+04
7.21659921e-07 4.69567951e+04 2.04677239e+04
7.22090927e-07 4.69336407e+04 2.06828560e+04
7.22521933e-07 4.56083114e+04 2.01519710e+04
7.22952938e-07 4.28229201e+04 1.91815080e+04
7.23383944e-07 4.06191584e+04 1.99371351e+04
7.23814950e-07 4.06661777e+04 2.36863734e+04
7.24245956e-07 4.04140624e+04 2.50039824e+04
7.24676962e-07 3.93173427e+04 2.19036137e+04
7.25107968e-07 4.05384946e+04 1.98916756e+04
7.25538974e-07 4.15784863e+04 1.93014521e+04
7.25969979e-07 4.08831925e+04 1.84109346e+04
7.26400985e-07 4.13971883e+04 1.84833242e+04
7.26831991e-07 4.14532846e+04 1.97269984e+04
7.27262997e-07 4.11151188e+04 2.33965180e+04
7.27694003e-07 3.84465767e+04 2.38538118e+04
7.28125009e-07 4.06600886e+04 2.22762666e+04
7.28556015e-07 4.13022681e+04 2.07525197e+04
7.28987021e-07 3.96621123e+04 1.86875754e+04
7.29418026e-07 4.03525871e+04 1.88552250e+04
7.29849032e-07 4.17281344e+04 1.96805218e+04
7.30280038e-07 4.25671020e+04 2.02109330e+04
7.30711044e-07 4.22705543e+04 2.00488089e+04
7.31142050e-07 4.32599240e+04 2.24541540e+04
7.31573056e-07 4.27270533e+04 2.41095756e+04
7.32004062e-07 4.35429202e+04 2.19088167e+04
7.32435067e-07 4.49346835e+04 2.11573624e+04
7.32866073e-07 4.47528018e+04 2.18479669e+04
7.33297079e-07 4.48683179e+04 2.19262328e+04
7.33728085e-07 4.61323322e+04 2.50184131e+04
7.34159091e-07 4.53602359e+04 2.59418207e+04
7.34590097e-07 4.43388945e+04 2.15535538e+04
7.35021103e-07 4.54028030e+04 2.04542873e+04
7.35452109e-07 4.56306972e+04 2.15941209e+04
7.35883114e-07 4.55847843e+04 2.22187901e+04
7.36314120e-07 4.67377807e+04 2.30505752e+04
7.36745126e-07 4.75394018e+04 2.52677121e+04
7.37176132e-07 4.73619384e+04 2.39700217e+04
7.37607138e-07 4.72347380e+04 2.13761412e+04
7.38038144e-07 4.76829483e+04 2.08632516e+04
7.38469150e-07 4.81475975e+04 2.13265365e+04
7.38900155e-07 4.85145032e+04 2.22638376e+04
7.39331161e-07 4.78907412e+04 2.25274726e+04
7.39762167e-07 4.90585221e+04 2.37395457e+04
7.40193173e-07 4.88816892e+04 2.41798453e+04
7.40624179e-07 4.76380077e+04 2.19390497e+04
7.41055185e-07 4.82837705e+04 2.11272484e+04
7.41486191e-07 4.85185074e+04 2.11228892e+04
7.41917196e-07 4.92244117e+04 2.15313661e+04
7.42348202e-07 4.86810242e+04 2.14487144e+04
7.42779208e-07 4.89400506e+04 2.20188069e+04
7.43210214e-07 4.83002485e+04 2.22591696e+04
7.43641220e-07 4.79079479e+04 2.25041409e+04
7.44072226e-07 4.85589033e+04 2.22887997e+04
7.44503232e-07 4.94751653e+04 2.17379230e+04
7.44934238e-07 4.96035569e+04 2.16060121e+04
7.45365243e-07 4.97367896e+04 2.18028822e+04
7.45796249e-07 5.05831854e+04 2.23574814e+04
7.46227255e-07 4.99871862e+04 2.24957821e+04
7.46658261e-07 5.07873474e+04 2.34572691e+04
7.47089267e-07 5.08873499e+04 2.42452382e+04
7.47520273e-07 4.95424810e+04 2.37965950e+04
7.47951279e-07 4.94264401e+04 2.37478395e+04
7.48382284e-07 5.03749203e+04 2.36998174e+04
7.48813290e-07 5.12490045e+04 2.30129065e+04
7.49244296e-07 5.05065440e+04 2.23606946e+04
7.49675302e-07 5.12949840e+04 2.25856048e+04
7.50106308e-07 5.05636628e+04 2.21612051e+04
7.50537314e-07 5.08525642e+04 2.23577116e+04
7.50968320e-07 5.08409972e+04 2.22820551e+04
7.51399326e-07 5.16462237e+04 3.69615495e+04
7.51830331e-07 5.14669011e+04 3.97242611e+04
7.52261337e-07 5.21316879e+04 4.37737725e+04
7.52692343e-07 5.40792828e+04 2.72480549e+04
7.53123349e-07 5.18797435e+04 2.42590033e+04
7.53554355e-07 5.12748494e+04 2.30133058e+04
7.53985361e-07 5.10062668e+04 2.27022552e+04
7.54416367e-07 5.12643167e+04 2.26313246e+04
7.54847372e-07 5.15944055e+04 2.26716631e+04
7.55278378e-07 5.19320743e+04 2.33398457e+04
7.55709384e-07 5.15032622e+04 2.34064515e+04
7.56140390e-07 5.10368682e+04 2.29547376e+04
7.56571396e-07 5.12427839e+04 2.40004692e+04
7.57002402e-07 5.07252641e+04 2.53688019e+04
7.57433408e-07 5.10533720e+04 2.46121166e+04
7.57864413e-07 5.15183515e+04 2.33094911e+04
7.58295419e-07 5.17584591e+04 2.36017063e+04
7.58726425e-07 5.05574918e+04 2.30823757e+04
7.59157431e-07 3.94958975e+04 2.97659410e+04
7.59588437e-07 2.12521018e+04 1.85240163e+04
7.60019443e-07 9.94145213e+03 1.10371056e+04
7.60450449e-07 7.41987262e+03 8.82900495e+03
7.60881455e-07 1.22085675e+04 1.15710921e+04
7.61312460e-07 2.51612401e+04 1.21937365e+04
7.61743466e-07 3.23380587e+04 1.55044299e+04
7.62174472e-07 2.92147109e+04 1.40917400e+04
7.62605478e-07 2.35809090e+04 1.19684115e+04
7.63036484e-07 2.30368602e+04 1.15208276e+04
7.63467490e-07 2.49861870e+04 1.19422343e+04
7.63898496e-07 2.73007915e+04 1.26833232e+04
7.64329501e-07 3.02577043e+04 1.38949528e+04
7.64760507e-07 3.43932359e+04 1.57871339e+04
7.65191513e-07 3.74024672e+04 1.72538371e+04
7.65622519e-07 3.97977999e+04 1.84219052e+04
7.66053525e-07 4.20157910e+04 1.96020811e+04
7.66484531e-07 4.43737529e+04 2.02821247e+04
7.66915537e-07 4.69349080e+04 2.09120836e+04
7.67346543e-07 4.78040625e+04 2.11088968e+04
7.67777548e-07 4.88214062e+04 2.16985038e+04
7.68208554e-07 4.99736021e+04 2.25399927e+04
7.68639560e-07 5.08255614e+04 2.31363380e+04
7.69070566e-07 5.08100826e+04 2.32039881e+04
7.69501572e-07 5.16064053e+04 2.35541273e+04
7.69932578e-07 5.23057911e+04 2.38258666e+04
7.70363584e-07 5.18407542e+04 2.40377425e+04
7.70794589e-07 5.22151420e+04 2.76466735e+04
7.71225595e-07 5.06156609e+04 3.25027991e+04
7.71656601e-07 4.96777874e+04 3.15393251e+04
7.72087607e-07 4.99939445e+04 2.69650973e+04
7.72518613e-07 5.09231528e+04 2.50097089e+04
7.72949619e-07 5.21169422e+04 2.44099111e+04
7.73380625e-07 5.11301806e+04 2.34376452e+04
7.73811630e-07 4.90350367e+04 2.23674811e+04
7.74242636e-07 4.91678662e+04 2.41670195e+04
7.74673642e-07 4.89992095e+04 2.93837931e+04
7.75104648e-07 4.72669293e+04 3.05084887e+04
7.75535654e-07 4.78600912e+04 2.69939497e+04
7.75966660e-07 4.73163334e+04 2.47341894e+04
7.76397666e-07 4.78262207e+04 2.30372303e+04
7.76828672e-07 4.83318147e+04 2.27499724e+04
7.77259677e-07 4.87910236e+04 2.38505634e+04
7.77690683e-07 4.82773498e+04 2.41612664e+04
7.78121689e-07 4.72865680e+04 2.33924668e+04
7.78552695e-07 4.92030926e+04 2.43069857e+04
7.78983701e-07 4.87081228e+04 2.71455366e+04
7.79414707e-07 4.50605968e+04 2.67443064e+04
7.79845713e-07 4.59064482e+04 2.35357539e+04
7.80276718e-07 4.73261801e+04 2.30659290e+04
7.80707724e-07 4.55355255e+04 2.34902077e+04
7.81138730e-07 4.46943110e+04 2.27616672e+04
7.81569736e-07 4.56946663e+04 2.50662796e+04
7.82000742e-07 4.44047738e+04 2.79861743e+04
7.82431748e-07 4.20233514e+04 2.46316636e+04
7.82862754e-07 4.30057061e+04 2.06693259e+04
7.83293760e-07 4.39771913e+04 2.05502441e+04
7.83724765e-07 4.52428735e+04 2.23196730e+04
7.84155771e-07 4.42376261e+04 2.24809702e+04
7.84586777e-07 4.40322889e+04 2.38359798e+04
7.85017783e-07 4.47889894e+04 2.83366438e+04
7.85448789e-07 4.22686229e+04 2.82840574e+04
7.85879795e-07 4.16822587e+04 2.47527538e+04
7.86310801e-07 4.28286167e+04 2.35186499e+04
7.86741806e-07 4.26929854e+04 2.42873033e+04
7.87172812e-07 4.24035419e+04 2.37787853e+04
7.87603818e-07 4.22840636e+04 2.25413620e+04
7.88034824e-07 4.26192373e+04 2.26750379e+04
7.88465830e-07 4.35464952e+04 2.35967084e+04
7.88896836e-07 4.22312544e+04 2.37300838e+04
7.89327842e-07 4.27489755e+04 2.20445684e+04
7.89758848e-07 4.29592375e+04 2.01531702e+04
7.90189853e-07 4.25798246e+04 1.98557601e+04
7.90620859e-07 4.31771835e+04 2.30625969e+04
7.91051865e-07 4.23478450e+04 2.87037355e+04
7.91482871e-07 3.98007058e+04 2.89080546e+04
7.91913877e-07 4.06833100e+04 2.55308985e+04
7.92344883e-07 4.15453720e+04 2.27588479e+04
7.92775889e-07 4.27343253e+04 2.22601844e+04
7.93206894e-07 4.24442832e+04 2.18951891e+04
7.93637900e-07 4.19902106e+04 2.00734721e+04
7.94068906e-07 4.14170182e+04 1.94350195e+04
7.94499912e-07 4.27861592e+04 2.13540759e+04
7.94930918e-07 4.32205957e+04 2.16626849e+04
7.95361924e-07 4.25386856e+04 2.02126790e+04
7.95792930e-07 4.32934117e+04 2.23001071e+04
7.96223935e-07 4.38871010e+04 2.66483228e+04
7.96654941e-07 4.25432579e+04 2.52230791e+04
7.97085947e-07 4.27437144e+04 2.17177971e+04
7.97516953e-07 4.48012678e+04 2.28286235e+04
7.97947959e-07 4.45064676e+04 2.33077329e+04
7.98378965e-07 4.28490582e+04 3.50289636e+04
7.98809971e-07 6.22569087e+04 4.07344318e+04
7.99240977e-07 9.08907343e+03 1.59714339e+04
