1.02900000e-01
3.61628030e-07 1.39513126e+02 3.23643698e+02
3.62490091e-07 3.65344955e+00 2.96934468e+02
3.64214212e-07 1.14145081e+00 3.35478655e+02
3.64645242e-07 3.78122539e+01 3.47644087e+02
3.65076273e-07 6.04319210e+01 3.28408921e+02
3.65507303e-07 2.22212329e+01 3.14826395e+02
3.65938333e-07 4.64782733e+01 3.20089690e+02
3.66369364e-07 1.66651384e+00 3.20547515e+02
3.66800394e-07 9.75637326e+00 3.20030360e+02
3.67231424e-07 3.84545721e+00 2.72589115e+02
3.67662455e-07 5.67105318e+00 2.63667880e+02
3.68093485e-07 3.70372126e+01 2.86292333e+02
3.68524515e-07 3.33935936e+01 2.76013828e+02
3.68955545e-07 2.47827336e+01 2.96864506e+02
3.69386576e-07 6.49825548e+01 3.17962135e+02
3.69817606e-07 4.75487589e+01 3.33099840e+02
3.71541727e-07 4.77946545e+01 3.59649940e+02
3.71972758e-07 7.54658734e+01 3.32078341e+02
3.72403788e-07 1.43329032e+01 3.13004994e+02
3.72834818e-07 8.47650779e+00 3.42762976e+02
3.73265848e-07 3.89781845e+01 3.91322480e+02
3.74127909e-07 4.92352064e+01 4.44749466e+02
3.74558939e-07 5.89930222e+01 4.23339034e+02
3.75421000e-07 2.14743839e+01 3.80531399e+02
3.76283061e-07 2.24745227e+01 3.51455940e+02
3.76714091e-07 2.19457988e+01 3.44673165e+02
3.77576152e-07 2.92679115e+01 3.69458177e+02
3.78007182e-07 4.61887378e+00 3.50926011e+02
3.78438212e-07 2.56341819e+01 3.50220008e+02
3.79300273e-07 8.46675003e-01 3.69324090e+02
3.79731303e-07 6.36799602e+01 3.81139189e+02
3.80162333e-07 3.64187754e+01 3.64893798e+02
3.80593364e-07 1.15217279e+02 3.74243676e+02
3.81024394e-07 4.66197938e+01 3.52010438e+02
3.81455424e-07 2.74610512e+01 3.89236875e+02
3.82317485e-07 2.33661474e+01 4.06675267e+02
3.83179545e-07 7.48461924e+01 4.85153217e+02
3.84041606e-07 7.03396791e+01 4.81098811e+02
3.84472636e-07 3.64979772e+01 4.50155532e+02
3.84903667e-07 3.13318043e+01 4.44492058e+02
3.85765727e-07 4.20350722e+01 4.06018172e+02
3.86196758e-07 5.24406173e+00 3.84842343e+02
3.86627788e-07 1.87336854e+01 3.84674960e+02
3.87058818e-07 6.47761453e+01 3.96342783e+02
3.87489848e-07 9.56786886e+01 4.00036025e+02
3.87920879e-07 3.74967371e+01 3.51089232e+02
3.88351909e-07 3.94390457e+01 3.64288739e+02
3.88782939e-07 2.70908514e+01 3.82805443e+02
3.89213970e-07 4.02884915e+01 3.75236525e+02
3.89645000e-07 2.04604361e+01 3.88797939e+02
3.90507061e-07 8.67640772e+01 4.77901271e+02
3.90938091e-07 1.01492588e+02 5.06099806e+02
3.91369121e-07 1.46294393e+02 5.21893484e+02
3.91800152e-07 1.79282663e+02 4.86534229e+02
3.92231182e-07 9.17668947e+01 4.28304672e+02
3.92662212e-07 2.87037318e+01 4.06504749e+02
3.93093242e-07 5.96494329e+01 4.20443289e+02
3.93524273e-07 3.29476054e+01 4.32100259e+02
3.93955303e-07 2.48395437e+01 4.89900380e+02
3.94817364e-07 1.52615235e+01 4.81632337e+02
3.95248394e-07 1.19370949e+01 4.76296440e+02
3.95679424e-07 1.03213234e+00 4.39703271e+02
3.96110455e-07 1.25912263e+02 4.41747877e+02
3.96541485e-07 7.68843956e+01 4.16328143e+02
3.96972515e-07 1.04340369e+02 4.25833965e+02
3.97403545e-07 9.03413331e+00 4.21196549e+02
3.97834576e-07 1.09920085e+00 4.53963825e+02
3.98696636e-07 2.96446979e+00 4.51557364e+02
3.99989727e-07 4.02015483e+01 4.67926079e+02
4.00420758e-07 2.08611604e+01 5.03396237e+02
4.00851788e-07 2.11274033e+01 5.33395976e+02
4.01282818e-07 1.11071262e+02 5.67095934e+02
4.01713848e-07 7.28078021e+01 5.33997148e+02
4.02144879e-07 3.95287466e+01 5.18459814e+02
4.02575909e-07 5.87337208e+01 5.05808679e+02
4.03437970e-07 1.34887334e+02 5.12203915e+02
4.03869000e-07 9.72454411e+01 5.54449178e+02
4.04300030e-07 5.86027490e+00 5.80364607e+02
4.04731061e-07 4.99304909e+01 5.61288634e+02
4.05162091e-07 6.80220903e+01 5.75353173e+02
4.05593121e-07 3.30792492e+01 5.45207162e+02
4.06024152e-07 6.74324880e+01 5.88816009e+02
4.06455182e-07 3.86526882e+01 6.11233449e+02
4.06886212e-07 3.70141336e+01 6.30510800e+02
4.07317242e-07 7.54889275e+01 6.03896188e+02
4.07748273e-07 1.22647025e+02 6.17587037e+02
4.08179303e-07 1.01768804e+02 6.04428409e+02
4.08610333e-07 9.97253725e+00 5.46091252e+02
4.09472394e-07 8.08531028e+01 5.50474601e+02
4.09903424e-07 6.43406483e+01 5.32444166e+02
4.10334455e-07 4.65851061e+01 7.59862371e+02
4.10765485e-07 2.09821711e+02 8.21278878e+02
4.11196515e-07 1.60063330e+02 8.68017671e+02
4.11627545e-07 2.24872177e+02 5.48189975e+02
4.12058576e-07 1.40561693e+02 5.59816275e+02
4.12489606e-07 4.68146151e+01 5.83136527e+02
4.12920636e-07 9.40158300e+01 5.94500531e+02
4.13351667e-07 4.06903239e+01 5.89220075e+02
4.14213727e-07 7.01961356e+01 5.72528148e+02
4.14644758e-07 1.84067394e+02 8.51112402e+02
4.15075788e-07 1.02804256e+02 8.39522368e+02
4.15506818e-07 2.48732106e+01 8.54617217e+02
4.15937848e-07 2.10527693e+02 6.94191388e+02
4.16368879e-07 9.55547514e+01 6.91991433e+02
4.16799909e-07 8.19769521e+01 7.18227448e+02
4.17230939e-07 1.65471684e+02 7.17427060e+02
4.17661970e-07 1.21988564e+02 6.78678202e+02
4.18093000e-07 9.00324779e+01 6.39382404e+02
4.18524030e-07 1.11854949e+02 6.06313393e+02
4.18955061e-07 4.22041806e+01 5.86314324e+02
4.19386091e-07 3.81335806e+01 5.80357090e+02
4.19817121e-07 7.79201398e+01 5.75830981e+02
4.20248152e-07 1.24155906e+02 5.75723456e+02
4.20679182e-07 1.51632548e+02 5.73071211e+02
4.21110212e-07 2.10858752e+02 6.07091353e+02
4.21541242e-07 6.64920487e+01 5.53018524e+02
4.21972273e-07 1.29217806e+02 5.65961151e+02
4.22403303e-07 1.31439659e+02 5.67875282e+02
4.22834333e-07 1.30669729e+02 5.66389152e+02
4.23696394e-07 9.51550205e+01 5.38998244e+02
4.24127424e-07 6.24298192e+01 5.37422284e+02
4.24558455e-07 1.16214900e+02 6.02571646e+02
4.24989485e-07 2.43539458e+02 6.58246276e+02
4.25420515e-07 1.74080172e+02 6.56670077e+02
4.25851545e-07 1.66309543e+02 6.52959065e+02
4.26282576e-07 2.10407309e+02 6.51733534e+02
4.26713606e-07 1.66643257e+02 6.54869159e+02
4.27144636e-07 1.64820139e+02 6.50415494e+02
4.27575667e-07 1.32425700e+02 6.24376628e+02
4.28006697e-07 2.37976515e+02 6.46974744e+02
4.28437727e-07 1.81039617e+02 6.55193039e+02
4.28868758e-07 1.53558714e+02 6.44121070e+02
4.29299788e-07 9.37702522e+01 6.32083353e+02
4.29730818e-07 1.82831851e+02 6.52467504e+02
4.30161848e-07 2.21148535e+02 6.60599450e+02
4.30592879e-07 1.01940166e+02 6.59546468e+02
4.31023909e-07 1.74227428e+02 7.28070994e+02
4.31454939e-07 1.94576119e+02 7.40594092e+02
4.31885970e-07 1.75528584e+02 7.36001915e+02
4.32317000e-07 1.85465439e+02 7.00649339e+02
4.32748030e-07 2.39298415e+02 6.77251882e+02
4.33179061e-07 2.04436727e+02 6.79821318e+02
4.33610091e-07 5.28207738e+01 6.41219070e+02
4.34041121e-07 8.86340988e+01 6.36352244e+02
4.34472152e-07 2.30569405e+02 6.94066541e+02
4.34903182e-07 2.25683627e+02 7.02580286e+02
4.35334212e-07 2.12241457e+02 6.97559312e+02
4.35765242e-07 2.17124217e+02 7.02017466e+02
4.36196273e-07 2.38555539e+02 7.15089065e+02
4.36627303e-07 2.28046047e+02 6.98074422e+02
4.37058333e-07 1.40063774e+02 6.63254354e+02
4.37489364e-07 1.45003180e+02 6.99029615e+02
4.37920394e-07 1.51418696e+02 7.09228335e+02
4.38351424e-07 2.18378231e+02 7.04297647e+02
4.38782455e-07 3.28515573e+02 7.49723392e+02
4.39213485e-07 3.00625289e+02 7.60608826e+02
4.39644515e-07 3.46794575e+02 7.75665666e+02
4.40075545e-07 3.67332672e+02 8.36949840e+02
4.40506576e-07 3.43572471e+02 8.98630041e+02
4.40937606e-07 3.24778437e+02 9.32885993e+02
4.41368636e-07 2.75159848e+02 9.14284553e+02
4.41799667e-07 4.35260396e+02 9.34829493e+02
4.42230697e-07 4.18607687e+02 9.36468456e+02
4.42661727e-07 3.57148357e+02 9.01079728e+02
4.43092758e-07 4.35854387e+02 8.86383584e+02
4.43523788e-07 3.93163510e+02 8.86691770e+02
4.43954818e-07 3.46940749e+02 8.67258365e+02
4.44385848e-07 4.04609550e+02 8.70999169e+02
4.44816879e-07 3.27229490e+02 8.30153286e+02
4.45247909e-07 4.48218265e+02 8.52423338e+02
4.45678939e-07 4.92739309e+02 8.34664382e+02
4.46109970e-07 3.54079085e+02 7.95033098e+02
4.46541000e-07 4.18912996e+02 8.10855856e+02
4.46972030e-07 4.46484277e+02 8.24324865e+02
4.47403061e-07 2.87655587e+02 8.03308294e+02
4.47834091e-07 3.58814615e+02 8.16536901e+02
4.48265121e-07 3.78699188e+02 8.25268296e+02
4.48696152e-07 5.39096422e+02 8.80231036e+02
4.49127182e-07 4.44793676e+02 8.47731607e+02
4.49558212e-07 3.43233966e+02 8.36498171e+02
4.49989242e-07 3.59366424e+02 8.28979397e+02
4.50420273e-07 4.12191935e+02 8.63651682e+02
4.50851303e-07 4.81161709e+02 9.09204785e+02
4.51282333e-07 4.16521461e+02 8.80509767e+02
4.51713364e-07 4.13888547e+02 8.83486834e+02
4.52144394e-07 3.74050748e+02 9.00998438e+02
4.52575424e-07 3.72348263e+02 9.35604062e+02
4.53006455e-07 3.61714759e+02 9.44195385e+02
4.53437485e-07 3.48550683e+02 9.95113285e+02
4.53868515e-07 4.57472288e+02 1.03494342e+03
4.54299545e-07 4.44048134e+02 9.93981745e+02
4.54730576e-07 6.49426263e+02 1.04122515e+03
4.55161606e-07 4.20576076e+02 1.00618662e+03
4.55592636e-07 3.45540171e+02 9.43698941e+02
4.56023667e-07 4.77601806e+02 9.68810635e+02
4.56454697e-07 5.26163517e+02 9.69363941e+02
4.56885727e-07 4.55521729e+02 9.49624596e+02
4.57316758e-07 5.81635983e+02 9.69061473e+02
4.57747788e-07 3.56444863e+02 9.92257676e+02
4.58178818e-07 6.12424092e+02 1.05221552e+03
4.58609848e-07 5.30518804e+02 1.03035074e+03
4.59040879e-07 5.07418936e+02 1.00774576e+03
4.59471909e-07 6.07740172e+02 1.02340849e+03
4.59902939e-07 4.84666976e+02 9.71031671e+02
4.60333970e-07 2.50226869e+02 9.19884231e+02
4.60765000e-07 4.94168670e+02 9.73224929e+02
4.61196030e-07 5.02962169e+02 9.82964300e+02
4.61627061e-07 4.22104159e+02 9.65339695e+02
4.62058091e-07 4.49648919e+02 9.58977133e+02
4.62489121e-07 5.61042210e+02 9.92905192e+02
4.62920152e-07 5.45472927e+02 9.97333674e+02
4.63351182e-07 5.86246100e+02 9.88018100e+02
4.63782212e-07 5.97699420e+02 9.72810176e+02
4.64213242e-07 6.51473529e+02 9.96262454e+02
4.64644273e-07 5.98257197e+02 1.00281787e+03
4.65075303e-07 5.82369889e+02 1.01324205e+03
4.65506333e-07 6.44967465e+02 1.06940719e+03
4.65937364e-07 4.12746196e+02 1.04147763e+03
4.66368394e-07 4.81052875e+02 1.05578082e+03
4.66799424e-07 5.94094183e+02 1.07879552e+03
4.67230455e-07 5.35813646e+02 1.08948777e+03
4.67661485e-07 4.73753665e+02 1.05947099e+03
4.68092515e-07 5.68952139e+02 1.13632186e+03
4.68523545e-07 5.87601501e+02 1.11287196e+03
4.68954576e-07 4.56161793e+02 1.10763365e+03
4.69385606e-07 5.58492890e+02 1.09225661e+03
4.69816636e-07 6.80553524e+02 1.10846599e+03
4.70247667e-07 8.04710029e+02 1.12846158e+03
4.70678697e-07 6.86178256e+02 1.10292817e+03
4.71109727e-07 5.95581953e+02 1.10408431e+03
4.71540758e-07 6.59815041e+02 1.10638952e+03
4.71971788e-07 5.72389214e+02 1.09634642e+03
4.72402818e-07 6.32504419e+02 1.09941055e+03
4.72833848e-07 6.59782860e+02 1.08859674e+03
4.73264879e-07 6.57318423e+02 1.07901586e+03
4.73695909e-07 7.27864364e+02 1.09225078e+03
4.74126939e-07 5.37575977e+02 1.04263019e+03
4.74557970e-07 4.22254864e+02 1.03332011e+03
4.74989000e-07 4.62417451e+02 1.02007743e+03
4.75420030e-07 5.33817732e+02 1.01661424e+03
4.75851061e-07 5.95741671e+02 1.06313111e+03
4.76282091e-07 7.57775959e+02 1.10581069e+03
4.76713121e-07 5.08360625e+02 1.08575022e+03
4.77144152e-07 5.28394162e+02 1.07182274e+03
4.77575182e-07 6.48987445e+02 1.11722285e+03
4.78006212e-07 5.77795234e+02 1.09559501e+03
4.78437242e-07 6.11619125e+02 1.09992844e+03
4.78868273e-07 6.93794674e+02 1.11816111e+03
4.79299303e-07 6.46437426e+02 1.14541627e+03
4.79730333e-07 6.10177452e+02 1.15220100e+03
4.80161364e-07 7.49121425e+02 1.18078549e+03
4.80592394e-07 6.66216623e+02 1.18274202e+03
4.81023424e-07 6.57148633e+02 1.18190537e+03
4.81454455e-07 8.14552091e+02 1.26037452e+03
4.81885485e-07 8.64025936e+02 1.34177799e+03
4.82316515e-07 7.25157241e+02 1.35809234e+03
4.82747545e-07 7.50569143e+02 1.34850061e+03
4.83178576e-07 6.77575418e+02 1.34100241e+03
4.83609606e-07 6.67730924e+02 1.36345282e+03
4.84040636e-07 7.26619427e+02 1.35984247e+03
4.84471667e-07 7.50142850e+02 1.33256540e+03
4.84902697e-07 7.78104021e+02 1.29401924e+03
4.85333727e-07 8.02937702e+02 1.26340410e+03
4.85764758e-07 6.48312653e+02 1.22143422e+03
4.86195788e-07 8.35781692e+02 1.22351743e+03
4.86626818e-07 8.04456920e+02 1.23299594e+03
4.87057848e-07 6.65272141e+02 1.20306691e+03
4.87488879e-07 7.57621711e+02 1.23375652e+03
4.87919909e-07 8.66077337e+02 1.31783865e+03
4.88350939e-07 7.44230294e+02 1.35246372e+03
4.88781970e-07 8.45712919e+02 1.34603959e+03
4.89213000e-07 7.86183823e+02 1.31369600e+03
4.89644030e-07 8.17763449e+02 1.29751013e+03
4.90075061e-07 1.00266184e+03 1.34479777e+03
4.90506091e-07 8.24577823e+02 1.28199248e+03
4.90937121e-07 8.70367626e+02 1.26876189e+03
4.91368152e-07 8.29127945e+02 1.25304538e+03
4.91799182e-07 9.31146778e+02 1.28709559e+03
4.92230212e-07 1.04752585e+03 1.31838670e+03
4.92661242e-07 9.14363660e+02 1.30774093e+03
4.93092273e-07 7.83415749e+02 1.29195722e+03
4.93523303e-07 8.65865868e+02 1.28371107e+03
4.93954333e-07 8.73513188e+02 1.32016581e+03
4.94385364e-07 9.10712667e+02 1.31821904e+03
4.94816394e-07 9.71154203e+02 1.33730240e+03
4.95247424e-07 9.25105867e+02 1.33054852e+03
4.95678455e-07 8.52038353e+02 1.31015350e+03
4.96109485e-07 9.11159023e+02 1.33181965e+03
4.96540515e-07 1.00212195e+03 1.38827778e+03
4.96971545e-07 1.21956716e+03 1.45909567e+03
4.97402576e-07 1.07844695e+03 1.42743406e+03
4.97833606e-07 9.96141601e+02 1.38415714e+03
4.98264636e-07 9.57705445e+02 1.39202577e+03
4.98695667e-07 1.12724098e+03 1.44496487e+03
4.99126697e-07 8.25558208e+02 1.37392410e+03
4.99557727e-07 7.88656310e+02 1.34990250e+03
4.99988758e-07 1.09045504e+03 1.45536134e+03
5.00419788e-07 1.07651722e+03 1.44195068e+03
5.00850818e-07 1.04971504e+03 1.44115900e+03
5.01281848e-07 7.98313190e+02 1.37125957e+03
5.01712879e-07 7.97011605e+02 1.37957211e+03
5.02143909e-07 8.79345918e+02 1.38166385e+03
5.02574939e-07 1.01346274e+03 1.38737064e+03
5.03005970e-07 1.05097436e+03 1.38504173e+03
5.03437000e-07 1.15725872e+03 1.43098828e+03
5.03868030e-07 1.17717512e+03 1.44288166e+03
5.04299061e-07 1.18367452e+03 1.44337416e+03
5.04730091e-07 1.24307562e+03 1.45002533e+03
5.05161121e-07 1.39383321e+03 1.48928953e+03
5.05592152e-07 1.03265256e+03 1.42301512e+03
5.06023182e-07 9.60309390e+02 1.40593598e+03
5.06454212e-07 9.12735308e+02 1.40981797e+03
5.06885242e-07 1.03578843e+03 1.40668992e+03
5.07316273e-07 1.19210150e+03 1.43335244e+03
5.07747303e-07 1.17092253e+03 1.44490077e+03
5.08178333e-07 1.26881379e+03 1.48372194e+03
5.08609364e-07 1.07443688e+03 1.44092324e+03
5.09040394e-07 1.18652833e+03 1.48164179e+03
5.09471424e-07 1.18122666e+03 1.46767425e+03
5.09902455e-07 1.25626131e+03 1.47872885e+03
5.10333485e-07 1.22882467e+03 1.47664655e+03
5.10764515e-07 1.31441877e+03 1.51868935e+03
5.11195545e-07 1.31640782e+03 1.51533523e+03
5.11626576e-07 1.09338321e+03 1.44602160e+03
5.12057606e-07 1.24401028e+03 1.51397702e+03
5.12488636e-07 1.28560584e+03 1.48240401e+03
5.12919667e-07 1.28076204e+03 1.51342736e+03
5.13350697e-07 1.25240208e+03 1.61693691e+03
5.13781727e-07 1.42618341e+03 1.66435028e+03
5.14212758e-07 1.14559220e+03 1.63091892e+03
5.14643788e-07 1.07840884e+03 1.57937130e+03
5.15074818e-07 1.21165258e+03 1.58388457e+03
5.15505848e-07 1.15792270e+03 1.60304974e+03
5.15936879e-07 1.21646887e+03 1.63134159e+03
5.16367909e-07 1.12577029e+03 1.56794970e+03
5.16798939e-07 1.18199042e+03 1.55494414e+03
5.17229970e-07 1.13155426e+03 1.52499689e+03
5.17661000e-07 1.28133353e+03 1.54066473e+03
5.18092030e-07 1.15618474e+03 1.52860676e+03
5.18523061e-07 1.31748140e+03 1.59766055e+03
5.18954091e-07 8.49465899e+02 1.53812992e+03
5.19385121e-07 1.02510420e+03 1.63223376e+03
5.19816152e-07 1.25716017e+03 1.81898338e+03
5.20247182e-07 1.26747569e+03 1.78319792e+03
5.20678212e-07 1.41934590e+03 1.71810764e+03
5.21109242e-07 1.36157652e+03 1.67205963e+03
5.21540273e-07 1.33242241e+03 1.63723297e+03
5.21971303e-07 1.20390463e+03 1.64347014e+03
5.22402333e-07 1.24287799e+03 1.70760327e+03
5.22833364e-07 1.20953933e+03 1.64131725e+03
5.23264394e-07 1.25831266e+03 1.64812025e+03
5.23695424e-07 1.40841563e+03 1.72582592e+03
5.24126455e-07 1.37895994e+03 1.69208908e+03
5.24557485e-07 1.38668489e+03 1.68709411e+03
5.24988515e-07 1.27495363e+03 1.66913994e+03
5.25419545e-07 1.04551725e+03 1.63614407e+03
5.25850576e-07 1.18905529e+03 1.67398924e+03
5.26281606e-07 1.38389721e+03 1.62785243e+03
5.26712636e-07 1.40348677e+03 1.62190177e+03
5.27143667e-07 1.48944487e+03 1.66653839e+03
5.27574697e-07 1.37642837e+03 1.70100524e+03
5.28005727e-07 1.46047852e+03 1.71363298e+03
5.28436758e-07 1.66904935e+03 1.74766950e+03
5.28867788e-07 1.47418239e+03 1.73775485e+03
5.29298818e-07 1.66441526e+03 1.81408538e+03
5.29729848e-07 1.53859433e+03 1.82106379e+03
5.30160879e-07 1.28649451e+03 1.74181987e+03
5.30591909e-07 1.47883601e+03 1.81388553e+03
5.31022939e-07 1.32006033e+03 1.76235961e+03
5.31453970e-07 1.42447768e+03 1.81260237e+03
5.31885000e-07 1.51294123e+03 1.85873774e+03
5.32316030e-07 1.36383616e+03 1.81990728e+03
5.32747061e-07 1.39662292e+03 1.84335110e+03
5.33178091e-07 1.49735882e+03 1.88995656e+03
5.33609121e-07 1.24834314e+03 1.84245145e+03
5.34040152e-07 1.12889615e+03 1.77271179e+03
5.34471182e-07 1.07648670e+03 1.72771716e+03
5.34902212e-07 1.22263882e+03 1.73122532e+03
5.35333242e-07 1.20109672e+03 1.78810320e+03
5.35764273e-07 1.11377021e+03 1.77785289e+03
5.36195303e-07 1.14797311e+03 1.75826280e+03
5.36626333e-07 1.47999287e+03 1.84074812e+03
5.37057364e-07 1.32654990e+03 1.81162292e+03
5.37488394e-07 1.21975143e+03 1.83211033e+03
5.37919424e-07 1.44213213e+03 1.86574974e+03
5.38350455e-07 1.28808450e+03 1.81944727e+03
5.38781485e-07 1.21827301e+03 1.80262079e+03
5.39212515e-07 1.28240008e+03 1.78972039e+03
5.39643545e-07 1.33460386e+03 1.79529475e+03
5.40074576e-07 1.42063179e+03 1.81564569e+03
5.40505606e-07 1.45682771e+03 1.83088414e+03
5.40936636e-07 1.46778863e+03 1.87264865e+03
5.41367667e-07 1.40331418e+03 1.86486553e+03
5.41798697e-07 1.65080112e+03 1.92640405e+03
5.42229727e-07 1.54793486e+03 1.92369579e+03
5.42660758e-07 1.18746629e+03 1.84970494e+03
5.43091788e-07 1.46645417e+03 1.90317965e+03
5.43522818e-07 1.64661666e+03 1.95695752e+03
5.43953848e-07 1.77935614e+03 2.00283593e+03
5.44384879e-07 1.76378554e+03 2.01995644e+03
5.44815909e-07 1.43525081e+03 1.94294824e+03
5.45246939e-07 1.26463454e+03 1.94296976e+03
5.45677970e-07 1.60302388e+03 2.05943822e+03
5.46109000e-07 1.49195929e+03 1.99910190e+03
5.46540030e-07 1.67027079e+03 2.04441173e+03
5.46971061e-07 1.76232798e+03 2.06554192e+03
5.47402091e-07 1.60552652e+03 2.00029991e+03
5.47833121e-07 1.57150645e+03 2.06592429e+03
5.48264152e-07 1.65185260e+03 2.06965593e+03
5.48695182e-07 1.82183012e+03 2.10794549e+03
5.49126212e-07 1.49547202e+03 2.06330012e+03
5.49557242e-07 1.45617218e+03 2.09788117e+03
5.49988273e-07 1.27708711e+03 2.03179210e+03
5.50419303e-07 1.35550252e+03 2.09571129e+03
5.50850333e-07 1.43833688e+03 2.07269284e+03
5.51281364e-07 1.53546588e+03 2.12911699e+03
5.51712394e-07 1.51052483e+03 2.08444077e+03
5.52143424e-07 1.33251358e+03 3.20436162e+03
5.52574455e-07 1.81193742e+03 3.36482474e+03
5.53005485e-07 1.70009615e+03 3.28420600e+03
5.53436515e-07 1.19324964e+03 3.11814043e+03
5.53867545e-07 1.36834773e+03 2.11388856e+03
5.54298576e-07 1.30634305e+03 2.16682021e+03
5.54729606e-07 1.46048185e+03 2.24731032e+03
5.55160636e-07 1.92673170e+03 2.33303862e+03
5.55591667e-07 1.57314326e+03 2.22407613e+03
5.56022697e-07 1.26962205e+03 2.18048431e+03
5.56453727e-07 1.60150169e+03 3.57058869e+03
5.57746818e-07 6.94703714e+03 6.52849567e+04
5.58177848e-07 1.49913469e+03 3.60608302e+04
5.59039909e-07 1.69484935e+03 2.09066411e+03
5.59470939e-07 1.55459456e+03 2.29799111e+03
5.59901970e-07 1.45020557e+03 2.31139910e+03
5.60333000e-07 1.37478806e+03 2.34907025e+03
5.60764030e-07 1.71455774e+03 2.38720741e+03
5.61195061e-07 1.58345721e+03 2.27901419e+03
5.61626091e-07 1.58727682e+03 2.29409385e+03
5.62057121e-07 1.72303674e+03 2.30868584e+03
5.62488152e-07 1.59441736e+03 2.27203470e+03
5.62919182e-07 1.88865306e+03 2.28313691e+03
5.63350212e-07 1.65510514e+03 2.23284036e+03
5.63781242e-07 1.44877054e+03 2.15660261e+03
5.64212273e-07 1.80425051e+03 2.32710661e+03
5.64643303e-07 1.69350673e+03 2.33288274e+03
5.65074333e-07 1.70492229e+03 2.32396304e+03
5.65505364e-07 1.47478692e+03 2.24213201e+03
5.65936394e-07 1.45857508e+03 2.21528823e+03
5.66367424e-07 1.66215278e+03 2.31245626e+03
5.66798455e-07 1.57772270e+03 2.33381999e+03
5.67229485e-07 1.36213066e+03 2.28920753e+03
5.67660515e-07 1.42889979e+03 2.29521149e+03
5.68091545e-07 1.46508432e+03 2.30994020e+03
5.68522576e-07 1.47023843e+03 2.35732389e+03
5.68953606e-07 1.72671066e+03 2.39471430e+03
5.69384636e-07 1.63939903e+03 2.36731327e+03
5.69815667e-07 1.69339021e+03 2.37948274e+03
5.70246697e-07 1.22163252e+03 2.31184685e+03
5.70677727e-07 1.24777718e+03 2.32526062e+03
5.71108758e-07 1.40962587e+03 2.34051278e+03
5.71539788e-07 1.67607259e+03 2.39451324e+03
5.71970818e-07 1.36287248e+03 2.33367606e+03
5.72401848e-07 1.71324011e+03 2.41920627e+03
5.72832879e-07 1.61616968e+03 2.37696326e+03
5.73263909e-07 1.78603005e+03 2.38573542e+03
5.73694939e-07 1.78871166e+03 2.35561696e+03
5.74125970e-07 1.43653387e+03 2.32574792e+03
5.74557000e-07 1.54706714e+03 2.32869368e+03
5.74988030e-07 1.62088461e+03 2.29825188e+03
5.75419061e-07 1.72394605e+03 2.35782109e+03
5.75850091e-07 1.55563397e+03 2.29356185e+03
5.76281121e-07 1.84013324e+03 2.36656386e+03
5.76712152e-07 1.66094707e+03 2.39743688e+03
5.77143182e-07 1.54648708e+03 2.33259548e+03
5.77574212e-07 1.69775522e+03 2.34147737e+03
5.78005242e-07 1.74030100e+03 2.33420943e+03
5.78436273e-07 1.81691516e+03 2.33580578e+03
5.78867303e-07 1.94772576e+03 2.44512088e+03
5.79298333e-07 1.81468558e+03 2.41418077e+03
5.79729364e-07 1.53469762e+03 2.32883992e+03
5.80160394e-07 1.57135068e+03 2.29538037e+03
5.80591424e-07 1.86127268e+03 2.42411926e+03
5.81022455e-07 1.65037571e+03 2.33448786e+03
5.81453485e-07 1.85431813e+03 2.37521012e+03
5.81884515e-07 1.76926114e+03 2.34936981e+03
5.82315545e-07 1.86345198e+03 2.38958900e+03
5.82746576e-07 1.91111046e+03 2.38949335e+03
5.83177606e-07 1.91427473e+03 2.39429257e+03
5.83608636e-07 2.23039361e+03 2.46544381e+03
5.84039667e-07 1.98624186e+03 2.42359567e+03
5.84470697e-07 1.72298306e+03 2.34603471e+03
5.84901727e-07 1.94335421e+03 2.38834103e+03
5.85332758e-07 2.05829899e+03 2.42354023e+03
5.85763788e-07 1.99335234e+03 2.39029894e+03
5.86194818e-07 2.20239731e+03 2.71622137e+03
5.86625848e-07 2.02754706e+03 2.99022000e+03
5.87056879e-07 2.04314898e+03 2.91777322e+03
5.87487909e-07 1.72799796e+03 2.60207728e+03
5.87918939e-07 1.93093102e+03 2.53205555e+03
5.88349970e-07 1.03309104e+03 3.33485918e+03
5.88781000e-07 1.24659736e+03 7.18135266e+03
5.89212030e-07 7.64521407e+02 8.82442005e+03
5.89643061e-07 1.36296243e+03 6.69875499e+03
5.90074091e-07 1.68084823e+03 4.09883664e+03
5.90505121e-07 1.63929524e+03 2.76088605e+03
5.90936152e-07 1.84795336e+03 2.68275774e+03
5.91367182e-07 1.59812713e+03 2.77377144e+03
5.91798212e-07 1.62282856e+03 2.73839590e+03
5.92229242e-07 1.51332774e+03 2.61737490e+03
5.92660273e-07 1.81099137e+03 2.75650463e+03
5.93091303e-07 1.79857243e+03 2.88222635e+03
5.93522333e-07 1.89788342e+03 2.85233399e+03
5.93953364e-07 1.99951621e+03 2.65637144e+03
5.94384394e-07 1.79955146e+03 2.58255752e+03
5.94815424e-07 1.78914516e+03 2.68632817e+03
5.95246455e-07 1.70396688e+03 2.82797932e+03
5.95677485e-07 1.69749976e+03 2.78025377e+03
5.96108515e-07 2.05953569e+03 2.66458668e+03
5.96539545e-07 1.68775576e+03 2.56090985e+03
5.96970576e-07 1.70615276e+03 2.64828881e+03
5.97401606e-07 1.72407993e+03 2.79990684e+03
5.97832636e-07 1.92064383e+03 2.79332873e+03
5.98263667e-07 1.96972298e+03 2.66759484e+03
5.98694697e-07 2.02590988e+03 2.57549214e+03
5.99125727e-07 1.90560911e+03 2.56379356e+03
5.99556758e-07 1.94953542e+03 2.59365722e+03
5.99987788e-07 2.03236471e+03 2.69846101e+03
6.00418818e-07 2.47275392e+03 2.75378941e+03
6.00849848e-07 2.38589373e+03 2.66538240e+03
6.01280879e-07 2.28553863e+03 2.59780212e+03
6.01711909e-07 2.07731804e+03 2.50533421e+03
6.02142939e-07 1.99084475e+03 2.45076712e+03
6.02573970e-07 2.24101130e+03 2.49819168e+03
6.03005000e-07 2.08215859e+03 2.55581855e+03
6.03436030e-07 1.94125031e+03 2.45612242e+03
6.03867061e-07 2.23568267e+03 2.51886133e+03
6.04298091e-07 2.06166034e+03 2.40988773e+03
6.04729121e-07 2.02107415e+03 2.38120866e+03
6.05160152e-07 2.07796205e+03 2.38509518e+03
6.05591182e-07 2.17268297e+03 2.46919008e+03
6.06022212e-07 2.19515343e+03 2.49675368e+03
6.06453242e-07 2.29252030e+03 2.52010181e+03
6.06884273e-07 2.17579034e+03 2.44401893e+03
6.07315303e-07 1.93797357e+03 2.40851711e+03
6.07746333e-07 2.21082140e+03 2.43014471e+03
6.08177364e-07 2.36700831e+03 2.45478908e+03
6.08608394e-07 2.49534720e+03 2.46461508e+03
6.09039424e-07 2.46283320e+03 2.48536952e+03
6.09470455e-07 2.39012704e+03 2.47673678e+03
6.09901485e-07 2.21068943e+03 2.44101768e+03
6.10332515e-07 2.02711840e+03 2.46085759e+03
6.10763545e-07 2.14698318e+03 2.44374623e+03
6.11194576e-07 2.39657144e+03 2.47233296e+03
6.11625606e-07 2.29728532e+03 2.42530901e+03
6.12056636e-07 2.26115348e+03 2.37237977e+03
6.12487667e-07 2.08275764e+03 2.36834616e+03
6.12918697e-07 2.49331543e+03 2.46447262e+03
6.13349727e-07 2.39612326e+03 2.49359320e+03
6.13780758e-07 2.36375672e+03 2.64413526e+03
6.14211788e-07 2.37291832e+03 2.69692861e+03
6.14642818e-07 2.04671480e+03 2.47854328e+03
6.15073848e-07 2.32304721e+03 2.43378206e+03
6.15504879e-07 2.59727426e+03 2.55088964e+03
6.15935909e-07 2.47879119e+03 2.44941498e+03
6.16366939e-07 2.23870389e+03 2.42380209e+03
6.16797970e-07 2.18637811e+03 2.52090397e+03
6.17229000e-07 1.97636323e+03 2.56273224e+03
6.17660030e-07 2.16652961e+03 2.47057062e+03
6.18091061e-07 2.41721698e+03 2.45420831e+03
6.18522091e-07 2.25183355e+03 2.44785317e+03
6.18953121e-07 2.24539535e+03 2.41243996e+03
6.19384152e-07 2.30382315e+03 2.42261457e+03
6.19815182e-07 2.32952590e+03 2.47696432e+03
6.20246212e-07 2.30873075e+03 2.51254527e+03
6.20677242e-07 2.28279237e+03 2.48459184e+03
6.21108273e-07 2.60323695e+03 2.56638669e+03
6.21539303e-07 2.28922242e+03 2.51207929e+03
6.21970333e-07 2.55318788e+03 2.61271288e+03
6.22401364e-07 2.48053662e+03 2.60786907e+03
6.22832394e-07 2.48154228e+03 2.58835016e+03
6.23263424e-07 2.21476653e+03 3.17861928e+03
6.23694455e-07 2.51478706e+03 3.70672163e+03
6.24125485e-07 2.04954492e+03 3.25914230e+03
6.24556515e-07 1.99712846e+03 2.70937379e+03
6.24987545e-07 2.26589470e+03 2.56008415e+03
6.25418576e-07 2.14516767e+03 2.86946823e+03
6.25849606e-07 2.44049219e+03 3.39209009e+03
6.26280636e-07 2.40830155e+03 3.18165779e+03
6.26711667e-07 2.33361373e+03 2.84361478e+03
6.27142697e-07 2.44215902e+03 2.68257983e+03
6.27573727e-07 2.28802549e+03 2.62900193e+03
6.28004758e-07 2.75735117e+03 2.71412450e+03
6.28435788e-07 2.24605863e+03 2.90235290e+03
6.28866818e-07 1.92510364e+03 3.01995013e+03
6.29297848e-07 8.14693330e+02 3.49382329e+03
6.29728879e-07 1.23003960e+03 7.36352715e+03
6.30159909e-07 1.19320048e+03 9.35315846e+03
6.30590939e-07 1.48989501e+03 5.65784496e+03
6.31021970e-07 2.28548983e+03 3.20979631e+03
6.31453000e-07 2.49003770e+03 2.64242799e+03
6.31884030e-07 2.53136503e+03 2.68616363e+03
6.32315061e-07 2.53316229e+03 2.96255808e+03
6.32746091e-07 2.61622484e+03 3.25893757e+03
6.33177121e-07 2.46591777e+03 3.19388526e+03
6.33608152e-07 2.57469237e+03 2.71883019e+03
6.34039182e-07 2.73009047e+03 2.56369695e+03
6.34470212e-07 2.29953439e+03 2.63122821e+03
6.34901242e-07 2.51342336e+03 2.80463948e+03
6.35332273e-07 2.32840903e+03 2.96523598e+03
6.35763303e-07 1.92372020e+03 3.53992756e+03
6.36194333e-07 2.16901800e+03 4.80433722e+03
6.36625364e-07 2.28550155e+03 4.51847727e+03
6.37056394e-07 2.42235699e+03 2.98014830e+03
6.37487424e-07 2.79966723e+03 2.62135642e+03
6.37918455e-07 2.50608493e+03 2.65217664e+03
6.38349485e-07 2.11326133e+03 2.69938913e+03
6.38780515e-07 2.64916581e+03 2.80173107e+03
6.39211545e-07 2.75933218e+03 2.59846761e+03
6.39642576e-07 2.68144432e+03 2.47612322e+03
6.40073606e-07 2.57573237e+03 2.43692107e+03
6.40504636e-07 2.32447342e+03 2.36206305e+03
6.40935667e-07 2.66082123e+03 2.49351916e+03
6.41366697e-07 2.90170673e+03 2.61917746e+03
6.41797727e-07 2.82572005e+03 2.67738480e+03
6.42228758e-07 2.79690021e+03 2.63582543e+03
6.42659788e-07 2.89238386e+03 2.55245616e+03
6.43090818e-07 2.92234802e+03 2.53161240e+03
6.43521848e-07 2.87560898e+03 2.52903740e+03
6.43952879e-07 2.76646716e+03 2.48079281e+03
6.44383909e-07 2.80650371e+03 2.47430654e+03
6.44814939e-07 2.79252144e+03 2.58876123e+03
6.45245970e-07 2.65612039e+03 2.55332846e+03
6.45677000e-07 2.72499003e+03 2.63135362e+03
6.46108030e-07 2.66476390e+03 2.86886377e+03
6.46539061e-07 2.57896339e+03 3.28863895e+03
6.46970091e-07 2.80455023e+03 3.29169471e+03
6.47401121e-07 2.76669856e+03 2.84514995e+03
6.47832152e-07 2.87000261e+03 2.69508755e+03
6.48263182e-07 3.07645922e+03 2.58147782e+03
6.48694212e-07 2.44149662e+03 2.34038765e+03
6.49125242e-07 2.58370620e+03 2.50464973e+03
6.49556273e-07 2.10937383e+03 2.95663870e+03
6.49987303e-07 2.25007079e+03 3.35407151e+03
6.50418333e-07 2.02014122e+03 2.91710176e+03
6.50849364e-07 2.59736346e+03 2.62697344e+03
6.51280394e-07 2.90002118e+03 2.51539365e+03
6.51711424e-07 2.66917219e+03 2.53632011e+03
6.52142455e-07 3.03733236e+03 2.70888876e+03
6.52573485e-07 2.69887961e+03 2.72575572e+03
6.53004515e-07 2.69556231e+03 2.98696946e+03
6.53435545e-07 2.81566707e+03 3.15687073e+03
6.53866576e-07 2.51359556e+03 2.74679952e+03
6.54297606e-07 2.66161411e+03 2.81144859e+03
6.54728636e-07 2.85638440e+03 2.92213541e+03
6.55159667e-07 2.50533801e+03 3.20206744e+03
6.55590697e-07 2.80408036e+03 3.26336373e+03
6.56021727e-07 3.01384915e+03 2.77438425e+03
6.56452758e-07 2.57998451e+03 2.69985276e+03
6.56883788e-07 2.73389898e+03 2.85862092e+03
6.57314818e-07 2.65276362e+03 2.99045264e+03
6.57745848e-07 3.04660310e+03 3.27575697e+03
6.58176879e-07 3.14601753e+03 2.98848794e+03
6.58607909e-07 2.50656410e+03 2.47102135e+03
6.59038939e-07 3.12739487e+03 2.60417958e+03
6.59469970e-07 2.74656031e+03 2.68427892e+03
6.59901000e-07 2.70489760e+03 2.73985710e+03
6.60332030e-07 2.61952622e+03 2.87053262e+03
6.60763061e-07 3.01771158e+03 2.82688309e+03
6.61194091e-07 2.75823798e+03 2.47680644e+03
6.61625121e-07 3.44112102e+03 2.59252065e+03
6.62056152e-07 3.04487232e+03 2.51561821e+03
6.62487182e-07 2.80713604e+03 2.52097514e+03
6.62918212e-07 2.85209248e+03 2.63364901e+03
6.63349242e-07 2.61878614e+03 2.68017283e+03
6.63780273e-07 2.65279759e+03 2.57193341e+03
6.64211303e-07 2.80166451e+03 2.44951620e+03
6.64642333e-07 2.91966226e+03 2.42706450e+03
6.65073364e-07 3.05518560e+03 2.46885620e+03
6.65504394e-07 3.21527344e+03 2.54338414e+03
6.65935424e-07 3.22516193e+03 2.57288202e+03
6.66366455e-07 3.07246831e+03 2.64901459e+03
6.66797485e-07 3.45746454e+03 2.68654010e+03
6.67228515e-07 3.30168170e+03 2.60600465e+03
6.67659545e-07 2.99089508e+03 2.48254880e+03
6.68090576e-07 2.97716563e+03 2.45217446e+03
6.68521606e-07 3.13810866e+03 2.54830133e+03
6.68952636e-07 3.36660801e+03 2.57388251e+03
6.69383667e-07 2.86645269e+03 2.44325877e+03
6.69814697e-07 2.96912090e+03 2.52595797e+03
6.70245727e-07 3.02748807e+03 2.59086269e+03
6.70676758e-07 2.86209281e+03 2.55480890e+03
6.71107788e-07 2.66921656e+03 2.41891586e+03
6.71538818e-07 2.85055191e+03 2.45029074e+03
6.71969848e-07 2.72149223e+03 2.43939446e+03
6.72400879e-07 3.19926722e+03 2.51066348e+03
6.72831909e-07 3.18033050e+03 2.50265488e+03
6.73262939e-07 2.94781240e+03 2.46046587e+03
6.73693970e-07 3.13177702e+03 2.52641068e+03
6.74125000e-07 2.75465128e+03 2.48402232e+03
6.74556030e-07 2.87725732e+03 2.52033949e+03
6.74987061e-07 2.90534315e+03 2.49540691e+03
6.75418091e-07 2.75584547e+03 2.38205020e+03
6.75849121e-07 3.11067104e+03 2.44998623e+03
6.76280152e-07 2.81440531e+03 2.36748127e+03
6.76711182e-07 2.85924425e+03 2.37014884e+03
6.77142212e-07 2.83920912e+03 2.37591898e+03
6.77573242e-07 2.86318554e+03 2.40015375e+03
6.78004273e-07 3.06161521e+03 2.47765359e+03
6.78435303e-07 2.85801087e+03 2.41147549e+03
6.78866333e-07 2.97790743e+03 2.40728251e+03
6.79297364e-07 2.70880774e+03 2.31275461e+03
6.79728394e-07 2.75513270e+03 2.31824359e+03
6.80159424e-07 2.66719547e+03 2.32399174e+03
6.80590455e-07 2.85618163e+03 2.38305467e+03
6.81021485e-07 3.04192114e+03 2.40714761e+03
6.81452515e-07 2.82973822e+03 2.32795077e+03
6.81883545e-07 2.93484384e+03 2.48702492e+03
6.82314576e-07 2.60800473e+03 2.94293032e+03
6.82745606e-07 2.38926215e+03 4.32358533e+03
6.83176636e-07 2.26001612e+03 5.05440769e+03
6.83607667e-07 2.55759276e+03 4.21405868e+03
6.84038697e-07 2.24579822e+03 3.12038321e+03
6.84469727e-07 2.66628527e+03 2.71192963e+03
6.84900758e-07 2.85968740e+03 2.52350882e+03
6.85331788e-07 2.59139006e+03 2.37953015e+03
6.85762818e-07 2.39036448e+03 2.89545406e+03
6.86193848e-07 2.32195475e+03 4.53011833e+03
6.86624879e-07 2.23124741e+03 4.43568011e+03
6.87055909e-07 1.27595144e+03 2.54469692e+03
6.87486939e-07 1.79627636e+03 2.12691943e+03
6.87917970e-07 2.40938451e+03 2.55926823e+03
6.88349000e-07 2.43172931e+03 2.70494999e+03
6.88780030e-07 1.88337159e+03 2.90458136e+03
6.89211061e-07 2.23803398e+03 2.76515685e+03
6.89642091e-07 2.16912869e+03 2.46447491e+03
6.90073121e-07 2.20007956e+03 2.58732220e+03
6.90504152e-07 2.46920409e+03 2.57153863e+03
6.90935182e-07 2.56262614e+03 2.86023213e+03
6.91366212e-07 2.25688562e+03 3.04248403e+03
6.91797242e-07 2.56589779e+03 3.10098803e+03
6.92228273e-07 2.44397560e+03 3.56700225e+03
6.92659303e-07 2.23545298e+03 3.10311227e+03
6.93090333e-07 2.74650207e+03 2.46967802e+03
6.93521364e-07 2.09007514e+03 2.51390837e+03
6.93952394e-07 2.47245746e+03 3.00104076e+03
6.94383424e-07 2.27452506e+03 3.11336230e+03
6.94814455e-07 2.55999050e+03 3.73216449e+03
6.95245485e-07 2.50291924e+03 3.34190251e+03
6.95676515e-07 2.86939040e+03 2.64733125e+03
6.96107545e-07 2.87644644e+03 2.47958207e+03
6.96538576e-07 2.80820834e+03 2.78942829e+03
6.96969606e-07 2.38494571e+03 3.00915341e+03
6.97400636e-07 2.47313798e+03 3.23700567e+03
6.97831667e-07 2.77020433e+03 3.64047720e+03
6.98262697e-07 2.62769679e+03 3.05372531e+03
6.98693727e-07 2.71974180e+03 2.51827512e+03
6.99124758e-07 2.67568921e+03 2.38096714e+03
6.99555788e-07 2.81279144e+03 2.41243106e+03
6.99986818e-07 2.81571192e+03 2.64830380e+03
7.00417848e-07 2.37344676e+03 2.68211907e+03
7.00848879e-07 2.84838867e+03 2.87942401e+03
7.01279909e-07 2.72486944e+03 2.85435295e+03
7.01710939e-07 2.47677658e+03 2.41340731e+03
7.02141970e-07 2.75500600e+03 2.34715084e+03
7.02573000e-07 2.61419332e+03 2.32559806e+03
7.03004030e-07 2.86851938e+03 2.39907100e+03
7.03435061e-07 3.08420381e+03 2.42083784e+03
7.03866091e-07 2.77864917e+03 2.46358977e+03
7.04297121e-07 2.67802661e+03 2.77938205e+03
7.04728152e-07 2.82612047e+03 3.13141339e+03
7.05159182e-07 2.56188943e+03 2.93256548e+03
7.05590212e-07 2.48991219e+03 2.58114809e+03
7.06021242e-07 2.70490211e+03 2.49045383e+03
7.06452273e-07 3.06946063e+03 2.72065479e+03
7.06883303e-07 2.85467819e+03 2.73706610e+03
7.07314333e-07 2.89168602e+03 2.69580362e+03
7.07745364e-07 2.42494689e+03 2.62989522e+03
7.08176394e-07 2.70936834e+03 2.70359198e+03
7.08607424e-07 2.73393101e+03 2.81342742e+03
7.09038455e-07 2.94184898e+03 2.77411935e+03
7.09469485e-07 3.06484806e+03 2.65149900e+03
7.09900515e-07 3.13631984e+03 2.57608817e+03
7.10331545e-07 2.91372169e+03 2.49566629e+03
7.10762576e-07 2.88777005e+03 2.47047698e+03
7.11193606e-07 2.75431589e+03 2.44265795e+03
7.11624636e-07 2.80507963e+03 2.44484102e+03
7.12055667e-07 3.01035036e+03 2.47150300e+03
7.12486697e-07 2.89763766e+03 2.54939044e+03
7.12917727e-07 2.63665463e+03 2.56631737e+03
7.13348758e-07 2.64776796e+03 2.55878104e+03
7.13779788e-07 2.66190913e+03 2.65133250e+03
7.14210818e-07 2.86886442e+03 2.86645856e+03
7.14641848e-07 2.89393523e+03 2.89142749e+03
7.15072879e-07 2.99162341e+03 2.67018571e+03
7.15503909e-07 2.90553561e+03 2.58812231e+03
7.15934939e-07 2.36142117e+03 2.49864294e+03
7.16365970e-07 2.35915262e+03 2.48807202e+03
7.16797000e-07 1.91429481e+03 2.33919547e+03
7.17228030e-07 2.06709416e+03 2.23072178e+03
7.17659061e-07 2.08178269e+03 2.26723984e+03
7.18090091e-07 2.10497799e+03 2.29015375e+03
7.18521121e-07 2.17359974e+03 2.10046231e+03
7.18952152e-07 1.76544931e+03 1.92840780e+03
7.19383182e-07 1.85142998e+03 1.94620034e+03
7.19814212e-07 2.12010520e+03 2.00891417e+03
7.20245242e-07 2.19298165e+03 2.00576250e+03
7.20676273e-07 2.18243542e+03 2.04025893e+03
7.21107303e-07 2.35388024e+03 2.13551988e+03
7.21538333e-07 2.43601108e+03 2.24214321e+03
7.21969364e-07 2.86347823e+03 2.42360476e+03
7.22400394e-07 2.97465668e+03 2.52728359e+03
7.22831424e-07 2.84091319e+03 2.44182350e+03
7.23262455e-07 2.32873168e+03 2.77131994e+03
7.23693485e-07 2.81908596e+03 5.32795549e+03
7.24124515e-07 3.66215284e+03 8.00285915e+03
7.24555545e-07 2.61182644e+03 7.06273724e+03
7.24986576e-07 1.84013025e+03 4.24161672e+03
7.25417606e-07 1.98862855e+03 2.97096775e+03
7.25848636e-07 2.49762279e+03 2.73292822e+03
7.26279667e-07 3.30425121e+03 2.67613621e+03
7.26710697e-07 3.31385600e+03 2.96899803e+03
7.27141727e-07 2.20117796e+03 4.17067046e+03
7.27572758e-07 1.02985774e+03 6.15808173e+03
7.28003788e-07 1.28644194e+03 5.58461895e+03
7.28434818e-07 1.72638431e+03 4.58293691e+03
7.28865848e-07 1.75833243e+03 3.44357620e+03
7.29296879e-07 1.95590318e+03 2.85763670e+03
7.29727909e-07 2.06583295e+03 3.04997648e+03
7.30158939e-07 1.90114430e+03 3.29554901e+03
7.30589970e-07 2.24473676e+03 3.40643256e+03
7.31021000e-07 2.06024598e+03 3.68305198e+03
7.31452030e-07 1.08701727e+03 5.48436158e+03
7.31883061e-07 1.69141964e+03 5.28067832e+03
7.32314091e-07 2.40995290e+03 3.59961575e+03
7.32745121e-07 2.48897330e+03 4.03480485e+03
7.33176152e-07 1.93346709e+03 4.06655215e+03
7.33607182e-07 1.78182051e+03 4.88864552e+03
7.34038212e-07 1.89898597e+03 7.06039521e+03
7.34469242e-07 1.43772326e+03 5.39455000e+03
7.34900273e-07 2.07879712e+03 3.17171271e+03
7.35331303e-07 2.56812793e+03 3.39596576e+03
7.35762333e-07 2.16193370e+03 4.23698844e+03
7.36193364e-07 1.98231425e+03 4.12659833e+03
7.36624394e-07 2.02549820e+03 4.91894108e+03
7.37055424e-07 1.96068041e+03 5.56580522e+03
7.37486455e-07 2.46189232e+03 3.82501448e+03
7.37917485e-07 2.61340585e+03 2.67759593e+03
7.38348515e-07 2.57998920e+03 2.65980120e+03
7.38779545e-07 2.57750492e+03 3.28594466e+03
7.39210576e-07 2.11377946e+03 3.89098312e+03
7.39641606e-07 2.37281468e+03 4.20696487e+03
7.40072636e-07 2.22996431e+03 5.06970480e+03
7.40503667e-07 2.36048134e+03 4.45533264e+03
7.40934697e-07 3.03577487e+03 3.08914843e+03
7.41365727e-07 2.77118412e+03 3.96837173e+03
7.41796758e-07 3.14210656e+03 3.94551859e+03
7.42227788e-07 3.25242329e+03 3.99658635e+03
7.42658818e-07 3.05609088e+03 4.65572153e+03
7.43089848e-07 3.28181103e+03 5.41695470e+03
7.43520879e-07 1.94524388e+03 3.79040074e+03
7.43951909e-07 2.07234287e+03 3.91644809e+03
7.44382939e-07 2.79984239e+03 3.13347952e+03
7.44813970e-07 2.15795356e+03 2.44074381e+03
7.45245000e-07 2.50101086e+03 2.44414925e+03
7.45676030e-07 2.73493882e+03 2.61389038e+03
7.46107061e-07 2.74658130e+03 2.98013408e+03
7.46538091e-07 2.45952524e+03 3.39080870e+03
7.46969121e-07 2.15793760e+03 3.87370932e+03
7.47400152e-07 2.00468403e+03 4.14091011e+03
7.47831182e-07 2.51536954e+03 4.42180699e+03
7.48262212e-07 2.82750442e+03 4.33572261e+03
7.48693242e-07 2.79965579e+03 3.51105902e+03
7.49124273e-07 2.15304557e+03 2.78964185e+03
7.49555303e-07 2.42484523e+03 2.79618097e+03
7.49986333e-07 2.67847961e+03 2.72829622e+03
7.50417364e-07 2.92180214e+03 2.68313026e+03
7.50848394e-07 2.68192941e+03 2.60540703e+03
7.51279424e-07 2.45478482e+03 2.64881163e+03
7.51710455e-07 2.45932684e+03 3.40599610e+03
7.52141485e-07 2.59248632e+03 5.17996830e+03
7.52572515e-07 2.72991529e+03 5.57097598e+03
7.53003545e-07 2.56399508e+03 4.18627505e+03
7.53434576e-07 2.29327797e+03 3.11429122e+03
7.53865606e-07 2.76252094e+03 2.99439521e+03
7.54296636e-07 2.39657477e+03 2.74168146e+03
7.54727667e-07 2.24291654e+03 2.58511219e+03
7.55158697e-07 2.66789639e+03 2.84890339e+03
7.55589727e-07 2.55255870e+03 3.06483550e+03
7.56020758e-07 2.27651012e+03 3.01289836e+03
7.56451788e-07 2.47266391e+03 3.10559392e+03
7.56882818e-07 2.41694440e+03 4.20776358e+03
7.57313848e-07 2.31521771e+03 4.50814640e+03
7.57744879e-07 2.40724698e+03 3.35971609e+03
7.58175909e-07 2.41256748e+03 2.92390917e+03
7.58606939e-07 2.18561491e+03 3.17746539e+03
7.59037970e-07 2.08943004e+03 2.84783353e+03
7.59469000e-07 9.67154102e+02 3.55885676e+03
7.61193121e-07 7.41298794e+02 1.81163576e+03
7.61624152e-07 1.23357649e+03 2.50805741e+03
7.62055182e-07 1.43350945e+03 2.74008122e+03
7.62486212e-07 8.16925740e+02 2.49966726e+03
7.62917242e-07 6.03684294e+02 2.38257633e+03
7.63348273e-07 6.47659795e+02 2.15900662e+03
7.63779303e-07 9.99327998e+02 1.95950623e+03
7.64210333e-07 1.47457956e+03 2.11701389e+03
7.64641364e-07 1.31566260e+03 2.19177288e+03
7.65072394e-07 1.70648101e+03 2.47742185e+03
7.65503424e-07 2.02100802e+03 2.67599273e+03
7.65934455e-07 2.07281812e+03 2.94080121e+03
7.66365485e-07 1.92273732e+03 3.03997776e+03
7.66796515e-07 2.05465055e+03 2.68716907e+03
7.67227545e-07 2.32960414e+03 2.41946121e+03
7.67658576e-07 2.29456408e+03 2.47838289e+03
7.68089606e-07 2.40742837e+03 2.72161788e+03
7.68520636e-07 2.41258437e+03 2.94880690e+03
7.68951667e-07 2.76321917e+03 3.19304634e+03
7.69382697e-07 2.09086776e+03 3.12973220e+03
7.69813727e-07 2.05101042e+03 3.15444079e+03
7.70244758e-07 2.16730458e+03 3.09439538e+03
7.70675788e-07 2.27275497e+03 4.45301477e+03
7.71106818e-07 1.39448951e+03 8.89918645e+03
7.71537848e-07 1.03916682e+03 1.12106884e+04
7.71968879e-07 7.98660731e+02 8.34783361e+03
7.72399909e-07 2.22341675e+03 5.46578579e+03
7.72830939e-07 1.72561636e+03 4.06923833e+03
7.73261970e-07 2.14127279e+03 3.39619030e+03
7.73693000e-07 2.22911670e+03 3.24528906e+03
7.74124030e-07 2.38360675e+03 3.42084871e+03
7.74555061e-07 2.25067219e+03 6.13065235e+03
7.74986091e-07 3.40415113e+02 8.98645506e+03
7.75417121e-07 1.51597719e+03 7.81616037e+03
7.75848152e-07 2.35871737e+03 5.79882679e+03
7.76279182e-07 1.52768117e+03 4.31057998e+03
7.76710212e-07 2.26392252e+03 3.46474420e+03
7.77141242e-07 1.86931660e+03 3.67871879e+03
7.77572273e-07 1.81834609e+03 4.32758171e+03
7.78003303e-07 2.20507451e+03 4.54657675e+03
7.78434333e-07 1.67469853e+03 4.03166547e+03
7.78865364e-07 1.55873282e+03 5.11066437e+03
7.79296394e-07 1.25459088e+03 7.49014657e+03
7.79727424e-07 1.16247445e+03 5.98299543e+03
7.80158455e-07 2.59719228e+03 3.92414865e+03
7.80589485e-07 2.53248400e+03 4.65100897e+03
7.81020515e-07 1.31866210e+03 4.81405817e+03
7.81451545e-07 1.83761103e+03 4.95866847e+03
7.81882576e-07 1.29127679e+03 7.61673910e+03
7.82313606e-07 5.92634218e+02 7.89696473e+03
7.82744636e-07 1.82878140e+03 4.64571354e+03
7.83175667e-07 2.07757880e+03 2.98622330e+03
7.83606697e-07 2.07138422e+03 3.73097648e+03
7.84037727e-07 1.64963325e+03 4.71253482e+03
7.84468758e-07 1.15276297e+03 4.81993113e+03
7.84899788e-07 1.32722307e+03 7.15718805e+03
7.85330818e-07 1.62776925e+02 9.87644308e+03
7.85761848e-07 1.81961400e+03 8.37597669e+03
7.86192879e-07 1.96342097e+03 5.98771003e+03
7.86623909e-07 1.64581500e+03 5.76255316e+03
7.87054939e-07 1.35184387e+03 5.84856926e+03
7.87485970e-07 1.72659377e+03 5.43490709e+03
7.87917000e-07 1.09519299e+03 5.39425564e+03
7.88348030e-07 1.96498138e+03 5.84315215e+03
7.88779061e-07 8.13410090e+02 6.35955781e+03
7.89210091e-07 1.31674625e+03 5.89231682e+03
7.89641121e-07 1.84955893e+03 3.88095282e+03
7.90072152e-07 1.68564324e+03 2.91966316e+03
7.90503182e-07 1.69186898e+03 3.63364839e+03
7.90934212e-07 1.25847386e+03 7.06252386e+03
7.91365242e-07 6.36501535e+02 1.01520287e+04
7.91796273e-07 1.77037936e+03 8.80144987e+03
7.92227303e-07 1.07603824e+03 6.27258458e+03
7.92658333e-07 1.82586642e+03 5.25141051e+03
7.93089364e-07 1.80234345e+03 5.35935346e+03
7.93520394e-07 1.83424615e+03 4.27700865e+03
7.93951424e-07 2.02269216e+03 3.24186368e+03
7.94382455e-07 2.04748219e+03 3.68857415e+03
7.94813485e-07 1.49081404e+03 4.30446766e+03
7.95244515e-07 1.96250793e+03 3.81408674e+03
7.95675545e-07 1.61973513e+03 3.60225601e+03
7.96106576e-07 2.29094933e+03 6.29917617e+03
7.96537606e-07 9.46772238e+02 7.28899911e+03
7.96968636e-07 1.72057041e+03 5.15925549e+03
7.97399667e-07 2.32408527e+03 4.45410917e+03
7.97830697e-07 1.78787499e+03 5.40671973e+03
7.98261727e-07 1.66474143e+03 4.71481828e+03
7.98692758e-07 2.12929449e+03 5.10497107e+03
7.99123788e-07 1.29960049e+03 7.88370470e+03
7.99554818e-07 1.68666324e+03 7.51377050e+03
7.99985848e-07 2.71200773e+03 4.53781732e+03
8.00416879e-07 2.36981114e+03 4.66473929e+03
8.00847909e-07 2.59747355e+03 1.10785705e+04
