1.70410000e-01
3.60025000e-07 4.05752772e+01 3.44176970e+02
3.60456030e-07 9.95460426e+01 4.57643360e+02
3.60887061e-07 7.65434697e+01 4.61754296e+02
3.61318091e-07 2.86322454e+01 2.76703284e+02
3.61749121e-07 4.30814435e+01 3.97933185e+02
3.62611182e-07 1.02697595e+01 4.19795210e+02
3.63473242e-07 6.67159491e+01 4.87449644e+02
3.63904273e-07 1.30839458e+02 7.08899694e+02
3.64335303e-07 5.52361429e+01 6.27530964e+02
3.64766333e-07 2.14227498e+01 3.50627156e+02
3.65197364e-07 1.67793141e+02 8.59847723e+02
3.66059424e-07 2.00401460e+02 1.08980884e+03
3.66490455e-07 7.38056196e+01 5.45505762e+02
3.66921485e-07 1.64414514e+02 7.27984339e+02
3.67352515e-07 1.70768217e+01 3.57573831e+02
3.68214576e-07 8.84574231e+01 5.88069295e+02
3.68645606e-07 7.89417264e+01 6.51678411e+02
3.69076636e-07 2.06375177e+01 3.28993219e+02
3.69507667e-07 6.03162189e+01 4.07690280e+02
3.69938697e-07 9.04700785e+01 4.33485163e+02
3.70369727e-07 1.15336012e+02 5.86823709e+02
3.70800758e-07 1.21246359e+02 6.16133089e+02
3.71662818e-07 4.67161818e+01 4.39125651e+02
3.72093848e-07 1.29136844e+02 4.86182081e+02
3.72524879e-07 1.55962448e+02 4.71071322e+02
3.72955909e-07 1.73353129e+02 7.13572851e+02
3.73386939e-07 8.57606575e+01 4.98444293e+02
3.73817970e-07 8.20344167e+01 6.61973944e+02
3.74249000e-07 1.41357045e+02 7.69991446e+02
3.74680030e-07 1.44626658e+02 6.24461752e+02
3.75111061e-07 1.60993896e+01 5.01425965e+02
3.75542091e-07 9.20191690e+01 5.92478326e+02
3.76835182e-07 1.03044435e+02 4.68699581e+02
3.77266212e-07 1.10465452e+02 5.29345391e+02
3.77697242e-07 7.43871103e+01 5.37500517e+02
3.78128273e-07 1.43106576e+02 5.93410418e+02
3.78559303e-07 1.46196706e+02 5.13617241e+02
3.78990333e-07 1.23635379e+02 5.27325809e+02
3.79421364e-07 1.07509998e+01 4.55800748e+02
3.79852394e-07 1.72335309e+02 5.59382079e+02
3.80283424e-07 1.38752367e+02 5.70902365e+02
3.80714455e-07 1.43046175e+02 6.58141581e+02
3.81576515e-07 3.67911719e+01 4.88940073e+02
3.82007545e-07 6.32611381e+01 5.31498147e+02
3.82438576e-07 8.81616793e+01 5.77690729e+02
3.82869606e-07 1.20903464e+02 6.45502403e+02
3.83300636e-07 1.47351207e+02 6.70290817e+02
3.83731667e-07 9.79128882e+01 5.93884372e+02
3.84162697e-07 9.23344739e+01 5.97870689e+02
3.84593727e-07 1.49433998e+02 6.45436458e+02
3.85024758e-07 1.12465814e+02 6.02547298e+02
3.85455788e-07 8.18783168e+01 5.91914235e+02
3.85886818e-07 1.38685397e+02 6.16460041e+02
3.86317848e-07 9.57816528e+01 5.72897270e+02
3.86748879e-07 9.96543746e+01 6.18609491e+02
3.87179909e-07 1.18720584e+02 6.19752959e+02
3.87610939e-07 1.70634063e+01 5.83985249e+02
3.88473000e-07 5.51088499e+01 5.56274347e+02
3.88904030e-07 6.18203991e+01 5.67249605e+02
3.89335061e-07 1.23043053e+02 5.57203280e+02
3.89766091e-07 9.63115724e+01 6.28066038e+02
3.90197121e-07 5.67027729e+01 6.27503887e+02
3.90628152e-07 1.01684536e+02 6.78124681e+02
3.91059182e-07 8.52544541e+01 7.30046001e+02
3.91490212e-07 6.15819295e+01 6.70958351e+02
3.91921242e-07 2.23601557e+01 6.55628710e+02
3.92352273e-07 6.39307759e+01 6.78806453e+02
3.92783303e-07 9.42460453e+01 5.94570949e+02
3.93214333e-07 9.83106377e+01 5.62816025e+02
3.93645364e-07 8.96922535e+01 5.91800258e+02
3.94076394e-07 1.72843823e+02 6.83486550e+02
3.94507424e-07 1.24812527e+02 7.34302204e+02
3.94938455e-07 7.71614600e+01 7.03708719e+02
3.95369485e-07 6.88960790e+01 7.05169028e+02
3.95800515e-07 1.87947068e+02 7.20691163e+02
3.96231545e-07 6.22402457e+02 6.38621133e+02
3.96662576e-07 1.92064472e+02 5.94296382e+02
3.97093606e-07 1.88643928e+02 6.30272287e+02
3.97524636e-07 3.18072348e+02 7.35068904e+02
3.97955667e-07 2.03074578e+02 7.81577000e+02
3.98386697e-07 1.31005398e+02 7.86401182e+02
3.98817727e-07 1.77443469e+02 8.17714501e+02
3.99248758e-07 1.06212111e+02 7.81622500e+02
3.99679788e-07 1.99025224e+02 7.75508905e+02
4.00110818e-07 2.38345613e+02 8.55951128e+02
4.00541848e-07 1.81768311e+02 8.46080802e+02
4.00972879e-07 2.39964163e+02 9.06488534e+02
4.01403909e-07 8.84776921e+01 8.80865720e+02
4.01834939e-07 1.97608770e+01 7.74299847e+02
4.02265970e-07 1.45138473e+02 8.69867976e+02
4.02697000e-07 1.92173455e+02 8.95285653e+02
4.03128030e-07 2.82299787e+02 8.90823607e+02
4.03559061e-07 1.67510201e+02 8.71819176e+02
4.03990091e-07 2.06918562e+02 9.46377084e+02
4.04421121e-07 5.75699206e+01 9.02825777e+02
4.04852152e-07 1.14587262e+02 9.21844648e+02
4.05283182e-07 2.57757515e+02 9.29884428e+02
4.05714212e-07 1.82799310e+02 9.52076719e+02
4.06145242e-07 1.77143861e+02 9.63924773e+02
4.06576273e-07 1.29865684e+02 9.90662625e+02
4.07007303e-07 2.56362039e+02 1.05688458e+03
4.07438333e-07 1.51206321e+02 9.42635469e+02
4.07869364e-07 2.30143965e+02 9.54563260e+02
4.08300394e-07 3.60678849e+02 1.03801447e+03
4.08731424e-07 2.08190792e+02 9.68057326e+02
4.09162455e-07 1.15306378e+02 9.45156145e+02
4.09593485e-07 2.29605154e+02 9.18593155e+02
4.10024515e-07 2.99307321e+02 9.24552824e+02
4.10455545e-07 2.91960742e+02 9.71672347e+02
4.10886576e-07 1.76257251e+02 8.87438448e+02
4.11317606e-07 2.01808630e+02 9.42543859e+02
4.12610697e-07 5.73793200e+02 1.03475564e+03
4.13041727e-07 1.85352389e+02 9.96241891e+02
4.13472758e-07 2.81778373e+02 1.03038944e+03
4.13903788e-07 2.50577538e+02 1.02467021e+03
4.14334818e-07 2.41962179e+02 1.02660751e+03
4.14765848e-07 3.50796089e+02 1.04255179e+03
4.15196879e-07 3.22959794e+02 1.01387543e+03
4.15627909e-07 1.87921608e+02 1.04665974e+03
4.16058939e-07 1.30983017e+02 1.08231548e+03
4.16489970e-07 4.22517782e+02 1.23269413e+03
4.16921000e-07 4.05155216e+02 1.25877962e+03
4.17352030e-07 4.30604283e+02 1.21237835e+03
4.17783061e-07 3.41296743e+02 1.16020035e+03
4.18645121e-07 2.04680684e+02 1.05215188e+03
4.19076152e-07 3.94077710e+02 1.12209261e+03
4.19507182e-07 4.19002781e+02 1.06225308e+03
4.19938212e-07 3.52453937e+02 1.07534598e+03
4.20369242e-07 2.49439875e+02 1.04054017e+03
4.20800273e-07 1.81258737e+02 1.08529031e+03
4.21231303e-07 2.27763439e+02 1.10623459e+03
4.21662333e-07 3.69482609e+02 1.14312968e+03
4.22093364e-07 2.71331708e+02 1.04630134e+03
4.22524394e-07 2.07304908e+02 1.01723582e+03
4.22955424e-07 3.98315279e+02 1.10612274e+03
4.23386455e-07 3.46212029e+02 1.09101922e+03
4.23817485e-07 1.34467469e+02 1.04228661e+03
4.24248515e-07 2.98772893e+02 1.07105742e+03
4.24679545e-07 3.27522434e+02 1.13613992e+03
4.25110576e-07 1.20749873e+02 1.11430185e+03
4.25541606e-07 3.12157949e+02 1.16578415e+03
4.25972636e-07 4.13254415e+02 1.19135344e+03
4.26403667e-07 3.23581086e+02 1.14957611e+03
4.26834697e-07 2.30359227e+02 1.11723474e+03
4.27265727e-07 3.45580908e+02 1.20510527e+03
4.27696758e-07 2.40816537e+02 1.16516157e+03
4.28127788e-07 3.66336862e+02 1.22593284e+03
4.28558818e-07 2.12733731e+02 1.12522049e+03
4.28989848e-07 2.59770384e+02 1.11799317e+03
4.29420879e-07 3.47096387e+02 1.15708273e+03
4.29851909e-07 2.46857606e+02 1.10772428e+03
4.30282939e-07 3.18072520e+02 1.12199167e+03
4.30713970e-07 4.59997098e+02 1.17490465e+03
4.31145000e-07 2.85815673e+02 1.18340818e+03
4.31576030e-07 2.03087137e+02 1.24174140e+03
4.32007061e-07 3.17939893e+02 1.30699667e+03
4.32438091e-07 4.55572979e+02 1.25965212e+03
4.32869121e-07 2.89875531e+02 1.22360001e+03
4.33300152e-07 5.03064826e+02 1.33028081e+03
4.33731182e-07 4.40300624e+02 1.27850378e+03
4.34162212e-07 3.91212168e+02 1.22285696e+03
4.34593242e-07 4.69532973e+02 1.30761271e+03
4.35024273e-07 5.40780638e+02 1.35133575e+03
4.35455303e-07 4.92779575e+02 1.38981073e+03
4.35886333e-07 6.78614382e+02 1.50161521e+03
4.36317364e-07 6.79000972e+02 1.54176623e+03
4.36748394e-07 3.92083278e+02 1.38639677e+03
4.37179424e-07 2.73368665e+02 1.33042160e+03
4.37610455e-07 3.13795895e+02 1.32384169e+03
4.38041485e-07 4.63931100e+02 1.35975195e+03
4.38472515e-07 4.75935576e+02 1.32050489e+03
4.38903545e-07 3.86849508e+02 1.32991225e+03
4.39334576e-07 4.09929427e+02 1.36049860e+03
4.39765606e-07 4.99122614e+02 1.45611315e+03
4.40196636e-07 4.27720699e+02 1.44990858e+03
4.40627667e-07 2.62276175e+02 1.48525296e+03
4.41058697e-07 3.58839789e+02 1.53532574e+03
4.41489727e-07 4.79454023e+02 1.56371083e+03
4.41920758e-07 5.69001250e+02 1.55791331e+03
4.42351788e-07 4.27433429e+02 1.55254930e+03
4.42782818e-07 2.80175504e+02 1.48944678e+03
4.43213848e-07 5.92109386e+02 1.54428681e+03
4.43644879e-07 5.58664910e+02 1.52115619e+03
4.44075909e-07 3.72592111e+02 1.49209526e+03
4.44506939e-07 4.27627198e+02 1.49652327e+03
4.44937970e-07 3.33369914e+02 1.48134459e+03
4.45369000e-07 6.02852357e+02 1.52159339e+03
4.45800030e-07 6.87980731e+02 1.54747419e+03
4.46231061e-07 5.86854451e+02 1.47139242e+03
4.46662091e-07 5.12888702e+02 1.50041584e+03
4.47093121e-07 5.59208579e+02 1.55462400e+03
4.47524152e-07 5.54662617e+02 1.57649010e+03
4.47955182e-07 4.71742218e+02 1.49393155e+03
4.48386212e-07 4.94733362e+02 1.47456587e+03
4.48817242e-07 5.37694657e+02 1.53331978e+03
4.49248273e-07 4.40743120e+02 1.50994957e+03
4.49679303e-07 3.61957312e+02 1.54236071e+03
4.50110333e-07 4.85249558e+02 1.63291688e+03
4.50541364e-07 5.24084656e+02 1.62871591e+03
4.50972394e-07 5.69844610e+02 1.69583588e+03
4.51403424e-07 7.29202382e+02 1.74654885e+03
4.51834455e-07 7.88815991e+02 1.75526035e+03
4.52265485e-07 6.19908468e+02 1.70524552e+03
4.52696515e-07 9.06477168e+02 1.86348074e+03
4.53127545e-07 6.67905980e+02 1.77060633e+03
4.53558576e-07 7.48334850e+02 1.81010493e+03
4.53989606e-07 6.87221473e+02 1.84415453e+03
4.54420636e-07 5.82342528e+02 1.82204800e+03
4.54851667e-07 6.48526105e+02 1.81737527e+03
4.55282697e-07 5.59272109e+02 1.76911710e+03
4.55713727e-07 8.41203644e+02 1.86335330e+03
4.56144758e-07 8.30760447e+02 1.90651781e+03
4.56575788e-07 5.36022387e+02 1.75940030e+03
4.57006818e-07 6.62426518e+02 1.82887488e+03
4.57437848e-07 7.90389509e+02 1.88211227e+03
4.57868879e-07 7.50427216e+02 1.85159287e+03
4.58299909e-07 7.33040916e+02 1.89245640e+03
4.58730939e-07 8.53155790e+02 1.95530640e+03
4.59161970e-07 5.08388413e+02 1.79101359e+03
4.59593000e-07 5.80010997e+02 1.80759513e+03
4.60024030e-07 4.72127204e+02 1.78966217e+03
4.60455061e-07 6.34634254e+02 1.90260660e+03
4.60886091e-07 7.06957389e+02 1.86574939e+03
4.61317121e-07 6.60963945e+02 1.91388153e+03
4.61748152e-07 7.29354601e+02 1.90289790e+03
4.62179182e-07 7.39090854e+02 1.90261474e+03
4.63903303e-07 5.05793853e+02 1.85850137e+03
4.64334333e-07 4.63367439e+02 2.27391820e+03
4.64765364e-07 6.73949305e+02 1.96034736e+03
4.65196394e-07 6.39130293e+02 1.99193363e+03
4.65627424e-07 2.80760642e+03 1.72633953e+03
4.66058455e-07 8.91447199e+02 2.07702487e+03
4.66489485e-07 9.14081380e+02 2.07987344e+03
4.66920515e-07 8.22895192e+02 1.97874017e+03
4.67351545e-07 7.75403671e+02 2.05545403e+03
4.67782576e-07 9.85240453e+02 2.13110089e+03
4.68213606e-07 7.80819237e+02 2.05081599e+03
4.68644636e-07 9.91760896e+02 2.15786565e+03
4.69075667e-07 9.01360762e+02 2.09712028e+03
4.69506697e-07 1.02735090e+03 2.13306211e+03
4.69937727e-07 1.01194204e+03 2.11253654e+03
4.70368758e-07 1.13008599e+03 2.16241956e+03
4.70799788e-07 6.42228047e+02 1.99594771e+03
4.71230818e-07 7.27088551e+02 1.99705243e+03
4.71661848e-07 1.30227045e+03 2.29921900e+03
4.72092879e-07 1.28205484e+03 2.23374589e+03
4.72523909e-07 8.07433962e+02 2.05977982e+03
4.72954939e-07 1.39443745e+03 2.27065699e+03
4.73385970e-07 1.18044448e+03 2.20301926e+03
4.73817000e-07 8.95185931e+02 2.13966386e+03
4.74248030e-07 9.51193217e+02 2.18530748e+03
4.74679061e-07 1.12802134e+03 2.25294173e+03
4.75110091e-07 1.00044867e+03 2.18144612e+03
4.75541121e-07 9.27899850e+02 2.16778835e+03
4.75972152e-07 9.53864748e+02 2.19781074e+03
4.76403182e-07 1.11657140e+03 2.28614931e+03
4.76834212e-07 1.01900353e+03 2.26695095e+03
4.77265242e-07 9.96653673e+02 2.26824029e+03
4.77696273e-07 8.53799915e+02 2.18023040e+03
4.78127303e-07 1.10981816e+03 2.24305757e+03
4.78558333e-07 1.17028823e+03 2.29124708e+03
4.78989364e-07 7.90441760e+02 2.19026675e+03
4.79420394e-07 7.39419520e+02 2.23415187e+03
4.79851424e-07 5.91190836e+02 2.11251598e+03
4.80282455e-07 5.67535152e+02 2.06072523e+03
4.80713485e-07 1.01596500e+03 2.21683104e+03
4.81144515e-07 1.23903014e+03 2.40614534e+03
4.81575545e-07 9.06385814e+02 2.31956810e+03
4.82006576e-07 4.36347120e+03 2.75296846e+03
4.82437606e-07 7.16432129e+02 2.35040547e+03
4.82868636e-07 1.08129906e+03 2.47405208e+03
4.83299667e-07 1.09849550e+03 2.50799879e+03
4.83730697e-07 1.06403680e+03 2.42419021e+03
4.84161727e-07 1.13733023e+03 2.48580227e+03
4.84592758e-07 1.18633223e+03 2.46277728e+03
4.85023788e-07 1.06200348e+03 2.36163279e+03
4.85454818e-07 1.24153994e+03 2.38186398e+03
4.85885848e-07 1.30439396e+03 2.27959379e+03
4.86316879e-07 1.21534250e+03 2.23376714e+03
4.86747909e-07 9.86294261e+02 2.22768995e+03
4.87178939e-07 1.17748992e+03 2.29296863e+03
4.87609970e-07 1.29838540e+03 2.41812336e+03
4.88041000e-07 1.28922418e+03 2.46843896e+03
4.88472030e-07 1.15816885e+03 2.46903378e+03
4.88903061e-07 1.01793902e+03 2.42213729e+03
4.89334091e-07 1.11658784e+03 2.43896627e+03
4.89765121e-07 1.24540983e+03 2.54424039e+03
4.90196152e-07 1.20237908e+03 2.50634827e+03
4.90627182e-07 1.07618430e+03 2.45341102e+03
4.91058212e-07 1.13575908e+03 2.47184602e+03
4.91489242e-07 1.04933857e+03 2.48096107e+03
4.91920273e-07 1.30196039e+03 2.49779659e+03
4.92351303e-07 1.21321504e+03 2.50231581e+03
4.92782333e-07 1.15594427e+03 2.52955296e+03
4.93213364e-07 1.19000562e+03 2.52790423e+03
4.93644394e-07 1.10068683e+03 2.48038313e+03
4.94075424e-07 1.19179879e+03 2.56606166e+03
4.94506455e-07 1.34338818e+03 2.60339600e+03
4.94937485e-07 1.24317397e+03 2.60507721e+03
4.95368515e-07 1.36464332e+03 2.57371423e+03
4.95799545e-07 1.21237268e+03 2.60776345e+03
4.96230576e-07 1.21056801e+03 2.62494150e+03
4.96661606e-07 1.04509812e+03 2.61605857e+03
4.97092636e-07 1.21780752e+03 2.69793372e+03
4.97523667e-07 1.12160329e+03 2.69366226e+03
4.97954697e-07 1.03935624e+03 2.56563334e+03
4.98385727e-07 1.25749878e+03 2.58801293e+03
4.98816758e-07 1.42768568e+03 2.71858414e+03
4.99247788e-07 1.35350522e+03 2.70688570e+03
4.99678818e-07 1.36867793e+03 2.75677161e+03
5.00109848e-07 1.51028635e+03 2.76893171e+03
5.00540879e-07 1.26561967e+03 2.69902756e+03
5.00971909e-07 1.48850793e+03 2.74573197e+03
5.01402939e-07 1.57705163e+03 2.79747266e+03
5.01833970e-07 1.39717830e+03 2.69593628e+03
5.02265000e-07 1.15091690e+03 2.69022982e+03
5.02696030e-07 1.27832950e+03 2.69567383e+03
5.03127061e-07 1.29079793e+03 2.69647668e+03
5.03558091e-07 1.16066115e+03 2.71644812e+03
5.03989121e-07 1.02186143e+03 2.63494023e+03
5.04420152e-07 1.37800300e+03 2.70525110e+03
5.04851182e-07 1.53925256e+03 2.78229753e+03
5.05282212e-07 1.53966278e+03 2.87847869e+03
5.05713242e-07 1.43832592e+03 2.88177669e+03
5.06144273e-07 1.15388471e+03 2.78452927e+03
5.06575303e-07 1.30928629e+03 2.81988124e+03
5.07006333e-07 1.48356991e+03 2.89984948e+03
5.07437364e-07 1.21263181e+03 2.72952716e+03
5.07868394e-07 1.18479860e+03 2.72947378e+03
5.08299424e-07 1.42514534e+03 2.83771551e+03
5.08730455e-07 1.19946208e+03 2.82023191e+03
5.09161485e-07 1.32420402e+03 2.83106814e+03
5.09592515e-07 1.38855303e+03 2.82496929e+03
5.10023545e-07 1.36604192e+03 2.86887149e+03
5.10454576e-07 1.18904996e+03 2.82173256e+03
5.10885606e-07 1.55993468e+03 2.88820512e+03
5.11316636e-07 1.54767477e+03 2.94455580e+03
5.11747667e-07 1.56382637e+03 2.98224549e+03
5.12178697e-07 1.47090474e+03 2.98787682e+03
5.12609727e-07 1.65002614e+03 2.96861147e+03
5.13040758e-07 1.54610639e+03 2.97441854e+03
5.13471788e-07 1.03943113e+03 2.84010478e+03
5.13902818e-07 1.24065059e+03 2.84579083e+03
5.14333848e-07 1.20003441e+03 2.91486720e+03
5.14764879e-07 1.42062364e+03 2.98009375e+03
5.15195909e-07 1.48906152e+03 3.00232100e+03
5.15626939e-07 1.50963564e+03 3.08931615e+03
5.16057970e-07 1.68659566e+03 3.16906597e+03
5.16489000e-07 1.91487529e+03 3.06914148e+03
5.16920030e-07 1.67030763e+03 2.91616185e+03
5.17351061e-07 1.63070329e+03 2.86338569e+03
5.17782091e-07 1.70349447e+03 2.98066891e+03
5.18213121e-07 1.52601662e+03 2.98621484e+03
5.18644152e-07 1.39822615e+03 2.96940394e+03
5.19075182e-07 1.82213087e+03 3.18599939e+03
5.19506212e-07 1.77559721e+03 3.35352927e+03
5.19937242e-07 1.71484317e+03 3.53970370e+03
5.20368273e-07 1.70241718e+03 3.59378593e+03
5.20799303e-07 2.27234618e+03 3.65119753e+03
5.21230333e-07 2.55495885e+03 3.60745626e+03
5.21661364e-07 2.04497158e+03 3.54914425e+03
5.22092394e-07 2.03707372e+03 3.55929604e+03
5.22523424e-07 2.21227478e+03 3.72091884e+03
5.22954455e-07 1.67640466e+03 3.38727993e+03
5.23385485e-07 1.54179972e+03 3.24539353e+03
5.23816515e-07 1.73289254e+03 3.39462712e+03
5.24247545e-07 1.82483996e+03 3.36709232e+03
5.24678576e-07 1.91004959e+03 3.37941778e+03
5.25109606e-07 1.64335183e+03 3.31094648e+03
5.25540636e-07 1.95838043e+03 3.41197569e+03
5.25971667e-07 1.96979216e+03 3.38822612e+03
5.26402697e-07 1.86597022e+03 3.25059341e+03
5.26833727e-07 1.71701727e+03 3.13597086e+03
5.27264758e-07 1.89928836e+03 3.26178920e+03
5.27695788e-07 2.15231605e+03 3.45477966e+03
5.28126818e-07 1.87590074e+03 3.38730716e+03
5.28557848e-07 1.96036167e+03 3.33887361e+03
5.28988879e-07 1.72574854e+03 3.35601201e+03
5.29419909e-07 1.80228992e+03 3.39810941e+03
5.29850939e-07 1.91358910e+03 3.36026211e+03
5.30281970e-07 1.94738123e+03 3.40723420e+03
5.30713000e-07 1.94417906e+03 3.44869536e+03
5.31144030e-07 1.95753652e+03 3.51567186e+03
5.31575061e-07 1.98316572e+03 3.53257254e+03
5.32006091e-07 1.98021114e+03 3.49966452e+03
5.32437121e-07 1.72870689e+03 3.42139768e+03
5.32868152e-07 1.65471486e+03 3.45870775e+03
5.33299182e-07 1.89145031e+03 3.57952938e+03
5.33730212e-07 1.85591532e+03 3.48061538e+03
5.34161242e-07 1.93965337e+03 3.53079814e+03
5.34592273e-07 2.05878436e+03 3.49341547e+03
5.35023303e-07 2.09895056e+03 3.56351759e+03
5.35454333e-07 2.03478781e+03 3.57174220e+03
5.35885364e-07 1.93504787e+03 3.50160451e+03
5.36316394e-07 1.82203753e+03 3.45206482e+03
5.36747424e-07 1.98401451e+03 3.48127257e+03
5.37178455e-07 2.03658422e+03 3.47756612e+03
5.37609485e-07 2.14754100e+03 3.52409772e+03
5.38040515e-07 2.13944553e+03 3.52526241e+03
5.38471545e-07 2.42288598e+03 3.61159996e+03
5.38902576e-07 1.97526416e+03 3.48513216e+03
5.39333606e-07 2.04898944e+03 3.52070324e+03
5.39764636e-07 2.09097412e+03 3.51189543e+03
5.40195667e-07 2.10809632e+03 3.47536837e+03
5.40626697e-07 2.16443143e+03 3.48506994e+03
5.41057727e-07 2.17773931e+03 3.51599838e+03
5.41488758e-07 2.25039508e+03 3.50425202e+03
5.41919788e-07 2.25174562e+03 3.63126972e+03
5.42350818e-07 2.31279166e+03 3.67283538e+03
5.42781848e-07 2.35038666e+03 3.68211553e+03
5.43212879e-07 2.09594179e+03 3.53575181e+03
5.43643909e-07 1.92254604e+03 3.53005990e+03
5.44074939e-07 2.27950504e+03 3.69347285e+03
5.44505970e-07 2.51553072e+03 3.84031202e+03
5.44937000e-07 2.19298178e+03 3.71285498e+03
5.45368030e-07 2.14540464e+03 3.74559311e+03
5.45799061e-07 1.97886608e+03 3.75602648e+03
5.46230091e-07 2.38641069e+03 3.87803995e+03
5.46661121e-07 2.21499815e+03 3.78992937e+03
5.47092152e-07 2.37130478e+03 3.86203997e+03
5.47523182e-07 2.15519419e+03 3.71792200e+03
5.47954212e-07 1.98569090e+03 3.66993586e+03
5.48385242e-07 2.07555070e+03 3.72963936e+03
5.48816273e-07 2.35426224e+03 3.83807983e+03
5.49247303e-07 2.51996325e+03 3.85836107e+03
5.49678333e-07 1.96947354e+03 3.73060003e+03
5.50109364e-07 2.20694260e+03 3.77189972e+03
5.50540394e-07 2.26000015e+03 3.81899261e+03
5.50971424e-07 2.25985921e+03 3.93911487e+03
5.51402455e-07 2.43552338e+03 3.92371059e+03
5.51833485e-07 2.27387284e+03 3.79776805e+03
5.52264515e-07 2.07881518e+03 3.83854203e+03
5.52695545e-07 2.25836350e+03 3.89964573e+03
5.53126576e-07 2.08458247e+03 3.77756863e+03
5.53557606e-07 2.05337293e+03 3.77873497e+03
5.53988636e-07 2.56187483e+03 4.06099234e+03
5.54419667e-07 2.47744549e+03 4.17413456e+03
5.54850697e-07 2.55990294e+03 4.17130117e+03
5.55281727e-07 2.38045646e+03 4.04878918e+03
5.55712758e-07 2.38376097e+03 4.08196678e+03
5.56143788e-07 2.42626698e+03 4.22656779e+03
5.56574818e-07 2.31718722e+03 4.23472765e+03
5.57005848e-07 2.57039675e+03 7.55839295e+03
5.57867909e-07 1.11338481e+03 3.94308981e+04
5.58298939e-07 1.15880788e+04 2.28372650e+04
5.58729970e-07 4.69632679e+03 6.73725502e+03
5.59161000e-07 2.34229794e+03 4.00045843e+03
5.59592030e-07 2.17585926e+03 4.07095004e+03
5.60023061e-07 2.22574512e+03 4.18502249e+03
5.60454091e-07 2.59118741e+03 4.35332432e+03
5.60885121e-07 2.79213147e+03 4.37009589e+03
5.61316152e-07 2.54253518e+03 4.17711265e+03
5.61747182e-07 2.25437554e+03 4.08840100e+03
5.62178212e-07 2.37718077e+03 4.22112031e+03
5.62609242e-07 2.54400862e+03 4.24172161e+03
5.63040273e-07 2.44622392e+03 4.09116943e+03
5.63471303e-07 2.39747232e+03 4.09203330e+03
5.63902333e-07 1.88197438e+03 3.93048537e+03
5.64333364e-07 2.42917185e+03 4.14798015e+03
5.64764394e-07 2.92695691e+03 4.37009924e+03
5.65195424e-07 2.67274112e+03 4.20770331e+03
5.65626455e-07 2.46637275e+03 4.10265394e+03
5.66057485e-07 2.11912792e+03 4.01890866e+03
5.66488515e-07 2.45322551e+03 4.20639102e+03
5.66919545e-07 2.66223114e+03 4.35607788e+03
5.67350576e-07 2.34970446e+03 4.25601579e+03
5.67781606e-07 2.13831581e+03 4.18835570e+03
5.68212636e-07 2.36149153e+03 4.20159472e+03
5.68643667e-07 2.71880486e+03 4.41182698e+03
5.69074697e-07 2.75736245e+03 4.44049958e+03
5.69505727e-07 2.59995925e+03 4.41045025e+03
5.69936758e-07 2.27332267e+03 4.20322700e+03
5.70367788e-07 2.17273517e+03 4.15097597e+03
5.70798818e-07 2.00730134e+03 4.09254862e+03
5.71229848e-07 2.17375784e+03 4.17734386e+03
5.71660879e-07 2.24541032e+03 4.18416435e+03
5.72091909e-07 1.96045999e+03 4.16496322e+03
5.72522939e-07 2.20501030e+03 4.19592097e+03
5.72953970e-07 2.67065557e+03 4.35404863e+03
5.73385000e-07 2.51818132e+03 4.33826240e+03
5.73816030e-07 2.90735317e+03 4.47851927e+03
5.74247061e-07 2.95955059e+03 4.43240104e+03
5.74678091e-07 2.73679270e+03 4.30879618e+03
5.75109121e-07 2.70665472e+03 4.30409513e+03
5.75540152e-07 2.50550158e+03 4.25594088e+03
5.75971182e-07 2.46447302e+03 4.37136475e+03
5.76402212e-07 2.52976033e+03 4.40296132e+03
5.76833242e-07 2.83169029e+03 4.45660220e+03
5.77264273e-07 2.49639734e+03 4.36874220e+03
5.77695303e-07 2.36465205e+03 4.25588109e+03
5.78126333e-07 2.33378286e+03 4.21358656e+03
5.78557364e-07 2.63369496e+03 4.37260579e+03
5.78988394e-07 2.83729103e+03 4.44133823e+03
5.79419424e-07 2.58466658e+03 4.42395318e+03
5.79850455e-07 2.52954711e+03 4.44319124e+03
5.80281485e-07 2.60639009e+03 4.42528783e+03
5.80712515e-07 2.84392630e+03 4.52868719e+03
5.81143545e-07 2.95106311e+03 4.67472450e+03
5.81574576e-07 3.03560998e+03 4.57644801e+03
5.82005606e-07 2.93484722e+03 4.53260166e+03
5.82436636e-07 2.72483819e+03 4.51486196e+03
5.82867667e-07 2.98797416e+03 4.60578553e+03
5.83298697e-07 2.93383399e+03 4.62371697e+03
5.83729727e-07 2.57008548e+03 4.56930845e+03
5.84160758e-07 2.42027186e+03 4.45824751e+03
5.84591788e-07 2.44979730e+03 4.49866141e+03
5.85022818e-07 2.56610786e+03 4.41441743e+03
5.85453848e-07 2.95561541e+03 4.60755466e+03
5.85884879e-07 2.83607028e+03 4.65734389e+03
5.86315909e-07 2.90336388e+03 4.91137842e+03
5.86746939e-07 2.98412958e+03 5.27911180e+03
5.87177970e-07 2.99019586e+03 5.15285271e+03
5.87609000e-07 2.96505337e+03 4.86783828e+03
5.88040030e-07 3.09086971e+03 4.96797911e+03
5.88471061e-07 2.62567733e+03 5.79813162e+03
5.88902091e-07 2.50979791e+03 8.07952298e+03
5.89333121e-07 3.03925623e+03 8.90215123e+03
5.89764152e-07 3.61119079e+03 7.48436103e+03
5.90195182e-07 3.03053289e+03 5.64175794e+03
5.90626212e-07 2.77749223e+03 4.89757861e+03
5.91057242e-07 3.22157721e+03 4.99681528e+03
5.91488273e-07 2.84108071e+03 5.05230495e+03
5.91919303e-07 3.04152108e+03 5.05243874e+03
5.92350333e-07 2.97424350e+03 4.94047217e+03
5.92781364e-07 2.59585743e+03 4.92085085e+03
5.93212394e-07 2.82244629e+03 5.17115116e+03
5.93643424e-07 3.19587898e+03 5.19953363e+03
5.94074455e-07 3.21734026e+03 4.94808928e+03
5.94505485e-07 2.91292154e+03 4.84038389e+03
5.94936515e-07 2.75165116e+03 4.98343654e+03
5.95367545e-07 3.03797711e+03 5.21058237e+03
5.95798576e-07 3.12964787e+03 5.01917004e+03
5.96229606e-07 2.85439940e+03 4.77994516e+03
5.96660636e-07 2.82697742e+03 4.76136731e+03
5.97091667e-07 2.71972803e+03 4.86202846e+03
5.97522697e-07 2.97100533e+03 4.99230130e+03
5.97953727e-07 2.54180565e+03 4.84091694e+03
5.98384758e-07 2.48251116e+03 4.69126324e+03
5.98815788e-07 2.79057685e+03 4.69092539e+03
5.99246818e-07 3.45065806e+03 4.92621825e+03
5.99677848e-07 3.09832195e+03 4.87648871e+03
6.00108879e-07 2.86254039e+03 4.73364952e+03
6.00539909e-07 2.92018250e+03 4.81256758e+03
6.00970939e-07 2.84635485e+03 4.76717205e+03
6.01401970e-07 2.63847309e+03 4.50922388e+03
6.01833000e-07 2.49404302e+03 4.50270555e+03
6.02264030e-07 2.88239724e+03 4.62923794e+03
6.02695061e-07 2.93719145e+03 4.69651567e+03
6.03126091e-07 2.66033816e+03 4.64950856e+03
6.03557121e-07 3.06399383e+03 4.91710100e+03
6.03988152e-07 3.00538863e+03 4.76138380e+03
6.04419182e-07 2.97285887e+03 4.66835495e+03
6.04850212e-07 3.17957782e+03 4.72480408e+03
6.05281242e-07 2.80245125e+03 4.62539463e+03
6.05712273e-07 2.86505944e+03 4.62053394e+03
6.06143303e-07 2.29678400e+03 4.44002092e+03
6.06574333e-07 2.42698730e+03 4.57825247e+03
6.07005364e-07 2.73224863e+03 4.59671114e+03
6.07436394e-07 2.80688956e+03 4.59069762e+03
6.07867424e-07 3.06165892e+03 4.69352121e+03
6.08298455e-07 3.27925936e+03 4.78425042e+03
6.08729485e-07 2.77439210e+03 4.56872796e+03
6.09160515e-07 2.71125493e+03 4.51674965e+03
6.09591545e-07 2.95825338e+03 4.70072639e+03
6.10022576e-07 2.92092033e+03 4.56383481e+03
6.10453606e-07 3.13973665e+03 4.68150603e+03
6.10884636e-07 2.94442482e+03 4.69585566e+03
6.11315667e-07 2.54286363e+03 4.49053305e+03
6.11746697e-07 2.90980066e+03 4.53222777e+03
6.12177727e-07 2.94104915e+03 4.61538865e+03
6.12608758e-07 3.09706197e+03 4.67019604e+03
6.13039788e-07 3.36608507e+03 4.80235134e+03
6.13470818e-07 3.01757768e+03 4.66323620e+03
6.13901848e-07 3.20138859e+03 4.91750388e+03
6.14332879e-07 3.11286970e+03 4.90931296e+03
6.14763909e-07 3.07599214e+03 4.78772641e+03
6.15194939e-07 2.96002091e+03 4.77891290e+03
6.15625970e-07 2.80023516e+03 4.57275274e+03
6.16057000e-07 2.82756517e+03 4.60321371e+03
6.16488030e-07 2.86152451e+03 4.50582273e+03
6.16919061e-07 2.69419327e+03 4.75375774e+03
6.17350091e-07 2.43379636e+03 4.79387030e+03
6.17781121e-07 3.30072131e+03 4.86192660e+03
6.18212152e-07 2.97411664e+03 4.60088090e+03
6.18643182e-07 3.14771882e+03 4.70097753e+03
6.19074212e-07 3.65692737e+03 4.83398241e+03
6.19505242e-07 3.04410071e+03 4.68700500e+03
6.19936273e-07 2.80460391e+03 4.71857882e+03
6.20367303e-07 3.35014983e+03 5.02924599e+03
6.20798333e-07 3.52942789e+03 4.94789877e+03
6.21229364e-07 2.96518671e+03 4.70423144e+03
6.21660394e-07 3.34564317e+03 4.96116835e+03
6.22091424e-07 3.00717172e+03 4.93558448e+03
6.22522455e-07 3.34721554e+03 5.00523742e+03
6.22953485e-07 2.68035626e+03 4.83950694e+03
6.23384515e-07 3.01065888e+03 5.70664247e+03
6.23815545e-07 3.21723105e+03 6.07691417e+03
6.24246576e-07 3.19694135e+03 5.51794843e+03
6.24677606e-07 3.36337449e+03 5.03577896e+03
6.25108636e-07 3.51733858e+03 4.97992817e+03
6.25539667e-07 3.25574898e+03 5.51811199e+03
6.25970697e-07 3.85393640e+03 6.17904736e+03
6.26401727e-07 3.69717577e+03 5.71832022e+03
6.26832758e-07 3.62490803e+03 5.33020675e+03
6.27263788e-07 3.10991307e+03 4.98956805e+03
6.27694818e-07 2.80323939e+03 4.78871674e+03
6.28125848e-07 2.86042788e+03 4.86887260e+03
6.28556879e-07 2.60947484e+03 5.31176284e+03
6.28987909e-07 2.58922177e+03 5.54770312e+03
6.29418939e-07 9.33546988e+02 6.78809452e+03
6.29849970e-07 4.41929596e+03 1.68399616e+04
6.30281000e-07 7.56563686e+03 1.89268547e+04
6.30712030e-07 4.68884291e+03 9.58266427e+03
6.31143061e-07 3.75119154e+03 5.57841125e+03
6.31574091e-07 3.18185118e+03 4.74114222e+03
6.32005121e-07 2.86080760e+03 4.89217734e+03
6.32436152e-07 3.72247123e+03 5.39226351e+03
6.32867182e-07 3.35702749e+03 5.64130288e+03
6.33298212e-07 3.48016319e+03 5.57052266e+03
6.33729242e-07 3.45108546e+03 4.94799012e+03
6.34160273e-07 2.87133151e+03 4.68440622e+03
6.34591303e-07 3.47351645e+03 5.04649589e+03
6.35022333e-07 3.19013431e+03 5.15406319e+03
6.35453364e-07 3.21462058e+03 5.42851559e+03
6.35884394e-07 2.87024234e+03 6.72033660e+03
6.36315424e-07 3.86787901e+03 9.49025376e+03
6.36746455e-07 4.20854020e+03 8.50832556e+03
6.37177485e-07 3.61783868e+03 5.56624245e+03
6.37608515e-07 3.48234638e+03 4.87625713e+03
6.38039545e-07 3.62783059e+03 5.06013686e+03
6.38470576e-07 3.38279500e+03 5.15739932e+03
6.38901606e-07 3.41734684e+03 5.11452835e+03
6.39332636e-07 3.42310198e+03 4.85962100e+03
6.39763667e-07 3.07323466e+03 4.62356966e+03
6.40194697e-07 3.22981692e+03 4.65769258e+03
6.40625727e-07 3.28507088e+03 4.67412889e+03
6.41056758e-07 3.42373578e+03 4.79080774e+03
6.41487788e-07 3.52668098e+03 4.89500860e+03
6.41918818e-07 3.19581915e+03 4.85523767e+03
6.42349848e-07 2.90117928e+03 4.71112675e+03
6.42780879e-07 3.44975810e+03 4.81842823e+03
6.43211909e-07 3.47877949e+03 4.77189294e+03
6.43642939e-07 3.38353847e+03 4.77994678e+03
6.44073970e-07 3.45774112e+03 4.76983177e+03
6.44505000e-07 3.23958226e+03 4.75192043e+03
6.44936030e-07 2.94086724e+03 4.66269687e+03
6.47953242e-07 3.07545586e+03 6.04120723e+03
6.48384273e-07 3.39989153e+03 5.08419207e+03
6.48815303e-07 3.64093453e+03 4.93267044e+03
6.49246333e-07 3.57096884e+03 5.22559557e+03
6.49677364e-07 3.44874893e+03 6.10322416e+03
6.50108394e-07 3.52798226e+03 6.44811250e+03
6.50539424e-07 3.91375541e+03 5.89762156e+03
6.50970455e-07 3.70905545e+03 5.28662597e+03
6.51401485e-07 3.58971544e+03 5.03734671e+03
6.51832515e-07 3.13013472e+03 4.99033019e+03
6.52263545e-07 3.52840046e+03 5.24596651e+03
6.52694576e-07 3.72517552e+03 5.42395580e+03
6.53125606e-07 3.87856250e+03 5.91524533e+03
6.53556636e-07 3.78040242e+03 6.02177813e+03
6.53987667e-07 3.74054173e+03 5.49077674e+03
6.54418697e-07 3.23240975e+03 5.23737250e+03
6.54849727e-07 3.32688759e+03 5.48051329e+03
6.55280758e-07 3.88112074e+03 6.22450665e+03
6.55711788e-07 4.22513812e+03 6.04862449e+03
6.56142818e-07 3.87863769e+03 5.23966122e+03
6.56573848e-07 3.62308115e+03 5.18067599e+03
6.57004879e-07 3.52234596e+03 5.32899646e+03
6.57435909e-07 3.81310188e+03 5.74923772e+03
6.57866939e-07 3.79088375e+03 6.04454140e+03
6.58297970e-07 3.81362508e+03 5.52720542e+03
6.58729000e-07 3.82883853e+03 5.08779255e+03
6.59160030e-07 3.72816754e+03 5.10175816e+03
6.59591061e-07 3.68311545e+03 5.19176287e+03
6.60022091e-07 3.84341741e+03 5.38717293e+03
6.60453121e-07 3.65400849e+03 5.40291688e+03
6.60884152e-07 3.62297440e+03 5.28011176e+03
6.61315182e-07 3.56173451e+03 4.90213047e+03
6.61746212e-07 3.34474256e+03 4.88698238e+03
6.62177242e-07 3.64802958e+03 5.00851519e+03
6.62608273e-07 3.39244383e+03 4.99692126e+03
6.63039303e-07 3.74410160e+03 5.22326495e+03
6.63470333e-07 3.44594760e+03 5.07640451e+03
6.63901364e-07 3.35553826e+03 4.96958974e+03
6.64332394e-07 3.76402203e+03 4.99940549e+03
6.64763424e-07 3.43808763e+03 4.81532293e+03
6.65194455e-07 3.65264178e+03 4.99823161e+03
6.65625485e-07 3.55094703e+03 4.91608710e+03
6.66056515e-07 3.33430399e+03 4.77669458e+03
6.66487545e-07 3.78656983e+03 4.99300994e+03
6.66918576e-07 3.32422099e+03 4.93535383e+03
6.67349606e-07 3.70479402e+03 4.89343186e+03
6.67780636e-07 3.30373325e+03 4.81042236e+03
6.68211667e-07 4.00979068e+03 4.97378333e+03
6.68642697e-07 3.77036838e+03 4.96460347e+03
6.69073727e-07 3.55151476e+03 4.90768434e+03
6.69504758e-07 3.67278258e+03 4.91638614e+03
6.69935788e-07 3.88282926e+03 4.96843911e+03
6.70366818e-07 3.58187068e+03 5.03428340e+03
6.70797848e-07 3.40003566e+03 4.90432473e+03
6.71228879e-07 3.65693358e+03 4.92643281e+03
6.71659909e-07 3.23295661e+03 4.82086489e+03
6.72090939e-07 3.37521104e+03 4.87968081e+03
6.72521970e-07 3.51949657e+03 4.86377882e+03
6.72953000e-07 3.85479895e+03 5.07088931e+03
6.73384030e-07 3.98459722e+03 5.01131968e+03
6.73815061e-07 3.91334153e+03 5.06269139e+03
6.74246091e-07 3.64044933e+03 5.01387850e+03
6.74677121e-07 3.88515694e+03 5.06574193e+03
6.75108152e-07 4.17878281e+03 4.98890207e+03
6.75539182e-07 3.59017755e+03 4.84582937e+03
6.75970212e-07 3.92076828e+03 4.94487065e+03
6.76401242e-07 3.24927082e+03 4.76189575e+03
6.76832273e-07 3.31380384e+03 4.72789716e+03
6.77263303e-07 3.82393782e+03 4.84591864e+03
6.77694333e-07 3.94747378e+03 4.91258141e+03
6.78125364e-07 3.78493287e+03 4.81675696e+03
6.78556394e-07 3.00086773e+03 4.65371223e+03
6.78987424e-07 3.46044310e+03 4.77271845e+03
6.79418455e-07 3.64329887e+03 4.82370310e+03
6.79849485e-07 3.73252367e+03 4.79585524e+03
6.80280515e-07 3.79921602e+03 4.86603174e+03
6.80711545e-07 3.28210404e+03 4.73603185e+03
6.81142576e-07 3.53371406e+03 4.79207481e+03
6.81573606e-07 3.47643992e+03 4.83535267e+03
6.82004636e-07 3.61324250e+03 4.88034718e+03
6.82435667e-07 3.55044363e+03 5.79732712e+03
6.82866697e-07 4.45301531e+03 7.83920126e+03
6.83297727e-07 4.29745406e+03 8.20846807e+03
6.83728758e-07 4.04196301e+03 6.88679079e+03
6.84159788e-07 4.19468735e+03 5.81236025e+03
6.84590818e-07 3.76086479e+03 5.17851772e+03
6.85021848e-07 3.04544776e+03 4.72128155e+03
6.85452879e-07 3.65496101e+03 4.88608886e+03
6.85883909e-07 2.60835286e+03 5.82866494e+03
6.86314939e-07 4.15918079e+03 8.21064570e+03
6.86745970e-07 4.98172161e+03 7.64280442e+03
6.87177000e-07 2.48062710e+03 4.66403967e+03
6.87608030e-07 3.00554906e+03 4.38547762e+03
6.88039061e-07 3.78281540e+03 4.95467010e+03
6.88470091e-07 3.15207723e+03 5.04552506e+03
6.88901121e-07 3.21428462e+03 5.24024963e+03
6.89332152e-07 3.03004101e+03 4.89925097e+03
6.89763182e-07 3.10156664e+03 4.97305200e+03
6.90194212e-07 3.18294047e+03 5.04700232e+03
6.90625242e-07 3.49453800e+03 5.13913756e+03
6.91056273e-07 3.54889603e+03 5.44637990e+03
6.91487303e-07 3.82090707e+03 5.75937285e+03
6.91918333e-07 3.63643132e+03 5.98182509e+03
6.92349364e-07 4.12709035e+03 6.65431211e+03
6.92780394e-07 3.17343374e+03 5.46856346e+03
6.93211424e-07 3.28608140e+03 4.69729833e+03
6.93642455e-07 3.66666829e+03 5.25939347e+03
6.94073485e-07 3.98373423e+03 5.67832646e+03
6.94504515e-07 3.07952444e+03 5.88456444e+03
6.94935545e-07 4.09897277e+03 6.71052521e+03
6.95366576e-07 3.16714302e+03 5.60634904e+03
6.95797606e-07 3.58266726e+03 4.87527149e+03
6.96228636e-07 2.84827514e+03 4.68636267e+03
6.96659667e-07 3.38504556e+03 5.17247136e+03
6.97090697e-07 3.70917620e+03 5.65754330e+03
6.97521727e-07 3.39902214e+03 5.84947023e+03
6.97952758e-07 4.14227850e+03 6.16985734e+03
6.98383788e-07 3.85773551e+03 5.42905868e+03
6.98814818e-07 3.18119263e+03 4.74006091e+03
6.99245848e-07 2.79085399e+03 4.46298223e+03
6.99676879e-07 2.99858396e+03 4.57593371e+03
7.00107909e-07 3.81664196e+03 5.01384860e+03
7.00538939e-07 3.09794388e+03 4.86886587e+03
7.00969970e-07 3.72457233e+03 5.21610180e+03
7.01401000e-07 3.29867906e+03 4.99651091e+03
7.01832030e-07 3.23896411e+03 4.55547868e+03
7.02263061e-07 3.32388386e+03 4.53026811e+03
7.02694091e-07 3.92513080e+03 4.69517190e+03
7.03125121e-07 3.18901443e+03 4.53299397e+03
7.03556152e-07 3.67805132e+03 4.69154169e+03
7.03987182e-07 3.34232935e+03 4.74323246e+03
7.04418212e-07 2.88682427e+03 4.87180460e+03
7.04849242e-07 3.42818889e+03 5.28785963e+03
7.05280273e-07 3.55619688e+03 5.15903051e+03
7.05711303e-07 3.48177681e+03 4.80422410e+03
7.06142333e-07 3.10362345e+03 4.61953515e+03
7.06573364e-07 3.42302085e+03 4.85289287e+03
7.07004394e-07 3.44483119e+03 4.83573664e+03
7.07435424e-07 3.66805720e+03 4.93192397e+03
7.07866455e-07 3.31220134e+03 4.79747019e+03
7.08297485e-07 3.19056461e+03 4.79153581e+03
7.08728515e-07 3.35816659e+03 4.91834825e+03
7.09159545e-07 3.74466673e+03 4.93831254e+03
7.09590576e-07 3.34670170e+03 4.65628413e+03
7.10021606e-07 3.51112373e+03 4.67294741e+03
7.10452636e-07 3.50302461e+03 4.57425505e+03
7.10883667e-07 3.14974061e+03 4.49087021e+03
7.11314697e-07 3.50916841e+03 4.58779193e+03
7.11745727e-07 3.40876739e+03 4.53027880e+03
7.12176758e-07 3.40143118e+03 4.58046236e+03
7.12607788e-07 3.19936974e+03 4.55309312e+03
7.13038818e-07 3.29757084e+03 4.60975347e+03
7.13469848e-07 3.00621258e+03 4.52343107e+03
7.13900879e-07 3.13523714e+03 4.51697600e+03
7.14331909e-07 2.66897141e+03 4.56860781e+03
7.14762939e-07 3.06216074e+03 4.70647026e+03
7.15193970e-07 3.43891923e+03 4.65839959e+03
7.15625000e-07 3.39061302e+03 4.56080583e+03
7.16056030e-07 3.73509448e+03 4.65978943e+03
7.16487061e-07 3.36215555e+03 4.48408542e+03
7.16918091e-07 2.76602063e+03 4.13484318e+03
7.17349121e-07 2.39003085e+03 3.96957444e+03
7.17780152e-07 2.64633441e+03 3.93855539e+03
7.18211182e-07 2.46288463e+03 3.76627995e+03
7.18642212e-07 2.54699642e+03 3.63867630e+03
7.19073242e-07 2.57010879e+03 3.60492838e+03
7.19504273e-07 2.55829102e+03 3.65373564e+03
7.19935303e-07 2.77675440e+03 3.71361995e+03
7.20366333e-07 2.61682746e+03 3.68434068e+03
7.20797364e-07 2.24810919e+03 3.63913351e+03
7.21228394e-07 2.63837628e+03 3.85376660e+03
7.21659424e-07 2.93877349e+03 4.02703046e+03
7.22090455e-07 2.88700171e+03 4.11496593e+03
7.22521485e-07 2.88006506e+03 4.09429591e+03
7.22952515e-07 2.71782419e+03 4.11077828e+03
7.23383545e-07 2.99028447e+03 5.19122886e+03
7.23814576e-07 2.29414760e+03 7.67619624e+03
7.24245606e-07 2.18582634e+03 9.45432636e+03
7.24676636e-07 2.93569297e+03 8.37979917e+03
7.25107667e-07 2.86133878e+03 5.98531353e+03
7.25538697e-07 2.19860136e+03 4.53450942e+03
7.25969727e-07 2.39111304e+03 4.13251368e+03
7.26400758e-07 1.92152283e+03 3.97166098e+03
7.26831788e-07 2.57846141e+03 4.99898510e+03
7.27262818e-07 2.73625544e+03 7.40120854e+03
7.27693848e-07 2.05917175e+03 9.35254102e+03
7.28124879e-07 2.74206470e+03 8.38800623e+03
7.28555909e-07 2.31299878e+03 6.50044546e+03
7.28986939e-07 2.42398371e+03 5.17247895e+03
7.29417970e-07 2.00429828e+03 4.56966572e+03
7.29849000e-07 2.66112359e+03 4.94324781e+03
7.30280030e-07 2.62154288e+03 5.33189516e+03
7.30711061e-07 2.74350959e+03 5.40188741e+03
7.31142091e-07 2.54440840e+03 6.42803922e+03
7.31573121e-07 1.94769273e+03 8.04885114e+03
7.32004152e-07 2.09974405e+03 7.16936491e+03
7.32435182e-07 2.49932059e+03 5.51674730e+03
7.32866212e-07 2.51520116e+03 5.99531790e+03
7.33297242e-07 2.93790371e+03 6.43999403e+03
7.33728273e-07 2.91765286e+03 7.74886856e+03
7.34159303e-07 3.27257337e+03 9.39856150e+03
7.34590333e-07 3.14518492e+03 7.17289744e+03
7.35021364e-07 2.38481182e+03 4.88671492e+03
7.35452394e-07 2.93781512e+03 5.19433327e+03
7.35883424e-07 2.64593019e+03 6.10560624e+03
7.36314455e-07 3.06188947e+03 6.57684823e+03
7.36745485e-07 2.86972325e+03 7.41473575e+03
7.37176515e-07 3.81852502e+03 7.67113710e+03
7.37607545e-07 3.35283061e+03 5.54890346e+03
7.38038576e-07 2.29668197e+03 4.16707855e+03
7.38469606e-07 2.56997331e+03 4.45871872e+03
7.38900636e-07 2.56348621e+03 5.13626970e+03
7.39331667e-07 2.88291817e+03 5.76021809e+03
7.39762697e-07 2.90667860e+03 6.11711582e+03
7.40193727e-07 2.44868884e+03 6.38907216e+03
7.40624758e-07 3.57614868e+03 5.92440346e+03
7.41055788e-07 3.05085049e+03 4.52552681e+03
7.41486818e-07 3.35479984e+03 4.36145210e+03
7.41917848e-07 3.21057849e+03 4.39212856e+03
7.42348879e-07 2.88643754e+03 4.44892789e+03
7.42779909e-07 3.24925607e+03 4.91304720e+03
7.43210939e-07 2.98559478e+03 5.21324475e+03
7.43641970e-07 3.25812648e+03 5.49103542e+03
7.44073000e-07 3.46748081e+03 5.40896959e+03
7.44504030e-07 2.84413058e+03 4.57083256e+03
7.44935061e-07 3.23921524e+03 4.39205096e+03
7.45366091e-07 3.23546834e+03 4.37296333e+03
7.45797121e-07 3.77165456e+03 4.79594595e+03
7.46228152e-07 2.77277031e+03 4.96458284e+03
7.46659182e-07 3.68022150e+03 5.70961733e+03
7.47090212e-07 3.78424371e+03 6.27494842e+03
7.47521242e-07 4.47170694e+03 6.72865992e+03
7.47952273e-07 3.51214598e+03 6.69221820e+03
7.48383303e-07 3.97777938e+03 6.69169174e+03
7.48814333e-07 3.69587831e+03 5.57743552e+03
7.49245364e-07 3.25890545e+03 4.89674081e+03
7.49676394e-07 3.30746054e+03 4.82869495e+03
7.50107424e-07 2.73879881e+03 4.48634063e+03
7.50538455e-07 3.18541421e+03 4.58972309e+03
7.50969485e-07 3.00120884e+03 4.53556973e+03
7.51400515e-07 3.89526665e+03 5.46787400e+03
7.51831545e-07 3.46605860e+03 6.52923637e+03
7.52262576e-07 3.51364700e+03 8.28360196e+03
7.52693606e-07 3.45255832e+03 8.35288844e+03
7.53124636e-07 3.70692314e+03 6.66492840e+03
7.53555667e-07 3.89294766e+03 5.38923502e+03
7.53986697e-07 3.57846432e+03 4.93630557e+03
7.54417727e-07 3.07914708e+03 4.63122757e+03
7.54848758e-07 3.30414818e+03 4.72929913e+03
7.55279788e-07 3.52070433e+03 5.01278064e+03
7.55710818e-07 3.33862968e+03 5.29166612e+03
7.56141848e-07 3.50766957e+03 5.45669148e+03
7.56572879e-07 3.53760672e+03 5.94647751e+03
7.57003909e-07 3.89889185e+03 7.02313068e+03
7.57434939e-07 3.70591828e+03 6.99173912e+03
7.57865970e-07 3.25499327e+03 5.44380471e+03
7.58297000e-07 3.31335489e+03 4.91646795e+03
7.58728030e-07 3.88703712e+03 5.40220275e+03
7.59159061e-07 3.09049676e+03 4.62295707e+03
7.59590091e-07 1.93532976e+03 3.54080286e+03
7.60021121e-07 1.49489175e+03 3.15732936e+03
7.60452152e-07 8.91614910e+02 2.57034852e+03
7.60883182e-07 1.68905744e+03 2.70889671e+03
7.61314212e-07 1.85056236e+03 3.28944022e+03
7.61745242e-07 2.48453570e+03 4.04561533e+03
7.62176273e-07 2.75412107e+03 4.29028389e+03
7.62607303e-07 2.01474785e+03 3.93592888e+03
7.63038333e-07 1.74873842e+03 3.79161710e+03
7.63469364e-07 2.16379080e+03 3.56215367e+03
7.63900394e-07 2.46084748e+03 3.39698671e+03
7.64331424e-07 1.92287726e+03 3.32384162e+03
7.64762455e-07 2.41359294e+03 3.63612202e+03
7.65193485e-07 3.05909028e+03 4.17538813e+03
7.65624515e-07 3.18862844e+03 4.43161650e+03
7.66055545e-07 3.59955295e+03 4.70547238e+03
7.66486576e-07 3.47440536e+03 4.79372623e+03
7.66917606e-07 4.16467971e+03 4.60532332e+03
7.67348636e-07 5.77528674e+03 5.06051352e+03
7.67779667e-07 7.25332596e+03 5.69694337e+03
7.68210697e-07 5.58689881e+03 5.31136329e+03
7.68641727e-07 4.51826241e+03 5.19420731e+03
7.69072758e-07 3.90160358e+03 4.98321098e+03
7.69503788e-07 4.58599798e+03 5.37282295e+03
7.69934818e-07 5.54562529e+03 6.05390104e+03
7.70365848e-07 5.67547988e+03 6.89572227e+03
7.70796879e-07 3.48822098e+03 7.93584078e+03
7.71227909e-07 3.79463558e+03 1.17813723e+04
7.71658939e-07 4.53151567e+03 1.36003360e+04
7.72089970e-07 3.86042895e+03 1.01273367e+04
7.72521000e-07 3.93481684e+03 7.05744036e+03
7.72952030e-07 3.85983517e+03 5.90787018e+03
7.73383061e-07 3.73859100e+03 5.42755523e+03
7.73814091e-07 3.43924187e+03 5.74571812e+03
7.74245121e-07 3.82615692e+03 6.96094048e+03
7.74676152e-07 3.69714656e+03 9.41663619e+03
7.75107182e-07 4.84579365e+03 1.25810814e+04
7.75538212e-07 4.22274153e+03 1.04224888e+04
7.75969242e-07 3.84416364e+03 7.70953077e+03
7.76400273e-07 3.93542058e+03 6.74726397e+03
7.76831303e-07 3.48843896e+03 5.88525998e+03
7.77262333e-07 3.92333140e+03 6.54960819e+03
7.77693364e-07 3.40094222e+03 6.90916040e+03
7.78124394e-07 3.67908280e+03 6.99048815e+03
7.78555424e-07 3.39151594e+03 6.80482891e+03
7.78986455e-07 2.37723472e+03 7.40820154e+03
7.79417485e-07 4.67858768e+03 1.01081596e+04
7.79848515e-07 3.61844414e+03 8.30022883e+03
7.80279545e-07 3.21696189e+03 5.95141691e+03
7.80710576e-07 4.08909802e+03 7.03407578e+03
7.81141606e-07 3.39160728e+03 7.43877188e+03
7.81572636e-07 2.81297710e+03 7.52523573e+03
7.82003667e-07 4.41767528e+03 9.98005529e+03
7.82434697e-07 4.95648727e+03 1.03902769e+04
7.82865727e-07 3.31817693e+03 6.37482739e+03
7.83296758e-07 3.18977735e+03 4.98668194e+03
7.83727788e-07 3.34988718e+03 5.89714186e+03
7.84158818e-07 4.11467083e+03 7.55724839e+03
7.84589848e-07 3.11360058e+03 7.99491133e+03
7.85020879e-07 3.67118502e+03 1.01246500e+04
7.85451909e-07 4.58257175e+03 1.28611430e+04
7.85882939e-07 4.62878402e+03 1.11621104e+04
7.86313970e-07 4.42556088e+03 8.83358330e+03
7.86745000e-07 4.43095275e+03 8.41718052e+03
7.87176030e-07 4.21605559e+03 9.10669680e+03
7.87607061e-07 4.71939869e+03 8.38663099e+03
7.88038091e-07 3.74064278e+03 7.63200400e+03
7.88469121e-07 2.98819805e+03 7.55789218e+03
7.88900152e-07 3.57208377e+03 7.81493282e+03
7.89331182e-07 3.55153107e+03 7.45087498e+03
7.89762212e-07 3.78929548e+03 6.07159338e+03
7.90193242e-07 3.94541659e+03 6.21440477e+03
7.90624273e-07 3.27094963e+03 7.50705750e+03
7.91055303e-07 2.14207133e+03 1.06184117e+04
7.91486333e-07 3.90123676e+03 1.47741174e+04
7.91917364e-07 4.77946575e+03 1.24388061e+04
7.92348394e-07 4.24184775e+03 8.85576319e+03
7.92779424e-07 2.89328326e+03 6.67177580e+03
7.93210455e-07 3.89067563e+03 6.87217235e+03
7.93641485e-07 3.45672280e+03 5.98715490e+03
7.94072515e-07 3.63551287e+03 5.21337536e+03
7.94503545e-07 3.61003175e+03 5.82932893e+03
7.94934576e-07 4.78702384e+03 7.93719466e+03
7.95365606e-07 2.06480311e+03 7.61710426e+02
7.96658697e-07 1.90569333e+01 5.80309831e-03
