6.31400000e-02
3.60033000e-07 1.26693467e+02 5.34906222e+02
3.60464030e-07 6.90494605e+01 6.29558955e+02
3.60895061e-07 6.72337218e+01 3.63793455e+02
3.61326091e-07 4.42195897e+01 2.67413148e+02
3.61757121e-07 1.32880531e+02 1.34340102e+03
3.62188152e-07 1.52111781e+02 8.30797686e+02
3.62619182e-07 1.65454388e+02 9.28170668e+02
3.63050212e-07 7.67095901e+01 5.71803643e+02
3.63481242e-07 4.19103123e+01 5.11855738e+02
3.63912273e-07 5.46481757e+01 4.29849024e+02
3.64343303e-07 7.33211262e+01 6.75435358e+02
3.64774333e-07 1.74885145e+01 3.32597997e+02
3.65205364e-07 1.14388438e+02 6.72281885e+02
3.65636394e-07 6.54546646e+01 4.06268859e+02
3.66929485e-07 2.88391362e+01 4.12765663e+02
3.67360515e-07 8.64252378e+01 3.88804838e+02
3.67791545e-07 1.87738874e+01 2.72208938e+02
3.68222576e-07 7.09373777e+01 4.29515328e+02
3.68653606e-07 5.38412528e+01 3.51662000e+02
3.69515667e-07 3.72636117e+01 3.14387580e+02
3.69946697e-07 1.95316599e+01 4.46595978e+02
3.70377727e-07 2.37998423e+01 4.77890873e+02
3.70808758e-07 1.28912094e+01 3.63446933e+02
3.71239788e-07 1.04006993e+02 4.57125869e+02
3.71670818e-07 2.65645521e+01 3.66289879e+02
3.72101848e-07 1.98106143e+01 4.09351601e+02
3.72532879e-07 1.15869972e+02 4.20032060e+02
3.72963909e-07 1.65541328e+02 5.89674676e+02
3.73394939e-07 1.64631759e+02 5.85819748e+02
3.73825970e-07 8.54496476e+01 4.98200607e+02
3.74257000e-07 4.83564933e+01 5.10595760e+02
3.74688030e-07 2.37947514e+00 4.46002547e+02
3.75119061e-07 5.37796072e+01 5.35499833e+02
3.75550091e-07 2.67809846e+01 4.05116126e+02
3.75981121e-07 1.57245250e+01 3.61038706e+02
3.76412152e-07 7.27324029e+01 4.28187434e+02
3.76843182e-07 2.58711283e+01 3.84758445e+02
3.77274212e-07 6.38357252e+00 4.31784237e+02
3.77705242e-07 3.77142839e+01 4.15810437e+02
3.78136273e-07 6.22467225e+01 4.19169381e+02
3.78567303e-07 7.77148732e+01 4.61822729e+02
3.78998333e-07 7.71145782e+01 4.49791067e+02
3.79429364e-07 1.00916262e+02 4.56973816e+02
3.79860394e-07 9.23685055e+01 5.06044714e+02
3.80291424e-07 5.81271740e+01 4.77398988e+02
3.80722455e-07 6.60172796e+01 4.72017713e+02
3.81153485e-07 1.09715852e+02 5.05304577e+02
3.81584515e-07 5.16654243e+01 4.84957664e+02
3.82446576e-07 6.64738702e+01 5.10624559e+02
3.82877606e-07 8.61557152e+01 4.60471166e+02
3.83308636e-07 1.48424421e+02 5.18329719e+02
3.83739667e-07 2.77768290e+02 6.14814910e+02
3.84170697e-07 4.45575577e+01 4.59221585e+02
3.85032758e-07 1.69742239e+02 5.16842329e+02
3.86325848e-07 3.22351108e+01 4.24171125e+02
3.86756879e-07 1.22505953e+02 4.80094889e+02
3.87187909e-07 4.17816607e+01 4.20011209e+02
3.87618939e-07 1.46698948e+02 4.89533983e+02
3.88049970e-07 1.39577271e+02 4.54197888e+02
3.88481000e-07 9.30856745e+01 4.37382533e+02
3.88912030e-07 1.12221501e+02 4.41958482e+02
3.89343061e-07 1.85622481e+02 4.89092257e+02
3.89774091e-07 8.08290767e+01 5.00311102e+02
3.90205121e-07 7.02646298e+01 4.77552653e+02
3.90636152e-07 8.54294123e+01 5.33778117e+02
3.91067182e-07 4.17060206e+01 5.49466608e+02
3.91498212e-07 9.35380426e+01 5.76922462e+02
3.91929242e-07 1.42685971e+02 5.60152946e+02
3.92360273e-07 1.68439975e+02 5.44128643e+02
3.92791303e-07 1.22168390e+02 4.71485608e+02
3.93222333e-07 8.06175932e+01 4.10349174e+02
3.93653364e-07 1.75728248e+02 5.50612303e+02
3.94084394e-07 2.28841456e+02 5.59259655e+02
3.94515424e-07 1.69974319e+02 6.00100492e+02
3.94946455e-07 1.38663406e+02 5.96823847e+02
3.95377485e-07 1.65093645e+02 5.99668964e+02
3.95808515e-07 2.27165384e+02 5.99615411e+02
3.96239545e-07 3.52067576e+02 6.16012896e+02
3.96670576e-07 2.74980138e+02 5.49743032e+02
3.97101606e-07 1.41402963e+02 4.78758287e+02
3.97532636e-07 1.47250204e+02 5.37494905e+02
3.97963667e-07 1.02117975e+02 5.51618016e+02
3.98394697e-07 1.55028616e+02 6.40474067e+02
3.98825727e-07 1.04444998e+02 6.01567355e+02
3.99256758e-07 8.17538640e+01 5.67544051e+02
3.99687788e-07 4.79123263e+01 5.82300296e+02
4.00118818e-07 8.54726716e+01 5.94230107e+02
4.00549848e-07 6.18468926e+01 6.02166131e+02
4.00980879e-07 1.58699922e+02 6.70780477e+02
4.01411909e-07 2.11809276e+02 6.76502135e+02
4.01842939e-07 2.23639531e+02 7.03542075e+02
4.02273970e-07 1.90295672e+02 6.74455815e+02
4.02705000e-07 1.31262730e+02 6.38229108e+02
4.03136030e-07 1.82345087e+02 6.79884272e+02
4.03567061e-07 1.43397053e+02 6.23320327e+02
4.03998091e-07 1.90027215e+02 7.21196330e+02
4.04429121e-07 4.83962741e+01 6.60189348e+02
4.04860152e-07 1.44811361e+02 7.08226149e+02
4.05291182e-07 5.29682387e+01 6.70110796e+02
4.05722212e-07 1.68011893e+02 6.42442621e+02
4.06153242e-07 1.94090545e+02 6.94235604e+02
4.06584273e-07 9.70968294e+01 6.95079375e+02
4.07015303e-07 1.61384441e+02 7.27249060e+02
4.07446333e-07 2.84322565e+02 7.60462252e+02
4.07877364e-07 2.11571421e+02 7.36004587e+02
4.08308394e-07 2.27883285e+02 7.71727324e+02
4.08739424e-07 2.59305433e+02 7.75810253e+02
4.09170455e-07 1.75195381e+02 7.34045068e+02
4.09601485e-07 2.36389191e+02 7.45066863e+02
4.10032515e-07 2.54975517e+02 6.96225659e+02
4.10463545e-07 9.88132552e+01 6.54047547e+02
4.10894576e-07 1.34653260e+02 6.55045308e+02
4.11325606e-07 3.14171378e+02 7.59911090e+02
4.11756636e-07 2.39424137e+02 7.32769734e+02
4.12187667e-07 1.73140324e+02 7.47332591e+02
4.12618697e-07 9.38691096e+01 7.11560899e+02
4.13049727e-07 1.33734049e+02 6.92479340e+02
4.13480758e-07 2.24801520e+02 7.72944402e+02
4.13911788e-07 1.28502857e+02 6.97536784e+02
4.14342818e-07 1.89676557e+02 7.27240996e+02
4.14773848e-07 2.05329024e+02 7.66308035e+02
4.15204879e-07 2.77763818e+02 8.06396173e+02
4.15635909e-07 2.24380790e+02 8.20756376e+02
4.16066939e-07 1.67964762e+02 8.23745087e+02
4.16497970e-07 2.17126231e+02 8.27333811e+02
4.16929000e-07 3.22769623e+02 8.81125482e+02
4.17360030e-07 3.57325501e+02 9.16352475e+02
4.17791061e-07 1.89451471e+02 8.38692022e+02
4.18222091e-07 2.00670108e+02 8.10284158e+02
4.18653121e-07 2.29453407e+02 8.33785662e+02
4.19084152e-07 2.12528770e+02 8.11886673e+02
4.19515182e-07 2.17820236e+02 7.70266242e+02
4.19946212e-07 1.71224022e+02 7.66291693e+02
4.20377242e-07 1.72643127e+02 7.49869534e+02
4.20808273e-07 1.54688050e+02 7.99644894e+02
4.21239303e-07 1.31671094e+02 8.13021950e+02
4.21670333e-07 1.40938518e+02 7.60273294e+02
4.22101364e-07 1.59136314e+02 7.68642688e+02
4.22532394e-07 2.24497374e+02 7.84923103e+02
4.22963424e-07 1.74193690e+02 7.50180165e+02
4.23394455e-07 2.85056087e+02 8.50740826e+02
4.23825485e-07 4.25223990e+02 8.83537298e+02
4.24256515e-07 1.96287887e+02 7.92200123e+02
4.24687545e-07 2.72123839e+02 8.51190884e+02
4.25118576e-07 2.69350508e+02 8.64839999e+02
4.25549606e-07 2.36060890e+02 8.41652958e+02
4.25980636e-07 1.73429450e+02 8.15454591e+02
4.26411667e-07 2.60987157e+02 8.66045265e+02
4.26842697e-07 3.39116614e+02 8.63500310e+02
4.27273727e-07 3.39094096e+02 8.55466627e+02
4.27704758e-07 2.99712323e+02 8.76674685e+02
4.28135788e-07 2.52297940e+02 8.86986276e+02
4.28566818e-07 3.77364848e+02 9.10165472e+02
4.28997848e-07 3.33005345e+02 8.78310313e+02
4.29428879e-07 2.53329329e+02 8.64510992e+02
4.29859909e-07 2.83579402e+02 8.52199584e+02
4.30290939e-07 4.23120703e+02 8.93960963e+02
4.30721970e-07 3.67554938e+02 8.52889904e+02
4.31153000e-07 3.31754545e+02 8.82263663e+02
4.31584030e-07 2.86525859e+02 9.20778460e+02
4.32015061e-07 3.46055463e+02 9.28875309e+02
4.32446091e-07 3.52611056e+02 9.56624773e+02
4.32877121e-07 2.33668320e+02 9.24248139e+02
4.33308152e-07 2.96688725e+02 9.40127338e+02
4.33739182e-07 3.99766260e+02 9.20190454e+02
4.34170212e-07 2.94897383e+02 9.14009549e+02
4.34601242e-07 4.18282904e+02 9.60789218e+02
4.35032273e-07 3.39196518e+02 9.36699163e+02
4.35463303e-07 2.86387538e+02 9.34093412e+02
4.35894333e-07 3.82526686e+02 9.97431890e+02
4.36325364e-07 4.06176594e+02 9.91379146e+02
4.36756394e-07 3.25158202e+02 9.24570718e+02
4.37187424e-07 3.76004592e+02 9.84277761e+02
4.37618455e-07 4.43919202e+02 1.04336520e+03
4.38049485e-07 3.98155957e+02 9.73099243e+02
4.38480515e-07 3.49925177e+02 9.45467807e+02
4.38911545e-07 4.78847580e+02 1.04018215e+03
4.39342576e-07 3.84365970e+02 1.04087448e+03
4.39773606e-07 2.74355893e+02 1.01382056e+03
4.40204636e-07 2.66577104e+02 1.01834604e+03
4.40635667e-07 4.69359825e+02 1.09777222e+03
4.41066697e-07 3.14244565e+02 1.09875386e+03
4.41497727e-07 3.22868353e+02 1.07443479e+03
4.41928758e-07 4.46373824e+02 1.12254115e+03
4.42359788e-07 4.90656042e+02 1.14989110e+03
4.42790818e-07 4.83381836e+02 1.11232877e+03
4.43221848e-07 3.59557769e+02 1.07192399e+03
4.43652879e-07 3.39064770e+02 1.05878087e+03
4.44083909e-07 3.40383992e+02 1.07811737e+03
4.44514939e-07 4.55012100e+02 1.06919529e+03
4.44945970e-07 3.27925549e+02 1.06979291e+03
4.45377000e-07 3.73182914e+02 1.04262743e+03
4.45808030e-07 3.18713440e+02 9.85889467e+02
4.46239061e-07 3.91995168e+02 1.02338967e+03
4.46670091e-07 4.84213213e+02 1.05533140e+03
4.47101121e-07 3.79970927e+02 1.03594855e+03
4.47532152e-07 3.53360663e+02 1.05155354e+03
4.47963182e-07 2.79680707e+02 1.00885186e+03
4.48394212e-07 2.99415572e+02 1.05248872e+03
4.48825242e-07 2.82811805e+02 1.04125209e+03
4.49256273e-07 3.75842905e+02 1.07166466e+03
4.49687303e-07 4.09937882e+02 1.11402464e+03
4.50118333e-07 5.88624232e+02 1.19628209e+03
4.50549364e-07 4.53553648e+02 1.11558927e+03
4.50980394e-07 3.38396489e+02 1.10783267e+03
4.51411424e-07 5.13536695e+02 1.13867521e+03
4.51842455e-07 5.04208331e+02 1.16439248e+03
4.52273485e-07 4.75233666e+02 1.18096667e+03
4.52704515e-07 4.55694828e+02 1.18089526e+03
4.53135545e-07 4.38601005e+02 1.18217587e+03
4.53566576e-07 4.67900346e+02 1.24375547e+03
4.53997606e-07 5.21555214e+02 1.27666951e+03
4.54428636e-07 6.85250784e+02 1.30602388e+03
4.54859667e-07 4.32766376e+02 1.21488749e+03
4.55290697e-07 4.23058577e+02 1.21908749e+03
4.55721727e-07 3.81086597e+02 1.20279154e+03
4.56152758e-07 3.13666550e+02 1.18961514e+03
4.56583788e-07 3.04884415e+02 1.19444036e+03
4.57014818e-07 3.14415530e+02 1.18002780e+03
4.57445848e-07 3.08328564e+02 1.21008984e+03
4.57876879e-07 3.68096095e+02 1.21636532e+03
4.58307909e-07 3.99664441e+02 1.25840701e+03
4.58738939e-07 4.77532509e+02 1.26746939e+03
4.59169970e-07 3.66507783e+02 1.23232143e+03
4.59601000e-07 4.40436355e+02 1.24700704e+03
4.60032030e-07 5.01396011e+02 1.25739086e+03
4.60463061e-07 4.30652047e+02 1.26228174e+03
4.60894091e-07 5.04918162e+02 1.30216090e+03
4.61325121e-07 4.04500558e+02 1.27070949e+03
4.61756152e-07 5.24634767e+02 1.32580180e+03
4.62187182e-07 4.88771317e+02 1.29822236e+03
4.62618212e-07 3.21372292e+02 1.23826146e+03
4.63049242e-07 4.16965746e+02 1.24698850e+03
4.63480273e-07 5.77754811e+02 1.35704030e+03
4.63911303e-07 7.31924042e+02 1.38399173e+03
4.64342333e-07 6.48890423e+02 1.30895645e+03
4.64773364e-07 6.23615321e+02 1.32892829e+03
4.65204394e-07 6.23632166e+02 1.38997252e+03
4.65635424e-07 5.73856438e+02 1.35577057e+03
4.66066455e-07 5.21368575e+02 1.37608263e+03
4.66497485e-07 5.68184882e+02 1.40150580e+03
4.66928515e-07 4.28607155e+02 1.33890204e+03
4.67359545e-07 4.70032243e+02 1.36997539e+03
4.67790576e-07 5.28294241e+02 1.40351084e+03
4.68221606e-07 5.58340772e+02 1.39475420e+03
4.68652636e-07 5.59009626e+02 1.40037284e+03
4.69083667e-07 4.82067760e+02 1.36458952e+03
4.69514697e-07 6.10852462e+02 1.43155004e+03
4.69945727e-07 7.15901275e+02 1.45671344e+03
4.70376758e-07 6.15945371e+02 1.40892445e+03
4.70807788e-07 4.92156889e+02 1.36991034e+03
4.71238818e-07 5.52156165e+02 1.40770023e+03
4.71669848e-07 6.93122893e+02 1.47169255e+03
4.72100879e-07 5.28002957e+02 1.39951097e+03
4.72531909e-07 5.03230055e+02 1.40380674e+03
4.72962939e-07 6.08200673e+02 1.40879864e+03
4.73393970e-07 5.81515681e+02 1.44924497e+03
4.73825000e-07 7.07691827e+02 1.47287338e+03
4.74256030e-07 4.72383954e+02 1.42510921e+03
4.74687061e-07 6.14291781e+02 1.40925748e+03
4.75118091e-07 5.03225476e+02 1.40135844e+03
4.75549121e-07 4.91662896e+02 1.44785900e+03
4.75980152e-07 4.00524131e+02 1.36311236e+03
4.76411182e-07 6.69354286e+02 1.46640117e+03
4.76842212e-07 6.16614748e+02 1.45800863e+03
4.77273242e-07 8.11715202e+02 1.55198751e+03
4.77704273e-07 8.08536272e+02 1.56513168e+03
4.78135303e-07 6.27635544e+02 1.47320065e+03
4.78566333e-07 6.73442401e+02 1.50777105e+03
4.78997364e-07 5.39908146e+02 1.50580062e+03
4.79428394e-07 6.32392898e+02 1.49928473e+03
4.79859424e-07 5.85380020e+02 1.49922987e+03
4.80290455e-07 6.14929252e+02 1.52546820e+03
4.80721485e-07 6.20849260e+02 1.54062003e+03
4.81152515e-07 5.07363782e+02 1.51282034e+03
4.81583545e-07 5.67294845e+02 1.56704979e+03
4.82014576e-07 5.78930308e+02 1.62153307e+03
4.82445606e-07 7.52238431e+02 1.68022201e+03
4.82876636e-07 7.56409797e+02 1.66737230e+03
4.83307667e-07 8.58078339e+02 1.73301294e+03
4.83738697e-07 5.88649536e+02 1.60547095e+03
4.84169727e-07 4.26436800e+02 1.55162688e+03
4.84600758e-07 7.37413479e+02 1.69164124e+03
4.85031788e-07 4.83724679e+02 1.51405607e+03
4.85462818e-07 5.61330742e+02 1.55659869e+03
4.85893848e-07 7.12109865e+02 1.53978919e+03
4.86324879e-07 4.85343907e+02 1.43971090e+03
4.86755909e-07 6.34672433e+02 1.50091483e+03
4.87186939e-07 6.55832692e+02 1.48489000e+03
4.87617970e-07 7.78305433e+02 1.59442161e+03
4.88049000e-07 7.07575638e+02 1.60753351e+03
4.88480030e-07 1.02458605e+03 1.73594130e+03
4.88911061e-07 7.09645332e+02 1.62563769e+03
4.89342091e-07 5.75199932e+02 1.54979082e+03
4.89773121e-07 4.81775051e+02 1.53254073e+03
4.90204152e-07 7.84156088e+02 1.65697968e+03
4.90635182e-07 6.68873715e+02 1.61335657e+03
4.91066212e-07 6.70919625e+02 1.62831741e+03
4.91497242e-07 5.50753558e+02 1.58047997e+03
4.91928273e-07 7.36884615e+02 1.59499599e+03
4.92359303e-07 6.51811507e+02 1.54832693e+03
4.92790333e-07 6.24514187e+02 1.60258881e+03
4.93221364e-07 7.40344044e+02 1.67083632e+03
4.93652394e-07 8.31452553e+02 1.69495534e+03
4.94083424e-07 6.37075249e+02 1.63360237e+03
4.94514455e-07 6.57749055e+02 1.67867116e+03
4.94945485e-07 6.49721534e+02 1.66776745e+03
4.95376515e-07 8.66891755e+02 1.75640363e+03
4.95807545e-07 7.57218659e+02 1.69979430e+03
4.96238576e-07 4.92638715e+02 1.62635177e+03
4.96669606e-07 1.01694258e+03 1.83692052e+03
4.97100636e-07 9.60563505e+02 1.84715794e+03
4.97531667e-07 7.10856269e+02 1.75202036e+03
4.97962697e-07 6.43819785e+02 1.69880497e+03
4.98393727e-07 9.04248888e+02 1.78644131e+03
4.98824758e-07 7.03406415e+02 1.73991862e+03
4.99255788e-07 6.77347339e+02 1.74968233e+03
4.99686818e-07 8.61244160e+02 1.81458602e+03
5.00117848e-07 7.09576748e+02 1.77792101e+03
5.00548879e-07 7.55921039e+02 1.79799507e+03
5.00979909e-07 7.74614805e+02 1.79020395e+03
5.01410939e-07 1.03312674e+03 1.84326171e+03
5.01841970e-07 8.43189118e+02 1.77250213e+03
5.02273000e-07 7.82336398e+02 1.79067391e+03
5.02704030e-07 8.45585624e+02 1.82776452e+03
5.03135061e-07 8.20736307e+02 1.81382843e+03
5.03566091e-07 8.30603893e+02 1.78779031e+03
5.03997121e-07 7.32768835e+02 1.77182392e+03
5.04428152e-07 7.13347883e+02 1.73824479e+03
5.04859182e-07 7.39987464e+02 1.79127566e+03
5.05290212e-07 6.40870456e+02 1.74556261e+03
5.05721242e-07 6.55972497e+02 1.76329428e+03
5.06152273e-07 8.84493377e+02 1.86345465e+03
5.06583303e-07 8.00469206e+02 1.81553939e+03
5.07014333e-07 7.58836954e+02 1.80504800e+03
5.07445364e-07 9.10737104e+02 1.85563136e+03
5.07876394e-07 9.08732924e+02 1.78886812e+03
5.08307424e-07 8.73582631e+02 1.85080009e+03
5.08738455e-07 9.44324374e+02 1.92299468e+03
5.09169485e-07 9.20863167e+02 1.89595124e+03
5.09600515e-07 9.99213994e+02 1.88260673e+03
5.10031545e-07 8.86246835e+02 1.91898103e+03
5.10462576e-07 9.82358769e+02 1.94107523e+03
5.10893606e-07 1.01418128e+03 1.93521802e+03
5.11324636e-07 9.01755927e+02 1.91239337e+03
5.11755667e-07 9.21736639e+02 1.89771254e+03
5.12186697e-07 1.03161420e+03 1.93222878e+03
5.12617727e-07 9.52686476e+02 1.96959444e+03
5.13048758e-07 7.68507438e+02 1.89403835e+03
5.13479788e-07 9.90864613e+02 1.95005224e+03
5.13910818e-07 1.22570896e+03 2.08302806e+03
5.14341848e-07 1.30671195e+03 2.13411772e+03
5.14772879e-07 1.28650257e+03 2.13299546e+03
5.15203909e-07 1.03772066e+03 2.03894467e+03
5.15634939e-07 8.74486090e+02 2.01869247e+03
5.16065970e-07 1.01147174e+03 2.01822989e+03
5.16497000e-07 1.28980621e+03 2.11986861e+03
5.16928030e-07 1.38873532e+03 2.07388927e+03
5.17359061e-07 1.34557032e+03 2.06886452e+03
5.17790091e-07 1.05386492e+03 1.97206810e+03
5.18221121e-07 7.87717057e+02 1.86832678e+03
5.18652152e-07 1.08994544e+03 2.03786614e+03
5.19083182e-07 7.90217381e+02 1.98200160e+03
5.19514212e-07 9.98551984e+02 2.17141803e+03
5.19945242e-07 9.61423853e+02 2.24137614e+03
5.20376273e-07 9.67447093e+02 2.21731682e+03
5.20807303e-07 7.54319060e+02 2.07802480e+03
5.21238333e-07 7.71612033e+02 2.04311250e+03
5.21669364e-07 1.05340947e+03 2.12701136e+03
5.22100394e-07 9.88602268e+02 2.12761836e+03
5.22531424e-07 1.09405040e+03 2.17362018e+03
5.22962455e-07 1.13511112e+03 2.18886402e+03
5.23393485e-07 8.56568503e+02 2.12077197e+03
5.23824515e-07 8.97689848e+02 2.12221529e+03
5.24255545e-07 1.10592424e+03 2.21684985e+03
5.24686576e-07 1.03925914e+03 2.19798013e+03
5.25117606e-07 1.01016956e+03 2.15476580e+03
5.25548636e-07 1.05086833e+03 2.17555205e+03
5.25979667e-07 1.31050473e+03 2.25505449e+03
5.26410697e-07 1.18820608e+03 2.16405358e+03
5.26841727e-07 1.54188440e+03 2.26458560e+03
5.27272758e-07 1.58687163e+03 2.32540714e+03
5.27703788e-07 1.42919318e+03 2.25785078e+03
5.28134818e-07 1.12311850e+03 2.16662860e+03
5.28565848e-07 1.04104201e+03 2.14827607e+03
5.28996879e-07 9.91274815e+02 2.16511082e+03
5.29427909e-07 8.84685070e+02 2.16095788e+03
5.29858939e-07 9.07461990e+02 2.14790836e+03
5.30289970e-07 9.94019741e+02 2.16835578e+03
5.30721000e-07 1.00939772e+03 2.25207601e+03
5.31152030e-07 8.86860196e+02 2.24351284e+03
5.31583061e-07 1.56294160e+03 2.47542678e+03
5.32014091e-07 3.06742069e+03 3.01141494e+03
5.32445121e-07 3.18291089e+03 3.04648104e+03
5.32876152e-07 2.17297263e+03 2.66983844e+03
5.33307182e-07 1.35590782e+03 2.37098665e+03
5.33738212e-07 1.02683896e+03 2.28690952e+03
5.34169242e-07 9.47247923e+02 2.26168423e+03
5.34600273e-07 1.10031198e+03 2.30421288e+03
5.35031303e-07 9.11991483e+02 2.24616139e+03
5.35462333e-07 1.16802758e+03 2.31393386e+03
5.35893364e-07 1.08333616e+03 2.28447557e+03
5.36324394e-07 9.96151265e+02 2.24039433e+03
5.36755424e-07 9.59188758e+02 2.20385910e+03
5.37186455e-07 8.52748163e+02 2.23446751e+03
5.37617485e-07 1.10052123e+03 2.26549777e+03
5.38048515e-07 1.09613631e+03 2.30085873e+03
5.38479545e-07 1.23327460e+03 2.32043658e+03
5.38910576e-07 8.38694267e+02 2.17468321e+03
5.39341606e-07 1.19805080e+03 2.28386666e+03
5.39772636e-07 1.39896736e+03 2.37217123e+03
5.40203667e-07 1.02251765e+03 2.18015655e+03
5.40634697e-07 1.07060703e+03 2.20856300e+03
5.41065727e-07 1.32704646e+03 2.29449969e+03
5.41496758e-07 1.08824340e+03 2.29269454e+03
5.41927788e-07 9.37494157e+02 2.24992996e+03
5.42358818e-07 8.87964534e+02 2.20753613e+03
5.42789848e-07 1.17120235e+03 2.30941690e+03
5.43220879e-07 8.60333821e+02 2.17733684e+03
5.43651909e-07 1.07540971e+03 2.27536729e+03
5.44082939e-07 1.25227588e+03 2.40211277e+03
5.44513970e-07 1.03121435e+03 2.30299678e+03
5.44945000e-07 1.07517668e+03 2.31941204e+03
5.45376030e-07 1.05102555e+03 2.33856828e+03
5.45807061e-07 1.11938956e+03 2.41984304e+03
5.46238091e-07 1.32719416e+03 2.52942361e+03
5.46669121e-07 1.14342224e+03 2.44219306e+03
5.47100152e-07 1.24222332e+03 2.48260452e+03
5.47531182e-07 1.10081459e+03 2.37738565e+03
5.47962212e-07 1.39593880e+03 2.47713274e+03
5.48393242e-07 1.04770157e+03 2.37839410e+03
5.48824273e-07 8.86355048e+02 2.35912044e+03
5.49255303e-07 1.06532268e+03 2.40722960e+03
5.49686333e-07 1.03820597e+03 2.43782204e+03
5.50117364e-07 1.04549256e+03 2.49857423e+03
5.50548394e-07 9.69519530e+02 2.46916268e+03
5.50979424e-07 1.10640656e+03 2.47251783e+03
5.51410455e-07 1.54361876e+03 2.64427560e+03
5.51841485e-07 1.20569473e+03 2.56726945e+03
5.52272515e-07 1.19691576e+03 2.50949800e+03
5.52703545e-07 1.29147072e+03 2.57871507e+03
5.53134576e-07 1.15875151e+03 2.56505518e+03
5.53565606e-07 1.31324385e+03 2.59852813e+03
5.53996636e-07 8.78380356e+02 2.50111882e+03
5.54427667e-07 1.10567591e+03 2.64712215e+03
5.54858697e-07 9.55779272e+02 2.61170763e+03
5.55289727e-07 1.16057525e+03 2.66519352e+03
5.55720758e-07 1.04982760e+03 2.64353788e+03
5.56151788e-07 1.04506461e+03 2.66601183e+03
5.56582818e-07 1.50485232e+03 2.86455085e+03
5.57875909e-07 4.70522764e+03 2.40518245e+04
5.58306939e-07 2.30420280e+03 1.57146757e+04
5.59600030e-07 6.36227253e+02 2.73037851e+03
5.60031061e-07 1.10260005e+03 2.73295818e+03
5.60462091e-07 1.51610099e+03 2.89060263e+03
5.60893121e-07 1.30262091e+03 2.79156946e+03
5.61324152e-07 1.03188847e+03 2.65800798e+03
5.61755182e-07 1.36637356e+03 2.74224333e+03
5.62186212e-07 1.13441009e+03 2.70675680e+03
5.62617242e-07 1.56670966e+03 2.83382058e+03
5.63048273e-07 1.36293648e+03 2.76000914e+03
5.63479303e-07 1.43516980e+03 2.74827255e+03
5.63910333e-07 1.18636096e+03 2.67748900e+03
5.64341364e-07 1.14234014e+03 2.68679193e+03
5.64772394e-07 1.10153063e+03 2.67055793e+03
5.65203424e-07 1.33606174e+03 2.75328674e+03
5.65634455e-07 1.33683401e+03 2.68761359e+03
5.66065485e-07 1.12114365e+03 2.59476159e+03
5.66496515e-07 1.46485947e+03 2.76098808e+03
5.66927545e-07 1.24820821e+03 2.71968471e+03
5.67358576e-07 1.36712642e+03 2.78233010e+03
5.67789606e-07 1.35235766e+03 2.85075947e+03
5.68220636e-07 1.10109568e+03 2.65646775e+03
5.68651667e-07 1.67081146e+03 2.89602966e+03
5.69082697e-07 1.32740422e+03 2.81188101e+03
5.69513727e-07 1.55529798e+03 2.91118480e+03
5.69944758e-07 1.22298518e+03 2.76415462e+03
5.70375788e-07 1.08134583e+03 2.71825540e+03
5.70806818e-07 1.26349419e+03 2.71051145e+03
5.71237848e-07 1.38213721e+03 2.87506884e+03
5.71668879e-07 1.30760886e+03 2.78368847e+03
5.72099909e-07 1.41223789e+03 2.87538707e+03
5.72530939e-07 1.36816254e+03 2.86410478e+03
5.72961970e-07 1.51944864e+03 2.86486634e+03
5.73393000e-07 1.58015934e+03 2.88451832e+03
5.73824030e-07 1.34267440e+03 2.80988568e+03
5.74255061e-07 1.04254938e+03 2.75889936e+03
5.74686091e-07 9.89834062e+02 2.75285162e+03
5.75117121e-07 1.62029271e+03 2.85006495e+03
5.75548152e-07 1.29059567e+03 2.77628288e+03
5.75979182e-07 1.48996779e+03 2.83093132e+03
5.76410212e-07 1.40534735e+03 2.89362034e+03
5.76841242e-07 1.63356774e+03 2.98106595e+03
5.77272273e-07 1.31319094e+03 2.83636474e+03
5.77703303e-07 1.32945249e+03 2.79459713e+03
5.78134333e-07 9.42366212e+02 2.74201014e+03
5.78565364e-07 1.50521652e+03 2.90391649e+03
5.78996394e-07 1.06443336e+03 2.78801268e+03
5.79427424e-07 1.32730034e+03 2.82832852e+03
5.79858455e-07 1.06024840e+03 2.81329810e+03
5.80289485e-07 9.60564430e+02 2.76797025e+03
5.80720515e-07 1.28479013e+03 2.91436789e+03
5.81151545e-07 1.74493663e+03 2.95672934e+03
5.81582576e-07 1.26224655e+03 2.94676074e+03
5.82013606e-07 1.40644959e+03 2.93567152e+03
5.82444636e-07 1.25905429e+03 2.88835432e+03
5.82875667e-07 1.34952619e+03 2.86289446e+03
5.83306697e-07 1.41497810e+03 2.95307930e+03
5.83737727e-07 1.40611771e+03 2.90297116e+03
5.84168758e-07 1.13319967e+03 2.87375781e+03
5.84599788e-07 1.29582968e+03 2.93315588e+03
5.85030818e-07 1.19919034e+03 2.87965187e+03
5.85461848e-07 1.10096844e+03 2.86935537e+03
5.85892879e-07 1.26738042e+03 2.92173296e+03
5.86323909e-07 1.32667857e+03 3.24318742e+03
5.86754939e-07 1.44054733e+03 3.45330306e+03
5.87185970e-07 1.26350623e+03 3.33083483e+03
5.87617000e-07 1.38637452e+03 3.18553917e+03
5.88048030e-07 1.32353110e+03 3.18825874e+03
5.88479061e-07 9.54431424e+02 4.07309515e+03
5.88910091e-07 9.79197780e+02 5.65340075e+03
5.89341121e-07 1.49105861e+03 6.42536730e+03
5.89772152e-07 1.94138626e+03 5.69845742e+03
5.90203182e-07 8.93500134e+02 4.12406551e+03
5.90634212e-07 1.03397026e+03 3.43376222e+03
5.91065242e-07 1.06739134e+03 3.29416163e+03
5.91496273e-07 9.68296103e+02 3.27745063e+03
5.91927303e-07 1.52229756e+03 3.37235623e+03
5.92358333e-07 1.30676426e+03 3.26173293e+03
5.92789364e-07 1.13455653e+03 3.26395028e+03
5.93220394e-07 1.41758057e+03 3.48805982e+03
5.93651424e-07 1.57071416e+03 3.43610137e+03
5.94082455e-07 1.34862248e+03 3.20744464e+03
5.94513485e-07 1.00332935e+03 3.02378610e+03
5.94944515e-07 1.26917089e+03 3.29327170e+03
5.95375545e-07 1.28283323e+03 3.41588209e+03
5.95806576e-07 1.13161425e+03 3.25205465e+03
5.96237606e-07 1.19688284e+03 3.16565342e+03
5.96668636e-07 1.45033222e+03 3.24789128e+03
5.97099667e-07 1.47338382e+03 3.26767947e+03
5.97530697e-07 1.44437630e+03 3.29363825e+03
5.97961727e-07 1.68558966e+03 3.37644245e+03
5.98392758e-07 1.44130351e+03 3.29355786e+03
5.98823788e-07 1.02012313e+03 2.99511031e+03
5.99254818e-07 1.57766730e+03 3.18953343e+03
5.99685848e-07 1.80989743e+03 3.28138278e+03
6.00116879e-07 1.45962144e+03 3.22336421e+03
6.00547909e-07 1.55387544e+03 3.22932393e+03
6.00978939e-07 1.28513012e+03 3.13931272e+03
6.01409970e-07 1.23452400e+03 2.99621075e+03
6.01841000e-07 1.50625485e+03 3.09539737e+03
6.02272030e-07 1.33845927e+03 3.02461233e+03
6.02703061e-07 1.38892146e+03 3.05047736e+03
6.03134091e-07 1.79119137e+03 3.28394376e+03
6.03565121e-07 1.73760594e+03 3.22124849e+03
6.03996152e-07 1.05587955e+03 2.88682291e+03
6.04427182e-07 1.09557513e+03 2.97694751e+03
6.04858212e-07 1.05156948e+03 2.95995354e+03
6.05289242e-07 1.79135918e+03 3.11871782e+03
6.05720273e-07 1.41256875e+03 3.03506443e+03
6.06151303e-07 1.65784120e+03 3.14033629e+03
6.06582333e-07 1.18973344e+03 2.97839896e+03
6.07013364e-07 1.31238421e+03 3.04285298e+03
6.07444394e-07 1.56428877e+03 3.06935371e+03
6.07875424e-07 1.22364762e+03 2.92862794e+03
6.08306455e-07 1.32396328e+03 2.90159092e+03
6.08737485e-07 1.47023987e+03 3.02188004e+03
6.09168515e-07 1.67110755e+03 3.09468646e+03
6.09599545e-07 1.21644359e+03 2.97398401e+03
6.10030576e-07 1.78081653e+03 3.19083548e+03
6.10461606e-07 1.48467719e+03 3.11294979e+03
6.10892636e-07 1.40272793e+03 3.02069183e+03
6.11323667e-07 1.59535569e+03 3.09509989e+03
6.11754697e-07 1.16900215e+03 2.92666223e+03
6.12185727e-07 1.24983490e+03 2.93823186e+03
6.12616758e-07 1.62355713e+03 3.03485793e+03
6.13047788e-07 1.25581617e+03 2.95972810e+03
6.13478818e-07 1.24021618e+03 2.95684363e+03
6.13909848e-07 1.19295849e+03 3.08203799e+03
6.14340879e-07 1.34466028e+03 3.18823273e+03
6.14771909e-07 1.13910192e+03 3.07961523e+03
6.15202939e-07 1.44420822e+03 3.13910374e+03
6.15633970e-07 1.12455882e+03 2.95996557e+03
6.16065000e-07 1.12736288e+03 2.93773068e+03
6.16496030e-07 1.51315534e+03 3.04032040e+03
6.16927061e-07 1.41577076e+03 3.12119887e+03
6.17358091e-07 1.88995237e+03 3.34073910e+03
6.17789121e-07 1.75065294e+03 3.25885271e+03
6.18220152e-07 1.50462327e+03 3.06239957e+03
6.18651182e-07 1.78118816e+03 3.17850317e+03
6.19082212e-07 1.85604704e+03 3.19648703e+03
6.19513242e-07 1.68787878e+03 3.13360890e+03
6.19944273e-07 1.50390235e+03 3.19509623e+03
6.20375303e-07 1.52650490e+03 3.20461891e+03
6.20806333e-07 1.72630230e+03 3.20572269e+03
6.21237364e-07 1.61320309e+03 3.20104086e+03
6.21668394e-07 1.27292469e+03 3.12427690e+03
6.22099424e-07 1.99894726e+03 3.42089070e+03
6.22530455e-07 1.60818519e+03 3.21892520e+03
6.22961485e-07 1.38436612e+03 3.25987556e+03
6.23392515e-07 1.19350139e+03 3.79833323e+03
6.23823545e-07 1.46131920e+03 4.01714705e+03
6.24254576e-07 1.99992202e+03 3.94917679e+03
6.24685606e-07 1.63001436e+03 3.49100180e+03
6.25116636e-07 1.51457964e+03 3.36479688e+03
6.25547667e-07 1.31142251e+03 3.64598677e+03
6.25978697e-07 1.17761558e+03 3.75419751e+03
6.26409727e-07 1.53393116e+03 3.72630223e+03
6.26840758e-07 1.61893150e+03 3.56342348e+03
6.27271788e-07 1.28969541e+03 3.24613445e+03
6.27702818e-07 1.29387099e+03 3.12804152e+03
6.28133848e-07 1.26190026e+03 3.22316529e+03
6.28564879e-07 1.28730592e+03 3.48765457e+03
6.28995909e-07 1.28918120e+03 3.70307174e+03
6.29426939e-07 5.54455668e+01 5.44722676e+03
6.29857970e-07 9.49581730e+02 1.02492804e+04
6.30289000e-07 2.95920061e+03 1.13600716e+04
6.30720030e-07 1.33642276e+03 7.53518563e+03
6.31151061e-07 3.88744351e+02 4.47110757e+03
6.31582091e-07 1.33283260e+03 3.49724052e+03
6.32013121e-07 1.41234819e+03 3.28930956e+03
6.32444152e-07 1.30192082e+03 3.46461530e+03
6.32875182e-07 1.33797721e+03 3.73025048e+03
6.33306212e-07 1.88596142e+03 3.74441000e+03
6.33737242e-07 1.58218559e+03 3.36548393e+03
6.34168273e-07 1.72708998e+03 3.23371254e+03
6.34599303e-07 1.00707745e+03 3.05579859e+03
6.35030333e-07 1.53813156e+03 3.35854021e+03
6.35461364e-07 1.68854821e+03 3.61211542e+03
6.35892394e-07 9.24169113e+02 4.53887784e+03
6.36323424e-07 1.83529111e+03 6.02735607e+03
6.36754455e-07 2.18416656e+03 5.47585754e+03
6.37185485e-07 1.27061667e+03 3.94622539e+03
6.37616515e-07 1.20884260e+03 3.30621100e+03
6.38047545e-07 1.38178872e+03 3.25421717e+03
6.38478576e-07 1.68467363e+03 3.42664449e+03
6.38909606e-07 1.13411531e+03 3.19495391e+03
6.39340636e-07 1.50786977e+03 3.14659533e+03
6.39771667e-07 1.62497000e+03 3.08732339e+03
6.40202697e-07 1.51833724e+03 3.08354915e+03
6.40633727e-07 1.86474433e+03 3.18631686e+03
6.41064758e-07 1.48777837e+03 3.08174607e+03
6.41495788e-07 1.77884084e+03 3.15256088e+03
6.41926818e-07 1.80897213e+03 3.19585626e+03
6.42357848e-07 1.65148155e+03 3.19085976e+03
6.42788879e-07 1.48908560e+03 3.08406055e+03
6.43219909e-07 1.44053012e+03 3.01442104e+03
6.43650939e-07 1.85875133e+03 3.19219206e+03
6.44081970e-07 9.77213906e+02 2.85795906e+03
6.44513000e-07 1.67546143e+03 3.20001290e+03
6.44944030e-07 1.78517732e+03 3.18993728e+03
6.45375061e-07 1.53678088e+03 3.18851886e+03
6.45806091e-07 1.58051754e+03 3.36452486e+03
6.46237121e-07 1.31543308e+03 3.49516261e+03
6.46668152e-07 1.32390497e+03 3.79273255e+03
6.47099182e-07 1.47352502e+03 3.83502740e+03
6.47530212e-07 1.99520944e+03 3.69893215e+03
6.47961242e-07 1.55736882e+03 3.26758980e+03
6.48392273e-07 2.02275508e+03 3.24440346e+03
6.48823303e-07 1.41576211e+03 2.99236483e+03
6.49254333e-07 1.60206615e+03 3.35541747e+03
6.49685364e-07 1.56683910e+03 3.89497134e+03
6.50116394e-07 1.72242937e+03 4.21865777e+03
6.50547424e-07 1.79327519e+03 3.99178150e+03
6.50978455e-07 1.73577816e+03 3.47401544e+03
6.51409485e-07 1.79661321e+03 3.32319762e+03
6.51840515e-07 1.39409964e+03 3.16015211e+03
6.52271545e-07 1.70683648e+03 3.37347420e+03
6.52702576e-07 2.05932431e+03 3.67225607e+03
6.53133606e-07 1.18048309e+03 3.65484481e+03
6.53564636e-07 2.11649004e+03 4.02672439e+03
6.53995667e-07 1.41330584e+03 3.61986525e+03
6.54426697e-07 1.19205345e+03 3.48749178e+03
6.54857727e-07 1.88036523e+03 3.86310530e+03
6.55288758e-07 1.32834847e+03 3.99241728e+03
6.55719788e-07 2.01785054e+03 3.98670505e+03
6.56150818e-07 1.97816275e+03 3.70356510e+03
6.56581848e-07 1.30250275e+03 3.33610751e+03
6.57012879e-07 2.16513499e+03 3.70183959e+03
6.57443909e-07 2.03135070e+03 3.93160354e+03
6.57874939e-07 1.50363221e+03 3.80371858e+03
6.58305970e-07 2.15855052e+03 3.79596016e+03
6.58737000e-07 2.10373382e+03 3.47463716e+03
6.59168030e-07 1.69764664e+03 3.36141606e+03
6.59599061e-07 2.14880883e+03 3.48420469e+03
6.60030091e-07 1.89913042e+03 3.56813987e+03
6.60461121e-07 2.20688113e+03 3.71152492e+03
6.60892152e-07 1.67556908e+03 3.36503097e+03
6.61323182e-07 1.57089402e+03 3.12302576e+03
6.61754212e-07 1.62175020e+03 3.05497073e+03
6.62185242e-07 1.60872912e+03 3.07424067e+03
6.62616273e-07 1.70984237e+03 3.25560502e+03
6.63047303e-07 1.75116371e+03 3.31205557e+03
6.63478333e-07 1.88286340e+03 3.36624875e+03
6.63909364e-07 1.93514716e+03 3.27510575e+03
6.64340394e-07 2.00883832e+03 3.26469683e+03
6.64771424e-07 1.56122644e+03 3.07122945e+03
6.65202455e-07 1.31538549e+03 3.02161056e+03
6.65633485e-07 1.56996245e+03 3.13855450e+03
6.66064515e-07 1.96086293e+03 3.29733179e+03
6.66495545e-07 2.17202206e+03 3.35317567e+03
6.66926576e-07 1.79704338e+03 3.28836937e+03
6.67357606e-07 1.34116838e+03 3.02621137e+03
6.67788636e-07 1.96454804e+03 3.27371734e+03
6.68219667e-07 1.62605276e+03 3.16986198e+03
6.68650697e-07 1.71596435e+03 3.08082726e+03
6.69081727e-07 1.68434526e+03 3.12172658e+03
6.69512758e-07 2.14802143e+03 3.31342596e+03
6.69943788e-07 1.99025146e+03 3.30502826e+03
6.70374818e-07 2.09113124e+03 3.39607664e+03
6.70805848e-07 1.96801967e+03 3.25559719e+03
6.71236879e-07 1.91384222e+03 3.24287447e+03
6.71667909e-07 1.95204675e+03 3.31426954e+03
6.72098939e-07 1.48100197e+03 3.05603399e+03
6.72529970e-07 1.55866831e+03 3.12459079e+03
6.72961000e-07 1.79177077e+03 3.14143527e+03
6.73392030e-07 1.69302657e+03 3.16250756e+03
6.73823061e-07 2.06065064e+03 3.30836009e+03
6.74254091e-07 1.55380458e+03 3.18032343e+03
6.74685121e-07 1.05138786e+03 3.02869637e+03
6.75116152e-07 1.61546184e+03 3.14748516e+03
6.75547182e-07 1.50245859e+03 3.03952979e+03
6.75978212e-07 1.67385758e+03 3.09108853e+03
6.76409242e-07 1.55661759e+03 3.05760247e+03
6.76840273e-07 1.68848061e+03 3.04493317e+03
6.77271303e-07 1.79982934e+03 3.10434013e+03
6.77702333e-07 1.54198913e+03 3.09489799e+03
6.78133364e-07 1.95916164e+03 3.20034440e+03
6.78564394e-07 1.83706520e+03 3.19820081e+03
6.78995424e-07 1.57736575e+03 3.07855880e+03
6.79426455e-07 1.85956127e+03 3.20325067e+03
6.79857485e-07 1.76604271e+03 3.10227959e+03
6.80288515e-07 1.60310977e+03 3.01110208e+03
6.80719545e-07 1.32851392e+03 2.96971022e+03
6.81150576e-07 1.67676723e+03 3.08478488e+03
6.81581606e-07 1.85034237e+03 3.11951371e+03
6.82012636e-07 1.79107671e+03 3.30265395e+03
6.82443667e-07 1.13445930e+03 3.95676280e+03
6.82874697e-07 1.30764246e+03 5.17188213e+03
6.83305727e-07 1.62531820e+03 5.66631749e+03
6.83736758e-07 1.46697067e+03 4.80993625e+03
6.84167788e-07 1.34879188e+03 3.97433969e+03
6.84598818e-07 1.91884324e+03 3.53199541e+03
6.85029848e-07 1.16849029e+03 3.00519684e+03
6.85460879e-07 1.27108166e+03 3.14333617e+03
6.85891909e-07 1.44237323e+03 4.21413309e+03
6.86322939e-07 1.12921070e+03 5.31128872e+03
6.86753970e-07 1.30301261e+03 4.94158660e+03
6.87185000e-07 1.08194380e+03 3.61742714e+03
6.87616030e-07 1.11492092e+03 3.07741024e+03
6.88047061e-07 1.27603703e+03 3.16579489e+03
6.88478091e-07 1.67476046e+03 3.41432252e+03
6.88909121e-07 1.46944166e+03 3.49951045e+03
6.89340152e-07 1.96955203e+03 3.52771541e+03
6.89771182e-07 1.26217058e+03 3.30920713e+03
6.90202212e-07 9.85110062e+02 3.27285870e+03
6.90633242e-07 1.31022049e+03 3.38174490e+03
6.91064273e-07 1.51739222e+03 3.70743141e+03
6.91495303e-07 1.62701997e+03 3.83432642e+03
6.91926333e-07 1.17379423e+03 4.08773394e+03
6.92357364e-07 1.37081238e+03 4.31377839e+03
6.92788394e-07 1.41292689e+03 3.85481996e+03
6.93219424e-07 1.31704854e+03 3.33109080e+03
6.93650455e-07 1.61048718e+03 3.44746268e+03
6.94081485e-07 1.64629172e+03 3.59594757e+03
6.94512515e-07 1.58771990e+03 4.17118045e+03
6.94943545e-07 1.65685335e+03 4.27186114e+03
6.95374576e-07 1.69773475e+03 3.86702896e+03
6.95805606e-07 1.14935822e+03 3.31500497e+03
6.96236636e-07 1.34902252e+03 3.20117458e+03
6.96667667e-07 1.89120789e+03 3.69692902e+03
6.97098697e-07 5.65227012e+03 5.16394580e+03
6.97529727e-07 7.57216617e+03 6.24910372e+03
6.97960758e-07 6.94738049e+03 6.02801964e+03
6.98391788e-07 3.19095958e+03 4.20505702e+03
6.98822818e-07 1.34857545e+03 3.11934920e+03
6.99253848e-07 1.67236758e+03 3.04788284e+03
6.99684879e-07 2.24410110e+03 3.33519441e+03
7.00115909e-07 1.81124386e+03 3.33789079e+03
7.00546939e-07 1.24283795e+03 3.24691312e+03
7.00977970e-07 1.26857216e+03 3.36716414e+03
7.01409000e-07 1.59639144e+03 3.29482392e+03
7.01840030e-07 1.53344835e+03 3.04357730e+03
7.02271061e-07 1.16026022e+03 2.83385860e+03
7.02702091e-07 1.44881363e+03 2.90641867e+03
7.03133121e-07 1.49972903e+03 3.00474155e+03
7.03564152e-07 1.67563631e+03 3.09062563e+03
7.03995182e-07 9.97061140e+02 2.95996358e+03
7.04426212e-07 6.63469392e+02 3.00131680e+03
7.04857242e-07 9.49643333e+02 3.20856407e+03
7.05288273e-07 1.11082166e+03 3.15907566e+03
7.05719303e-07 1.78742291e+03 3.27400735e+03
7.06150333e-07 1.47395135e+03 3.15408133e+03
7.06581364e-07 9.00966767e+02 2.94258919e+03
7.07012394e-07 1.02367228e+03 3.04142700e+03
7.07443424e-07 1.41506331e+03 3.11050712e+03
7.07874455e-07 1.29375344e+03 3.07588832e+03
7.08305485e-07 1.52153838e+03 3.22256381e+03
7.08736515e-07 1.28069634e+03 3.22436503e+03
7.09167545e-07 1.71923775e+03 3.27720610e+03
7.09598576e-07 1.24154518e+03 3.02220655e+03
7.10029606e-07 1.60054021e+03 2.99924103e+03
7.10460636e-07 1.23159419e+03 2.88414200e+03
7.10891667e-07 1.37598177e+03 2.90884250e+03
7.11322697e-07 1.25305733e+03 2.90733428e+03
7.11753727e-07 1.32808290e+03 2.96526794e+03
7.12184758e-07 1.21559690e+03 2.93755450e+03
7.12615788e-07 1.22192231e+03 2.93331661e+03
7.13046818e-07 1.38945716e+03 3.02001762e+03
7.13477848e-07 1.54712927e+03 3.08123712e+03
7.13908879e-07 2.19157835e+03 3.27940426e+03
7.14339909e-07 2.11941497e+03 3.34124366e+03
7.14770939e-07 1.76623473e+03 3.20325100e+03
7.15201970e-07 1.82568102e+03 3.12915782e+03
7.15633000e-07 1.76564685e+03 3.09482901e+03
7.16064030e-07 1.60562689e+03 2.98023019e+03
7.16495061e-07 8.97492396e+02 2.71658870e+03
7.16926091e-07 5.98320450e+02 2.41491213e+03
7.17357121e-07 5.93894962e+02 2.41004259e+03
7.17788152e-07 7.13623805e+02 2.42308850e+03
7.18219182e-07 8.27414523e+02 2.39158898e+03
7.18650212e-07 1.14007709e+03 2.34859365e+03
7.19081242e-07 6.81143754e+02 2.14546838e+03
7.19512273e-07 8.17809937e+02 2.19355189e+03
7.19943303e-07 1.27312936e+03 2.34132724e+03
7.20374333e-07 8.01088868e+02 2.18021194e+03
7.20805364e-07 9.24773027e+02 2.27439952e+03
7.21236394e-07 9.35119685e+02 2.37849147e+03
7.21667424e-07 8.26699061e+02 2.39365732e+03
7.22098455e-07 6.13998102e+02 2.39048023e+03
7.22529485e-07 8.13111779e+02 2.47593290e+03
7.22960515e-07 9.48482839e+02 2.54792107e+03
7.23391545e-07 5.08750386e+02 3.37804664e+03
7.25115667e-07 1.29335536e+02 4.14604769e+03
7.25546697e-07 2.44246880e+02 3.00343151e+03
7.25977727e-07 9.56557584e+02 2.68897001e+03
7.26408758e-07 8.98070274e+02 2.64467858e+03
7.26839788e-07 7.89163560e+02 3.12994843e+03
7.28132879e-07 3.70080953e+02 5.64875250e+03
7.28563909e-07 7.18640729e+02 4.87886939e+03
7.28994939e-07 4.40442798e+02 3.69768767e+03
7.29425970e-07 3.58531563e+02 3.06196724e+03
7.29857000e-07 6.56522487e+02 3.27886539e+03
7.30288030e-07 5.10903946e+02 3.36373619e+03
7.30719061e-07 4.78853481e+02 3.49609670e+03
7.31150091e-07 7.15987139e+01 4.51053483e+03
7.31581121e-07 6.31712360e+01 5.77024237e+03
7.32012152e-07 6.35155111e+02 5.37062293e+03
7.32443182e-07 8.62610471e+01 4.16789473e+03
7.32874212e-07 1.08070916e+02 3.97910463e+03
7.33305242e-07 7.27769356e+02 4.53434839e+03
7.33736273e-07 1.57674388e+02 5.77658830e+03
7.34167303e-07 3.85533329e+02 6.75270829e+03
7.34598333e-07 6.09117127e+02 5.45185367e+03
7.35029364e-07 8.16864661e+02 3.72779044e+03
7.35460394e-07 9.15525618e+02 3.76222635e+03
7.35891424e-07 6.03241120e+02 4.09369248e+03
7.36753485e-07 1.66653273e+02 5.07447514e+03
7.37184515e-07 1.01798647e+03 5.27899229e+03
7.37615545e-07 8.82221265e+02 3.98133533e+03
7.38046576e-07 9.08651668e+02 3.10750826e+03
7.38477606e-07 1.07912901e+03 3.07352030e+03
7.38908636e-07 6.94044207e+02 3.40351251e+03
7.39339667e-07 1.07175098e+03 4.02631645e+03
7.39770697e-07 9.00274138e+02 4.62738597e+03
7.40201727e-07 1.03793417e+03 5.07992859e+03
7.40632758e-07 1.49193868e+03 4.52703827e+03
7.41063788e-07 1.17789826e+03 3.38180937e+03
7.41494818e-07 1.32383528e+03 3.00543427e+03
7.41925848e-07 1.10184998e+03 2.89776574e+03
7.42356879e-07 9.66482937e+02 2.95386977e+03
7.42787909e-07 1.34101502e+03 3.46904837e+03
7.43218939e-07 1.39731282e+03 3.78674717e+03
7.43649970e-07 1.36243651e+03 4.16120650e+03
7.44081000e-07 1.22306031e+03 3.93877591e+03
7.44512030e-07 1.60553077e+03 3.54941128e+03
7.44943061e-07 1.35503620e+03 3.08928010e+03
7.45374091e-07 1.53667876e+03 3.02155086e+03
7.45805121e-07 1.48059305e+03 3.26464784e+03
7.46236152e-07 1.21161220e+03 3.55493744e+03
7.46667182e-07 1.11315982e+03 4.05006146e+03
7.47098212e-07 1.21698153e+03 4.66652355e+03
7.47529242e-07 1.50111922e+03 5.04880637e+03
7.47960273e-07 1.22802092e+03 5.18873513e+03
7.48391303e-07 1.49337156e+03 5.08442386e+03
7.48822333e-07 1.35387765e+03 4.32841597e+03
7.49253364e-07 1.45481146e+03 3.67703810e+03
7.49684394e-07 1.49451138e+03 3.44979928e+03
7.50115424e-07 1.43757197e+03 3.23807625e+03
7.50546455e-07 1.42976498e+03 3.06747539e+03
7.50977485e-07 1.12852958e+03 3.01601938e+03
7.51408515e-07 1.49590258e+03 3.48017792e+03
7.51839545e-07 1.05546029e+03 4.63730644e+03
7.52270576e-07 9.98663643e+02 6.46917396e+03
7.52701606e-07 1.63923289e+03 6.91746327e+03
7.53132636e-07 1.01309050e+03 5.16889473e+03
7.53563667e-07 1.18657865e+03 4.05319015e+03
7.53994697e-07 1.42494550e+03 3.68319439e+03
7.54425727e-07 1.64143967e+03 3.45956016e+03
7.54856758e-07 1.35792458e+03 3.30121308e+03
7.55287788e-07 1.54904189e+03 3.63504899e+03
7.55718818e-07 1.31943711e+03 3.85884013e+03
7.56149848e-07 1.69271542e+03 3.91462037e+03
7.56580879e-07 1.10139826e+03 4.21058985e+03
7.57011909e-07 9.34223750e+02 5.49605059e+03
7.57442939e-07 1.28731125e+03 5.54248794e+03
7.57873970e-07 1.03947378e+03 4.21906657e+03
7.58305000e-07 1.38752980e+03 3.96341518e+03
7.58736030e-07 1.55585138e+03 3.98897377e+03
7.59167061e-07 1.07010674e+03 3.38708748e+03
7.59598091e-07 4.25984314e+02 2.85730447e+03
7.60029121e-07 3.25795737e+02 2.49779699e+03
7.60460152e-07 2.10021644e+02 1.96003070e+03
7.60891182e-07 1.85207243e+02 1.80019575e+03
7.61322212e-07 5.03132990e+02 2.36428523e+03
7.61753242e-07 8.84045273e+02 3.10489010e+03
7.62184273e-07 1.15905337e+03 3.36016376e+03
7.62615303e-07 6.68833540e+02 3.12916124e+03
7.63046333e-07 5.24251984e+02 2.95896631e+03
7.63477364e-07 7.34110490e+02 2.64173543e+03
7.63908394e-07 6.19930524e+02 2.30461581e+03
7.64339424e-07 5.36160330e+02 2.35372003e+03
7.64770455e-07 8.98333543e+02 2.59779534e+03
7.65201485e-07 9.66620024e+02 2.89137808e+03
7.65632515e-07 1.47586472e+03 3.38018937e+03
7.66063545e-07 1.32155535e+03 3.66453726e+03
7.66494576e-07 1.19618281e+03 3.60061283e+03
7.66925606e-07 1.34393734e+03 3.14123795e+03
7.67356636e-07 1.27827770e+03 3.06065684e+03
7.67787667e-07 1.12513315e+03 2.97688105e+03
7.68218697e-07 1.29211423e+03 3.16315422e+03
7.68649727e-07 1.91255779e+03 3.56492029e+03
7.69080758e-07 1.80783784e+03 3.72279694e+03
7.69511788e-07 1.53748522e+03 3.76516812e+03
7.69942818e-07 1.36718641e+03 3.74495817e+03
7.70373848e-07 1.52071822e+03 3.85259920e+03
7.70804879e-07 6.64616490e+02 5.79906883e+03
7.71235909e-07 9.23715904e+01 9.44896152e+03
7.71666939e-07 2.79194343e+02 1.10000640e+04
7.72097970e-07 1.00881587e+03 8.44419334e+03
7.72529000e-07 1.13564222e+03 5.79013344e+03
7.72960030e-07 9.08396579e+02 4.40997369e+03
7.73391061e-07 1.39132216e+03 3.93586830e+03
7.73822091e-07 1.20888047e+03 3.49625795e+03
7.74253121e-07 1.29712150e+03 4.37954582e+03
7.75115182e-07 1.09697343e+03 1.02766510e+04
7.75546212e-07 8.93318721e+02 8.64909889e+03
7.75977242e-07 1.22616312e+03 6.31235939e+03
7.76408273e-07 1.10639383e+03 4.92484586e+03
7.76839303e-07 5.65863177e+02 4.16299550e+03
7.77270333e-07 6.37675282e+02 4.89635235e+03
7.77701364e-07 1.23465713e+03 5.44706438e+03
7.78132394e-07 1.05795152e+03 5.06250581e+03
7.78563424e-07 1.30967781e+03 4.92104336e+03
7.78994455e-07 7.34743775e+02 6.32650699e+03
7.79425485e-07 1.77203601e+02 7.79316926e+03
7.79856515e-07 1.18414347e+03 6.65401935e+03
7.80287545e-07 1.15809040e+03 4.75588843e+03
7.80718576e-07 8.64612447e+02 4.95091994e+03
7.81149606e-07 1.86111853e+03 5.53844681e+03
7.81580636e-07 8.13524999e+02 6.11109459e+03
7.82873727e-07 5.86600913e+02 4.90511031e+03
7.83304758e-07 1.26808142e+03 3.81280452e+03
7.83735788e-07 9.54628719e+02 4.17437134e+03
7.84166818e-07 1.18252897e+03 5.02690008e+03
7.84597848e-07 4.29779892e+02 5.79023302e+03
7.85028879e-07 6.47230122e+01 8.52984064e+03
7.85459909e-07 2.19479833e+00 1.10507178e+04
7.85890939e-07 5.12371025e+02 9.25450202e+03
7.86321970e-07 1.05404119e+03 7.20498787e+03
7.86753000e-07 6.29622981e+02 6.96694786e+03
7.87184030e-07 5.10461100e+02 7.04466476e+03
7.87615061e-07 7.35918440e+02 6.30456398e+03
7.88046091e-07 6.44392576e+02 5.89574136e+03
7.88477121e-07 6.82099828e+02 6.10448734e+03
7.88908152e-07 8.49222127e+02 6.70806609e+03
7.89339182e-07 9.81051901e+02 5.68902655e+03
7.89770212e-07 8.97713019e+02 4.00879056e+03
7.90201242e-07 1.45072236e+03 3.46071724e+03
7.90632273e-07 1.06088889e+03 5.02922868e+03
7.91925364e-07 3.44217173e+02 1.05501954e+04
7.92356394e-07 6.96623709e+02 7.21311284e+03
7.92787424e-07 8.64596267e+02 5.78459326e+03
7.93218455e-07 1.15173649e+03 5.55132617e+03
7.93649485e-07 1.32647170e+03 4.46941619e+03
7.94080515e-07 9.27071971e+02 3.65076747e+03
7.94511545e-07 9.06425263e+02 4.27381223e+03
7.94942576e-07 3.24265202e+02 4.72147151e+03
7.95373606e-07 1.20612288e+03 4.50497809e+03
7.96666697e-07 6.49751366e+01 5.73091349e-02
7.97528758e-07 5.16572803e+02 9.13872348e-01
7.97959788e-07 4.33578736e+02 2.36270354e-01
7.98390818e-07 2.14420938e+02 1.75418216e-02
7.98821848e-07 1.54151153e+02 1.62906549e-02
