4.63200000e-02
3.57708000e-07 8.22905017e+01 5.24134701e+02
3.58139006e-07 1.51706525e+02 6.07211265e+02
3.58570012e-07 1.13302905e+02 5.80179206e+02
3.59001018e-07 1.62624050e+02 5.96222613e+02
3.59432023e-07 2.23596800e+02 5.97107064e+02
3.59863029e-07 1.82114933e+02 9.96185672e+02
3.60294035e-07 1.99987578e+02 9.77406044e+02
3.60725041e-07 2.57908443e+02 1.02418433e+03
3.61156047e-07 1.58631447e+02 9.37483325e+02
3.61587053e-07 2.34806724e+02 4.50351726e+02
3.62018059e-07 1.65784487e+02 6.09599577e+02
3.62449065e-07 1.71267024e+02 6.26111593e+02
3.62880070e-07 2.33475482e+02 6.67846974e+02
3.63311076e-07 2.17042459e+02 6.46840520e+02
3.63742082e-07 2.12529262e+02 6.40369343e+02
3.64173088e-07 2.46292932e+02 7.14252523e+02
3.64604094e-07 1.06517843e+02 6.14386727e+02
3.65035100e-07 1.38322515e+02 6.40862928e+02
3.65466106e-07 1.88792500e+02 6.59204733e+02
3.65897111e-07 3.17964066e+02 7.27104598e+02
3.66328117e-07 1.70945243e+02 6.40765987e+02
3.66759123e-07 1.80399968e+02 6.85127736e+02
3.67190129e-07 2.59207551e+02 7.45276200e+02
3.67621135e-07 2.57849522e+02 7.16333323e+02
3.68052141e-07 2.18072877e+02 6.49438920e+02
3.68483147e-07 2.27395941e+02 6.66061983e+02
3.68914152e-07 3.15448368e+02 7.05604869e+02
3.69345158e-07 2.56414633e+02 7.16128100e+02
3.69776164e-07 1.65572080e+02 7.06729229e+02
3.70207170e-07 2.11337581e+02 7.50728804e+02
3.70638176e-07 2.46145907e+02 7.57212205e+02
3.71069182e-07 3.04596009e+02 7.99113290e+02
3.71500188e-07 3.07580772e+02 8.06892754e+02
3.71931194e-07 3.30663886e+02 7.67790874e+02
3.72362199e-07 3.04961031e+02 7.56531215e+02
3.72793205e-07 3.37221680e+02 7.98175355e+02
3.73224211e-07 3.12018163e+02 8.49849981e+02
3.73655217e-07 2.90745103e+02 9.24348424e+02
3.74086223e-07 4.04254506e+02 9.70208239e+02
3.74517229e-07 3.35295059e+02 8.92209512e+02
3.74948235e-07 2.47555501e+02 8.44131879e+02
3.75379240e-07 4.06999346e+02 9.12076150e+02
3.75810246e-07 3.88207396e+02 8.75788087e+02
3.76241252e-07 2.60049841e+02 8.32615352e+02
3.76672258e-07 3.77210288e+02 8.51983641e+02
3.77103264e-07 3.44333599e+02 8.31044697e+02
3.77534270e-07 4.99229373e+02 9.77495850e+02
3.77965276e-07 3.95883661e+02 8.62685607e+02
3.78396282e-07 3.00798912e+02 8.31973537e+02
3.78827287e-07 2.81215658e+02 8.54377003e+02
3.79258293e-07 4.34768924e+02 8.81090491e+02
3.79689299e-07 3.68209259e+02 8.60127870e+02
3.80120305e-07 3.78454882e+02 9.17864701e+02
3.80551311e-07 3.14840000e+02 8.52228892e+02
3.80982317e-07 3.97528242e+02 8.52711075e+02
3.81413323e-07 3.34963493e+02 8.53850676e+02
3.81844328e-07 4.25881307e+02 9.39633304e+02
3.82275334e-07 4.08390131e+02 9.17327734e+02
3.82706340e-07 5.13948769e+02 1.04406597e+03
3.83137346e-07 4.44435370e+02 1.02424527e+03
3.83568352e-07 4.99019576e+02 1.06059692e+03
3.83999358e-07 3.38584042e+02 9.76224860e+02
3.84430364e-07 4.70599154e+02 1.03194272e+03
3.84861370e-07 4.27057744e+02 1.00992091e+03
3.85292375e-07 3.87552893e+02 9.59374914e+02
3.85723381e-07 5.00312462e+02 9.75129359e+02
3.86154387e-07 5.08780647e+02 1.33681656e+03
3.86585393e-07 3.34110424e+02 1.18444182e+03
3.87016399e-07 4.57686384e+02 1.23548108e+03
3.87447405e-07 4.95337982e+02 1.25705362e+03
3.87878411e-07 3.47205324e+02 8.67984920e+02
3.88309416e-07 4.17893110e+02 8.82711943e+02
3.88740422e-07 3.78073037e+02 8.72449254e+02
3.89171428e-07 5.08451830e+02 9.62420504e+02
3.89602434e-07 1.16143350e+03 1.35977203e+03
3.90033440e-07 1.86414233e+03 1.76281099e+03
3.90464446e-07 1.64786596e+03 1.67492501e+03
3.90895452e-07 1.01239858e+03 1.36795839e+03
3.91326457e-07 7.17660642e+02 1.19409734e+03
3.91757463e-07 6.70189157e+02 1.15436567e+03
3.92188469e-07 4.78653079e+02 1.06000319e+03
3.92619475e-07 5.27972083e+02 1.03777770e+03
3.93050481e-07 6.09512134e+02 1.03153301e+03
3.93481487e-07 5.49074617e+02 1.02564125e+03
3.93912493e-07 5.94286186e+02 1.09206618e+03
3.94343499e-07 6.77936479e+02 1.16964454e+03
3.94774504e-07 6.25285547e+02 1.15443118e+03
3.95205510e-07 7.38635271e+02 1.20813494e+03
3.95636516e-07 6.67446214e+02 1.11719955e+03
3.96067522e-07 6.00808528e+02 1.10205766e+03
3.96498528e-07 6.06738441e+02 1.07448427e+03
3.96929534e-07 7.48644823e+02 1.12192026e+03
3.97360540e-07 6.36997483e+02 1.09725729e+03
3.97791545e-07 7.21417724e+02 1.15295655e+03
3.98222551e-07 7.77309538e+02 1.26750562e+03
3.98653557e-07 9.26361544e+02 1.31504747e+03
3.99084563e-07 8.83535394e+02 1.33152986e+03
3.99515569e-07 8.88988971e+02 1.26553717e+03
3.99946575e-07 8.83776080e+02 1.30546379e+03
4.00377581e-07 7.60137953e+02 1.29314793e+03
4.00808587e-07 7.41075518e+02 1.25305477e+03
4.01239592e-07 6.32413615e+02 1.26300847e+03
4.01670598e-07 7.11635031e+02 1.32246642e+03
4.02101604e-07 7.67654605e+02 1.33476328e+03
4.02532610e-07 8.86026486e+02 1.33154136e+03
4.02963616e-07 8.53667240e+02 1.33125533e+03
4.03394622e-07 8.29050529e+02 1.32119195e+03
4.03825628e-07 1.12209120e+03 1.53077861e+03
4.04256633e-07 9.57560132e+02 1.47059738e+03
4.04687639e-07 1.18745041e+03 1.56604258e+03
4.05118645e-07 1.14071347e+03 1.56019390e+03
4.05549651e-07 1.03362771e+03 1.47562801e+03
4.05980657e-07 8.36000490e+02 1.36513594e+03
4.06411663e-07 8.74741751e+02 1.44938069e+03
4.06842669e-07 9.29322367e+02 1.49881648e+03
4.07273674e-07 9.30410135e+02 1.46711593e+03
4.07704680e-07 9.30410689e+02 1.46358055e+03
4.08135686e-07 8.76570415e+02 1.41732313e+03
4.08566692e-07 9.73405658e+02 1.43552023e+03
4.08997698e-07 1.06564833e+03 1.50598545e+03
4.09428704e-07 1.01503878e+03 1.45144018e+03
4.09859710e-07 1.10292580e+03 1.43524373e+03
4.10290716e-07 1.11160774e+03 1.46753289e+03
4.10721721e-07 9.00327713e+02 1.37873617e+03
4.11152727e-07 8.74631114e+02 1.36403265e+03
4.11583733e-07 9.33054607e+02 1.39550925e+03
4.12014739e-07 9.65285257e+02 1.41726609e+03
4.12445745e-07 1.06311930e+03 1.48025222e+03
4.12876751e-07 1.03229485e+03 1.46873949e+03
4.13307757e-07 1.00715162e+03 1.50995451e+03
4.13738762e-07 1.12825642e+03 1.54830184e+03
4.14169768e-07 9.32781548e+02 1.43006720e+03
4.14600774e-07 9.31383443e+02 1.42660009e+03
4.15031780e-07 9.43661280e+02 1.43480208e+03
4.15462786e-07 9.45212616e+02 1.46520418e+03
4.15893792e-07 9.09647080e+02 1.52488142e+03
4.16324798e-07 1.16952203e+03 1.68047769e+03
4.16755804e-07 1.24603090e+03 1.74393788e+03
4.17186809e-07 1.18152566e+03 1.67850064e+03
4.17617815e-07 1.27631023e+03 1.69585927e+03
4.18048821e-07 1.28624916e+03 1.69206117e+03
4.18479827e-07 1.25548394e+03 1.62505629e+03
4.18910833e-07 1.38105693e+03 1.69774913e+03
4.19341839e-07 1.22633472e+03 1.64338634e+03
4.19772845e-07 1.19523646e+03 1.54020112e+03
4.20203850e-07 1.32781154e+03 1.62127794e+03
4.20634856e-07 1.28536442e+03 1.62895079e+03
4.21065862e-07 1.39472269e+03 1.65921200e+03
4.21496868e-07 1.22434000e+03 1.62948800e+03
4.21927874e-07 1.42541332e+03 1.73537420e+03
4.22358880e-07 1.33630442e+03 1.63556261e+03
4.22789886e-07 1.29188491e+03 1.58118464e+03
4.23220891e-07 1.34556145e+03 1.63878206e+03
4.23651897e-07 1.24163726e+03 1.57654819e+03
4.24082903e-07 1.24483104e+03 1.62498981e+03
4.24513909e-07 1.29929697e+03 1.68117920e+03
4.24944915e-07 1.28860986e+03 1.68492555e+03
4.25375921e-07 1.32483680e+03 1.72538820e+03
4.25806927e-07 1.51496826e+03 1.81133389e+03
4.26237933e-07 1.48365003e+03 1.80673003e+03
4.26668938e-07 1.58216055e+03 1.88384747e+03
4.27099944e-07 1.21658415e+03 1.67749401e+03
4.27530950e-07 1.41142898e+03 1.74805009e+03
4.27961956e-07 1.25457467e+03 1.66482185e+03
4.28392962e-07 1.25092136e+03 1.67933233e+03
4.28823968e-07 1.26840623e+03 1.66538613e+03
4.29254974e-07 1.11071918e+03 1.60990637e+03
4.29685979e-07 1.38028357e+03 1.69044913e+03
4.30116985e-07 1.48307185e+03 1.76561718e+03
4.30547991e-07 1.34330852e+03 1.68751377e+03
4.30978997e-07 1.37204943e+03 1.77633687e+03
4.31410003e-07 1.53321739e+03 1.91274734e+03
4.31841009e-07 1.48968984e+03 1.89555044e+03
4.32272015e-07 1.31524945e+03 1.77761727e+03
4.32703021e-07 1.50574094e+03 1.86266966e+03
4.33134026e-07 1.66698065e+03 1.92845810e+03
4.33565032e-07 1.61104484e+03 1.87969076e+03
4.33996038e-07 1.62332359e+03 1.85582243e+03
4.34427044e-07 1.56666626e+03 1.88866697e+03
4.34858050e-07 1.62751462e+03 1.95394828e+03
4.35289056e-07 1.58396192e+03 1.92159291e+03
4.35720062e-07 1.66414821e+03 2.01272446e+03
4.36151067e-07 1.84608736e+03 2.09989949e+03
4.36582073e-07 1.80314759e+03 2.07034846e+03
4.37013079e-07 1.48475347e+03 1.92628702e+03
4.37444085e-07 1.50449424e+03 1.92202672e+03
4.37875091e-07 1.71665442e+03 2.02636809e+03
4.38306097e-07 1.63549591e+03 1.99382576e+03
4.38737103e-07 1.60768928e+03 1.97727000e+03
4.39168109e-07 1.65615202e+03 2.02601250e+03
4.39599114e-07 1.67778826e+03 2.07792066e+03
4.40030120e-07 1.76208413e+03 2.11155492e+03
4.40461126e-07 1.49361878e+03 2.06581916e+03
4.40892132e-07 1.76002225e+03 2.24847983e+03
4.41323138e-07 1.94610167e+03 2.35502868e+03
4.41754144e-07 1.70060769e+03 2.23833355e+03
4.42185150e-07 1.80122023e+03 2.27154747e+03
4.42616155e-07 1.90096120e+03 2.31796606e+03
4.43047161e-07 1.75391920e+03 2.25845446e+03
4.43478167e-07 1.86786603e+03 2.26119960e+03
4.43909173e-07 2.05869103e+03 2.35035757e+03
4.44340179e-07 1.82333080e+03 2.25507662e+03
4.44771185e-07 1.83044367e+03 2.25274258e+03
4.45202191e-07 1.83253240e+03 2.21409475e+03
4.45633196e-07 1.53150189e+03 2.04475040e+03
4.46064202e-07 1.69602400e+03 2.14819766e+03
4.46495208e-07 1.87310872e+03 2.23067808e+03
4.46926214e-07 1.86801681e+03 2.17131601e+03
4.47357220e-07 1.58297326e+03 2.07833726e+03
4.47788226e-07 1.99503279e+03 2.32830010e+03
4.48219232e-07 1.88564282e+03 2.28538356e+03
4.48650238e-07 1.84768247e+03 2.25246303e+03
4.49081243e-07 1.87449326e+03 2.24346467e+03
4.49512249e-07 1.80751820e+03 2.29194005e+03
4.49943255e-07 1.85194787e+03 2.29813643e+03
4.50374261e-07 1.57354305e+03 2.19106273e+03
4.50805267e-07 1.54311307e+03 2.20499154e+03
4.51236273e-07 1.87761187e+03 3.93004395e+03
4.51667279e-07 1.72483266e+03 3.94732499e+03
4.52098284e-07 1.85901318e+03 3.97487806e+03
4.52529290e-07 1.78201851e+03 3.85126450e+03
4.52960296e-07 1.82220675e+03 2.41958160e+03
4.53391302e-07 1.78501051e+03 2.42145512e+03
4.53822308e-07 1.98221414e+03 2.53405973e+03
4.54253314e-07 2.22636128e+03 2.70490936e+03
4.54684320e-07 1.93935559e+03 2.55278045e+03
4.55115326e-07 1.75427523e+03 2.42929262e+03
4.55546331e-07 1.56522756e+03 2.27190524e+03
4.55977337e-07 1.82152244e+03 2.46347055e+03
4.56408343e-07 1.78915376e+03 2.39528565e+03
4.56839349e-07 2.27590775e+03 2.64308595e+03
4.57270355e-07 2.01252922e+03 2.55473141e+03
4.57701361e-07 1.99950409e+03 2.58648931e+03
4.58132367e-07 1.81167724e+03 2.46725634e+03
4.58563372e-07 1.97236883e+03 2.58504441e+03
4.58994378e-07 2.08398468e+03 2.65236540e+03
4.59425384e-07 2.00506483e+03 2.59365131e+03
4.59856390e-07 2.00023090e+03 2.58741313e+03
4.60287396e-07 1.90620537e+03 2.52251974e+03
4.60718402e-07 2.06923730e+03 2.62663736e+03
4.61149408e-07 2.01826513e+03 2.61365108e+03
4.61580413e-07 2.30424599e+03 2.75489868e+03
4.62011419e-07 2.16421145e+03 2.66720695e+03
4.62442425e-07 2.35203859e+03 2.78977612e+03
4.62873431e-07 2.04307621e+03 2.67146712e+03
4.63304437e-07 2.42305201e+03 2.84258266e+03
4.63735443e-07 2.38690700e+03 2.81540964e+03
4.64166449e-07 2.27057892e+03 2.77714729e+03
4.64597455e-07 2.15756246e+03 2.70370203e+03
4.65028460e-07 2.08737751e+03 2.71113774e+03
4.65459466e-07 2.08094251e+03 2.74251198e+03
4.65890472e-07 2.24151285e+03 2.86491363e+03
4.66321478e-07 2.30675385e+03 2.93705579e+03
4.66752484e-07 2.28965145e+03 2.92335939e+03
4.67183490e-07 2.13483791e+03 2.81588615e+03
4.67614496e-07 2.51707271e+03 3.03184060e+03
4.68045501e-07 2.36659129e+03 2.97708877e+03
4.68476507e-07 2.30389231e+03 2.92151894e+03
4.68907513e-07 2.31051063e+03 2.95771470e+03
4.69338519e-07 2.29407289e+03 2.96493726e+03
4.69769525e-07 2.51975669e+03 3.04425760e+03
4.70200531e-07 2.64148020e+03 3.10177163e+03
4.70631537e-07 2.57010441e+03 5.19659400e+03
4.71062543e-07 2.45325570e+03 5.18153647e+03
4.71493548e-07 2.20851873e+03 4.93387939e+03
4.71924554e-07 2.43294120e+03 5.19032707e+03
4.72355560e-07 2.44186486e+03 3.12785649e+03
4.72786566e-07 2.48732855e+03 3.09933254e+03
4.73217572e-07 2.32513209e+03 2.99221489e+03
4.73648578e-07 2.43431983e+03 3.12252997e+03
4.74079584e-07 2.55421026e+03 3.15406576e+03
4.74510589e-07 2.44527787e+03 3.07279424e+03
4.74941595e-07 2.72471499e+03 3.19953534e+03
4.75372601e-07 2.65545247e+03 3.24875958e+03
4.75803607e-07 2.35504881e+03 3.09438678e+03
4.76234613e-07 2.35005635e+03 3.06434897e+03
4.76665619e-07 2.32745770e+03 3.05703898e+03
4.77096625e-07 2.57404036e+03 3.19296651e+03
4.77527630e-07 2.61821200e+03 3.26299386e+03
4.77958636e-07 2.54715548e+03 3.25108505e+03
4.78389642e-07 2.56543965e+03 3.22359156e+03
4.78820648e-07 2.73473387e+03 3.32388840e+03
4.79251654e-07 2.61755663e+03 3.34170796e+03
4.79682660e-07 2.53575283e+03 3.30301715e+03
4.80113666e-07 2.76503751e+03 3.39568882e+03
4.80544672e-07 2.67607818e+03 3.39330767e+03
4.80975677e-07 2.41740099e+03 3.30389721e+03
4.81406683e-07 2.78192765e+03 3.54684046e+03
4.81837689e-07 2.87728852e+03 3.67754178e+03
4.82268695e-07 2.58863749e+03 3.50876880e+03
4.82699701e-07 2.44795903e+03 3.50699784e+03
4.83130707e-07 2.90129466e+03 3.72973868e+03
4.83561713e-07 2.87528237e+03 3.68202036e+03
4.83992718e-07 2.61564080e+03 3.54956552e+03
4.84423724e-07 2.80345119e+03 3.70707202e+03
4.84854730e-07 2.64813530e+03 3.56909232e+03
4.85285736e-07 2.75514677e+03 3.55111341e+03
4.85716742e-07 2.82203306e+03 3.52225768e+03
4.86147748e-07 2.70937241e+03 3.43365539e+03
4.86578754e-07 2.59269137e+03 3.36902997e+03
4.87009760e-07 2.55798481e+03 3.39748776e+03
4.87440765e-07 2.52446859e+03 3.47492857e+03
4.87871771e-07 2.73844719e+03 3.61050338e+03
4.88302777e-07 2.88992926e+03 3.65367286e+03
4.88733783e-07 2.74407788e+03 3.58402910e+03
4.89164789e-07 2.87899749e+03 3.65274132e+03
4.89595795e-07 2.58103420e+03 3.49781584e+03
4.90026801e-07 2.68830568e+03 3.54045811e+03
4.90457806e-07 2.60666442e+03 3.52901577e+03
4.90888812e-07 2.98621855e+03 3.67301399e+03
4.91319818e-07 2.58247028e+03 3.44446495e+03
4.91750824e-07 2.65498078e+03 3.51753230e+03
4.92181830e-07 2.94233396e+03 3.64079696e+03
4.92612836e-07 2.88464115e+03 3.62069550e+03
4.93043842e-07 2.75281697e+03 3.58363037e+03
4.93474848e-07 2.71223700e+03 3.53302033e+03
4.93905853e-07 2.70102146e+03 3.57643842e+03
4.94336859e-07 2.87536425e+03 3.61795033e+03
4.94767865e-07 2.60523379e+03 3.49147031e+03
4.95198871e-07 2.63217236e+03 3.50722976e+03
4.95629877e-07 2.68362834e+03 3.56687639e+03
4.96060883e-07 2.69206790e+03 3.64841830e+03
4.96491889e-07 2.82467544e+03 3.75795174e+03
4.96922894e-07 2.64064175e+03 3.68502643e+03
4.97353900e-07 2.80358158e+03 3.74149293e+03
4.97784906e-07 2.80839092e+03 3.71382544e+03
4.98215912e-07 2.79739390e+03 3.74085371e+03
4.98646918e-07 2.61375708e+03 3.56671307e+03
4.99077924e-07 3.18151614e+03 3.93167870e+03
4.99508930e-07 3.10881716e+03 4.01594914e+03
4.99939935e-07 3.05690601e+03 3.95351011e+03
5.00370941e-07 2.61827573e+03 3.70558493e+03
5.00801947e-07 2.78628069e+03 3.77470349e+03
5.01232953e-07 2.87386205e+03 3.76723414e+03
5.01663959e-07 3.17254629e+03 3.95807807e+03
5.02094965e-07 3.33049650e+03 4.06240706e+03
5.02525971e-07 3.03267556e+03 3.93380739e+03
5.02956977e-07 3.09743020e+03 3.96929447e+03
5.03387982e-07 3.11024304e+03 3.97225669e+03
5.03818988e-07 3.07846540e+03 3.90082792e+03
5.04249994e-07 3.28187834e+03 4.02328891e+03
5.04681000e-07 3.29820968e+03 4.10449322e+03
5.05112006e-07 3.17493672e+03 4.02356016e+03
5.05543012e-07 2.78614552e+03 3.84832291e+03
5.05974018e-07 2.98260944e+03 3.94543475e+03
5.06405023e-07 3.16280694e+03 4.07421798e+03
5.06836029e-07 3.26593672e+03 4.05599963e+03
5.07267035e-07 3.08189804e+03 3.96979364e+03
5.07698041e-07 3.21878808e+03 4.07383573e+03
5.08129047e-07 3.23030566e+03 4.14429131e+03
5.08560053e-07 4.90141937e+03 4.94925854e+03
5.08991059e-07 5.15792320e+03 5.11887213e+03
5.09422065e-07 3.87674860e+03 4.50914340e+03
5.09853070e-07 2.86198021e+03 3.95787172e+03
5.10284076e-07 3.17690595e+03 4.14828608e+03
5.10715082e-07 2.93756353e+03 4.00280758e+03
5.11146088e-07 3.05007986e+03 4.04524913e+03
5.11577094e-07 3.02549043e+03 4.08512550e+03
5.12008100e-07 3.06135979e+03 4.02703834e+03
5.12439106e-07 3.29834090e+03 4.19700462e+03
5.12870111e-07 2.99133009e+03 4.05919493e+03
5.13301117e-07 3.46024036e+03 4.41099312e+03
5.13732123e-07 3.78542668e+03 4.61586888e+03
5.14163129e-07 3.11562560e+03 4.26595902e+03
5.14594135e-07 3.20709404e+03 4.33385315e+03
5.15025141e-07 2.99459772e+03 4.12654561e+03
5.15456147e-07 3.26396263e+03 4.31085903e+03
5.15887152e-07 3.52282146e+03 4.45550383e+03
5.16318158e-07 3.10050960e+03 4.21758773e+03
5.16749164e-07 3.45418225e+03 4.31057494e+03
5.17180170e-07 3.79802722e+03 4.48249186e+03
5.17611176e-07 3.65634068e+03 4.48717207e+03
5.18042182e-07 3.51640040e+03 4.40140503e+03
5.18473188e-07 4.09140624e+03 4.70181034e+03
5.18904194e-07 5.03902207e+03 5.21746867e+03
5.19335199e-07 4.69941789e+03 5.14916783e+03
5.19766205e-07 4.01285598e+03 4.94862687e+03
5.20197211e-07 3.46795085e+03 4.68453269e+03
5.20628217e-07 3.63437945e+03 4.65914259e+03
5.21059223e-07 3.50219057e+03 4.48563668e+03
5.21490229e-07 3.65784482e+03 4.58307771e+03
5.21921235e-07 3.75544519e+03 4.70082433e+03
5.22352240e-07 3.37577547e+03 4.49481061e+03
5.22783246e-07 3.43683453e+03 4.56646745e+03
5.23214252e-07 4.22916069e+03 4.89537106e+03
5.23645258e-07 7.08408729e+03 6.47094164e+03
5.24076264e-07 8.99904244e+03 7.43526941e+03
5.24507270e-07 6.41210067e+03 6.00411801e+03
5.24938276e-07 4.44102797e+03 5.06248510e+03
5.25369282e-07 3.36924649e+03 4.50004407e+03
5.25800287e-07 3.64578437e+03 4.55285443e+03
5.26231293e-07 3.42748628e+03 4.42983165e+03
5.26662299e-07 3.90451758e+03 4.56804058e+03
5.27093305e-07 3.84637561e+03 4.57107643e+03
5.27524311e-07 3.79765932e+03 4.67788322e+03
5.27955317e-07 3.47462721e+03 4.53218226e+03
5.28386323e-07 3.52053538e+03 4.63051826e+03
5.28817328e-07 3.57669903e+03 4.60629120e+03
5.29248334e-07 3.96290117e+03 4.83190907e+03
5.29679340e-07 3.48608296e+03 4.62323082e+03
5.30110346e-07 4.09722635e+03 4.97969668e+03
5.30541352e-07 4.03543542e+03 4.96769019e+03
5.30972358e-07 3.63801206e+03 4.78851193e+03
5.31403364e-07 3.97631089e+03 4.93236940e+03
5.31834370e-07 4.03843578e+03 4.96347416e+03
5.32265375e-07 3.75232254e+03 4.83704171e+03
5.32696381e-07 3.37671110e+03 4.62206333e+03
5.33127387e-07 3.83749090e+03 4.92784481e+03
5.33558393e-07 3.75848661e+03 4.86220862e+03
5.33989399e-07 3.90953908e+03 4.90334793e+03
5.34420405e-07 3.65414794e+03 4.83314202e+03
5.34851411e-07 3.97939925e+03 4.99102289e+03
5.35282416e-07 4.00170664e+03 4.99733001e+03
5.35713422e-07 3.75038612e+03 4.84770575e+03
5.36144428e-07 3.80522300e+03 4.85052983e+03
5.36575434e-07 3.75691898e+03 4.80031846e+03
5.37006440e-07 3.59530145e+03 4.77179241e+03
5.37437446e-07 3.62845042e+03 4.84483157e+03
5.37868452e-07 3.79485389e+03 4.86127152e+03
5.38299457e-07 3.56880113e+03 4.77493570e+03
5.38730463e-07 3.79352897e+03 4.90378468e+03
5.39161469e-07 3.60490093e+03 4.69180674e+03
5.39592475e-07 4.01238935e+03 4.89021981e+03
5.40023481e-07 3.92352517e+03 4.85601346e+03
5.40454487e-07 3.96402239e+03 4.88885081e+03
5.40885493e-07 3.30234678e+03 4.53573971e+03
5.41316499e-07 3.15327937e+03 4.46195664e+03
5.41747504e-07 3.12660918e+03 4.45365708e+03
5.42178510e-07 3.48956788e+03 4.63025134e+03
5.42609516e-07 3.89295952e+03 4.83547561e+03
5.43040522e-07 3.61537047e+03 4.65112996e+03
5.43471528e-07 3.48089982e+03 4.68726403e+03
5.43902534e-07 4.13240523e+03 5.06572043e+03
5.44333540e-07 4.10923409e+03 4.99650951e+03
5.44764545e-07 3.96155669e+03 4.87313147e+03
5.45195551e-07 3.54267471e+03 4.66245694e+03
5.45626557e-07 3.88749085e+03 4.88215209e+03
5.46057563e-07 4.23236813e+03 5.12977446e+03
5.46488569e-07 4.17784833e+03 5.05619165e+03
5.46919575e-07 4.05746297e+03 4.97841060e+03
5.47350581e-07 3.62845219e+03 4.79350021e+03
5.47781587e-07 3.66127701e+03 4.77106208e+03
5.48212592e-07 4.00416577e+03 5.01764704e+03
5.48643598e-07 4.07264321e+03 5.04221971e+03
5.49074604e-07 4.11365693e+03 5.09186050e+03
5.49505610e-07 4.34697597e+03 5.10829753e+03
5.49936616e-07 3.98761913e+03 5.06306175e+03
5.50367622e-07 3.94793229e+03 5.08509466e+03
5.50798628e-07 3.67647644e+03 4.95333334e+03
5.51229633e-07 3.62452972e+03 4.88941981e+03
5.51660639e-07 3.91344518e+03 5.07449439e+03
5.52091645e-07 4.07569001e+03 5.11812195e+03
5.52522651e-07 4.14121460e+03 5.10093486e+03
5.52953657e-07 3.87417403e+03 4.97340088e+03
5.53384663e-07 3.98577814e+03 5.04407744e+03
5.53815669e-07 4.05317278e+03 5.17349889e+03
5.54246674e-07 4.05802872e+03 5.29284258e+03
5.54677680e-07 4.05369546e+03 5.26650139e+03
5.55108686e-07 4.00303754e+03 5.22184382e+03
5.55539692e-07 4.12775712e+03 5.23410873e+03
5.55970698e-07 4.18110260e+03 5.32664576e+03
5.56401704e-07 4.19873386e+03 5.32694519e+03
5.56832710e-07 5.97499565e+03 8.66292646e+03
5.57263716e-07 5.49331927e+03 3.11756235e+04
5.57694721e-07 7.86661661e+03 5.74699870e+04
5.58125727e-07 9.16348805e+03 4.08263686e+04
5.58556733e-07 7.45854978e+03 1.53594118e+04
5.58987739e-07 4.21370459e+03 6.26568439e+03
5.59418745e-07 4.15308506e+03 5.44490898e+03
5.59849751e-07 4.68486494e+03 5.62829532e+03
5.60280757e-07 4.69520958e+03 5.74431905e+03
5.60711762e-07 4.57376090e+03 5.70247940e+03
5.61142768e-07 3.77610262e+03 5.13584079e+03
5.61573774e-07 4.15222090e+03 5.27839776e+03
5.62004780e-07 3.96783204e+03 5.20634624e+03
5.62435786e-07 4.01189171e+03 5.26262421e+03
5.62866792e-07 4.55929630e+03 5.47027701e+03
5.63297798e-07 4.59319242e+03 5.44707839e+03
5.63728804e-07 4.21924987e+03 5.25018290e+03
5.64159809e-07 4.06363165e+03 5.23816907e+03
5.64590815e-07 3.71400090e+03 5.02615835e+03
5.65021821e-07 3.94922778e+03 5.15514933e+03
5.65452827e-07 4.03230500e+03 5.14588379e+03
5.65883833e-07 3.92922910e+03 5.03176447e+03
5.66314839e-07 4.35940591e+03 5.35122457e+03
5.66745845e-07 4.35028659e+03 5.38914772e+03
5.67176850e-07 4.61323061e+03 5.49548581e+03
5.67607856e-07 4.03743922e+03 5.20132706e+03
5.68038862e-07 4.10038434e+03 5.30417609e+03
5.68469868e-07 4.38084799e+03 5.42456605e+03
5.68900874e-07 4.23881662e+03 5.40703111e+03
5.69331880e-07 4.44222411e+03 5.46767574e+03
5.69762886e-07 4.42340887e+03 5.51660640e+03
5.70193891e-07 3.98802319e+03 5.31536476e+03
5.70624897e-07 4.25864072e+03 5.33829728e+03
5.71055903e-07 3.98186276e+03 5.16416035e+03
5.71486909e-07 4.32378542e+03 5.44886098e+03
5.71917915e-07 3.97082206e+03 5.33417861e+03
5.72348921e-07 4.06975115e+03 5.34311921e+03
5.72779927e-07 4.16450876e+03 5.33000155e+03
5.73210933e-07 4.25565698e+03 5.45120351e+03
5.73641938e-07 4.73267170e+03 5.65176159e+03
5.74072944e-07 4.63032984e+03 5.49422232e+03
5.74503950e-07 4.16669661e+03 5.30865281e+03
5.74934956e-07 4.25414286e+03 5.35449601e+03
5.75365962e-07 4.03111904e+03 5.26634551e+03
5.75796968e-07 4.53360144e+03 5.48092350e+03
5.76227974e-07 4.26242830e+03 5.36665754e+03
5.76658979e-07 4.33863436e+03 5.41403468e+03
5.77089985e-07 4.28669117e+03 5.37589567e+03
5.77520991e-07 4.96491716e+03 5.66914883e+03
5.77951997e-07 4.55837908e+03 5.46623468e+03
5.78383003e-07 4.26901160e+03 5.31055904e+03
5.78814009e-07 4.28011260e+03 5.35826616e+03
5.79245015e-07 5.13180424e+03 5.72774984e+03
5.79676021e-07 4.92067653e+03 5.65265019e+03
5.80107026e-07 4.89960715e+03 5.73522597e+03
5.80538032e-07 4.72626162e+03 5.52298164e+03
5.80969038e-07 4.95017782e+03 5.63040419e+03
5.81400044e-07 4.90204218e+03 5.61121425e+03
5.81831050e-07 4.40919916e+03 5.43159287e+03
5.82262056e-07 4.45136754e+03 5.50847762e+03
5.82693062e-07 4.57726049e+03 5.58245992e+03
5.83124067e-07 4.29624029e+03 5.37606583e+03
5.83555073e-07 5.37365138e+03 5.94497151e+03
5.83986079e-07 4.61348496e+03 5.52590643e+03
5.84417085e-07 4.93039601e+03 5.76596566e+03
5.84848091e-07 4.23544169e+03 5.33981734e+03
5.85279097e-07 4.61763342e+03 5.54169555e+03
5.85710103e-07 4.37599742e+03 5.41465538e+03
5.86141109e-07 4.64343830e+03 5.72193570e+03
5.86572114e-07 4.54507354e+03 5.99494338e+03
5.87003120e-07 5.06273298e+03 6.22099332e+03
5.87434126e-07 4.94979500e+03 5.86893006e+03
5.87865132e-07 5.17065441e+03 5.89869978e+03
5.88296138e-07 4.30795441e+03 6.25078462e+03
5.88727144e-07 4.65876731e+03 8.19734968e+03
5.89158150e-07 5.40332769e+03 9.37875066e+03
5.89589155e-07 4.86589667e+03 8.25652352e+03
5.90020161e-07 4.52645671e+03 6.58453925e+03
5.90451167e-07 4.15529897e+03 5.69968130e+03
5.90882173e-07 4.78789489e+03 5.82174677e+03
5.91313179e-07 4.72249283e+03 5.92735206e+03
5.91744185e-07 4.92371380e+03 5.98283346e+03
5.92175191e-07 4.53070418e+03 5.71295827e+03
5.92606196e-07 4.51461271e+03 5.74771688e+03
5.93037202e-07 4.64205157e+03 5.96214186e+03
5.93468208e-07 5.03103784e+03 6.11149283e+03
5.93899214e-07 5.02349009e+03 5.81572320e+03
5.94330220e-07 4.57532875e+03 5.55215205e+03
5.94761226e-07 4.87141011e+03 5.85567017e+03
5.95192232e-07 4.47632590e+03 5.81179935e+03
5.95623238e-07 5.11841931e+03 6.06207748e+03
5.96054243e-07 4.40275444e+03 5.55148729e+03
5.96485249e-07 4.62705835e+03 5.66668639e+03
5.96916255e-07 4.94184628e+03 5.82139826e+03
5.97347261e-07 4.91356511e+03 5.90442906e+03
5.97778267e-07 4.64767667e+03 5.77005379e+03
5.98209273e-07 4.47709648e+03 5.51451403e+03
5.98640279e-07 4.39223300e+03 5.45621593e+03
5.99071284e-07 4.96397280e+03 5.75700500e+03
5.99502290e-07 5.17019037e+03 5.78476788e+03
5.99933296e-07 4.86915168e+03 5.73395729e+03
6.00364302e-07 4.90858185e+03 5.82622153e+03
6.00795308e-07 4.89344189e+03 5.63851890e+03
6.01226314e-07 4.75137545e+03 5.51572165e+03
6.01657320e-07 4.48252480e+03 5.41115805e+03
6.02088326e-07 4.54177966e+03 5.34096004e+03
6.02519331e-07 4.70543146e+03 5.54093526e+03
6.02950337e-07 4.63890904e+03 5.54308213e+03
6.03381343e-07 5.16579584e+03 5.74522760e+03
6.03812349e-07 5.04618494e+03 5.73053544e+03
6.04243355e-07 4.80362556e+03 5.59015422e+03
6.04674361e-07 5.29566173e+03 5.73729040e+03
6.05105367e-07 4.85812383e+03 5.48972461e+03
6.05536372e-07 4.96461013e+03 5.59901888e+03
6.05967378e-07 5.30497065e+03 5.72758575e+03
6.06398384e-07 4.76769918e+03 5.58681922e+03
6.06829390e-07 4.46458252e+03 5.38052283e+03
6.07260396e-07 5.17695547e+03 5.73849635e+03
6.07691402e-07 4.94566803e+03 5.57894670e+03
6.08122408e-07 5.10438620e+03 5.59178499e+03
6.08553413e-07 4.71822226e+03 5.40433207e+03
6.08984419e-07 5.24236882e+03 5.70100688e+03
6.09415425e-07 4.84798328e+03 5.55606133e+03
6.09846431e-07 4.65872487e+03 5.48107697e+03
6.10277437e-07 4.99685963e+03 5.64162303e+03
6.10708443e-07 4.91263892e+03 5.51370586e+03
6.11139449e-07 4.72913647e+03 5.49991580e+03
6.11570455e-07 4.49508095e+03 5.43706565e+03
6.12001460e-07 4.96353409e+03 5.51649167e+03
6.12432466e-07 4.71392532e+03 5.40946343e+03
6.12863472e-07 4.76256600e+03 5.42104453e+03
6.13294478e-07 5.07709005e+03 5.61062938e+03
6.13725484e-07 4.55408029e+03 5.48417705e+03
6.14156490e-07 5.16681983e+03 5.88936406e+03
6.14587496e-07 5.35084372e+03 5.91191663e+03
6.15018501e-07 5.44327973e+03 5.86886810e+03
6.15449507e-07 5.35324027e+03 5.79486022e+03
6.15880513e-07 4.97889728e+03 5.51052923e+03
6.16311519e-07 4.63271397e+03 5.38621146e+03
6.16742525e-07 4.64163739e+03 5.58761686e+03
6.17173531e-07 4.97064335e+03 5.83099652e+03
6.17604537e-07 4.90944454e+03 5.64651530e+03
6.18035543e-07 5.10705198e+03 5.69476597e+03
6.18466548e-07 5.00450586e+03 5.65807558e+03
6.18897554e-07 5.14984830e+03 5.64920129e+03
6.19328560e-07 5.06340797e+03 5.66465911e+03
6.19759566e-07 5.05622719e+03 5.75145034e+03
6.20190572e-07 5.14120683e+03 5.79988326e+03
6.20621578e-07 5.19067405e+03 5.84531415e+03
6.21052584e-07 5.21138963e+03 5.74897447e+03
6.21483589e-07 5.13796078e+03 5.77492469e+03
6.21914595e-07 4.77949298e+03 5.72686165e+03
6.22345601e-07 5.32686755e+03 6.02519552e+03
6.22776607e-07 4.63977923e+03 5.67221197e+03
6.23207613e-07 5.18886108e+03 6.52039601e+03
6.23638619e-07 5.26864886e+03 6.98437823e+03
6.24069625e-07 5.03951811e+03 6.56216218e+03
6.24500630e-07 5.32757231e+03 6.18669535e+03
6.24931636e-07 5.38016380e+03 5.94121758e+03
6.25362642e-07 5.59013610e+03 6.53598108e+03
6.25793648e-07 5.17967259e+03 6.70843366e+03
6.26224654e-07 5.59237940e+03 6.69416338e+03
6.26655660e-07 5.64778867e+03 6.36021368e+03
6.27086666e-07 5.04690553e+03 5.90665894e+03
6.27517672e-07 5.07266161e+03 5.84164274e+03
6.27948677e-07 4.88312149e+03 5.76564853e+03
6.28379683e-07 5.29021190e+03 6.27628918e+03
6.28810689e-07 4.87263945e+03 6.33911137e+03
6.29241695e-07 5.87272020e+03 7.36966854e+03
6.29672701e-07 6.04260637e+03 1.09557802e+04
6.30103707e-07 5.34402554e+03 1.25920665e+04
6.30534713e-07 5.75634076e+03 9.88645316e+03
6.30965718e-07 5.61203617e+03 7.19807837e+03
6.31396724e-07 5.28361150e+03 6.09889366e+03
6.31827730e-07 4.94472150e+03 5.90108134e+03
6.32258736e-07 5.41918413e+03 6.23321872e+03
6.32689742e-07 5.01288669e+03 6.40477394e+03
6.33120748e-07 4.87584286e+03 6.27677472e+03
6.33551754e-07 5.61334201e+03 6.19701170e+03
6.33982760e-07 5.75181516e+03 6.09820982e+03
6.34413765e-07 5.37329835e+03 5.97930459e+03
6.34844771e-07 5.56170731e+03 6.24078207e+03
6.35275777e-07 5.25822210e+03 6.26982395e+03
6.35706783e-07 5.32550269e+03 6.86940230e+03
6.36137789e-07 6.05584134e+03 8.25936796e+03
6.36568795e-07 5.58574373e+03 8.01740609e+03
6.36999801e-07 5.15336131e+03 6.48705157e+03
6.37430806e-07 5.04094344e+03 5.87816344e+03
6.37861812e-07 5.05441431e+03 5.92264788e+03
6.38292818e-07 4.87822461e+03 5.92647770e+03
6.38723824e-07 4.89498294e+03 5.87676662e+03
6.39154830e-07 5.05901766e+03 5.83924994e+03
6.39585836e-07 5.63397315e+03 5.88795869e+03
6.40016842e-07 5.39419430e+03 5.79380908e+03
6.40447848e-07 5.65285968e+03 5.82865378e+03
6.40878853e-07 5.07927070e+03 5.71907843e+03
6.41309859e-07 5.09622029e+03 5.72363062e+03
6.41740865e-07 5.12833661e+03 5.86404231e+03
6.42171871e-07 5.28847987e+03 5.89657952e+03
6.42602877e-07 4.89722730e+03 5.66795292e+03
6.43033883e-07 4.99123023e+03 5.57849577e+03
6.43464889e-07 5.81317165e+03 5.95405101e+03
6.43895894e-07 5.34335942e+03 5.77812165e+03
6.44326900e-07 5.02799261e+03 5.63740584e+03
6.44757906e-07 5.66289928e+03 5.97645659e+03
6.45188912e-07 5.28651085e+03 5.93260901e+03
6.45619918e-07 4.79049442e+03 5.81339412e+03
6.46050924e-07 5.34209468e+03 6.21873231e+03
6.46481930e-07 5.32389194e+03 6.71108817e+03
6.46912935e-07 5.07217878e+03 6.65641717e+03
6.47343941e-07 4.93995921e+03 6.14392875e+03
6.47774947e-07 5.56390507e+03 6.11693169e+03
6.48205953e-07 5.45976265e+03 5.95964316e+03
6.48636959e-07 5.05294544e+03 5.66851801e+03
6.49067965e-07 5.02604806e+03 5.80737277e+03
6.49498971e-07 5.26638313e+03 6.51830509e+03
6.49929977e-07 5.57461508e+03 7.11926961e+03
6.50360982e-07 5.54058902e+03 6.84913599e+03
6.50791988e-07 4.99821702e+03 6.15651338e+03
6.51222994e-07 4.98795994e+03 5.85332958e+03
6.51654000e-07 5.41835919e+03 5.99504724e+03
6.52085006e-07 5.17141009e+03 6.08173080e+03
6.52516012e-07 5.32371899e+03 6.24072985e+03
6.52947018e-07 5.19865197e+03 6.69870680e+03
6.53378023e-07 5.49690606e+03 6.74674291e+03
6.53809029e-07 5.56945462e+03 6.57696591e+03
6.54240035e-07 5.37406185e+03 6.47711086e+03
6.54671041e-07 5.72288451e+03 6.76438178e+03
6.55102047e-07 5.81161476e+03 7.09119079e+03
6.55533053e-07 5.89694596e+03 7.10517240e+03
6.55964059e-07 5.77235175e+03 6.53970150e+03
6.56395065e-07 5.32811716e+03 6.13399220e+03
6.56826070e-07 5.61456346e+03 6.41103641e+03
6.57257076e-07 5.42060900e+03 6.60695266e+03
6.57688082e-07 5.39166128e+03 6.84403405e+03
6.58119088e-07 5.74106194e+03 6.74036608e+03
6.58550094e-07 5.96272606e+03 6.46286647e+03
6.58981100e-07 6.26119984e+03 6.48043591e+03
6.59412106e-07 6.33986994e+03 6.67203876e+03
6.59843111e-07 6.15665155e+03 6.69440195e+03
6.60274117e-07 6.13151307e+03 6.76369864e+03
6.60705123e-07 5.92753135e+03 6.58974275e+03
6.61136129e-07 5.91216694e+03 6.37829905e+03
6.61567135e-07 5.98051718e+03 6.36035969e+03
6.61998141e-07 5.74584703e+03 6.24737065e+03
6.62429147e-07 5.41381731e+03 6.19918496e+03
6.62860152e-07 5.36447109e+03 6.21962246e+03
6.63291158e-07 5.71654832e+03 6.35540525e+03
6.63722164e-07 5.94155026e+03 6.52234571e+03
6.64153170e-07 5.51308062e+03 6.25753194e+03
6.64584176e-07 5.79760847e+03 6.20449101e+03
6.65015182e-07 5.72697986e+03 6.24783623e+03
6.65446188e-07 5.98938547e+03 6.36282405e+03
6.65877194e-07 6.05871652e+03 6.45571747e+03
6.66308199e-07 5.83467536e+03 6.45826952e+03
6.66739205e-07 5.80658883e+03 6.48475921e+03
6.67170211e-07 5.71336867e+03 6.30776555e+03
6.67601217e-07 5.87391222e+03 6.29208884e+03
6.68032223e-07 6.03672745e+03 6.36760761e+03
6.68463229e-07 5.65085913e+03 6.19565824e+03
6.68894235e-07 5.68997089e+03 6.24449407e+03
6.69325240e-07 5.85560766e+03 6.29535212e+03
6.69756246e-07 5.62571560e+03 6.26696059e+03
6.70187252e-07 6.09923272e+03 6.57574787e+03
6.70618258e-07 6.27891586e+03 6.68223532e+03
6.71049264e-07 5.83049044e+03 6.44887483e+03
6.71480270e-07 5.62133088e+03 6.35081417e+03
6.71911276e-07 5.88364250e+03 6.50546651e+03
6.72342282e-07 5.52500865e+03 6.20168063e+03
6.72773287e-07 5.32410691e+03 6.11902947e+03
6.73204293e-07 5.69410438e+03 6.32115694e+03
6.73635299e-07 5.84323823e+03 6.46863495e+03
6.74066305e-07 5.45675382e+03 6.37863107e+03
6.74497311e-07 5.69609749e+03 6.40440482e+03
6.74928317e-07 5.97608751e+03 6.43451701e+03
6.75359323e-07 5.68165671e+03 6.28445444e+03
6.75790328e-07 5.54840727e+03 6.31869364e+03
6.76221334e-07 5.89355771e+03 6.39587209e+03
6.76652340e-07 6.04441587e+03 6.52573447e+03
6.77083346e-07 6.13720756e+03 6.46854820e+03
6.77514352e-07 5.89940663e+03 6.34952675e+03
6.77945358e-07 6.04376276e+03 6.47242156e+03
6.78376364e-07 5.91160139e+03 6.48593352e+03
6.78807370e-07 5.72290049e+03 6.35621536e+03
6.79238375e-07 5.57982590e+03 6.26563057e+03
6.79669381e-07 5.50664046e+03 6.18299113e+03
6.80100387e-07 5.48975310e+03 6.26913780e+03
6.80531393e-07 5.18804253e+03 6.02745952e+03
6.80962399e-07 5.80819813e+03 6.28356623e+03
6.81393405e-07 5.72038250e+03 6.30765318e+03
6.81824411e-07 5.98397619e+03 6.47999725e+03
6.82255416e-07 5.63801710e+03 6.91148844e+03
6.82686422e-07 5.70894457e+03 8.42011493e+03
6.83117428e-07 5.71237535e+03 9.34588507e+03
6.83548434e-07 5.21984556e+03 8.39984332e+03
6.83979440e-07 5.33330344e+03 7.22008261e+03
6.84410446e-07 6.14967048e+03 7.03358104e+03
6.84841452e-07 5.82588440e+03 6.61610989e+03
6.85272457e-07 6.67339780e+03 6.93514260e+03
6.85703463e-07 6.13762450e+03 7.32869787e+03
6.86134469e-07 8.03068106e+03 1.01331635e+04
6.86565475e-07 1.47148697e+04 1.32837960e+04
6.86996481e-07 1.58724692e+04 1.18833158e+04
6.87427487e-07 9.52442956e+03 8.13008201e+03
6.87858493e-07 5.76414825e+03 6.48002242e+03
6.88289499e-07 5.91249246e+03 6.79857404e+03
6.88720504e-07 7.71837892e+03 7.90689156e+03
6.89151510e-07 7.44374733e+03 7.61492671e+03
6.89582516e-07 6.35519865e+03 6.97305387e+03
6.90013522e-07 5.10883208e+03 6.52377688e+03
6.90444528e-07 5.59313024e+03 6.66301107e+03
6.90875534e-07 5.08347101e+03 6.68297424e+03
6.91306540e-07 6.00033543e+03 7.35137401e+03
6.91737545e-07 5.95782163e+03 7.59055044e+03
6.92168551e-07 6.20175337e+03 8.31279146e+03
6.92599557e-07 6.49768666e+03 8.06157380e+03
6.93030563e-07 5.61230794e+03 6.76206206e+03
6.93461569e-07 5.57839887e+03 6.81943860e+03
6.93892575e-07 5.21562814e+03 7.06498181e+03
6.94323581e-07 6.30069817e+03 7.78040667e+03
6.94754587e-07 5.92880122e+03 8.27361628e+03
6.95185592e-07 5.85511788e+03 7.96657114e+03
6.95616598e-07 5.43048826e+03 6.72276609e+03
6.96047604e-07 5.54220923e+03 6.63518139e+03
6.96478610e-07 5.67258345e+03 6.88871414e+03
6.96909616e-07 5.72324052e+03 7.28268298e+03
6.97340622e-07 5.84975433e+03 7.73497128e+03
6.97771628e-07 5.51644637e+03 7.84484142e+03
6.98202633e-07 5.68413941e+03 7.47031996e+03
6.98633639e-07 5.38320508e+03 6.69935466e+03
6.99064645e-07 5.36109763e+03 6.54260936e+03
6.99495651e-07 5.58931879e+03 6.71458338e+03
6.99926657e-07 5.21965556e+03 6.62026735e+03
7.00357663e-07 5.68331742e+03 7.02818111e+03
7.00788669e-07 5.89193871e+03 7.26111704e+03
7.01219674e-07 6.10632151e+03 7.39879988e+03
7.01650680e-07 5.29773618e+03 6.71132558e+03
7.02081686e-07 5.99421755e+03 6.81499005e+03
7.02512692e-07 7.88973732e+03 7.70556896e+03
7.02943698e-07 1.00934495e+04 1.44763346e+04
7.03374704e-07 8.66905720e+03 1.33298964e+04
7.03805710e-07 6.69698957e+03 1.19606040e+04
7.04236716e-07 8.54257623e+03 1.39207752e+04
7.04667721e-07 8.93613263e+03 1.47870548e+04
7.05098727e-07 6.10871463e+03 7.56854987e+03
7.05529733e-07 5.42502585e+03 6.93308412e+03
7.05960739e-07 5.30041044e+03 6.78933962e+03
7.06391745e-07 5.68167008e+03 7.15394434e+03
7.06822751e-07 5.01686515e+03 6.71253122e+03
7.07253757e-07 5.84481282e+03 7.14225447e+03
7.07684762e-07 4.81504726e+03 6.61934367e+03
7.08115768e-07 6.29108387e+03 7.37366865e+03
7.08546774e-07 5.54941791e+03 7.11695080e+03
7.08977780e-07 5.27241449e+03 7.07081455e+03
7.09408786e-07 5.44962863e+03 6.89868080e+03
7.09839792e-07 5.63574587e+03 6.87069795e+03
7.10270798e-07 5.28014545e+03 6.63586829e+03
7.10701804e-07 5.39570965e+03 6.76173863e+03
7.11132809e-07 5.75404146e+03 6.97170887e+03
7.11563815e-07 5.29875347e+03 6.73975466e+03
7.11994821e-07 5.50527018e+03 6.84566798e+03
7.12425827e-07 5.70147790e+03 6.93136950e+03
7.12856833e-07 5.45751251e+03 6.86776512e+03
7.13287839e-07 5.51786380e+03 6.94691924e+03
7.13718845e-07 5.33909204e+03 6.88967841e+03
7.14149850e-07 4.97989464e+03 7.01771106e+03
7.14580856e-07 5.04468205e+03 7.11357309e+03
7.15011862e-07 5.46717539e+03 7.08833778e+03
7.15442868e-07 4.94269141e+03 8.65255281e+03
7.15873874e-07 5.44164540e+03 8.97692233e+03
7.16304880e-07 4.43650265e+03 8.34384246e+03
7.16735886e-07 5.39835121e+03 8.81705520e+03
7.17166891e-07 4.66267708e+03 8.25127203e+03
7.17597897e-07 4.81025600e+03 8.20564103e+03
7.18028903e-07 3.98053424e+03 5.86325592e+03
7.18459909e-07 4.49695571e+03 6.10381617e+03
7.18890915e-07 4.40684123e+03 5.86285506e+03
7.19321921e-07 4.09646644e+03 5.74117127e+03
7.19752927e-07 4.38794052e+03 5.85912165e+03
7.20183933e-07 4.24315809e+03 5.75362793e+03
7.20614938e-07 4.17776760e+03 5.86125776e+03
7.21045944e-07 4.69821543e+03 6.22816935e+03
7.21476950e-07 4.79511968e+03 6.40790863e+03
7.21907956e-07 5.04544442e+03 6.60552018e+03
7.22338962e-07 4.95970083e+03 6.56179899e+03
7.22769968e-07 5.02147879e+03 6.71581301e+03
7.23200974e-07 4.47959912e+03 6.74225233e+03
7.23631979e-07 4.93281106e+03 9.49046592e+03
7.24062985e-07 4.65347357e+03 1.24680847e+04
7.24493991e-07 4.94040122e+03 1.25656432e+04
7.24924997e-07 3.97109549e+03 9.04020101e+03
7.25356003e-07 4.80088978e+03 7.54251033e+03
7.25787009e-07 4.21690945e+03 6.62843539e+03
7.26218015e-07 4.63574795e+03 6.56664041e+03
7.26649021e-07 4.68471015e+03 6.81228634e+03
7.27080026e-07 5.28423160e+03 9.12847138e+03
7.27511032e-07 4.15009377e+03 1.15636447e+04
7.27942038e-07 4.82326319e+03 1.16600349e+04
7.28373044e-07 5.21486513e+03 1.00216046e+04
7.28804050e-07 5.27249808e+03 8.52974836e+03
7.29235056e-07 5.25393912e+03 7.48930265e+03
7.29666062e-07 4.65860829e+03 7.28274082e+03
7.30097067e-07 5.01277041e+03 7.84506213e+03
7.30528073e-07 4.69775934e+03 7.69755276e+03
7.30959079e-07 5.14987110e+03 8.41574899e+03
7.31390085e-07 4.49610912e+03 1.07414284e+04
7.31821091e-07 5.57439667e+03 1.13494297e+04
7.32252097e-07 5.79709626e+03 8.70668800e+03
7.32683103e-07 5.37038704e+03 8.78564422e+03
7.33114109e-07 4.84760933e+03 8.94127524e+03
7.33545114e-07 6.34846100e+03 1.03065732e+04
7.33976120e-07 5.69377358e+03 1.32426732e+04
7.34407126e-07 4.87425439e+03 1.09846125e+04
7.34838132e-07 6.09725634e+03 8.41783906e+03
7.35269138e-07 5.73949743e+03 8.09007230e+03
7.35700144e-07 4.61709190e+03 8.50668063e+03
7.36131150e-07 5.28121678e+03 9.13964181e+03
7.36562155e-07 5.64380337e+03 1.02252438e+04
7.36993161e-07 4.68282840e+03 1.07699025e+04
7.37424167e-07 5.66106269e+03 9.29150712e+03
7.37855173e-07 5.77992324e+03 7.60397117e+03
7.38286179e-07 5.26993689e+03 7.13186201e+03
7.38717185e-07 5.62252475e+03 7.95517171e+03
7.39148191e-07 5.16336807e+03 8.47906038e+03
7.39579196e-07 5.69065361e+03 8.98519361e+03
7.40010202e-07 5.30553155e+03 9.91517791e+03
7.40441208e-07 4.85676114e+03 9.13103953e+03
7.40872214e-07 5.81766675e+03 7.74338392e+03
7.41303220e-07 5.09232066e+03 9.14805718e+03
7.41734226e-07 4.79002823e+03 9.00050960e+03
7.42165232e-07 4.81695403e+03 9.04447539e+03
7.42596238e-07 4.86161986e+03 9.70067105e+03
7.43458249e-07 5.62680931e+03 8.41221367e+03
7.43889255e-07 5.14391945e+03 8.48776234e+03
7.44320261e-07 5.32243658e+03 7.70403949e+03
7.44751267e-07 4.99897162e+03 6.99115855e+03
7.45182273e-07 5.06365511e+03 6.95980801e+03
7.45613279e-07 4.89768749e+03 7.00461174e+03
7.46044284e-07 5.38721386e+03 7.42865176e+03
7.46475290e-07 5.89589879e+03 8.14421219e+03
7.46906296e-07 5.79385142e+03 8.82340240e+03
7.47337302e-07 5.48861444e+03 9.09564205e+03
7.47768308e-07 5.19024085e+03 8.98375756e+03
7.48199314e-07 4.63564255e+03 8.83610699e+03
7.48630320e-07 5.86099407e+03 8.59429007e+03
7.49061326e-07 5.58950872e+03 7.72497039e+03
7.49492331e-07 5.23989675e+03 7.35752968e+03
7.49923337e-07 5.00279809e+03 7.02146589e+03
7.50354343e-07 4.59176719e+03 6.69098075e+03
7.50785349e-07 4.88443333e+03 6.88871045e+03
7.51216355e-07 5.52822668e+03 7.34740194e+03
7.51647361e-07 6.16122029e+03 8.33526406e+03
7.52078367e-07 5.39018182e+03 1.02405694e+04
7.52509372e-07 5.35592539e+03 1.11483128e+04
7.52940378e-07 5.84596684e+03 9.70413744e+03
7.53371384e-07 4.91866958e+03 7.87794859e+03
7.53802390e-07 5.09065830e+03 7.47429785e+03
7.54233396e-07 5.10171558e+03 7.44255851e+03
7.54664402e-07 5.03345858e+03 6.98197158e+03
7.55095408e-07 5.33540189e+03 7.39003362e+03
7.55526413e-07 5.73325629e+03 8.04640245e+03
7.55957419e-07 5.54130923e+03 7.89722459e+03
7.56388425e-07 5.24601073e+03 7.64212979e+03
7.56819431e-07 5.10078381e+03 9.20138761e+03
7.57250437e-07 4.94605293e+03 9.91566504e+03
7.57681443e-07 5.79937318e+03 8.62302280e+03
7.58112449e-07 6.22295190e+03 8.07658228e+03
7.58543455e-07 4.85580113e+03 7.83561757e+03
7.58974460e-07 4.59252458e+03 7.06121163e+03
7.59405466e-07 3.86292724e+03 6.26625356e+03
7.59836472e-07 2.19239563e+03 5.43511059e+03
7.60267478e-07 1.75309880e+03 4.64974660e+03
7.60698484e-07 1.85896610e+03 4.29910083e+03
7.61129490e-07 2.46122208e+03 4.79768604e+03
7.61560496e-07 2.54360457e+03 5.65743706e+03
7.61991501e-07 2.37795921e+03 6.05755402e+03
7.62422507e-07 3.15346595e+03 6.30370213e+03
7.62853513e-07 2.50811671e+03 5.99600682e+03
7.63284519e-07 2.16751478e+03 5.37887580e+03
7.63715525e-07 2.75133145e+03 5.37820840e+03
7.64146531e-07 2.99457086e+03 5.41137736e+03
7.64577537e-07 3.37807390e+03 5.66768316e+03
7.65008543e-07 3.81066520e+03 6.23289082e+03
7.65439548e-07 3.79841276e+03 6.55210514e+03
7.65870554e-07 4.21828991e+03 7.04149566e+03
7.66301560e-07 4.29824502e+03 7.33013380e+03
7.66732566e-07 4.50243455e+03 7.01178622e+03
7.67163572e-07 4.62185322e+03 6.73395332e+03
7.67594578e-07 4.53917300e+03 6.79879503e+03
7.68025584e-07 5.08184416e+03 7.25563297e+03
7.68456589e-07 5.35091976e+03 7.72685572e+03
7.68887595e-07 5.24316051e+03 7.89704099e+03
7.69318601e-07 5.09288410e+03 7.90768087e+03
7.69749607e-07 4.91025170e+03 7.82405444e+03
7.70180613e-07 4.98494801e+03 7.70869688e+03
7.70611619e-07 5.80456230e+03 9.40444289e+03
7.71042625e-07 5.22249705e+03 1.44581383e+04
7.71473630e-07 4.77210392e+03 1.87624275e+04
7.71904636e-07 6.81662077e+03 1.61235379e+04
7.72335642e-07 6.51195075e+03 1.18779658e+04
7.72766648e-07 5.87055176e+03 9.78671623e+03
7.73197654e-07 4.80375503e+03 8.23439335e+03
7.73628660e-07 4.75440409e+03 7.77009261e+03
7.74059666e-07 5.94215707e+03 8.41439520e+03
7.74490672e-07 6.10912785e+03 1.18138779e+04
7.74921677e-07 4.57226649e+03 1.66831269e+04
7.75352683e-07 6.08364637e+03 1.57057437e+04
7.75783689e-07 5.98329230e+03 1.23886650e+04
7.76214695e-07 5.25284439e+03 1.05007843e+04
7.76645701e-07 5.35859379e+03 9.05834596e+03
7.77076707e-07 5.46507998e+03 9.71163771e+03
7.77507713e-07 4.73127368e+03 1.00859654e+04
7.77938718e-07 4.13687234e+03 9.54675491e+03
7.78369724e-07 4.96673795e+03 9.30083340e+03
7.78800730e-07 5.51168559e+03 1.09166027e+04
7.79231736e-07 4.64400894e+03 1.42114730e+04
7.79662742e-07 5.78909201e+03 1.33474792e+04
7.80093748e-07 6.67883601e+03 1.01360732e+04
7.80524754e-07 5.14425748e+03 1.00298975e+04
7.80955760e-07 4.56718197e+03 1.01979591e+04
7.81386765e-07 6.52201216e+03 1.09295706e+04
7.81817771e-07 5.00839388e+03 1.43732549e+04
7.82248777e-07 4.68795071e+03 1.55215408e+04
7.82679783e-07 6.41962175e+03 1.15563465e+04
7.83110789e-07 5.38070850e+03 8.56525299e+03
7.83541795e-07 4.89832906e+03 8.90169572e+03
7.83972801e-07 4.90482418e+03 1.00257296e+04
7.84403806e-07 6.28886985e+03 1.07138532e+04
7.84834812e-07 6.22451857e+03 1.35484517e+04
7.85265818e-07 4.55871735e+03 1.67009200e+04
7.85696824e-07 5.56321835e+03 1.57829538e+04
7.86127830e-07 6.62444981e+03 1.33969388e+04
7.86558836e-07 6.03640546e+03 1.22672494e+04
7.86989842e-07 4.31239308e+03 1.19050846e+04
7.87420848e-07 5.13001810e+03 1.16534516e+04
7.87851853e-07 4.98353204e+03 1.13203487e+04
7.88282859e-07 5.65558078e+03 1.17046162e+04
7.88713865e-07 5.48651254e+03 1.26127059e+04
7.89144871e-07 4.83836785e+03 1.19551078e+04
7.89575877e-07 5.54250852e+03 9.71411460e+03
7.90006883e-07 5.13688758e+03 8.25193502e+03
7.90437889e-07 5.64254266e+03 8.79610023e+03
7.90868894e-07 5.58454325e+03 1.34799972e+04
7.91299900e-07 4.85577074e+03 1.84969952e+04
7.91730906e-07 5.66535358e+03 1.76014409e+04
7.92161912e-07 5.63114936e+03 1.38512012e+04
7.92592918e-07 5.92435412e+03 1.16816461e+04
7.93023924e-07 4.91360115e+03 1.10157394e+04
7.93454930e-07 4.95923038e+03 9.86378064e+03
7.93885935e-07 5.82753097e+03 1.49866858e+04
