7.80500000e-02
3.62059061e-07 4.95926269e+01 3.74155939e+02
3.62490091e-07 2.14653587e+01 3.47307284e+02
3.62921121e-07 2.24810893e+01 3.79379828e+02
3.66800394e-07 4.71800655e+01 3.85657378e+02
3.67231424e-07 2.82955797e+01 3.91192862e+02
3.67662455e-07 3.44713695e+01 4.00131338e+02
3.68093485e-07 4.10284714e+01 3.81602738e+02
3.68524515e-07 4.10252738e+01 3.66853402e+02
3.68955545e-07 4.04151349e+01 3.94350656e+02
3.69386576e-07 5.75978391e+01 4.17399923e+02
3.69817606e-07 7.15568198e+01 4.48583845e+02
3.70679667e-07 2.49770400e+00 4.43618683e+02
3.71110697e-07 4.98800288e+01 4.42231528e+02
3.71972758e-07 8.15746458e+01 4.45062053e+02
3.72403788e-07 1.46228617e+02 5.23927688e+02
3.72834818e-07 4.95883107e+01 5.06661823e+02
3.73265848e-07 6.60578348e+00 4.96682762e+02
3.73696879e-07 3.50533459e+01 5.11004613e+02
3.74127909e-07 1.88416698e+01 5.00597892e+02
3.74989970e-07 1.59759433e+02 5.47786674e+02
3.75421000e-07 1.93765853e+02 5.65347689e+02
3.75852030e-07 8.57960269e+01 4.98458250e+02
3.76283061e-07 1.24175309e+02 5.07403440e+02
3.76714091e-07 1.08842427e+02 5.10577992e+02
3.77145121e-07 1.23240815e+02 5.31044644e+02
3.77576152e-07 9.09893605e+01 5.31396249e+02
3.78007182e-07 8.26327435e+01 5.31845194e+02
3.78438212e-07 7.99263927e+01 5.36995188e+02
3.78869242e-07 1.18362111e+02 5.17347007e+02
3.79300273e-07 1.22124626e+02 5.18853087e+02
3.79731303e-07 4.83538554e+01 4.90452074e+02
3.80162333e-07 3.52414649e+01 4.95120402e+02
3.80593364e-07 1.46672688e+02 5.70411741e+02
3.81024394e-07 1.53060928e+02 5.94598133e+02
3.81455424e-07 7.56600407e+01 5.55340318e+02
3.81886455e-07 9.21959799e+01 5.47965006e+02
3.82317485e-07 4.59969841e+01 5.13771666e+02
3.82748515e-07 1.37935219e+02 5.87712219e+02
3.83179545e-07 1.12561403e+02 6.05650167e+02
3.83610576e-07 1.24939543e+02 6.28109770e+02
3.84041606e-07 1.30749851e+02 6.12889953e+02
3.84472636e-07 1.80208304e+02 6.34742332e+02
3.84903667e-07 2.06697644e+02 6.63542010e+02
3.85334697e-07 2.21094076e+02 6.45058231e+02
3.85765727e-07 1.32125297e+02 5.83751428e+02
3.86196758e-07 1.44103919e+02 5.88032319e+02
3.86627788e-07 2.18397577e+02 6.58793873e+02
3.87058818e-07 1.59443692e+02 5.86786030e+02
3.87489848e-07 1.84771661e+02 5.99577130e+02
3.87920879e-07 2.16973812e+02 6.25352067e+02
3.88351909e-07 2.75096975e+02 6.44254452e+02
3.88782939e-07 2.40474131e+02 6.43990038e+02
3.89213970e-07 1.40876461e+02 6.01688276e+02
3.89645000e-07 2.20766545e+02 6.73748771e+02
3.90076030e-07 3.99244442e+02 7.89591718e+02
3.90507061e-07 3.41841453e+02 8.00364488e+02
3.90938091e-07 2.44620199e+02 7.59549246e+02
3.91369121e-07 2.80697829e+02 7.88616404e+02
3.91800152e-07 2.80073808e+02 7.38505330e+02
3.92231182e-07 3.31257512e+02 7.24398304e+02
3.92662212e-07 3.55316500e+02 6.90548931e+02
3.93093242e-07 2.84839221e+02 6.38699668e+02
3.93524273e-07 2.42931757e+02 6.41552074e+02
3.93955303e-07 3.06618361e+02 7.25682612e+02
3.94386333e-07 3.33041552e+02 7.83121836e+02
3.94817364e-07 1.89177954e+02 7.17949039e+02
3.95248394e-07 2.81281460e+02 7.66231084e+02
3.95679424e-07 2.33495962e+02 7.23494289e+02
3.96110455e-07 3.59424020e+02 7.35553114e+02
3.96541485e-07 2.81102077e+02 6.70835497e+02
3.96972515e-07 3.40347041e+02 7.14822662e+02
3.97403545e-07 2.54562662e+02 7.58348260e+02
3.97834576e-07 2.77468717e+02 7.87574878e+02
3.98265606e-07 2.55184558e+02 8.00603649e+02
3.98696636e-07 2.71435535e+02 7.97531917e+02
3.99127667e-07 3.58245356e+02 8.60689859e+02
3.99558697e-07 3.20031912e+02 8.10182583e+02
3.99989727e-07 3.84510035e+02 8.73505343e+02
4.00420758e-07 4.19272516e+02 8.95496526e+02
4.00851788e-07 4.58029672e+02 9.64332477e+02
4.01282818e-07 6.89411427e+02 1.08071517e+03
4.01713848e-07 8.75107171e+02 1.14216176e+03
4.02144879e-07 8.58481392e+02 1.13150870e+03
4.02575909e-07 6.37925794e+02 1.06048148e+03
4.03006939e-07 3.34144371e+02 8.72040669e+02
4.03437970e-07 3.27284237e+02 8.92541626e+02
4.03869000e-07 4.34179985e+02 9.71456501e+02
4.04300030e-07 4.48005262e+02 1.00721383e+03
4.04731061e-07 5.13680991e+02 1.02861065e+03
4.05162091e-07 4.41574222e+02 9.60531473e+02
4.05593121e-07 4.58952911e+02 9.53085365e+02
4.06024152e-07 5.15194413e+02 1.01199711e+03
4.06455182e-07 3.67258716e+02 9.96521680e+02
4.06886212e-07 4.66334342e+02 1.04185996e+03
4.07317242e-07 4.86784679e+02 1.03461512e+03
4.07748273e-07 5.80920462e+02 1.09315606e+03
4.08179303e-07 6.31234931e+02 1.13008401e+03
4.08610333e-07 5.70532713e+02 1.06858487e+03
4.09041364e-07 3.83485746e+02 9.80162260e+02
4.09472394e-07 4.89353491e+02 9.98948573e+02
4.09903424e-07 5.02799185e+02 9.74929836e+02
4.10334455e-07 4.97644741e+02 9.74350422e+02
4.10765485e-07 5.94716866e+02 1.02909106e+03
4.11196515e-07 6.15544832e+02 1.06336709e+03
4.11627545e-07 5.86432626e+02 1.05552026e+03
4.12058576e-07 6.47726834e+02 1.09851880e+03
4.12489606e-07 5.17973917e+02 1.07071877e+03
4.12920636e-07 5.27891593e+02 1.04102726e+03
4.13351667e-07 5.61499624e+02 1.07868732e+03
4.13782697e-07 5.35792645e+02 1.05073722e+03
4.14213727e-07 5.84090137e+02 1.07583237e+03
4.14644758e-07 6.12147221e+02 1.10156334e+03
4.15075788e-07 7.00534709e+02 1.13770520e+03
4.15506818e-07 7.70121720e+02 1.20006395e+03
4.15937848e-07 6.60747306e+02 1.19178539e+03
4.16368879e-07 7.61998154e+02 1.29336944e+03
4.16799909e-07 7.56893548e+02 1.30631870e+03
4.17230939e-07 6.31365689e+02 1.21901865e+03
4.17661970e-07 6.36919968e+02 1.21846064e+03
4.18093000e-07 7.06570229e+02 1.18863434e+03
4.18524030e-07 6.49947717e+02 1.14050185e+03
4.18955061e-07 4.89984319e+02 1.07953775e+03
4.19386091e-07 6.41222571e+02 1.14152796e+03
4.19817121e-07 6.96081814e+02 1.13852721e+03
4.20248152e-07 6.54491823e+02 1.12543711e+03
4.20679182e-07 7.99427904e+02 1.22806288e+03
4.21110212e-07 7.88063290e+02 1.22834196e+03
4.21541242e-07 9.49084092e+02 1.27132723e+03
4.21972273e-07 8.86812479e+02 1.23776596e+03
4.22403303e-07 7.19318800e+02 1.16299069e+03
4.22834333e-07 7.99757747e+02 1.17857440e+03
4.23265364e-07 5.89830556e+02 1.10815559e+03
4.23696394e-07 7.01094007e+02 1.17747580e+03
4.24127424e-07 8.02074191e+02 1.20677904e+03
4.24558455e-07 8.20539159e+02 1.24235668e+03
4.24989485e-07 9.20194411e+02 1.35887791e+03
4.25420515e-07 8.66583418e+02 1.32850341e+03
4.25851545e-07 1.03391421e+03 1.36477021e+03
4.26282576e-07 8.18806954e+02 1.27941423e+03
4.26713606e-07 8.43616978e+02 1.27179988e+03
4.27144636e-07 7.82367997e+02 1.23918041e+03
4.27575667e-07 7.08780492e+02 1.22107012e+03
4.28006697e-07 5.25708495e+02 1.14707923e+03
4.28437727e-07 9.05788898e+02 1.33996698e+03
4.28868758e-07 8.32349498e+02 1.27696337e+03
4.29299788e-07 7.73639504e+02 1.23794614e+03
4.29730818e-07 8.91642418e+02 1.29146377e+03
4.30161848e-07 1.11441253e+03 1.36980388e+03
4.30592879e-07 1.02921631e+03 1.34348725e+03
4.31023909e-07 1.12260405e+03 1.40865413e+03
4.31454939e-07 1.09343864e+03 1.46567313e+03
4.31885970e-07 1.06298886e+03 1.48339328e+03
4.32317000e-07 1.02099500e+03 1.41354352e+03
4.32748030e-07 9.70447152e+02 1.40721132e+03
4.33179061e-07 1.23586890e+03 1.50322166e+03
4.33610091e-07 1.13149236e+03 1.46111416e+03
4.34041121e-07 1.28750107e+03 1.52366459e+03
4.34472152e-07 1.08106863e+03 1.46113898e+03
4.34903182e-07 1.14703586e+03 1.47582852e+03
4.35334212e-07 1.07696468e+03 1.47782631e+03
4.35765242e-07 1.07043868e+03 1.52096364e+03
4.36196273e-07 1.11093865e+03 1.52916482e+03
4.36627303e-07 1.13368555e+03 1.49404471e+03
4.37058333e-07 1.15536079e+03 1.51736129e+03
4.37489364e-07 1.12477022e+03 1.49873985e+03
4.37920394e-07 1.18700781e+03 1.52423841e+03
4.38351424e-07 1.19021633e+03 1.50126341e+03
4.38782455e-07 1.10862954e+03 1.47914274e+03
4.39213485e-07 8.88200970e+02 1.41223645e+03
4.39644515e-07 1.00563555e+03 1.49415365e+03
4.40075545e-07 1.19657889e+03 1.59524848e+03
4.40506576e-07 1.14258692e+03 1.63339102e+03
4.40937606e-07 1.07007681e+03 1.66503544e+03
4.41368636e-07 9.91012907e+02 1.62486205e+03
4.41799667e-07 9.70831283e+02 1.60387085e+03
4.42230697e-07 1.05055545e+03 1.62214271e+03
4.42661727e-07 1.08762544e+03 1.61500041e+03
4.43092758e-07 1.03832816e+03 1.56937883e+03
4.43523788e-07 9.78500939e+02 1.55013608e+03
4.43954818e-07 1.11289931e+03 1.61498174e+03
4.44385848e-07 1.16272383e+03 1.65982801e+03
4.44816879e-07 1.06949097e+03 1.58195085e+03
4.45247909e-07 1.05829131e+03 1.55695586e+03
4.45678939e-07 1.23300997e+03 1.59949002e+03
4.46109970e-07 1.19304962e+03 1.62116843e+03
4.46541000e-07 1.10572760e+03 1.60164120e+03
4.46972030e-07 1.13562337e+03 1.61291383e+03
4.47403061e-07 1.21265954e+03 1.64829770e+03
4.47834091e-07 1.41509806e+03 1.73786829e+03
4.48265121e-07 1.37536029e+03 1.72770055e+03
4.48696152e-07 1.28452121e+03 1.72259363e+03
4.49127182e-07 1.46435437e+03 1.77091805e+03
4.49558212e-07 1.41357832e+03 1.79732405e+03
4.49989242e-07 1.28673386e+03 1.75480754e+03
4.50420273e-07 1.19739049e+03 1.71113701e+03
4.50851303e-07 1.47187367e+03 1.81967606e+03
4.51282333e-07 1.46132454e+03 1.83765292e+03
4.51713364e-07 1.32851092e+03 1.79504791e+03
4.52144394e-07 1.33913335e+03 1.81394469e+03
4.52575424e-07 1.39581800e+03 1.87376656e+03
4.53006455e-07 1.31097945e+03 1.84728851e+03
4.53437485e-07 1.44044641e+03 1.91203606e+03
4.53868515e-07 1.48236927e+03 1.93394800e+03
4.54299545e-07 1.34913031e+03 1.88681813e+03
4.54730576e-07 1.53870860e+03 1.96022689e+03
4.55161606e-07 1.45545041e+03 1.91332287e+03
4.55592636e-07 1.35732562e+03 1.88672179e+03
4.56023667e-07 1.49829427e+03 1.93319341e+03
4.56454697e-07 1.47611680e+03 1.90365069e+03
4.56885727e-07 1.55897096e+03 1.93075623e+03
4.57316758e-07 1.50658925e+03 1.95972377e+03
4.57747788e-07 1.64351869e+03 2.03767703e+03
4.58178818e-07 1.61463050e+03 2.01457896e+03
4.58609848e-07 1.47602896e+03 1.96318255e+03
4.59040879e-07 1.56195516e+03 1.98329983e+03
4.59471909e-07 1.52173372e+03 1.95643899e+03
4.59902939e-07 1.52327863e+03 1.97044916e+03
4.60333970e-07 1.58900538e+03 1.97518577e+03
4.60765000e-07 1.56704496e+03 1.97190742e+03
4.61196030e-07 1.56659455e+03 1.97214473e+03
4.61627061e-07 1.48913332e+03 1.94238313e+03
4.62058091e-07 1.73151138e+03 2.07294879e+03
4.62489121e-07 1.58631513e+03 2.02905678e+03
4.62920152e-07 1.66151813e+03 2.06219523e+03
4.63351182e-07 1.73884915e+03 2.07431568e+03
4.63782212e-07 1.51628942e+03 1.92746677e+03
4.64213242e-07 1.47684622e+03 1.93622585e+03
4.64644273e-07 1.33571816e+03 1.89585586e+03
4.65075303e-07 1.31269354e+03 1.87602391e+03
4.65506333e-07 1.91503125e+03 2.19498445e+03
4.65937364e-07 1.79262241e+03 2.17911831e+03
4.66368394e-07 1.64340189e+03 2.11704250e+03
4.66799424e-07 1.64940466e+03 2.10537412e+03
4.67230455e-07 1.45556129e+03 2.03322681e+03
4.67661485e-07 1.76745923e+03 2.19426611e+03
4.68092515e-07 1.88903925e+03 2.24504427e+03
4.68523545e-07 1.43882528e+03 2.02244107e+03
4.68954576e-07 1.48110410e+03 2.04206189e+03
4.69385606e-07 1.73440512e+03 2.14851689e+03
4.69816636e-07 1.66274518e+03 2.09260965e+03
4.70247667e-07 1.73595307e+03 2.12415864e+03
4.70678697e-07 1.72809670e+03 2.18127176e+03
4.71109727e-07 1.60330721e+03 2.10030195e+03
4.71540758e-07 1.70240264e+03 2.17149792e+03
4.71971788e-07 1.79043705e+03 2.21045288e+03
4.72402818e-07 1.82235894e+03 2.17751805e+03
4.72833848e-07 1.82364139e+03 2.16662599e+03
4.73264879e-07 1.86472818e+03 2.20436058e+03
4.73695909e-07 2.10313884e+03 2.32922764e+03
4.74126939e-07 1.81000603e+03 2.19104368e+03
4.74557970e-07 1.93042796e+03 2.26944431e+03
4.74989000e-07 1.88406946e+03 2.23620272e+03
4.75420030e-07 1.97915549e+03 2.27345876e+03
4.75851061e-07 1.83444171e+03 2.21368300e+03
4.76282091e-07 1.88830882e+03 2.22839382e+03
4.76713121e-07 1.85868258e+03 2.20116565e+03
4.77144152e-07 2.09416510e+03 2.38436908e+03
4.77575182e-07 1.85475063e+03 2.24518372e+03
4.78006212e-07 1.93468098e+03 2.30129351e+03
4.78437242e-07 1.91836055e+03 2.32071022e+03
4.78868273e-07 2.12973529e+03 2.40435462e+03
4.79299303e-07 1.86402812e+03 2.29838054e+03
4.79730333e-07 2.13885785e+03 2.41998928e+03
4.80161364e-07 2.09853445e+03 2.39210783e+03
4.80592394e-07 1.99486406e+03 2.36921723e+03
4.81023424e-07 1.80469613e+03 2.28550037e+03
4.81454455e-07 1.97867884e+03 2.45894580e+03
4.81885485e-07 1.92621416e+03 2.47326285e+03
4.82316515e-07 2.07256653e+03 2.52442674e+03
4.82747545e-07 1.92565669e+03 2.43176248e+03
4.83178576e-07 2.03944815e+03 2.46807132e+03
4.83609606e-07 1.96717877e+03 2.45562837e+03
4.84040636e-07 2.20383742e+03 2.54422705e+03
4.84471667e-07 1.97145390e+03 2.44810312e+03
4.84902697e-07 2.02487834e+03 2.45381975e+03
4.85333727e-07 2.08698935e+03 2.42493329e+03
4.85764758e-07 2.02569122e+03 2.32050068e+03
4.86195788e-07 2.03154806e+03 2.34646535e+03
4.86626818e-07 2.35373225e+03 2.49106045e+03
4.87057848e-07 2.35889290e+03 2.50567608e+03
4.87488879e-07 2.05002017e+03 2.39111206e+03
4.87919909e-07 2.32651017e+03 2.57325016e+03
4.88350939e-07 2.01100431e+03 2.44198975e+03
4.88781970e-07 2.08056082e+03 2.47073195e+03
4.89213000e-07 2.23227336e+03 2.57163905e+03
4.89644030e-07 1.93884126e+03 2.44094744e+03
4.90075061e-07 1.95733967e+03 2.43683743e+03
4.90506091e-07 2.13372781e+03 2.51571862e+03
4.90937121e-07 2.20827569e+03 2.55582774e+03
4.91368152e-07 2.31133478e+03 2.56201894e+03
4.91799182e-07 2.21827226e+03 2.50443536e+03
4.92230212e-07 2.23233071e+03 2.54394094e+03
4.92661242e-07 2.44742269e+03 2.64654319e+03
4.93092273e-07 2.24296739e+03 2.58590425e+03
4.93523303e-07 2.21841973e+03 2.54705393e+03
4.93954333e-07 2.08316648e+03 2.52469035e+03
4.94385364e-07 2.35237281e+03 2.64253830e+03
4.94816394e-07 2.35618079e+03 2.63796250e+03
4.95247424e-07 2.06497756e+03 2.53389391e+03
4.95678455e-07 2.03468036e+03 2.50251890e+03
4.96109485e-07 2.42224193e+03 2.67918633e+03
4.96540515e-07 2.24055773e+03 2.64151476e+03
4.96971545e-07 2.44565530e+03 2.71775190e+03
4.97402576e-07 2.66715927e+03 2.86437776e+03
4.97833606e-07 2.19471751e+03 2.58050410e+03
4.98264636e-07 2.43819469e+03 2.66415401e+03
4.98695667e-07 2.40116494e+03 2.72457094e+03
4.99126697e-07 2.44303960e+03 2.77027257e+03
4.99557727e-07 2.44227019e+03 2.75180284e+03
4.99988758e-07 2.13444864e+03 2.62453026e+03
5.00419788e-07 2.54719243e+03 2.76096442e+03
5.00850818e-07 2.58496283e+03 2.75856978e+03
5.01281848e-07 2.53287875e+03 2.75483663e+03
5.01712879e-07 2.49879642e+03 2.75528107e+03
5.02143909e-07 2.47356596e+03 2.73600058e+03
5.02574939e-07 2.27040266e+03 4.03427372e+03
5.03005970e-07 2.77972595e+03 4.36493043e+03
5.03437000e-07 2.40361666e+03 4.05983520e+03
5.03868030e-07 2.86365909e+03 4.31969550e+03
5.04299061e-07 2.93345729e+03 2.91512440e+03
5.04730091e-07 2.58061650e+03 2.77288977e+03
5.05161121e-07 2.48928748e+03 2.75877062e+03
5.05592152e-07 2.72804467e+03 2.89226655e+03
5.06023182e-07 2.75500798e+03 2.91067981e+03
5.06454212e-07 2.80976216e+03 2.90818160e+03
5.06885242e-07 2.65615548e+03 2.89071708e+03
5.07316273e-07 2.50828711e+03 2.76802341e+03
5.07747303e-07 2.28130188e+03 2.65478156e+03
5.08178333e-07 2.63920524e+03 2.77781896e+03
5.08609364e-07 3.08809094e+03 3.01350050e+03
5.09040394e-07 2.74684448e+03 2.93412153e+03
5.09471424e-07 2.53318611e+03 2.80125062e+03
5.09902455e-07 2.54085650e+03 2.78799769e+03
5.10333485e-07 2.55317272e+03 2.85512569e+03
5.10764515e-07 3.07107231e+03 3.04179014e+03
5.11195545e-07 2.83528828e+03 2.93403777e+03
5.11626576e-07 2.82670900e+03 2.99031568e+03
5.12057606e-07 2.94220035e+03 2.96612547e+03
5.12488636e-07 2.77287899e+03 2.95157292e+03
5.12919667e-07 2.62606116e+03 2.89474032e+03
5.13350697e-07 2.64727933e+03 2.94405097e+03
5.13781727e-07 2.79598580e+03 3.00093091e+03
5.14212758e-07 2.94247385e+03 3.10115337e+03
5.14643788e-07 2.79576418e+03 3.04021272e+03
5.15074818e-07 2.69188464e+03 2.97418910e+03
5.15505848e-07 2.81431971e+03 3.06684221e+03
5.15936879e-07 2.69484428e+03 2.96209228e+03
5.16367909e-07 3.05645058e+03 3.04193972e+03
5.16798939e-07 2.94655185e+03 2.95937340e+03
5.17229970e-07 3.01377951e+03 2.96243768e+03
5.17661000e-07 3.12981996e+03 3.08711777e+03
5.18092030e-07 2.93148069e+03 3.00779196e+03
5.18523061e-07 2.75890971e+03 2.98170536e+03
5.18954091e-07 2.96033515e+03 3.15127959e+03
5.19385121e-07 2.80350276e+03 3.40718609e+03
5.19816152e-07 3.12164866e+03 3.78661708e+03
5.20247182e-07 2.73502549e+03 3.39363772e+03
5.20678212e-07 2.56402508e+03 3.03538305e+03
5.21109242e-07 3.13376979e+03 3.18974041e+03
5.21540273e-07 2.91953863e+03 3.10193317e+03
5.21971303e-07 2.64880016e+03 3.12703899e+03
5.22402333e-07 2.83888631e+03 3.16729552e+03
5.22833364e-07 2.85051663e+03 3.09039914e+03
5.23264394e-07 2.87996007e+03 3.16304073e+03
5.23695424e-07 3.41976317e+03 3.45910808e+03
5.24126455e-07 4.95689630e+03 4.01679083e+03
5.24557485e-07 3.99783117e+03 3.60400679e+03
5.24988515e-07 2.35109230e+03 3.01290387e+03
5.25419545e-07 2.91118334e+03 3.29218091e+03
5.25850576e-07 2.77122419e+03 3.17348758e+03
5.26281606e-07 2.89521003e+03 3.07770709e+03
5.26712636e-07 2.69718385e+03 2.94830897e+03
5.27143667e-07 2.56857991e+03 2.99961374e+03
5.27574697e-07 3.26145501e+03 3.36314765e+03
5.28005727e-07 2.98168089e+03 3.21796357e+03
5.28436758e-07 2.79074997e+03 3.10228853e+03
5.28867788e-07 2.84990631e+03 3.17486256e+03
5.29298818e-07 3.00032746e+03 3.28131630e+03
5.29729848e-07 3.03324600e+03 3.26430672e+03
5.30160879e-07 2.70926153e+03 3.17258906e+03
5.30591909e-07 2.75994074e+03 3.20956268e+03
5.31022939e-07 2.73702157e+03 3.28427150e+03
5.31453970e-07 3.13230173e+03 3.38382954e+03
5.31885000e-07 2.83080740e+03 3.28471917e+03
5.32316030e-07 2.92503905e+03 3.30318030e+03
5.32747061e-07 2.91095595e+03 3.30645710e+03
5.33178091e-07 3.17006517e+03 3.38976852e+03
5.33609121e-07 2.96729036e+03 3.26726124e+03
5.34040152e-07 3.13083759e+03 3.31308241e+03
5.34471182e-07 3.39146839e+03 3.43331303e+03
5.34902212e-07 3.15806879e+03 3.35162179e+03
5.35333242e-07 3.06304549e+03 3.33733643e+03
5.35764273e-07 3.20926380e+03 3.40754020e+03
5.36195303e-07 3.03625026e+03 3.27684154e+03
5.36626333e-07 3.06888412e+03 3.30434815e+03
5.37057364e-07 2.86301593e+03 3.19731131e+03
5.37488394e-07 2.66296117e+03 3.15323011e+03
5.37919424e-07 2.93230622e+03 3.25947920e+03
5.38350455e-07 2.97573835e+03 3.28636540e+03
5.38781485e-07 3.25300644e+03 3.39777564e+03
5.39212515e-07 3.27276421e+03 3.40775315e+03
5.39643545e-07 3.69073144e+03 3.49816756e+03
5.40074576e-07 3.48253411e+03 3.45158341e+03
5.40505606e-07 3.07165407e+03 3.24784917e+03
5.40936636e-07 2.86691585e+03 3.18559147e+03
5.41367667e-07 2.91647782e+03 3.27194069e+03
5.41798697e-07 3.19700294e+03 3.42975113e+03
5.42229727e-07 3.02341354e+03 3.32138053e+03
5.42660758e-07 2.93037292e+03 3.27540008e+03
5.43091788e-07 3.32512793e+03 3.42019025e+03
5.43522818e-07 2.89287054e+03 3.33488903e+03
5.43953848e-07 3.01605423e+03 3.38261261e+03
5.44384879e-07 3.04678693e+03 3.38579289e+03
5.44815909e-07 2.95630241e+03 3.33520309e+03
5.45246939e-07 3.21144931e+03 3.48102977e+03
5.45677970e-07 3.04889299e+03 3.50627177e+03
5.46109000e-07 3.30745341e+03 3.65491677e+03
5.46540030e-07 3.67303159e+03 3.70208572e+03
5.46971061e-07 3.54536258e+03 3.66509895e+03
5.47402091e-07 3.44719279e+03 3.59295499e+03
5.47833121e-07 3.05783662e+03 3.43705064e+03
5.48264152e-07 2.96307987e+03 3.40665293e+03
5.48695182e-07 3.31274936e+03 3.59876489e+03
5.49126212e-07 3.09709668e+03 3.50374631e+03
5.49557242e-07 3.24615516e+03 3.59556587e+03
5.49988273e-07 3.17358921e+03 3.58742888e+03
5.50419303e-07 3.37766252e+03 3.66995630e+03
5.50850333e-07 3.23030689e+03 3.62825222e+03
5.51281364e-07 3.20573142e+03 3.62374929e+03
5.51712394e-07 3.32779041e+03 3.68280713e+03
5.52143424e-07 3.35761152e+03 3.65148099e+03
5.52574455e-07 3.28932688e+03 3.60250170e+03
5.53005485e-07 3.06725008e+03 3.54791425e+03
5.53436515e-07 3.46132024e+03 3.76496226e+03
5.53867545e-07 3.60998800e+03 3.95255231e+03
5.54298576e-07 3.33813499e+03 4.06746353e+03
5.54729606e-07 3.27660318e+03 3.90910276e+03
5.55160636e-07 3.02376300e+03 3.66902611e+03
5.55591667e-07 3.06041201e+03 3.67359991e+03
5.56022697e-07 3.65623453e+03 4.08429660e+03
5.56453727e-07 3.67335279e+03 4.08568583e+03
5.56884758e-07 1.73188748e+03 6.18326484e+03
5.57315788e-07 3.35866436e+03 2.40633791e+04
5.57746818e-07 1.24749695e+03 3.42044326e+04
5.58608879e-07 3.60396873e+03 4.47353742e+03
5.59039909e-07 2.77808361e+03 3.69508867e+03
5.59470939e-07 3.00500191e+03 3.75524009e+03
5.59901970e-07 3.06328292e+03 3.87767376e+03
5.60333000e-07 3.68506186e+03 4.21856919e+03
5.60764030e-07 3.83030252e+03 4.21535378e+03
5.61195061e-07 3.44372122e+03 3.90249950e+03
5.61626091e-07 3.20558135e+03 3.82958726e+03
5.62057121e-07 3.40235910e+03 4.07257592e+03
5.62488152e-07 3.48552003e+03 4.08997553e+03
5.62919182e-07 3.59635809e+03 3.99103148e+03
5.63350212e-07 3.41833190e+03 3.89475482e+03
5.63781242e-07 3.01313069e+03 3.80852797e+03
5.64212273e-07 3.63713969e+03 4.09911215e+03
5.64643303e-07 3.18500040e+03 3.96360484e+03
5.65074333e-07 3.34011008e+03 3.91903597e+03
5.65505364e-07 3.50621019e+03 3.93502659e+03
5.65936394e-07 3.51485562e+03 3.94886351e+03
5.66367424e-07 3.65206906e+03 4.11142108e+03
5.66798455e-07 3.42965212e+03 4.05941699e+03
5.67229485e-07 3.64796970e+03 4.18290309e+03
5.67660515e-07 3.17110947e+03 4.00657949e+03
5.68091545e-07 2.82376925e+03 3.85531207e+03
5.68522576e-07 3.23286999e+03 4.01359527e+03
5.68953606e-07 3.44408849e+03 4.10290700e+03
5.69384636e-07 3.44871522e+03 4.18419588e+03
5.69815667e-07 3.33602418e+03 4.11419888e+03
5.70246697e-07 3.34548054e+03 4.10479395e+03
5.70677727e-07 3.75314491e+03 4.24532953e+03
5.71108758e-07 3.65750337e+03 4.16801112e+03
5.71539788e-07 3.42766982e+03 4.10842840e+03
5.71970818e-07 3.68889410e+03 4.22164935e+03
5.72401848e-07 3.56578819e+03 4.22504084e+03
5.72832879e-07 3.47516026e+03 4.19349546e+03
5.73263909e-07 3.64314592e+03 4.19863660e+03
5.73694939e-07 3.57578646e+03 4.15912178e+03
5.74125970e-07 3.16181473e+03 4.05297239e+03
5.74557000e-07 3.43663306e+03 4.10985239e+03
5.74988030e-07 3.49967786e+03 4.15851249e+03
5.75419061e-07 3.67914871e+03 4.20713627e+03
5.75850091e-07 3.62652954e+03 4.17069241e+03
5.76281121e-07 3.78546321e+03 4.25111019e+03
5.76712152e-07 3.43466190e+03 4.18410859e+03
5.77143182e-07 3.64485702e+03 4.27882107e+03
5.77574212e-07 3.67734585e+03 4.23252855e+03
5.78005242e-07 3.92446626e+03 4.29988800e+03
5.78436273e-07 3.83752007e+03 4.23810221e+03
5.78867303e-07 3.62769148e+03 4.22822539e+03
5.79298333e-07 3.66902475e+03 4.28482424e+03
5.79729364e-07 3.82278901e+03 4.36071863e+03
5.80160394e-07 3.82083000e+03 4.38974690e+03
5.80591424e-07 4.09761399e+03 4.45788914e+03
5.81022455e-07 4.00894803e+03 4.48472385e+03
5.81453485e-07 3.43516227e+03 4.33476414e+03
5.81884515e-07 3.82343366e+03 6.67796391e+03
5.82315545e-07 4.06471839e+03 6.82658682e+03
5.82746576e-07 3.51614660e+03 6.55224420e+03
5.83177606e-07 3.74090856e+03 6.57762863e+03
5.83608636e-07 3.69010012e+03 4.39954009e+03
5.84039667e-07 3.53325478e+03 4.29585118e+03
5.84470697e-07 3.78742860e+03 4.36104617e+03
5.84901727e-07 3.69412571e+03 4.37360028e+03
5.85332758e-07 3.57954714e+03 4.32912636e+03
5.85763788e-07 3.58530924e+03 4.37838464e+03
5.86194818e-07 3.61004688e+03 5.00516306e+03
5.86625848e-07 3.71497391e+03 5.61646236e+03
5.87056879e-07 3.72272831e+03 5.30692157e+03
5.87487909e-07 3.80118993e+03 4.81472834e+03
5.87918939e-07 3.69897145e+03 4.75929688e+03
5.88349970e-07 4.97256672e+03 7.80016402e+03
5.88781000e-07 3.22007791e+03 1.30094244e+04
5.89212030e-07 3.34945321e+03 1.37956848e+04
5.89643061e-07 3.43187732e+03 9.88481102e+03
5.90074091e-07 3.70872993e+03 6.18648567e+03
5.90505121e-07 3.85522840e+03 5.02707058e+03
5.90936152e-07 4.15475868e+03 5.25185850e+03
5.91367182e-07 3.76861077e+03 5.48545122e+03
5.91798212e-07 3.85590508e+03 5.34387555e+03
5.92229242e-07 3.54566614e+03 5.03539816e+03
5.92660273e-07 3.63601165e+03 5.27987202e+03
5.93091303e-07 3.56598966e+03 5.66493306e+03
5.93522333e-07 3.79830859e+03 5.34895157e+03
5.93953364e-07 3.86684987e+03 4.92524908e+03
5.94384394e-07 3.95884853e+03 5.09106745e+03
5.94815424e-07 4.16990121e+03 5.44900933e+03
5.95246455e-07 3.94140697e+03 5.62250376e+03
5.95677485e-07 3.73285519e+03 5.13270336e+03
5.96108515e-07 3.60373710e+03 4.73686530e+03
5.96539545e-07 3.81474184e+03 4.88542970e+03
5.96970576e-07 3.66203043e+03 5.02187602e+03
5.97401606e-07 4.15204421e+03 5.34526367e+03
5.97832636e-07 3.96112360e+03 5.29431555e+03
5.98263667e-07 3.97979927e+03 4.98500690e+03
5.98694697e-07 4.05732696e+03 4.87792855e+03
5.99125727e-07 4.34022788e+03 4.98753631e+03
5.99556758e-07 4.04716686e+03 4.97253885e+03
5.99987788e-07 4.09002588e+03 5.12661076e+03
6.00418818e-07 4.03540634e+03 5.08352161e+03
6.00849848e-07 4.15883734e+03 4.88257658e+03
6.01280879e-07 4.25780956e+03 4.78721454e+03
6.01711909e-07 4.16501856e+03 4.67766336e+03
6.02142939e-07 4.58988858e+03 4.78458625e+03
6.02573970e-07 3.95642814e+03 4.66763621e+03
6.03005000e-07 3.84359958e+03 4.69140326e+03
6.03436030e-07 4.11054508e+03 4.70797081e+03
6.03867061e-07 4.22346873e+03 4.66214137e+03
6.04298091e-07 4.20135525e+03 4.63288901e+03
6.04729121e-07 4.12771204e+03 4.53977959e+03
6.05160152e-07 4.28377433e+03 4.59296629e+03
6.05591182e-07 4.05657744e+03 4.52198898e+03
6.06022212e-07 4.16526978e+03 4.56236197e+03
6.06453242e-07 4.13588685e+03 4.63485611e+03
6.06884273e-07 4.30854054e+03 4.60321846e+03
6.07315303e-07 3.81816332e+03 4.37733622e+03
6.07746333e-07 3.91182657e+03 4.39683537e+03
6.08177364e-07 4.13226112e+03 4.45437938e+03
6.08608394e-07 3.93410691e+03 4.37058768e+03
6.09039424e-07 3.93149632e+03 4.44437897e+03
6.09470455e-07 3.99557818e+03 6.87180510e+03
6.09901485e-07 4.02259449e+03 6.87130552e+03
6.10332515e-07 3.75488622e+03 6.73445083e+03
6.10763545e-07 3.70787176e+03 6.64927684e+03
6.11194576e-07 4.13626663e+03 4.50305187e+03
6.11625606e-07 4.41029271e+03 4.52826386e+03
6.12056636e-07 4.13313119e+03 6.58839526e+03
6.12487667e-07 4.11708359e+03 6.65518718e+03
6.12918697e-07 4.18478566e+03 6.69319967e+03
6.13349727e-07 3.88954151e+03 6.60890339e+03
6.13780758e-07 4.46751314e+03 4.90160473e+03
6.14211788e-07 4.33476431e+03 4.86686299e+03
6.14642818e-07 4.53717687e+03 4.78844570e+03
6.15073848e-07 4.57158155e+03 4.64480404e+03
6.15504879e-07 4.47353940e+03 4.52072330e+03
6.15935909e-07 4.09508853e+03 4.34811114e+03
6.16366939e-07 3.93106946e+03 4.41832113e+03
6.16797970e-07 4.18361222e+03 4.89949327e+03
6.17229000e-07 4.45227002e+03 5.03639941e+03
6.17660030e-07 3.83995502e+03 4.48314755e+03
6.18091061e-07 4.81322577e+03 4.71536582e+03
6.18522091e-07 4.43025253e+03 4.60616783e+03
6.18953121e-07 4.14088110e+03 4.50430670e+03
6.19384152e-07 4.20537020e+03 4.57324022e+03
6.19815182e-07 4.75357157e+03 4.86189318e+03
6.20246212e-07 4.84196845e+03 5.06862857e+03
6.20677242e-07 3.74734738e+03 4.46097295e+03
6.21108273e-07 4.38150168e+03 4.65587107e+03
6.21539303e-07 4.78115756e+03 4.90179726e+03
6.21970333e-07 4.24848259e+03 4.93762048e+03
6.22401364e-07 4.25966423e+03 4.80919555e+03
6.22832394e-07 4.16577369e+03 5.01238551e+03
6.23263424e-07 3.62694813e+03 6.27202248e+03
6.23694455e-07 4.69814269e+03 7.13385880e+03
6.24125485e-07 3.87332228e+03 5.80567971e+03
6.24556515e-07 4.33067874e+03 5.05326767e+03
6.24987545e-07 4.32047870e+03 4.88780131e+03
6.25418576e-07 4.65720408e+03 6.07705437e+03
6.25849606e-07 5.42480054e+03 6.86983158e+03
6.26280636e-07 4.19646050e+03 5.73830167e+03
6.26711667e-07 4.16398370e+03 5.25536070e+03
6.27142697e-07 4.23599045e+03 4.92148673e+03
6.27573727e-07 4.33764074e+03 4.88894129e+03
6.28004758e-07 4.10553690e+03 4.92009839e+03
6.28435788e-07 4.58964532e+03 5.90207115e+03
6.28866818e-07 4.33654222e+03 5.94656629e+03
6.29297848e-07 2.85889785e+03 8.68586236e+03
6.29728879e-07 6.18372014e+03 2.30343538e+04
6.30159909e-07 2.48676237e+03 2.15099932e+04
6.30590939e-07 6.60475415e+02 9.03006403e+03
6.31021970e-07 4.04507801e+03 5.34627423e+03
6.31453000e-07 4.44361613e+03 4.88700447e+03
6.31884030e-07 4.53632390e+03 5.23562194e+03
6.32315061e-07 4.22713165e+03 5.54199172e+03
6.32746091e-07 4.46166422e+03 6.17203880e+03
6.33177121e-07 4.40404920e+03 5.77372894e+03
6.33608152e-07 4.78067265e+03 4.90211221e+03
6.34039182e-07 4.36782545e+03 4.64166770e+03
6.34470212e-07 4.66611008e+03 5.04295633e+03
6.34901242e-07 3.72262822e+03 4.95883473e+03
6.35332273e-07 4.20338272e+03 5.58136141e+03
6.35763303e-07 3.72350602e+03 7.51841801e+03
6.36194333e-07 4.28471911e+03 1.12419952e+04
6.36625364e-07 2.83979827e+03 8.46822911e+03
6.37056394e-07 4.29247253e+03 5.12014734e+03
6.37487424e-07 4.67821432e+03 4.76383349e+03
6.37918455e-07 4.58456250e+03 4.95971358e+03
6.38349485e-07 4.38872943e+03 5.11701305e+03
6.38780515e-07 4.18108984e+03 4.90222006e+03
6.39211545e-07 4.64088781e+03 4.66234775e+03
6.39642576e-07 4.54905467e+03 4.52268790e+03
6.40073606e-07 4.73695065e+03 4.54021249e+03
6.40504636e-07 4.05395632e+03 4.26627826e+03
6.40935667e-07 4.23337194e+03 4.43584768e+03
6.41366697e-07 4.86423678e+03 4.74979750e+03
6.41797727e-07 4.81482817e+03 4.83283934e+03
6.42228758e-07 4.47081171e+03 4.63640110e+03
6.42659788e-07 4.27237194e+03 4.40071333e+03
6.43090818e-07 4.25243952e+03 4.31249542e+03
6.43521848e-07 4.78031834e+03 4.52221769e+03
6.43952879e-07 4.21254754e+03 4.30649784e+03
6.44383909e-07 4.44220693e+03 4.43607756e+03
6.44814939e-07 4.73296983e+03 4.61433936e+03
6.45245970e-07 4.63091090e+03 4.62785516e+03
6.45677000e-07 4.74895150e+03 4.90669102e+03
6.46108030e-07 4.50224857e+03 5.63784123e+03
6.46539061e-07 4.26658508e+03 6.34998687e+03
6.46970091e-07 4.53781614e+03 6.08020707e+03
6.47401121e-07 4.68850442e+03 5.33617527e+03
6.47832152e-07 4.77623674e+03 4.82008686e+03
6.48263182e-07 4.81788599e+03 4.58122577e+03
6.48694212e-07 4.58004368e+03 4.36246210e+03
6.49125242e-07 4.44530305e+03 4.83716723e+03
6.49556273e-07 4.76768623e+03 6.58514519e+03
6.49987303e-07 4.65201499e+03 6.88283090e+03
6.50418333e-07 4.32405682e+03 5.62808274e+03
6.50849364e-07 4.50735016e+03 4.89485961e+03
6.51280394e-07 5.20705762e+03 4.91040063e+03
6.51711424e-07 4.96203360e+03 4.87206367e+03
6.52142455e-07 4.42241324e+03 4.94504153e+03
6.52573485e-07 5.14211970e+03 5.31436403e+03
6.53004515e-07 5.14288664e+03 6.30309484e+03
6.53435545e-07 4.59172147e+03 6.07869594e+03
6.53866576e-07 5.15549532e+03 5.43454895e+03
6.54297606e-07 4.63057322e+03 5.33852572e+03
6.54728636e-07 5.15765380e+03 5.82641132e+03
6.55159667e-07 4.97452794e+03 6.67476193e+03
6.55590697e-07 4.74602961e+03 6.07976457e+03
6.56021727e-07 4.61086423e+03 5.25086901e+03
6.56452758e-07 4.49461748e+03 5.27647809e+03
6.56883788e-07 4.78568097e+03 5.37713299e+03
6.57314818e-07 4.80703587e+03 5.97530672e+03
6.57745848e-07 4.78531054e+03 6.14517069e+03
6.58176879e-07 5.06597848e+03 5.20493733e+03
6.58607909e-07 4.76377236e+03 4.56663734e+03
6.59038939e-07 5.03641122e+03 4.79693551e+03
6.59469970e-07 5.28396758e+03 5.15739408e+03
6.59901000e-07 4.87383667e+03 5.32354788e+03
6.60332030e-07 4.51347949e+03 5.37236254e+03
6.60763061e-07 4.98697679e+03 5.01930844e+03
6.61194091e-07 5.10896027e+03 4.63141007e+03
6.61625121e-07 4.79536498e+03 4.51674695e+03
6.62056152e-07 4.55883051e+03 4.50750298e+03
6.62487182e-07 4.68587645e+03 4.67341125e+03
6.62918212e-07 4.71350683e+03 4.88453631e+03
6.63349242e-07 4.86446163e+03 4.96707046e+03
6.63780273e-07 4.56603226e+03 4.62544687e+03
6.64211303e-07 4.43962821e+03 4.37799121e+03
6.64642333e-07 4.38260427e+03 4.34920524e+03
6.65073364e-07 4.35670237e+03 4.33175288e+03
6.65504394e-07 4.70204826e+03 4.51334886e+03
6.65935424e-07 4.66070475e+03 4.53402636e+03
6.66366455e-07 4.60766106e+03 4.63256673e+03
6.66797485e-07 4.75815750e+03 4.60396741e+03
6.67228515e-07 4.85201970e+03 4.50760536e+03
6.67659545e-07 5.02887175e+03 4.51936551e+03
6.68090576e-07 5.01108278e+03 4.54278057e+03
6.68521606e-07 4.90427299e+03 4.52796889e+03
6.68952636e-07 4.54197211e+03 4.37949520e+03
6.69383667e-07 4.60036912e+03 4.42726351e+03
6.69814697e-07 4.72322187e+03 4.52442111e+03
6.70245727e-07 4.83520910e+03 4.57009689e+03
6.70676758e-07 4.92203977e+03 4.58424319e+03
6.71107788e-07 5.06590865e+03 4.61291242e+03
6.71538818e-07 4.78676463e+03 4.50295443e+03
6.71969848e-07 5.03476811e+03 4.51081525e+03
6.72400879e-07 5.19799497e+03 4.53572712e+03
6.72831909e-07 4.05120817e+03 4.13067937e+03
6.73262939e-07 4.27780976e+03 4.21988181e+03
6.73693970e-07 4.72997591e+03 4.42195314e+03
6.74125000e-07 4.68081272e+03 4.48484647e+03
6.74556030e-07 4.55510469e+03 4.40051977e+03
6.74987061e-07 4.43712905e+03 4.26235714e+03
6.75418091e-07 4.66845252e+03 4.37179749e+03
6.75849121e-07 4.67065436e+03 4.33025316e+03
6.76280152e-07 5.15718995e+03 4.52064305e+03
6.76711182e-07 4.87131340e+03 4.40114618e+03
6.77142212e-07 4.39288241e+03 4.23912161e+03
6.77573242e-07 4.41442519e+03 4.25588378e+03
6.78004273e-07 4.87063418e+03 4.40963925e+03
6.78435303e-07 4.70909458e+03 4.38822610e+03
6.78866333e-07 4.80680011e+03 4.39812625e+03
6.79297364e-07 4.84458666e+03 4.38542025e+03
6.79728394e-07 5.42098807e+03 4.55376872e+03
6.80159424e-07 4.44764512e+03 4.22503571e+03
6.80590455e-07 4.80974527e+03 4.36417967e+03
6.81021485e-07 5.10309647e+03 4.40705252e+03
6.81452515e-07 5.11032866e+03 4.40438638e+03
6.81883545e-07 4.65797296e+03 4.46617199e+03
6.82314576e-07 4.61567061e+03 6.20185042e+03
6.82745606e-07 4.39470720e+03 9.14754260e+03
6.83176636e-07 4.71523295e+03 9.77054699e+03
6.83607667e-07 4.23506723e+03 7.36245085e+03
6.84038697e-07 4.44008285e+03 5.58443588e+03
6.84469727e-07 4.62465618e+03 4.81473457e+03
6.84900758e-07 4.50568228e+03 4.40068648e+03
6.85331788e-07 4.95415529e+03 4.60320467e+03
6.85762818e-07 4.71399773e+03 6.74725569e+03
6.86193848e-07 4.31503799e+03 9.80896012e+03
6.86624879e-07 2.27168647e+03 7.41482749e+03
6.87055909e-07 2.68716733e+03 4.21130429e+03
6.87486939e-07 3.41525543e+03 3.98429190e+03
6.87917970e-07 3.87699410e+03 4.58308014e+03
6.88349000e-07 3.99869111e+03 5.03875059e+03
6.88780030e-07 3.50126021e+03 5.03315852e+03
6.89211061e-07 3.93146242e+03 4.77076968e+03
6.89642091e-07 3.74757391e+03 4.58507826e+03
6.90073121e-07 4.45439149e+03 4.89533705e+03
6.90504152e-07 4.09262399e+03 4.79146060e+03
6.90935182e-07 4.63910498e+03 5.73162107e+03
6.91366212e-07 3.89850319e+03 5.67145007e+03
6.91797242e-07 4.48359117e+03 6.37260480e+03
6.92228273e-07 4.89751636e+03 7.32095313e+03
6.92659303e-07 4.17245488e+03 5.73673679e+03
6.93090333e-07 4.51170748e+03 4.62371221e+03
6.93521364e-07 4.38534372e+03 5.23909083e+03
6.93952394e-07 4.30069171e+03 5.88336296e+03
6.94383424e-07 3.78746900e+03 6.52548171e+03
6.94814455e-07 5.16088047e+03 8.01565117e+03
6.95245485e-07 3.58669618e+03 5.92715663e+03
6.95676515e-07 4.46758677e+03 4.55983783e+03
6.96107545e-07 4.28881225e+03 4.44600824e+03
6.96538576e-07 4.11656016e+03 4.99239917e+03
6.96969606e-07 3.81403349e+03 5.41918031e+03
6.97400636e-07 4.43068736e+03 6.29052709e+03
6.97831667e-07 4.40744328e+03 6.53216025e+03
6.98262697e-07 3.78142462e+03 5.03137458e+03
6.98693727e-07 4.52568689e+03 4.42355216e+03
6.99124758e-07 4.95353688e+03 4.48948811e+03
6.99555788e-07 4.66791797e+03 4.52390174e+03
6.99986818e-07 4.34393183e+03 4.76920056e+03
7.00417848e-07 4.47262866e+03 5.05850274e+03
7.00848879e-07 4.43272026e+03 5.40110349e+03
7.01279909e-07 4.16867641e+03 4.92127046e+03
7.01710939e-07 5.02766736e+03 4.52991006e+03
7.02141970e-07 4.69927264e+03 4.25207161e+03
7.02573000e-07 4.71744697e+03 4.30936859e+03
7.03004030e-07 4.97569659e+03 4.43697777e+03
7.03435061e-07 4.85368730e+03 4.44857183e+03
7.03866091e-07 4.66219861e+03 4.62897760e+03
7.04297121e-07 4.54810453e+03 5.04660592e+03
7.04728152e-07 4.63287694e+03 5.34916032e+03
7.05159182e-07 4.26747070e+03 4.89863518e+03
7.05590212e-07 5.89446745e+03 5.02762587e+03
7.06021242e-07 6.88833872e+03 5.34356824e+03
7.06452273e-07 5.75220276e+03 5.08361898e+03
7.06883303e-07 8.68233285e+03 6.08967159e+03
7.07314333e-07 2.22884692e+04 1.07557712e+04
7.07745364e-07 2.44876202e+04 1.15876634e+04
7.08176394e-07 1.15943774e+04 7.23647831e+03
7.08607424e-07 5.03798383e+03 5.00612500e+03
7.09038455e-07 5.50503179e+03 5.04044942e+03
7.09469485e-07 9.81739557e+03 6.26526349e+03
7.09900515e-07 1.17220360e+04 6.84686987e+03
7.10331545e-07 7.86733541e+03 5.46119370e+03
7.10762576e-07 4.83986691e+03 4.43942435e+03
7.11193606e-07 4.22337710e+03 4.24272573e+03
7.11624636e-07 4.83167964e+03 4.39051229e+03
7.12055667e-07 4.76083578e+03 4.47215477e+03
7.12486697e-07 4.85645358e+03 4.66440150e+03
7.12917727e-07 4.77217074e+03 4.65248518e+03
7.13348758e-07 4.89943962e+03 4.66297595e+03
7.13779788e-07 4.86542787e+03 4.71708769e+03
7.14210818e-07 4.64384757e+03 4.85304062e+03
7.14641848e-07 4.72335103e+03 4.89777657e+03
7.15072879e-07 4.27675186e+03 4.46697498e+03
7.15503909e-07 4.55965464e+03 4.51502811e+03
7.15934939e-07 4.35960440e+03 4.49846522e+03
7.16365970e-07 4.27929535e+03 4.39681849e+03
7.16797000e-07 4.17089474e+03 4.33461844e+03
7.17228030e-07 4.10634478e+03 4.30756092e+03
7.17659061e-07 4.18670459e+03 4.26101612e+03
7.18090091e-07 3.83110019e+03 4.06674681e+03
7.18521121e-07 3.41326516e+03 3.71906493e+03
7.18952152e-07 3.48700111e+03 3.68515995e+03
7.19383182e-07 3.36535968e+03 3.61831755e+03
7.19814212e-07 3.87322070e+03 3.80064082e+03
7.20245242e-07 4.05694862e+03 3.90741683e+03
7.20676273e-07 3.73331363e+03 3.89374727e+03
7.21107303e-07 4.12699886e+03 3.97233446e+03
7.21538333e-07 4.09752251e+03 4.05945409e+03
7.21969364e-07 4.00298685e+03 4.10708581e+03
7.22400394e-07 3.98821410e+03 4.12601784e+03
7.22831424e-07 3.67104047e+03 4.13751951e+03
7.23262455e-07 3.71691409e+03 6.03917423e+03
7.23693485e-07 4.39115701e+03 1.19790116e+04
7.24124515e-07 5.58916709e+03 1.63999030e+04
7.24555545e-07 3.57033470e+03 1.23960949e+04
7.24986576e-07 3.83614085e+03 7.51628159e+03
7.25417606e-07 5.14584830e+03 6.13329261e+03
7.25848636e-07 6.11095520e+03 5.45198937e+03
7.26279667e-07 4.69843042e+03 4.62496636e+03
7.26710697e-07 3.56534922e+03 5.28842333e+03
7.27141727e-07 3.59700897e+03 1.03780591e+04
7.27572758e-07 1.46932747e+03 1.36459402e+04
7.28003788e-07 1.73352072e+03 1.08789373e+04
7.28434818e-07 2.06076350e+03 7.95143851e+03
7.28865848e-07 3.63534475e+03 6.12080179e+03
7.29296879e-07 3.45867849e+03 5.33225535e+03
7.29727909e-07 3.10017813e+03 5.71749120e+03
7.30158939e-07 3.32721295e+03 6.42328214e+03
7.30589970e-07 2.87843965e+03 5.99674683e+03
7.31021000e-07 4.11634393e+03 8.43552719e+03
7.31452030e-07 3.04783604e+03 1.20023143e+04
7.31883061e-07 2.07325508e+03 9.08739925e+03
7.32314091e-07 3.91556059e+03 6.60921934e+03
7.32745121e-07 3.55467726e+03 7.66043399e+03
7.33176152e-07 3.35626100e+03 7.52772055e+03
7.33607182e-07 4.18596034e+03 1.10431855e+04
7.34038212e-07 2.89507005e+03 1.37754659e+04
7.34469242e-07 3.11204583e+03 8.75880029e+03
7.34900273e-07 3.48892609e+03 4.93480331e+03
7.35331303e-07 3.86270564e+03 6.24029338e+03
7.35762333e-07 3.32364376e+03 7.54276547e+03
7.36193364e-07 3.95235780e+03 8.14230078e+03
7.36624394e-07 3.71158931e+03 1.07427977e+04
7.37055424e-07 2.82447480e+03 1.00936890e+04
7.37486455e-07 4.08864750e+03 6.00150537e+03
7.37917485e-07 4.06234571e+03 4.35812916e+03
7.38348515e-07 3.95816431e+03 4.59871172e+03
7.38779545e-07 4.05783148e+03 5.94078694e+03
7.39210576e-07 3.47774566e+03 6.83349402e+03
7.39641606e-07 3.94583124e+03 7.87353311e+03
7.40072636e-07 3.11275892e+03 9.08893764e+03
7.40503667e-07 3.51524450e+03 6.98581988e+03
7.40934697e-07 4.11474019e+03 4.67810158e+03
7.41365727e-07 4.41322883e+03 4.49014191e+03
7.41796758e-07 4.37351690e+03 4.49417760e+03
7.42227788e-07 4.29448448e+03 4.69512251e+03
7.42658818e-07 3.86821707e+03 5.38178176e+03
7.43089848e-07 4.28196022e+03 6.09416974e+03
7.43520879e-07 4.11438053e+03 6.83725740e+03
7.43951909e-07 3.98075010e+03 6.51837703e+03
7.44382939e-07 4.64297043e+03 5.09150518e+03
7.44813970e-07 4.64656430e+03 4.42354978e+03
7.45245000e-07 4.83363351e+03 4.57360117e+03
7.45676030e-07 4.57650768e+03 4.84767687e+03
7.46107061e-07 4.13696086e+03 5.53040739e+03
7.46538091e-07 4.11782516e+03 6.61892199e+03
7.46969121e-07 4.01660160e+03 7.50292505e+03
7.47400152e-07 3.74133967e+03 7.89886667e+03
7.47831182e-07 3.11442809e+03 8.05444610e+03
7.48262212e-07 3.26485537e+03 7.48180049e+03
7.48693242e-07 4.01481058e+03 5.96952539e+03
7.49124273e-07 3.90411423e+03 5.20924805e+03
7.49555303e-07 4.15734357e+03 4.97437919e+03
7.49986333e-07 4.10637557e+03 4.48475095e+03
7.50417364e-07 4.32246490e+03 4.38617147e+03
7.50848394e-07 4.83280998e+03 4.54759531e+03
7.51279424e-07 4.12455171e+03 4.74845014e+03
7.51710455e-07 3.66951026e+03 7.05368341e+03
7.52141485e-07 3.34022763e+03 1.09092086e+04
7.52572515e-07 3.15776101e+03 1.07877766e+04
7.53003545e-07 3.46816878e+03 7.44909897e+03
7.53434576e-07 4.33166657e+03 5.60508328e+03
7.53865606e-07 4.44632933e+03 5.13896296e+03
7.54296636e-07 4.29938984e+03 4.76704051e+03
7.54727667e-07 4.73969176e+03 4.79124754e+03
7.55158697e-07 4.67468020e+03 5.37776151e+03
7.55589727e-07 4.19692802e+03 5.85443398e+03
7.56020758e-07 4.27789413e+03 5.47149137e+03
7.56451788e-07 4.38393921e+03 6.25166358e+03
7.56882818e-07 3.54807779e+03 8.80288275e+03
7.57313848e-07 3.22190721e+03 8.44857356e+03
7.57744879e-07 4.01462072e+03 5.75980250e+03
7.58175909e-07 3.87369435e+03 5.53242806e+03
7.58606939e-07 3.53822474e+03 5.75343697e+03
7.59037970e-07 3.26210871e+03 4.70709617e+03
7.59469000e-07 1.76340248e+03 3.71890653e+03
7.59900030e-07 8.22404272e+02 3.02826991e+03
7.60331061e-07 5.55864487e+02 2.06781981e+03
7.60762091e-07 1.00905816e+03 1.96166562e+03
7.61193121e-07 1.80678019e+03 3.15996705e+03
7.61624152e-07 2.36087207e+03 4.46065272e+03
7.62055182e-07 2.28332112e+03 4.38113285e+03
7.62486212e-07 1.65513475e+03 3.94142472e+03
7.62917242e-07 1.30860822e+03 3.65981533e+03
7.63348273e-07 1.73540660e+03 3.06920213e+03
7.63779303e-07 2.14205777e+03 2.85950622e+03
7.64210333e-07 2.06864549e+03 2.93293948e+03
7.64641364e-07 2.33891279e+03 3.37637991e+03
7.65072394e-07 2.99038793e+03 4.10927782e+03
7.65503424e-07 2.94498144e+03 4.51504925e+03
7.65934455e-07 3.06875526e+03 5.20669009e+03
7.66365485e-07 3.35782649e+03 5.25498269e+03
7.66796515e-07 3.42823534e+03 4.30622528e+03
7.67227545e-07 3.74199862e+03 4.09023815e+03
7.67658576e-07 3.64667488e+03 4.18564066e+03
7.68089606e-07 3.02468738e+03 4.36758619e+03
7.68520636e-07 3.70655203e+03 5.00470300e+03
7.68951667e-07 3.72772247e+03 5.29878781e+03
7.69382697e-07 3.62042170e+03 5.31124768e+03
7.69813727e-07 3.81310022e+03 5.40090794e+03
7.70244758e-07 3.56551177e+03 5.42744337e+03
7.70675788e-07 3.06568175e+03 9.54326865e+03
7.71106818e-07 1.63795447e+03 1.77546448e+04
7.71537848e-07 7.97042615e+02 1.95909697e+04
7.71968879e-07 2.12256504e+03 1.30207143e+04
7.72399909e-07 2.56854342e+03 8.18195206e+03
7.72830939e-07 2.89652153e+03 6.27374741e+03
7.73261970e-07 3.31386275e+03 5.41921183e+03
7.73693000e-07 3.57960591e+03 5.11792956e+03
7.74124030e-07 3.69759929e+03 6.58197499e+03
7.74555061e-07 3.11516091e+03 1.31139572e+04
7.74986091e-07 1.97620826e+03 1.76527386e+04
7.75417121e-07 1.84245338e+03 1.32689224e+04
7.75848152e-07 1.90721159e+03 9.31176757e+03
7.76279182e-07 2.93530481e+03 7.04172500e+03
7.76710212e-07 2.88135565e+03 5.55849963e+03
7.77141242e-07 3.47700759e+03 6.63100433e+03
7.77572273e-07 3.18032701e+03 7.61897966e+03
7.78003303e-07 2.90129756e+03 7.42766199e+03
7.78434333e-07 3.20014463e+03 7.05441898e+03
7.78865364e-07 3.15804935e+03 1.05905868e+04
7.79296394e-07 2.32508706e+03 1.36290751e+04
7.79727424e-07 2.12712577e+03 9.47277136e+03
7.80158455e-07 2.45313837e+03 6.38842132e+03
7.80589485e-07 3.43894830e+03 8.09091212e+03
7.81020515e-07 3.03470361e+03 8.21484666e+03
7.81451545e-07 2.48337407e+03 9.74716607e+03
7.81882576e-07 2.56675997e+03 1.50714292e+04
7.82313606e-07 2.07128715e+03 1.32909764e+04
7.82744636e-07 2.44301048e+03 6.70088512e+03
7.83175667e-07 3.06466083e+03 4.90351873e+03
7.83606697e-07 3.33205915e+03 6.64682095e+03
7.84037727e-07 2.28936092e+03 7.87404194e+03
7.84468758e-07 2.34715314e+03 9.51635018e+03
7.84899788e-07 1.55683227e+03 1.52842728e+04
7.85330818e-07 6.42772460e+02 1.85377281e+04
7.85761848e-07 7.75818837e+02 1.46263192e+04
7.86192879e-07 1.05083874e+03 1.09111179e+04
7.86623909e-07 2.84932304e+03 1.17577206e+04
7.87054939e-07 1.94380512e+03 1.17237696e+04
7.87485970e-07 2.09922624e+03 9.86947692e+03
7.87917000e-07 2.84863512e+03 9.72481040e+03
7.88348030e-07 2.15438335e+03 1.00318622e+04
7.88779061e-07 1.12123904e+03 1.04230486e+04
7.89210091e-07 2.53127834e+03 8.83354584e+03
7.89641121e-07 3.75151122e+03 5.82471723e+03
7.90072152e-07 3.44878079e+03 4.73857479e+03
7.90503182e-07 3.51413266e+03 8.09731720e+03
7.90934212e-07 1.30845999e+03 1.71038042e+04
7.91365242e-07 1.03264775e+03 2.18403272e+04
7.91796273e-07 1.28695655e+03 1.67902650e+04
7.92227303e-07 1.52975681e+03 1.10471201e+04
7.92658333e-07 2.24562345e+03 9.06170713e+03
7.93089364e-07 2.20272488e+03 8.74991868e+03
7.93520394e-07 2.72697232e+03 6.63985682e+03
7.93951424e-07 3.21132843e+03 8.28662014e+03
7.94382455e-07 3.60303529e+03 1.09023379e+04
7.94813485e-07 3.06827547e+03 1.22987427e+04
7.95244515e-07 2.89581354e+03 9.89294893e+03
7.95675545e-07 2.77006309e+03 1.27781035e+04
7.96106576e-07 2.43300132e+03 1.43013135e+04
7.96537606e-07 1.56847060e+03 1.49270276e+04
7.96968636e-07 2.67207403e+03 9.37171417e+03
7.97399667e-07 3.05437685e+03 8.58156191e+03
7.97830697e-07 3.36955346e+03 9.80944501e+03
7.98261727e-07 8.75551186e+03 1.39486788e+04
7.98692758e-07 8.99430169e+03 6.36212687e+03
