9.67000000e-03
3.63518000e-07 3.98949408e+00 5.16456361e+02
3.64811164e-07 1.26784324e+02 5.21086004e+02
3.65242219e-07 3.61249258e+01 5.29824917e+02
3.65673274e-07 5.91857327e+01 5.65717587e+02
3.66104328e-07 4.50032897e+01 5.25087055e+02
3.66535383e-07 3.61357617e+01 4.81917576e+02
3.66966438e-07 9.82615522e+01 5.51125639e+02
3.67397493e-07 5.12447830e+01 5.24706015e+02
3.67828547e-07 4.31098041e+01 5.46520372e+02
3.68259602e-07 6.52011605e+01 5.68635539e+02
3.68690657e-07 1.16854395e+02 5.80688900e+02
3.69121712e-07 1.45526173e+02 6.32567218e+02
3.69552766e-07 1.03519636e+02 6.25075488e+02
3.69983821e-07 6.34083748e+01 5.85480667e+02
3.70414876e-07 1.22669935e+02 6.56761505e+02
3.70845931e-07 1.71775126e+02 6.56014509e+02
3.71276985e-07 8.21674195e+01 5.94060035e+02
3.71708040e-07 7.55397837e+01 5.96482011e+02
3.72139095e-07 1.02943943e+02 6.14222391e+02
3.72570150e-07 7.23789621e+01 6.02737476e+02
3.73001204e-07 6.88924196e+01 6.81907188e+02
3.73432259e-07 8.93493896e+01 6.91777310e+02
3.73863314e-07 7.67868007e+01 6.94916280e+02
3.74294369e-07 1.28480113e+02 7.59710968e+02
3.74725423e-07 9.44691785e+01 7.37193501e+02
3.75156478e-07 2.90297204e+01 6.63824813e+02
3.75587533e-07 2.11919445e+02 8.00420227e+02
3.76018587e-07 4.70989615e+02 9.01695586e+02
3.76449642e-07 6.50087906e+02 9.90092024e+02
3.76880697e-07 2.34599027e+02 7.66726928e+02
3.77311752e-07 2.33775824e+02 7.97395763e+02
3.77742806e-07 2.41389039e+02 7.97104114e+02
3.78173861e-07 1.46229940e+02 7.28624637e+02
3.78604916e-07 8.84350478e+01 6.95475094e+02
3.79035971e-07 1.46516451e+02 7.93608314e+02
3.79467025e-07 2.14792747e+02 8.12036076e+02
3.79898080e-07 2.33231113e+02 8.29744414e+02
3.80329135e-07 1.59630838e+02 7.80761810e+02
3.80760190e-07 1.23163374e+02 7.95354918e+02
3.81191244e-07 1.02118378e+02 8.29609184e+02
3.81622299e-07 2.64149506e+02 8.79503328e+02
3.82053354e-07 2.69389453e+02 9.38866932e+02
3.82484409e-07 2.08497369e+02 8.90134224e+02
3.82915463e-07 1.24911154e+02 8.90097390e+02
3.83346518e-07 1.59604052e+02 9.27414122e+02
3.83777573e-07 7.70092982e+01 8.25425484e+02
3.84208628e-07 2.02411268e+02 9.19304780e+02
3.84639682e-07 1.68503506e+02 9.01784892e+02
3.85070737e-07 3.46455182e+02 9.57703196e+02
3.85501792e-07 2.82377142e+02 9.01716993e+02
3.85932847e-07 2.32657072e+02 9.25035533e+02
3.86363901e-07 1.60399480e+02 9.02835137e+02
3.86794956e-07 1.99687450e+02 9.22836482e+02
3.87226011e-07 1.26269089e+02 8.40433098e+02
3.87657065e-07 1.70656332e+02 8.81540819e+02
3.88088120e-07 2.72625599e+02 9.39079599e+02
3.88519175e-07 3.04493540e+02 9.72381393e+02
3.88950230e-07 2.66300420e+02 9.72688482e+02
3.89381284e-07 2.90023978e+02 1.02031702e+03
3.89812339e-07 3.61670624e+02 1.04842260e+03
3.90243394e-07 3.72067639e+02 1.12698760e+03
3.90674449e-07 4.09746302e+02 1.22971823e+03
3.91105503e-07 4.13328372e+02 1.26541271e+03
3.91536558e-07 2.80504452e+02 1.12491489e+03
3.91967613e-07 1.96366769e+02 1.00323571e+03
3.92398668e-07 2.36349945e+02 1.04357897e+03
3.92829722e-07 2.75861675e+02 1.04339212e+03
3.93260777e-07 2.80300573e+02 1.00494809e+03
3.93691832e-07 3.84316359e+02 1.17083497e+03
3.94122887e-07 4.95855413e+02 1.28409564e+03
3.94553941e-07 4.28538294e+02 1.22888130e+03
3.94984996e-07 4.19918049e+02 1.22453688e+03
3.95416051e-07 4.53351023e+02 1.23945834e+03
3.95847106e-07 4.15130985e+02 1.21736017e+03
3.96278160e-07 3.88070867e+02 1.17821503e+03
3.96709215e-07 3.28920765e+02 1.12151164e+03
3.97140270e-07 3.30330600e+02 1.11263865e+03
3.97571325e-07 2.49374629e+02 1.12924683e+03
3.98002379e-07 2.77741126e+02 1.22359296e+03
3.98433434e-07 4.56976833e+02 1.33870524e+03
3.98864489e-07 4.76915558e+02 1.34135071e+03
3.99295543e-07 5.41681840e+02 1.38115664e+03
3.99726598e-07 4.46809113e+02 1.29895679e+03
4.00157653e-07 5.00431634e+02 1.39148912e+03
4.00588708e-07 4.56080908e+02 1.43811673e+03
4.01019762e-07 3.77563295e+02 1.35769025e+03
4.01450817e-07 4.60379452e+02 1.40775220e+03
4.01881872e-07 5.55311077e+02 1.52288677e+03
4.02312927e-07 4.72616387e+02 1.41883133e+03
4.02743981e-07 6.61458773e+02 1.53428037e+03
4.03175036e-07 5.43257567e+02 1.48143415e+03
4.03606091e-07 4.82691593e+02 1.46732287e+03
4.04037146e-07 5.41054492e+02 1.56264269e+03
4.04468200e-07 4.07842529e+02 1.50926667e+03
4.04899255e-07 5.59869761e+02 1.53244575e+03
4.05330310e-07 5.19890029e+02 1.58454358e+03
4.05761365e-07 4.37415481e+02 1.55029191e+03
4.06192419e-07 5.77598319e+02 1.66340111e+03
4.06623474e-07 7.04456585e+02 1.73509857e+03
4.07054529e-07 5.65269031e+02 1.66455835e+03
4.07485584e-07 7.18295920e+02 1.82096111e+03
4.07916638e-07 7.00138261e+02 1.82161133e+03
4.08347693e-07 6.92935744e+02 1.78290238e+03
4.08778748e-07 7.93299840e+02 1.81722986e+03
4.09209803e-07 7.43071616e+02 1.75028761e+03
4.09640857e-07 6.71440214e+02 1.67766200e+03
4.10071912e-07 7.25907188e+02 1.75066296e+03
4.10502967e-07 7.18319821e+02 1.70203452e+03
4.10934022e-07 7.18754478e+02 1.71226308e+03
4.11365076e-07 6.62650544e+02 1.65821928e+03
4.11796131e-07 5.54698910e+02 1.61869610e+03
4.12227186e-07 6.03234771e+02 1.69465179e+03
4.12658240e-07 6.38735171e+02 1.76277956e+03
4.13089295e-07 4.41133786e+02 1.64254077e+03
4.13520350e-07 5.18047378e+02 1.66442183e+03
4.13951405e-07 6.18941909e+02 1.73847452e+03
4.14382459e-07 6.66412794e+02 1.81873476e+03
4.14813514e-07 6.77811054e+02 1.79202912e+03
4.15244569e-07 6.83277948e+02 1.84963482e+03
4.15675624e-07 8.23628484e+02 1.95773362e+03
4.16106678e-07 7.48033076e+02 1.96929223e+03
4.16537733e-07 6.85620929e+02 1.97895208e+03
4.16968788e-07 7.86405750e+02 2.03772180e+03
4.17399843e-07 7.59415018e+02 1.96639206e+03
4.17830897e-07 9.76974532e+02 2.07151673e+03
4.18261952e-07 8.33449462e+02 1.97119208e+03
4.18693007e-07 7.41106258e+02 1.87557359e+03
4.19124062e-07 8.52402678e+02 1.95538706e+03
4.19555116e-07 7.78895666e+02 1.93497892e+03
4.19986171e-07 9.01854963e+02 1.97711634e+03
4.20417226e-07 9.16446172e+02 2.01967889e+03
4.20848281e-07 1.00419249e+03 2.09629607e+03
4.21279335e-07 1.03797318e+03 2.10449163e+03
4.21710390e-07 9.33370264e+02 2.00392096e+03
4.22141445e-07 8.23883728e+02 1.93375813e+03
4.22572500e-07 9.80443733e+02 1.96141025e+03
4.23003554e-07 9.21753752e+02 1.96703055e+03
4.23434609e-07 8.51845979e+02 1.98364287e+03
4.23865664e-07 8.32056906e+02 2.00376481e+03
4.24296718e-07 8.92724544e+02 2.03300824e+03
4.24727773e-07 8.91268450e+02 2.05323367e+03
4.25158828e-07 9.13201582e+02 2.11335033e+03
4.25589883e-07 8.53111793e+02 2.08219020e+03
4.26020937e-07 1.04463871e+03 2.14578783e+03
4.26451992e-07 1.04560166e+03 2.11677905e+03
4.26883047e-07 9.81649913e+02 2.14561201e+03
4.27314102e-07 1.25537799e+03 3.62906161e+03
4.27745156e-07 1.00371326e+03 3.30979361e+03
4.28176211e-07 1.05299076e+03 3.42490063e+03
4.28607266e-07 1.52700920e+03 2.51762214e+03
4.29038321e-07 9.89608981e+02 2.21923211e+03
4.29469375e-07 1.04858504e+03 2.17362415e+03
4.29900430e-07 1.08052237e+03 2.15765957e+03
4.30331485e-07 8.48869802e+02 2.02704198e+03
4.30762540e-07 1.03896691e+03 2.15950300e+03
4.31193594e-07 1.03650709e+03 2.24391697e+03
4.31624649e-07 9.89338765e+02 2.28220637e+03
4.32055704e-07 1.02938029e+03 2.28198420e+03
4.32486759e-07 1.23308593e+03 2.41237441e+03
4.32917813e-07 9.94212578e+02 2.22116995e+03
4.33348868e-07 8.73477136e+02 2.18257593e+03
4.33779923e-07 1.24237408e+03 2.37740831e+03
4.34210978e-07 1.14797522e+03 2.29985244e+03
4.34642032e-07 8.10010039e+02 2.14784672e+03
4.35073087e-07 8.11408371e+02 2.13667199e+03
4.35504142e-07 1.27910246e+03 2.44708089e+03
4.35935196e-07 1.13031095e+03 2.42058670e+03
4.36366251e-07 9.77393332e+02 2.29518208e+03
4.36797306e-07 1.13918588e+03 2.39918721e+03
4.37228361e-07 9.81918764e+02 2.32826014e+03
4.37659415e-07 9.32634520e+02 2.30345394e+03
4.38090470e-07 1.11479458e+03 2.36715213e+03
4.38521525e-07 9.79853022e+02 2.22861170e+03
4.38952580e-07 9.86316222e+02 2.32510922e+03
4.39383634e-07 1.07717059e+03 2.38747031e+03
4.39814689e-07 1.24713563e+03 2.54869331e+03
4.40245744e-07 1.28762880e+03 2.66445048e+03
4.40676799e-07 1.26578802e+03 2.69751307e+03
4.41107853e-07 1.18558136e+03 2.68637037e+03
4.41538908e-07 1.10681634e+03 2.62528158e+03
4.41969963e-07 1.31634239e+03 2.76663889e+03
4.42401018e-07 1.26737270e+03 2.66671234e+03
4.42832072e-07 1.54535656e+03 2.85972182e+03
4.43263127e-07 1.36327035e+03 2.73201379e+03
4.43694182e-07 1.07984120e+03 2.58401514e+03
4.44125237e-07 1.22092830e+03 2.61678149e+03
4.44556291e-07 1.08188333e+03 2.51213108e+03
4.44987346e-07 1.18321356e+03 2.57627609e+03
4.45418401e-07 1.44834602e+03 2.79729690e+03
4.45849456e-07 1.19825164e+03 2.57785015e+03
4.46280510e-07 1.20517529e+03 2.60740617e+03
4.46711565e-07 1.28073990e+03 2.65111504e+03
4.47142620e-07 1.30783002e+03 2.64368072e+03
4.47573674e-07 1.69348029e+03 2.95508452e+03
4.48004729e-07 1.66938664e+03 2.97267736e+03
4.48435784e-07 1.41588369e+03 2.84396308e+03
4.48866839e-07 1.47099036e+03 2.83434543e+03
4.49297893e-07 1.34172880e+03 2.73418985e+03
4.49728948e-07 1.41547285e+03 2.85041191e+03
4.50160003e-07 1.30653276e+03 2.82475600e+03
4.50591058e-07 1.23814180e+03 2.76027127e+03
4.51022112e-07 1.38624233e+03 2.87870768e+03
4.51453167e-07 1.59387605e+03 2.99523892e+03
4.51884222e-07 1.44789676e+03 2.92428616e+03
4.52315277e-07 1.22132408e+03 2.79675148e+03
4.52746331e-07 1.46043257e+03 2.99531253e+03
4.53177386e-07 1.51004829e+03 3.08210297e+03
4.53608441e-07 1.38156207e+03 2.96698526e+03
4.54039496e-07 1.36838878e+03 2.96798476e+03
4.54470550e-07 1.60508052e+03 3.14317245e+03
4.54901605e-07 1.66453414e+03 3.19788705e+03
4.55332660e-07 1.64341568e+03 3.15248269e+03
4.55763715e-07 1.70067820e+03 3.19330662e+03
4.56194769e-07 1.45044232e+03 3.05702643e+03
4.56625824e-07 1.51424060e+03 3.04026784e+03
4.57056879e-07 1.72700358e+03 4.87096019e+03
4.57487934e-07 1.64031171e+03 4.94656231e+03
4.57918988e-07 1.68317606e+03 5.04837024e+03
4.58350043e-07 1.82302813e+03 3.37046875e+03
4.58781098e-07 1.52112325e+03 3.08416888e+03
4.59212152e-07 1.82091374e+03 3.27706795e+03
4.59643207e-07 1.96047446e+03 3.35472637e+03
4.60074262e-07 1.59651412e+03 3.09073588e+03
4.60505317e-07 1.66343572e+03 3.15091479e+03
4.60936371e-07 1.85193615e+03 3.24700479e+03
4.61367426e-07 1.59804619e+03 3.11538084e+03
4.61798481e-07 1.72144354e+03 3.24152802e+03
4.62229536e-07 1.90132386e+03 3.36795340e+03
4.62660590e-07 1.68176487e+03 3.20113016e+03
4.63091645e-07 1.78028575e+03 3.24403367e+03
4.63522700e-07 1.83110186e+03 3.34853133e+03
4.63953755e-07 1.46567527e+03 3.07654323e+03
4.64384809e-07 1.39287718e+03 3.00495006e+03
4.64815864e-07 1.87274462e+03 3.41271489e+03
4.65246919e-07 2.01393409e+03 3.46839915e+03
4.65677974e-07 2.07508804e+03 3.61868768e+03
4.66109028e-07 2.03485600e+03 3.64059504e+03
4.66540083e-07 1.79317871e+03 3.38265776e+03
4.66971138e-07 1.50850880e+03 3.19754522e+03
4.67402193e-07 1.76718683e+03 3.39740136e+03
4.67833247e-07 1.78716085e+03 3.42792928e+03
4.68264302e-07 1.91995041e+03 3.51107751e+03
4.68695357e-07 1.85815807e+03 3.47006988e+03
4.69126412e-07 2.02301465e+03 3.56844266e+03
4.69557466e-07 1.73230448e+03 3.42442281e+03
4.69988521e-07 1.97138631e+03 3.48635747e+03
4.70419576e-07 2.11994167e+03 3.63484987e+03
4.70850630e-07 1.69541372e+03 3.32854302e+03
4.71281685e-07 1.81781573e+03 3.45454391e+03
4.71712740e-07 2.17346564e+03 3.73981197e+03
4.72143795e-07 2.00405647e+03 3.54565761e+03
4.72574849e-07 2.10391498e+03 3.66926487e+03
4.73005904e-07 1.96571877e+03 3.57165601e+03
4.73436959e-07 1.88541136e+03 3.50133977e+03
4.73868014e-07 2.20018783e+03 3.68058958e+03
4.74299068e-07 1.93062937e+03 3.56119039e+03
4.74730123e-07 2.05842101e+03 3.71874593e+03
4.75161178e-07 2.12361658e+03 3.75190686e+03
4.75592233e-07 1.61983781e+03 3.31801124e+03
4.76023287e-07 1.84986297e+03 3.48356215e+03
4.76454342e-07 1.88668582e+03 3.46871105e+03
4.76885397e-07 2.04878520e+03 3.60837655e+03
4.77316452e-07 1.96563703e+03 3.61018356e+03
4.77747506e-07 2.03280239e+03 3.59171029e+03
4.78178561e-07 1.89838650e+03 3.52896082e+03
4.78609616e-07 2.08009385e+03 3.74208374e+03
4.79040671e-07 2.20385901e+03 3.77532848e+03
4.79471725e-07 1.76914231e+03 3.49209717e+03
4.79902780e-07 2.11765847e+03 3.75975699e+03
4.80333835e-07 1.91271113e+03 3.66204633e+03
4.80764890e-07 2.02385668e+03 3.73313748e+03
4.81195944e-07 1.95164291e+03 3.74935193e+03
4.81626999e-07 2.25501820e+03 4.05493524e+03
4.82058054e-07 1.98964686e+03 3.88662185e+03
4.82489109e-07 2.30892363e+03 4.03211580e+03
4.82920163e-07 2.17809447e+03 3.98770923e+03
4.83351218e-07 1.94284899e+03 3.94226393e+03
4.83782273e-07 1.84576353e+03 3.81551863e+03
4.84213327e-07 2.01062510e+03 3.92545026e+03
4.84644382e-07 2.24029656e+03 4.02341782e+03
4.85075437e-07 1.91261835e+03 3.72290721e+03
4.85506492e-07 2.40371298e+03 3.99126531e+03
4.85937546e-07 2.11409192e+03 3.80302956e+03
4.86368601e-07 2.15130437e+03 3.80228931e+03
4.86799656e-07 2.10082439e+03 3.77316893e+03
4.87230711e-07 2.34054450e+03 3.98570473e+03
4.87661765e-07 2.29048622e+03 3.93764305e+03
4.88092820e-07 1.92860293e+03 3.80741395e+03
4.88523875e-07 2.42148012e+03 4.09078731e+03
4.88954930e-07 1.66078558e+03 3.56953029e+03
4.89385984e-07 1.79126829e+03 3.75709352e+03
4.89817039e-07 2.13872697e+03 3.91504658e+03
4.90248094e-07 2.10238952e+03 3.99069966e+03
4.90679149e-07 2.75999391e+03 4.35856752e+03
4.91110203e-07 2.39318877e+03 4.09812925e+03
4.91541258e-07 2.67665179e+03 4.25913409e+03
4.91972313e-07 2.29381433e+03 3.97685369e+03
4.92403368e-07 2.06659406e+03 3.86230131e+03
4.92834422e-07 2.02989302e+03 3.85029682e+03
4.93265477e-07 2.01084643e+03 3.93531805e+03
4.93696532e-07 2.16345589e+03 4.04318109e+03
4.94127587e-07 2.31677925e+03 4.08876641e+03
4.94558641e-07 2.11404399e+03 4.06247388e+03
4.94989696e-07 2.41266674e+03 4.22200846e+03
4.95420751e-07 2.60037543e+03 4.34990870e+03
4.95851805e-07 2.55012817e+03 4.28301850e+03
4.96282860e-07 2.46918131e+03 4.21810369e+03
4.96713915e-07 2.45291610e+03 4.26793999e+03
4.97144970e-07 2.40290790e+03 4.27821137e+03
4.97576024e-07 2.14560579e+03 4.09432724e+03
4.98007079e-07 2.39734454e+03 4.25973209e+03
4.98438134e-07 2.77291463e+03 4.52007680e+03
4.98869189e-07 2.52008462e+03 4.38514756e+03
4.99300243e-07 2.80552237e+03 4.50815022e+03
4.99731298e-07 2.59808396e+03 4.47578854e+03
5.00162353e-07 2.73165159e+03 4.53560039e+03
5.00593408e-07 3.18888156e+03 4.82339149e+03
5.01024462e-07 3.09000980e+03 4.77031463e+03
5.01455517e-07 2.72294082e+03 4.47398856e+03
5.01886572e-07 2.64771775e+03 4.40792406e+03
5.02317627e-07 2.41277347e+03 4.27947623e+03
5.02748681e-07 2.97787055e+03 4.64036220e+03
5.03179736e-07 2.72004049e+03 4.50940791e+03
5.03610791e-07 2.38838729e+03 4.25777555e+03
5.04041846e-07 2.65742496e+03 4.41976055e+03
5.04472900e-07 2.59339622e+03 4.43458861e+03
5.04903955e-07 3.51046603e+03 5.04817767e+03
5.05335010e-07 4.56292213e+03 5.83799177e+03
5.05766065e-07 5.01091971e+03 6.12069851e+03
5.06197119e-07 3.54730432e+03 5.16592961e+03
5.06628174e-07 3.15403449e+03 4.80931684e+03
5.07059229e-07 3.04054324e+03 4.86951182e+03
5.07490283e-07 2.70618208e+03 4.53261417e+03
5.07921338e-07 2.76483311e+03 4.58505670e+03
5.08352393e-07 2.69621816e+03 4.51210488e+03
5.08783448e-07 2.74586620e+03 4.57836613e+03
5.09214502e-07 2.40525208e+03 4.41187590e+03
5.09645557e-07 2.52669421e+03 4.44753514e+03
5.10076612e-07 2.77957758e+03 4.69794071e+03
5.10507667e-07 2.66331293e+03 4.59801722e+03
5.10938721e-07 2.95107901e+03 4.76315700e+03
5.11369776e-07 3.12724441e+03 4.82303849e+03
5.11800831e-07 2.74330658e+03 4.62518029e+03
5.12231886e-07 2.73364807e+03 4.58920423e+03
5.12662940e-07 2.94855868e+03 4.81101637e+03
5.13093995e-07 2.83865921e+03 4.82063448e+03
5.13525050e-07 2.25213490e+03 4.40254303e+03
5.13956105e-07 2.60210944e+03 4.68078988e+03
5.14387159e-07 3.09032907e+03 4.98060482e+03
5.14818214e-07 3.22417004e+03 5.15341487e+03
5.15249269e-07 3.03190656e+03 5.01565094e+03
5.15680324e-07 2.98409152e+03 4.98921032e+03
5.16111378e-07 3.19707062e+03 5.09430549e+03
5.16542433e-07 3.05889860e+03 4.81640707e+03
5.16973488e-07 2.58827176e+03 4.52627062e+03
5.17404543e-07 2.77073055e+03 4.70764757e+03
5.17835597e-07 2.68797058e+03 4.60972598e+03
5.18266652e-07 2.72135839e+03 4.68519195e+03
5.18697707e-07 3.11023470e+03 5.00657733e+03
5.19128761e-07 3.01769800e+03 5.17763402e+03
5.19559816e-07 2.64009870e+03 5.43339433e+03
5.19990871e-07 2.31345230e+03 5.51982755e+03
5.20421926e-07 2.66992673e+03 5.33214023e+03
5.20852980e-07 2.80863484e+03 4.97761447e+03
5.21284035e-07 2.97053559e+03 5.00078704e+03
5.21715090e-07 2.73476603e+03 4.86737783e+03
5.22146145e-07 2.76753352e+03 5.00422054e+03
5.22577199e-07 2.60137774e+03 4.80635496e+03
5.23008254e-07 2.93858511e+03 4.99377978e+03
5.23439309e-07 2.68664208e+03 4.94310428e+03
5.23870364e-07 2.66391572e+03 4.99026926e+03
5.24301418e-07 2.75401779e+03 4.90330399e+03
5.24732473e-07 2.96646453e+03 5.01177420e+03
5.25163528e-07 2.84673574e+03 5.05108650e+03
5.25594583e-07 2.63283039e+03 4.95220239e+03
5.26025637e-07 2.99721695e+03 5.14003691e+03
5.26456692e-07 3.15375305e+03 5.09395842e+03
5.26887747e-07 2.82268522e+03 4.93560892e+03
5.27318802e-07 2.93256247e+03 5.08837386e+03
5.27749856e-07 2.88552849e+03 5.04600368e+03
5.28180911e-07 2.90198725e+03 5.10714922e+03
5.28611966e-07 3.46222241e+03 5.45024255e+03
5.29043021e-07 3.31926038e+03 5.37694845e+03
5.29474075e-07 3.21908242e+03 5.29200756e+03
5.29905130e-07 3.15687573e+03 5.27570642e+03
5.30336185e-07 2.87543883e+03 5.12550031e+03
5.30767239e-07 3.05924794e+03 5.28201857e+03
5.31198294e-07 3.00108947e+03 5.23853590e+03
5.31629349e-07 2.79918843e+03 5.13639922e+03
5.32060404e-07 2.89449351e+03 5.22584742e+03
5.32491458e-07 3.12257053e+03 5.36074818e+03
5.32922513e-07 3.27548276e+03 5.38995066e+03
5.33353568e-07 3.10506517e+03 5.34685245e+03
5.33784623e-07 2.87007116e+03 5.15101870e+03
5.34215677e-07 3.32848977e+03 5.35990733e+03
5.34646732e-07 3.25760493e+03 5.41483102e+03
5.35077787e-07 3.47350282e+03 5.57046427e+03
5.35508842e-07 2.87326666e+03 5.19333941e+03
5.35939896e-07 2.91115703e+03 5.19166977e+03
5.36370951e-07 3.15912425e+03 5.38338414e+03
5.36802006e-07 3.03693517e+03 5.27215222e+03
5.37233061e-07 2.78352065e+03 5.13333539e+03
5.37664115e-07 3.22984252e+03 5.43435073e+03
5.38095170e-07 3.45887348e+03 5.54858334e+03
5.38526225e-07 3.10451302e+03 5.31493853e+03
5.38957280e-07 3.19153736e+03 5.38636187e+03
5.39388334e-07 3.36069121e+03 5.45888243e+03
5.39819389e-07 3.63712885e+03 5.62666233e+03
5.40250444e-07 3.54132012e+03 5.54750166e+03
5.40681499e-07 3.65217196e+03 5.56507863e+03
5.41112553e-07 3.64201743e+03 5.60672198e+03
5.41543608e-07 3.63072532e+03 5.63510037e+03
5.41974663e-07 3.06829779e+03 5.33558324e+03
5.42405717e-07 3.48850678e+03 5.65313225e+03
5.42836772e-07 3.61896425e+03 5.72238688e+03
5.43267827e-07 3.63824516e+03 5.70590538e+03
5.43698882e-07 3.55516100e+03 5.72938443e+03
5.44129936e-07 3.19769362e+03 5.52960784e+03
5.44560991e-07 3.52908731e+03 5.65043163e+03
5.44992046e-07 3.75328675e+03 5.84166137e+03
5.45423101e-07 3.12988036e+03 5.61432389e+03
5.45854155e-07 3.24428124e+03 5.78224578e+03
5.46285210e-07 3.32648915e+03 5.71849066e+03
5.46716265e-07 3.23468940e+03 5.72084109e+03
5.47147320e-07 3.63089714e+03 5.93403036e+03
5.47578374e-07 3.46386501e+03 5.82923754e+03
5.48009429e-07 3.62662400e+03 5.90350088e+03
5.48440484e-07 3.60430072e+03 5.98626336e+03
5.48871539e-07 3.22045598e+03 5.72994898e+03
5.49302593e-07 3.36904254e+03 5.80563256e+03
5.49733648e-07 3.96942936e+03 6.20578545e+03
5.50164703e-07 3.13774677e+03 5.76730355e+03
5.50595758e-07 3.34662737e+03 5.93946150e+03
5.51026812e-07 3.44173646e+03 6.00997357e+03
5.51457867e-07 3.81349402e+03 6.26802833e+03
5.51888922e-07 3.74272282e+03 6.29541683e+03
5.52319977e-07 3.85059443e+03 6.25658972e+03
5.52751031e-07 3.80513067e+03 6.30087177e+03
5.53182086e-07 3.81511512e+03 6.32350561e+03
5.53613141e-07 3.85564897e+03 6.40196862e+03
5.54044196e-07 3.51299526e+03 6.31942212e+03
5.54475250e-07 3.70259882e+03 6.49549732e+03
5.54906305e-07 3.51040128e+03 6.33661427e+03
5.55337360e-07 3.85019612e+03 6.51123678e+03
5.55768414e-07 3.88333969e+03 6.56079315e+03
5.56199469e-07 3.91301773e+03 6.57107177e+03
5.56630524e-07 4.19813667e+03 8.24776160e+03
5.57061579e-07 1.64838454e+03 2.19189813e+04
5.57492633e-07 1.82180040e+03 4.70634577e+04
5.57923688e-07 4.63594459e+03 4.39528511e+04
5.58354743e-07 5.41817880e+03 2.17917209e+04
5.58785798e-07 5.44355299e+03 1.05704792e+04
5.59216852e-07 4.79439458e+03 7.54040386e+03
5.59647907e-07 4.12220627e+03 6.82340062e+03
5.60078962e-07 3.98163921e+03 6.82284491e+03
5.60510017e-07 3.70601955e+03 6.71899606e+03
5.60941071e-07 4.26429037e+03 7.01184649e+03
5.61372126e-07 3.70206023e+03 6.46697853e+03
5.61803181e-07 3.46710525e+03 6.43764074e+03
5.62234236e-07 3.94070832e+03 6.75188856e+03
5.62665290e-07 3.61197196e+03 6.45221236e+03
5.63096345e-07 3.77130205e+03 6.49934612e+03
5.63527400e-07 3.85483082e+03 6.58761558e+03
5.63958455e-07 3.67639264e+03 6.50827915e+03
5.64389509e-07 3.93960850e+03 6.75954378e+03
5.64820564e-07 4.13798112e+03 6.81125007e+03
5.65251619e-07 4.17444885e+03 6.81578695e+03
5.65682674e-07 3.41715458e+03 6.33499306e+03
5.66113728e-07 4.00709353e+03 6.68505949e+03
5.66544783e-07 3.93822667e+03 6.73287213e+03
5.66975838e-07 3.59824536e+03 6.59515046e+03
5.67406892e-07 4.06040914e+03 6.96330991e+03
5.67837947e-07 4.09112985e+03 6.93162152e+03
5.68269002e-07 3.93397467e+03 6.85833097e+03
5.68700057e-07 3.50523925e+03 6.56719630e+03
5.69131111e-07 3.43024793e+03 6.64855517e+03
5.69562166e-07 3.62244519e+03 6.75960679e+03
5.69993221e-07 4.03247249e+03 6.99795890e+03
5.70424276e-07 4.23722902e+03 7.09432924e+03
5.70855330e-07 3.75448983e+03 6.72280493e+03
5.71286385e-07 3.65176806e+03 6.85864107e+03
5.71717440e-07 3.56862143e+03 6.79259327e+03
5.72148495e-07 3.88564957e+03 6.94766828e+03
5.72579549e-07 4.18311248e+03 7.24039565e+03
5.73010604e-07 4.40868138e+03 7.23742405e+03
5.73441659e-07 4.08526458e+03 7.17871115e+03
5.73872714e-07 3.75668440e+03 6.84509955e+03
5.74303768e-07 4.12908302e+03 7.04725964e+03
5.74734823e-07 4.18169999e+03 7.09871923e+03
5.75165878e-07 3.58500375e+03 6.69902507e+03
5.75596933e-07 4.30787039e+03 7.24570449e+03
5.76027987e-07 3.58235440e+03 6.75317126e+03
5.76459042e-07 3.74156551e+03 6.89371552e+03
5.76890097e-07 3.60280403e+03 6.78938934e+03
5.77321152e-07 3.74457805e+03 6.81263472e+03
5.77752206e-07 4.36673789e+03 7.27545280e+03
5.78183261e-07 4.30850379e+03 7.24473970e+03
5.78614316e-07 4.44148648e+03 7.31492187e+03
5.79045370e-07 4.07180962e+03 7.09600292e+03
5.79476425e-07 4.17031526e+03 7.22165074e+03
5.79907480e-07 4.07419389e+03 7.16849813e+03
5.80338535e-07 4.17873362e+03 7.27308716e+03
5.80769589e-07 3.88484432e+03 7.05857700e+03
5.81200644e-07 4.64886125e+03 7.57850664e+03
5.81631699e-07 4.17716604e+03 7.28120422e+03
5.82062754e-07 4.43736492e+03 7.49628863e+03
5.82493808e-07 3.99941664e+03 7.17844850e+03
5.82924863e-07 4.34932755e+03 7.49842102e+03
5.83355918e-07 4.51312944e+03 7.48289394e+03
5.83786973e-07 4.52636266e+03 7.60165006e+03
5.84218027e-07 4.49666609e+03 7.55768224e+03
5.84649082e-07 4.74112399e+03 7.63517609e+03
5.85080137e-07 4.23321985e+03 7.31508781e+03
5.85511192e-07 4.37713104e+03 7.47097825e+03
5.85942246e-07 3.66199128e+03 7.34250618e+03
5.86373301e-07 4.32962651e+03 8.45835112e+03
5.86804356e-07 4.56675442e+03 8.63393515e+03
5.87235411e-07 5.15867698e+03 8.72835545e+03
5.87666465e-07 4.79689376e+03 8.41580473e+03
5.88097520e-07 4.15395521e+03 9.83036347e+03
5.88528575e-07 3.87161156e+03 1.65388540e+04
5.88959630e-07 4.03142003e+03 2.31500805e+04
5.89390684e-07 5.18380202e+03 2.21138482e+04
5.89821739e-07 5.09174192e+03 1.58880409e+04
5.90252794e-07 5.25603675e+03 1.10152069e+04
5.90683848e-07 4.24853866e+03 8.61522043e+03
5.91114903e-07 4.68612206e+03 8.91299118e+03
5.91545958e-07 4.49596332e+03 8.69374790e+03
5.91977013e-07 4.61956595e+03 8.65773281e+03
5.92408067e-07 5.02565385e+03 8.80462861e+03
5.92839122e-07 4.44517537e+03 8.90220473e+03
5.93270177e-07 4.69509035e+03 9.08199471e+03
5.93701232e-07 4.45326217e+03 8.58338076e+03
5.94132286e-07 4.40573824e+03 8.23553643e+03
5.94563341e-07 4.06772588e+03 8.17353388e+03
5.94994396e-07 4.54866595e+03 8.89657098e+03
5.95425451e-07 3.95062935e+03 8.39074251e+03
5.95856505e-07 4.37915818e+03 8.33144037e+03
5.96287560e-07 4.55253283e+03 8.26682366e+03
5.96718615e-07 4.24841100e+03 8.16163719e+03
5.97149670e-07 4.47650651e+03 8.51980595e+03
5.97580724e-07 4.44273326e+03 8.54581571e+03
5.98011779e-07 3.94078224e+03 7.96919372e+03
5.98442834e-07 4.33659391e+03 8.03107890e+03
5.98873889e-07 4.37450692e+03 7.88743531e+03
5.99304943e-07 4.64102204e+03 8.06824326e+03
5.99735998e-07 4.38240458e+03 8.11730976e+03
6.00167053e-07 4.64203436e+03 8.13254692e+03
6.00598108e-07 5.52435214e+03 8.50440372e+03
6.01029162e-07 4.82083669e+03 7.96560849e+03
6.01460217e-07 4.04122315e+03 7.48103329e+03
6.01891272e-07 4.76146937e+03 7.87774847e+03
6.02322326e-07 4.42359091e+03 7.66693289e+03
6.02753381e-07 4.60403740e+03 7.97551315e+03
6.03184436e-07 4.43877939e+03 7.91373405e+03
6.03615491e-07 4.86632257e+03 8.03793032e+03
6.04046545e-07 4.66148918e+03 7.81579520e+03
6.04477600e-07 4.02858235e+03 7.34583745e+03
6.04908655e-07 4.05689925e+03 7.34506543e+03
6.05339710e-07 4.61483377e+03 7.59864118e+03
6.05770764e-07 4.52968942e+03 7.63411362e+03
6.06201819e-07 4.82361823e+03 7.87073758e+03
6.06632874e-07 4.89687872e+03 7.78299432e+03
6.07063929e-07 4.61363762e+03 7.67305819e+03
6.07494983e-07 4.60634315e+03 7.56366535e+03
6.07926038e-07 4.27338513e+03 7.39696572e+03
6.08357093e-07 4.21149705e+03 7.29547040e+03
6.08788148e-07 4.69313562e+03 7.57160668e+03
6.09219202e-07 4.42542951e+03 7.44082797e+03
6.09650257e-07 4.77814211e+03 7.83751840e+03
6.10081312e-07 5.00112508e+03 7.92541918e+03
6.10512367e-07 5.17768608e+03 8.00832627e+03
6.10943421e-07 4.75688094e+03 7.74253021e+03
6.11374476e-07 4.73206962e+03 7.61776484e+03
6.11805531e-07 4.40027280e+03 7.41698564e+03
6.12236586e-07 4.14378692e+03 7.22571374e+03
6.12667640e-07 4.33367466e+03 7.35744091e+03
6.13098695e-07 4.35385624e+03 7.38912715e+03
6.13529750e-07 4.15720710e+03 7.52398613e+03
6.13960804e-07 4.80463129e+03 7.95558326e+03
6.14391859e-07 4.46553478e+03 7.69859432e+03
6.14822914e-07 4.91336858e+03 7.80923901e+03
6.15253969e-07 5.04745513e+03 7.77685360e+03
6.15685023e-07 4.57849065e+03 7.44309891e+03
6.16116078e-07 4.51747472e+03 7.42735778e+03
6.16547133e-07 4.55156503e+03 7.69480783e+03
6.16978188e-07 4.86975361e+03 8.12314393e+03
6.17409242e-07 4.60505664e+03 7.88980966e+03
6.17840297e-07 4.52968952e+03 7.64292331e+03
6.18271352e-07 4.31562241e+03 7.33277508e+03
6.18702407e-07 4.57134249e+03 7.59224071e+03
6.19133461e-07 4.74803738e+03 7.74612479e+03
6.19564516e-07 4.22632943e+03 7.44922667e+03
6.19995571e-07 4.41490997e+03 7.75885674e+03
6.20426626e-07 4.92428226e+03 8.03776992e+03
6.20857680e-07 4.63268015e+03 7.74918676e+03
6.21288735e-07 4.78614253e+03 7.86946978e+03
6.21719790e-07 4.99666413e+03 8.18469333e+03
6.22150845e-07 4.82181197e+03 8.09065635e+03
6.22581899e-07 4.71463237e+03 8.03997252e+03
6.23012954e-07 4.23671809e+03 8.57291258e+03
6.23444009e-07 4.76352217e+03 1.00063672e+04
6.23875064e-07 5.34519111e+03 1.01074049e+04
6.24306118e-07 4.68584237e+03 8.73754116e+03
6.24737173e-07 4.50970566e+03 8.08923873e+03
6.25168228e-07 4.44696907e+03 8.54763079e+03
6.25599283e-07 4.97969102e+03 9.60454843e+03
6.26030337e-07 5.05141698e+03 9.65677506e+03
6.26461392e-07 5.07351630e+03 9.04923168e+03
6.26892447e-07 4.97023851e+03 8.52926810e+03
6.27323501e-07 4.45385376e+03 7.97793998e+03
6.27754556e-07 4.35720402e+03 7.94275086e+03
6.28185611e-07 4.35531355e+03 8.40399515e+03
6.28616666e-07 4.28458841e+03 8.76877340e+03
6.29047720e-07 4.72041861e+03 1.05227308e+04
6.29478775e-07 4.43335297e+03 2.01039755e+04
6.29909830e-07 4.86352615e+03 2.92546365e+04
6.30340885e-07 5.66097437e+03 2.30332776e+04
6.30771939e-07 5.65632154e+03 1.34882444e+04
6.31202994e-07 5.02321783e+03 9.09929665e+03
6.31634049e-07 5.01160694e+03 8.46139847e+03
6.32065104e-07 4.97111465e+03 8.73660413e+03
6.32496158e-07 5.47356771e+03 9.50114076e+03
6.32927213e-07 5.64087882e+03 9.74818042e+03
6.33358268e-07 4.59758031e+03 8.48556114e+03
6.33789323e-07 5.08333747e+03 8.25105640e+03
6.34220377e-07 5.20011833e+03 8.28110738e+03
6.34651432e-07 4.94677018e+03 8.33091543e+03
6.35082487e-07 4.62593975e+03 8.45085651e+03
6.35513542e-07 4.93358727e+03 9.94779308e+03
6.35944596e-07 4.88917323e+03 1.35743843e+04
6.36375651e-07 5.41804821e+03 1.49274120e+04
6.36806706e-07 5.43421358e+03 1.14403808e+04
6.37237761e-07 4.80246189e+03 8.60155790e+03
6.37668815e-07 4.75071624e+03 7.95516135e+03
6.38099870e-07 5.17132130e+03 8.40583212e+03
6.38530925e-07 5.42933775e+03 8.62310248e+03
6.38961979e-07 5.44393990e+03 8.37442702e+03
6.39393034e-07 5.17216604e+03 7.86013408e+03
6.39824089e-07 5.03893051e+03 7.66982116e+03
6.40255144e-07 4.83318256e+03 7.57924617e+03
6.40686198e-07 5.06133428e+03 7.76405310e+03
6.41117253e-07 5.57192057e+03 8.14875721e+03
6.41548308e-07 5.18979856e+03 7.98358354e+03
6.41979363e-07 4.38448120e+03 7.49305589e+03
6.42410417e-07 4.91025846e+03 7.62883829e+03
6.42841472e-07 4.81967974e+03 7.49494484e+03
6.43272527e-07 4.55520206e+03 7.28210165e+03
6.43703582e-07 4.91312191e+03 7.45942106e+03
6.44134636e-07 5.00471162e+03 7.55510718e+03
6.44565691e-07 5.15479879e+03 7.66283781e+03
6.44996746e-07 4.83194255e+03 7.52342964e+03
6.45427801e-07 5.18800851e+03 7.98370095e+03
6.45858855e-07 4.91477730e+03 8.29658586e+03
6.46289910e-07 5.47470264e+03 9.26778233e+03
6.46720965e-07 5.37715667e+03 9.54505481e+03
6.47152020e-07 5.63571573e+03 9.19315315e+03
6.47583074e-07 5.02542401e+03 8.20759499e+03
6.48014129e-07 4.89387280e+03 7.70015452e+03
6.48445184e-07 4.86045488e+03 7.46713179e+03
6.48876239e-07 5.03671345e+03 7.64425215e+03
6.49307293e-07 3.91103399e+03 7.95218052e+03
6.49738348e-07 4.89236771e+03 9.61099727e+03
6.50169403e-07 4.61699279e+03 9.16632127e+03
6.50600457e-07 5.76904979e+03 9.02123650e+03
6.51031512e-07 5.05743776e+03 7.96413420e+03
6.51462567e-07 5.07521306e+03 7.78295378e+03
6.51893622e-07 4.71698551e+03 7.81175298e+03
6.52324676e-07 5.33639012e+03 8.34956571e+03
6.52755731e-07 4.92147655e+03 8.66461283e+03
6.53186786e-07 5.53956054e+03 9.50914542e+03
6.53617841e-07 4.55641479e+03 8.55853662e+03
6.54048895e-07 4.66765923e+03 8.36202332e+03
6.54479950e-07 4.76961860e+03 8.45594831e+03
6.54911005e-07 5.19298571e+03 9.22910543e+03
6.55342060e-07 4.80330255e+03 9.38030246e+03
6.55773114e-07 4.97440760e+03 8.70031279e+03
6.56204169e-07 4.82268453e+03 8.23289764e+03
6.56635224e-07 4.84041411e+03 8.36406110e+03
6.57066279e-07 4.97588146e+03 8.62581083e+03
6.57497333e-07 5.36464292e+03 9.27076540e+03
6.57928388e-07 5.57949900e+03 9.16946333e+03
6.58359443e-07 6.34303867e+03 8.78105036e+03
6.58790498e-07 5.44945043e+03 8.00124784e+03
6.59221552e-07 5.82196024e+03 8.37871827e+03
6.59652607e-07 5.75243476e+03 8.52787604e+03
6.60083662e-07 5.28718734e+03 8.53713319e+03
6.60514717e-07 5.10534002e+03 8.31339330e+03
6.60945771e-07 5.48950195e+03 8.17430457e+03
6.61376826e-07 5.60939400e+03 1.23210727e+04
6.61807881e-07 5.80888747e+03 1.25908619e+04
6.62238935e-07 9.30158233e+03 1.57971847e+04
6.62669990e-07 1.41124774e+04 1.35202494e+04
6.63101045e-07 9.67168033e+03 1.08390734e+04
6.63532100e-07 5.88875939e+03 8.41878834e+03
6.63963154e-07 6.08567398e+03 8.26541618e+03
6.64394209e-07 5.94665850e+03 8.21420192e+03
6.64825264e-07 6.30434749e+03 8.49913919e+03
6.65256319e-07 5.66566603e+03 8.05037691e+03
6.65687373e-07 5.61857468e+03 8.00928088e+03
6.66118428e-07 5.57083023e+03 8.05123367e+03
6.66549483e-07 5.31377769e+03 7.94623281e+03
6.66980538e-07 4.59684293e+03 7.40512277e+03
6.67411592e-07 4.99400449e+03 7.53678827e+03
6.67842647e-07 4.96617657e+03 7.56691969e+03
6.68273702e-07 5.20995197e+03 7.68465353e+03
6.68704757e-07 5.20197851e+03 7.71416934e+03
6.69135811e-07 4.97216885e+03 7.68552698e+03
6.69566866e-07 6.07780922e+03 8.34529883e+03
6.69997921e-07 5.18678346e+03 7.92077636e+03
6.70428976e-07 4.94940234e+03 7.72550996e+03
6.70860030e-07 5.25887581e+03 7.92826930e+03
6.71291085e-07 5.11643673e+03 7.78743634e+03
6.71722140e-07 5.25628074e+03 7.89003279e+03
6.72153195e-07 5.57956871e+03 7.96822957e+03
6.72584249e-07 5.28161033e+03 7.84946248e+03
6.73015304e-07 4.67403264e+03 7.51547444e+03
6.73446359e-07 5.32563681e+03 7.95158076e+03
6.73877413e-07 5.43935351e+03 7.97179018e+03
6.74308468e-07 5.44870021e+03 8.09657337e+03
6.74739523e-07 5.33493811e+03 7.93985292e+03
6.75170578e-07 5.26267342e+03 7.71666482e+03
6.75601632e-07 5.88617388e+03 8.07216317e+03
6.76032687e-07 5.32250235e+03 7.77699889e+03
6.76463742e-07 4.93336174e+03 7.47158616e+03
6.76894797e-07 5.22047950e+03 7.71561539e+03
6.77325851e-07 5.36106549e+03 7.68799475e+03
6.77756906e-07 6.98849505e+03 8.86831882e+03
6.78187961e-07 7.72051469e+03 9.27574162e+03
6.78619016e-07 6.44308983e+03 8.41371359e+03
6.79050070e-07 5.96940881e+03 8.15562618e+03
6.79481125e-07 7.28807215e+03 8.86624211e+03
6.79912180e-07 6.84995609e+03 8.58432413e+03
6.80343235e-07 5.73919475e+03 7.92995313e+03
6.80774289e-07 5.92393728e+03 8.00439829e+03
6.81205344e-07 5.83986637e+03 8.04753972e+03
6.81636399e-07 5.74702389e+03 8.08359072e+03
6.82067454e-07 5.67014999e+03 8.79995951e+03
6.82498508e-07 5.84538800e+03 1.12094137e+04
6.82929563e-07 5.56594797e+03 1.30591338e+04
6.83360618e-07 5.54006248e+03 1.24435279e+04
6.83791673e-07 5.59709765e+03 1.04337702e+04
6.84222727e-07 5.20723051e+03 8.76202468e+03
6.84653782e-07 5.46967058e+03 8.11278967e+03
6.85084837e-07 4.99098262e+03 7.64261688e+03
6.85515891e-07 4.37941676e+03 8.29681782e+03
6.85946946e-07 5.11404464e+03 1.15136165e+04
6.86378001e-07 4.71956263e+03 1.23592891e+04
6.86809056e-07 3.68739100e+03 9.20325623e+03
6.87240110e-07 4.20971241e+03 7.48602322e+03
6.87671165e-07 5.05353864e+03 7.87750609e+03
6.88102220e-07 5.29350162e+03 8.38266780e+03
6.88533275e-07 5.05217222e+03 8.61615288e+03
6.88964329e-07 4.87378194e+03 8.41483131e+03
6.89395384e-07 4.93767643e+03 8.17281821e+03
6.89826439e-07 4.67674305e+03 8.07565221e+03
6.90257494e-07 4.87275207e+03 8.07407545e+03
6.90688548e-07 5.19584632e+03 8.51967056e+03
6.91119603e-07 5.04290354e+03 9.11747812e+03
6.91550658e-07 5.01501895e+03 9.15652566e+03
6.91981713e-07 5.06674015e+03 1.01107775e+04
6.92412767e-07 5.43046131e+03 1.02985955e+04
6.92843822e-07 5.42788088e+03 8.78240726e+03
6.93274877e-07 5.04192681e+03 8.12495075e+03
6.93705932e-07 4.99160934e+03 8.68363601e+03
6.94136986e-07 5.25193794e+03 9.60168012e+03
6.94568041e-07 5.37909451e+03 1.65752166e+04
6.94999096e-07 5.31178563e+03 1.65846485e+04
6.95430151e-07 5.13775792e+03 1.40405864e+04
6.95861205e-07 5.91117427e+03 1.30049627e+04
6.96292260e-07 5.40871486e+03 8.40350836e+03
6.96723315e-07 4.84685692e+03 8.66551243e+03
6.97154370e-07 5.36886977e+03 9.48950315e+03
6.97585424e-07 4.80419049e+03 9.79808688e+03
6.98016479e-07 4.67406148e+03 9.27157543e+03
6.98447534e-07 5.77113308e+03 8.73119944e+03
6.98878588e-07 5.38370379e+03 7.96519955e+03
6.99309643e-07 4.74754567e+03 7.49199764e+03
6.99740698e-07 4.59558116e+03 7.61029673e+03
7.00171753e-07 5.25661685e+03 8.30142995e+03
7.00602807e-07 4.98981492e+03 8.39481453e+03
7.01033862e-07 5.52416053e+03 8.80365674e+03
7.01464917e-07 5.16196334e+03 8.06010032e+03
7.01895972e-07 4.59180578e+03 7.33954408e+03
7.02327026e-07 4.87153359e+03 7.40125493e+03
7.02758081e-07 5.45673260e+03 7.67708948e+03
7.03189136e-07 5.56576929e+03 7.78248730e+03
7.03620191e-07 5.05257626e+03 7.55121725e+03
7.04051245e-07 5.26415184e+03 8.21140125e+03
7.04482300e-07 5.16341847e+03 8.73687143e+03
7.04913355e-07 5.46251976e+03 9.01765020e+03
7.05344410e-07 5.30694820e+03 8.35610690e+03
7.05775464e-07 5.07424940e+03 7.89823311e+03
7.06206519e-07 5.50997302e+03 8.35102207e+03
7.06637574e-07 5.21998562e+03 8.26460131e+03
7.07068629e-07 5.17530919e+03 8.17842341e+03
7.07499683e-07 5.27895679e+03 8.15897301e+03
7.07930738e-07 5.32295174e+03 8.33614307e+03
7.08361793e-07 5.52186779e+03 8.46218405e+03
7.08792848e-07 5.35657581e+03 8.37325711e+03
7.09223902e-07 5.22411348e+03 8.06946148e+03
7.09654957e-07 5.54128040e+03 8.02858865e+03
7.10086012e-07 4.03482479e+03 7.03790893e+03
7.10517066e-07 5.26679954e+03 7.75449500e+03
7.10948121e-07 5.24033615e+03 7.75256427e+03
7.11379176e-07 5.24736802e+03 7.59851926e+03
7.11810231e-07 5.67152320e+03 7.97668079e+03
7.12241285e-07 5.74417703e+03 8.07319777e+03
7.12672340e-07 5.13891039e+03 7.93817692e+03
7.13103395e-07 5.22701621e+03 8.01445030e+03
7.13534450e-07 4.87793095e+03 7.76528052e+03
7.13965504e-07 5.07001947e+03 8.09868173e+03
7.14396559e-07 4.81730822e+03 8.11899096e+03
7.14827614e-07 4.74182596e+03 7.99569000e+03
7.15258669e-07 4.47840855e+03 7.46851832e+03
7.15689723e-07 4.80829326e+03 7.76926282e+03
7.16120778e-07 4.05716007e+03 7.28216145e+03
7.16551833e-07 4.59166210e+03 7.62595120e+03
7.16982888e-07 4.60683784e+03 7.39163606e+03
7.17413942e-07 4.38902241e+03 7.21168124e+03
7.17844997e-07 4.49895836e+03 7.29560407e+03
7.18276052e-07 4.44325498e+03 7.04153371e+03
7.18707107e-07 3.91731497e+03 6.46875801e+03
7.19138161e-07 4.34630969e+03 6.59993601e+03
7.19569216e-07 3.75207521e+03 6.26802423e+03
7.20000271e-07 4.30070509e+03 6.56694072e+03
7.20431326e-07 4.46279909e+03 6.73489263e+03
7.20862380e-07 4.04305380e+03 6.59565256e+03
7.21293435e-07 4.16262235e+03 6.74771272e+03
7.21724490e-07 4.43237634e+03 6.96190496e+03
7.22155544e-07 4.33365985e+03 6.97473072e+03
7.22586599e-07 4.49289539e+03 7.05004377e+03
7.23017654e-07 4.30912262e+03 7.56512864e+03
7.23448709e-07 4.38883154e+03 1.08832177e+04
7.23879763e-07 5.21102961e+03 1.68530249e+04
7.24310818e-07 4.01245246e+03 1.75095081e+04
7.24741873e-07 4.05336019e+03 1.32762318e+04
7.25172928e-07 3.59899844e+03 9.26351811e+03
7.25603982e-07 3.83847042e+03 7.99785566e+03
7.26035037e-07 3.63238055e+03 7.11435427e+03
7.26466092e-07 4.61435707e+03 7.65696275e+03
7.26897147e-07 4.07626233e+03 9.83396716e+03
7.27328201e-07 4.06768207e+03 1.49551038e+04
7.27759256e-07 2.95902297e+03 1.56694191e+04
7.28190311e-07 3.02152262e+03 1.26885699e+04
7.28621366e-07 3.72011066e+03 1.04206178e+04
7.29052420e-07 4.47016357e+03 8.77107574e+03
7.29483475e-07 4.71601850e+03 8.71883699e+03
7.29914530e-07 3.80606393e+03 8.66739231e+03
7.30345585e-07 3.69371341e+03 9.02649044e+03
7.30776639e-07 3.43160352e+03 9.07220382e+03
7.31207694e-07 3.92427507e+03 1.22339531e+04
7.31638749e-07 3.74849239e+03 1.40448235e+04
7.32069804e-07 4.26061272e+03 1.07508985e+04
7.32500858e-07 5.36343876e+03 1.02735796e+04
7.32931913e-07 3.92152370e+03 1.01791384e+04
7.33362968e-07 3.44877379e+03 1.05361897e+04
7.33794022e-07 4.15136910e+03 1.51145835e+04
7.34225077e-07 3.49552637e+03 1.47326160e+04
7.34656132e-07 4.12348786e+03 9.85864034e+03
7.35087187e-07 4.64665910e+03 8.52859017e+03
7.35518241e-07 4.42978549e+03 9.75837481e+03
7.35949296e-07 3.54959627e+03 1.00427215e+04
7.36380351e-07 4.30122701e+03 1.15568590e+04
7.36811406e-07 4.11042509e+03 1.35997709e+04
7.37242460e-07 3.82253534e+03 1.11011384e+04
7.37673515e-07 4.24989616e+03 7.88749580e+03
7.38104570e-07 4.27377474e+03 7.19024321e+03
7.38535625e-07 3.75597329e+03 7.63355918e+03
7.38966679e-07 3.85573491e+03 8.80358056e+03
7.39397734e-07 4.60869093e+03 9.72789665e+03
7.39828789e-07 4.93978892e+03 1.14637216e+04
7.40259844e-07 4.39476833e+03 1.12044897e+04
7.40690898e-07 4.75632439e+03 8.67817804e+03
7.41121953e-07 4.58130026e+03 7.32333578e+03
7.41553008e-07 5.07382223e+03 7.49221019e+03
7.41984063e-07 4.81418312e+03 7.45207976e+03
7.42415117e-07 4.71406930e+03 7.69136195e+03
7.42846172e-07 4.45592532e+03 8.22852826e+03
7.43277227e-07 4.37304629e+03 8.83296312e+03
7.43708282e-07 4.38653317e+03 9.34166414e+03
7.44139336e-07 4.38294645e+03 8.50119801e+03
7.44570391e-07 4.22524982e+03 7.10674408e+03
7.45001446e-07 4.25944750e+03 6.75909577e+03
7.45432500e-07 4.35451907e+03 7.07959003e+03
7.45863555e-07 3.86042716e+03 7.32731634e+03
7.46294610e-07 4.08375528e+03 8.02756798e+03
7.46725665e-07 4.70847202e+03 9.18853959e+03
7.47156719e-07 3.84273250e+03 9.66655188e+03
7.47587774e-07 3.71356750e+03 9.95106595e+03
7.48018829e-07 4.22235505e+03 1.05183908e+04
7.48449884e-07 4.33338548e+03 9.44887020e+03
7.48880938e-07 4.18699094e+03 8.02718565e+03
7.49311993e-07 4.56563663e+03 7.76669369e+03
7.49743048e-07 4.94930262e+03 7.63349551e+03
7.50174103e-07 4.41787309e+03 7.25043857e+03
7.50605157e-07 4.63699729e+03 7.15613457e+03
7.51036212e-07 4.91717285e+03 7.27134900e+03
7.51467267e-07 4.29932043e+03 7.95862051e+03
7.51898322e-07 4.36512471e+03 1.07561644e+04
7.52329376e-07 3.34447696e+03 1.29090145e+04
7.52760431e-07 4.20483691e+03 1.15630809e+04
7.53191486e-07 4.22709892e+03 8.97442649e+03
7.53622541e-07 4.04316814e+03 7.80285736e+03
7.54053595e-07 4.87206166e+03 7.80605633e+03
7.54484650e-07 4.98942489e+03 7.68490980e+03
7.54915705e-07 4.69953497e+03 7.59394221e+03
7.55346760e-07 4.32218781e+03 7.95565150e+03
7.55777814e-07 4.58595637e+03 8.41651826e+03
7.56208869e-07 4.30978420e+03 7.96569493e+03
7.56639924e-07 4.07465744e+03 9.42542789e+03
7.57070978e-07 4.98798709e+03 1.20416113e+04
7.57502033e-07 5.22638828e+03 1.03642746e+04
7.57933088e-07 4.26771328e+03 8.03396861e+03
7.58364143e-07 4.37511245e+03 8.43107708e+03
7.58795197e-07 4.25144823e+03 8.01233271e+03
7.59226252e-07 3.69289977e+03 6.88191069e+03
7.59657307e-07 2.03915077e+03 5.93084214e+03
7.60088362e-07 1.40590656e+03 4.91323502e+03
7.60519416e-07 1.41121173e+03 4.19000458e+03
7.60950471e-07 1.63039535e+03 4.48845058e+03
7.61381526e-07 2.10877877e+03 5.77656501e+03
7.61812581e-07 2.49076328e+03 6.65769048e+03
7.62243635e-07 3.20901969e+03 6.93587322e+03
7.62674690e-07 2.29318423e+03 6.41397682e+03
7.63105745e-07 2.53363504e+03 6.27823161e+03
7.63536800e-07 2.47616697e+03 5.55419728e+03
7.63967854e-07 2.49898253e+03 5.30345229e+03
7.64398909e-07 3.03241364e+03 5.76813867e+03
7.64829964e-07 3.54787884e+03 6.42304273e+03
7.65261019e-07 3.57945952e+03 6.75073160e+03
7.65692073e-07 3.33861337e+03 7.14841497e+03
7.66123128e-07 3.44289840e+03 7.52787618e+03
7.66554183e-07 3.97004965e+03 7.42309940e+03
7.66985238e-07 3.54902389e+03 6.56947636e+03
7.67416292e-07 4.16371253e+03 6.84422920e+03
7.67847347e-07 3.96767065e+03 7.09309861e+03
7.68278402e-07 3.84731841e+03 7.43387326e+03
7.68709457e-07 4.09152380e+03 7.96384839e+03
7.69140511e-07 4.39170011e+03 8.18698295e+03
7.69571566e-07 4.01990819e+03 8.04194367e+03
7.70002621e-07 4.36948815e+03 8.04414095e+03
7.70433675e-07 4.16572474e+03 8.74150136e+03
7.70864730e-07 3.67904312e+03 1.43450625e+04
7.71295785e-07 3.08505697e+03 3.29976563e+04
7.71726840e-07 4.55130255e+03 3.35830988e+04
7.72157894e-07 5.44813476e+03 2.31979831e+04
7.72588949e-07 4.44657226e+03 1.72960680e+04
7.73020004e-07 4.59285627e+03 9.20480754e+03
7.73451059e-07 4.08430371e+03 8.34478252e+03
7.73882113e-07 4.19678641e+03 8.11390762e+03
7.74313168e-07 3.75391842e+03 1.03678961e+04
7.74744223e-07 3.51645529e+03 1.85424029e+04
7.75175278e-07 5.69679961e+03 2.11416495e+04
7.75606332e-07 4.51329902e+03 1.49572478e+04
7.76037387e-07 4.23895466e+03 1.21128435e+04
7.76468442e-07 4.55890225e+03 9.78883488e+03
7.76899497e-07 3.58419595e+03 8.79906021e+03
7.77330551e-07 4.57515035e+03 1.05709492e+04
7.77761606e-07 4.35175710e+03 1.10038412e+04
7.78192661e-07 5.53812697e+03 1.10206977e+04
7.78623716e-07 2.46170096e+03 9.84303819e+03
7.79054770e-07 3.63697661e+03 1.53604891e+04
7.79485825e-07 5.10595623e+03 1.70452828e+04
7.79916880e-07 4.00804978e+03 1.07555232e+04
7.80347935e-07 2.67192466e+03 9.46794088e+03
7.80778989e-07 3.62694908e+03 1.14621717e+04
7.81210044e-07 4.57695680e+03 1.16204144e+04
7.81641099e-07 4.29262652e+03 1.45971845e+04
7.82072153e-07 4.60094590e+03 1.97122188e+04
7.82503208e-07 5.43988336e+03 1.44750997e+04
7.82934263e-07 4.05490522e+03 8.50072125e+03
7.83365318e-07 4.10664981e+03 8.52647696e+03
7.83796372e-07 4.01357367e+03 1.01993075e+04
7.84227427e-07 4.85798407e+03 1.13602004e+04
7.84658482e-07 1.92916617e+03 1.20840314e+04
7.85089537e-07 4.42014546e+03 2.04842201e+04
7.85520591e-07 5.71978102e+03 2.17265957e+04
7.85951646e-07 4.77888453e+03 1.58629455e+04
7.86382701e-07 3.31919414e+03 1.30301094e+04
7.86813756e-07 4.25004469e+03 1.47173087e+04
7.87244810e-07 5.06188358e+03 1.43456347e+04
7.87675865e-07 3.21581051e+03 1.22608656e+04
7.88106920e-07 3.69756772e+03 1.23255617e+04
7.88537975e-07 4.04752374e+03 1.36625678e+04
7.88969029e-07 5.02991883e+03 1.48881854e+04
7.89400084e-07 5.07633374e+03 1.12459754e+04
7.89831139e-07 4.57241821e+03 8.51161181e+03
7.90262194e-07 3.76281925e+03 7.85118083e+03
7.90693248e-07 1.69079569e+03 1.11989917e+04
7.91124303e-07 3.58509848e+03 2.15652495e+04
7.91555358e-07 4.93721496e+03 2.32916014e+04
7.91986413e-07 3.56136882e+03 1.66746438e+04
7.92417467e-07 4.55385834e+03 1.27584442e+04
7.92848522e-07 3.20390072e+03 1.17581827e+04
7.93279577e-07 4.62774195e+03 1.12364212e+04
7.93710631e-07 4.74568985e+03 8.54907116e+03
7.94141686e-07 2.08087518e+03 7.41327386e+03
