7.82800000e-02
3.61197000e-07 8.27354074e+01 2.15257964e+01
3.61628030e-07 2.84392458e+02 2.46041197e+01
3.62921121e-07 6.13230076e+01 1.17151318e+02
3.63352152e-07 1.15515277e+01 1.32237790e+02
3.64214212e-07 5.31922541e-02 1.44410529e+02
3.64645242e-07 4.92653662e+01 1.27599173e+02
3.65076273e-07 5.78619192e+01 9.60669661e+01
3.66800394e-07 8.94057749e+01 9.21687202e+01
3.67231424e-07 4.24881424e+01 8.69437748e+01
3.67662455e-07 7.08880449e+01 8.32201839e+01
3.68093485e-07 3.40772506e+01 9.62961429e+01
3.68524515e-07 4.28510012e+01 9.99591829e+01
3.68955545e-07 4.41505931e+01 1.00268807e+02
3.69386576e-07 1.85448505e+01 9.48429360e+01
3.69817606e-07 2.14361012e+01 1.09020874e+02
3.70679667e-07 6.63908331e+01 1.46721028e+02
3.71110697e-07 2.31096792e+01 1.43900983e+02
3.72403788e-07 3.36773994e+00 1.11744557e+02
3.72834818e-07 1.65887765e+01 1.49447198e+02
3.73696879e-07 4.71543253e+01 2.04920096e+02
3.74127909e-07 5.10765628e+01 1.90981556e+02
3.76283061e-07 4.77657973e+01 1.37646749e+02
3.76714091e-07 3.87186828e+01 1.40915307e+02
3.77145121e-07 2.18192358e+01 1.44897528e+02
3.77576152e-07 7.31566553e+01 1.45658394e+02
3.78007182e-07 9.42900043e+01 1.35640285e+02
3.78438212e-07 2.50140624e+00 1.46916241e+02
3.78869242e-07 2.67794140e+01 1.57354785e+02
3.79300273e-07 2.27905594e+01 1.47925431e+02
3.79731303e-07 1.05330388e+02 1.65705145e+02
3.80162333e-07 3.96457415e+01 1.53612364e+02
3.80593364e-07 7.37403833e+01 1.19966281e+02
3.81024394e-07 1.18705625e+02 1.39479953e+02
3.81455424e-07 5.27217221e+01 1.59484623e+02
3.81886455e-07 5.74324306e+01 1.69430377e+02
3.82317485e-07 4.69499654e+01 1.62791325e+02
3.82748515e-07 1.15764714e+02 1.99108651e+02
3.83179545e-07 9.47067577e+01 2.47429959e+02
3.83610576e-07 3.51486316e+01 2.23803516e+02
3.84041606e-07 7.36886578e+01 2.01020510e+02
3.84472636e-07 2.87988064e+01 2.04540134e+02
3.84903667e-07 5.49347129e+01 1.94268777e+02
3.85334697e-07 1.95406648e+02 1.89422489e+02
3.85765727e-07 1.65891537e+02 1.70522730e+02
3.86196758e-07 1.48254108e+02 1.49862125e+02
3.86627788e-07 2.24241565e+02 1.40871486e+02
3.87058818e-07 1.09879885e+02 1.42577823e+02
3.87489848e-07 7.46550569e+01 1.47804491e+02
3.87920879e-07 1.52175153e+02 1.35205495e+02
3.88351909e-07 1.80297950e+02 1.26798270e+02
3.88782939e-07 1.74117009e+02 1.25693362e+02
3.89213970e-07 8.53983913e+01 1.42143769e+02
3.89645000e-07 4.94332690e+01 1.47687988e+02
3.90076030e-07 6.67459345e+01 1.88290915e+02
3.90507061e-07 3.09458548e+01 2.02837214e+02
3.90938091e-07 1.55273159e+02 2.20064593e+02
3.91369121e-07 2.50163864e+02 2.54910103e+02
3.91800152e-07 1.77300461e+02 2.25459736e+02
3.92231182e-07 2.28703193e+02 1.72368076e+02
3.92662212e-07 1.50025373e+02 1.70655944e+02
3.93093242e-07 1.92876888e+02 1.43789879e+02
3.93524273e-07 1.84143254e+02 1.81902799e+02
3.93955303e-07 2.48325532e+02 1.90568483e+02
3.94386333e-07 9.67594516e+01 2.30155724e+02
3.94817364e-07 1.37146011e+02 2.37110702e+02
3.95248394e-07 6.54669951e+01 2.24796392e+02
3.95679424e-07 2.39834025e+02 1.78040019e+02
3.96110455e-07 1.99867882e+02 1.66962674e+02
3.96541485e-07 2.45134013e+02 1.52511841e+02
3.96972515e-07 1.50648835e+02 1.53897986e+02
3.97403545e-07 1.66542987e+02 2.13350202e+02
3.97834576e-07 2.55275707e+02 1.97529279e+02
3.98265606e-07 2.61889319e+02 1.94376587e+02
3.98696636e-07 2.17265160e+02 2.00891048e+02
3.99127667e-07 1.78924084e+02 2.00167103e+02
3.99558697e-07 2.60787831e+02 2.02180364e+02
3.99989727e-07 2.45911644e+02 1.93534350e+02
4.00420758e-07 2.83707676e+02 2.05340716e+02
4.00851788e-07 1.93841709e+02 2.46467469e+02
4.01282818e-07 2.81143683e+02 2.82906728e+02
4.01713848e-07 7.83141021e+02 2.52763232e+02
4.02144879e-07 7.28184964e+02 2.28944780e+02
4.02575909e-07 4.16687910e+02 2.37986094e+02
4.03006939e-07 1.88223646e+02 2.47106123e+02
4.03437970e-07 1.21900240e+02 2.55123975e+02
4.03869000e-07 9.63432903e+01 2.86549075e+02
4.04300030e-07 2.06297681e+02 3.00838392e+02
4.04731061e-07 1.50061481e+02 3.39394669e+02
4.05162091e-07 1.64695212e+02 3.11781828e+02
4.05593121e-07 1.96764377e+02 3.04508517e+02
4.06024152e-07 1.93548356e+02 3.40675310e+02
4.06455182e-07 1.03738224e+02 3.49129817e+02
4.06886212e-07 2.17660511e+02 3.48164920e+02
4.07317242e-07 2.92401975e+02 3.30379265e+02
4.07748273e-07 2.67632308e+02 3.25391964e+02
4.08179303e-07 1.83392009e+02 3.43079576e+02
4.08610333e-07 2.73434927e+02 3.18069249e+02
4.09041364e-07 2.41453165e+02 2.87953266e+02
4.09472394e-07 2.51403987e+02 2.85065158e+02
4.09903424e-07 2.30959017e+02 2.84077158e+02
4.10334455e-07 3.29453025e+02 2.66967203e+02
4.10765485e-07 3.96637063e+02 2.69867119e+02
4.11196515e-07 3.05561575e+02 2.72993198e+02
4.11627545e-07 2.32946252e+02 2.69476696e+02
4.12058576e-07 3.74481088e+02 2.89197970e+02
4.12489606e-07 2.42228397e+02 3.30215354e+02
4.12920636e-07 4.27862043e+02 3.31558483e+02
4.13351667e-07 2.98105217e+02 3.02086448e+02
4.13782697e-07 2.26163351e+02 3.35197130e+02
4.14213727e-07 2.38986157e+02 2.92736001e+02
4.14644758e-07 3.24400404e+02 3.03535293e+02
4.15075788e-07 3.42752937e+02 2.58396550e+02
4.15506818e-07 3.82489278e+02 3.11142503e+02
4.15937848e-07 3.58601749e+02 3.63737264e+02
4.16368879e-07 4.38398471e+02 3.75933881e+02
4.16799909e-07 3.66500857e+02 4.47803895e+02
4.17230939e-07 5.39277627e+02 3.64259877e+02
4.17661970e-07 2.88626596e+02 3.69278760e+02
4.18093000e-07 3.65781464e+02 3.67594781e+02
4.18524030e-07 3.02394491e+02 3.40628803e+02
4.18955061e-07 4.00211130e+02 3.08580827e+02
4.19386091e-07 3.61456607e+02 3.23303460e+02
4.19817121e-07 3.41599053e+02 3.09086633e+02
4.20248152e-07 3.35425423e+02 2.76126521e+02
4.20679182e-07 4.11483348e+02 3.18583983e+02
4.21110212e-07 5.40384488e+02 2.96656164e+02
4.21541242e-07 4.83117973e+02 3.21027785e+02
4.21972273e-07 5.14819808e+02 2.97728053e+02
4.22403303e-07 4.51424150e+02 2.78155800e+02
4.22834333e-07 4.63352616e+02 2.87213456e+02
4.23265364e-07 4.33238849e+02 2.55036779e+02
4.23696394e-07 4.32658782e+02 3.10271409e+02
4.24127424e-07 3.66023550e+02 2.97041273e+02
4.24558455e-07 4.02790202e+02 3.17784800e+02
4.24989485e-07 2.86565488e+02 3.26133816e+02
4.25420515e-07 3.74112549e+02 3.37109508e+02
4.25851545e-07 4.43373556e+02 3.28719629e+02
4.26282576e-07 4.20842484e+02 3.54809772e+02
4.26713606e-07 4.47229220e+02 3.02375409e+02
4.27144636e-07 4.87517804e+02 3.57929617e+02
4.27575667e-07 3.01620954e+02 3.47375545e+02
4.28006697e-07 2.87639178e+02 3.39948806e+02
4.28437727e-07 3.46078191e+02 3.54652708e+02
4.28868758e-07 3.37170140e+02 3.51261724e+02
4.29299788e-07 3.98200647e+02 3.70072395e+02
4.29730818e-07 4.84431104e+02 3.33808777e+02
4.30161848e-07 5.86784842e+02 3.21992169e+02
4.30592879e-07 6.12727246e+02 3.43946873e+02
4.31023909e-07 5.79843051e+02 3.81557671e+02
4.31454939e-07 5.85842509e+02 3.95385565e+02
4.31885970e-07 6.24656088e+02 4.00011357e+02
4.32317000e-07 4.25809586e+02 3.92215255e+02
4.32748030e-07 6.08301958e+02 3.89287338e+02
4.33179061e-07 9.01046044e+02 3.78334832e+02
4.33610091e-07 6.14084035e+02 3.88590234e+02
4.34041121e-07 6.71638604e+02 3.53321721e+02
4.34472152e-07 6.64386304e+02 3.43423795e+02
4.34903182e-07 6.00284061e+02 4.12316130e+02
4.35334212e-07 6.34452611e+02 3.77248944e+02
4.35765242e-07 6.20390303e+02 3.66030280e+02
4.36196273e-07 5.61147301e+02 3.71210019e+02
4.36627303e-07 6.49642981e+02 3.27010843e+02
4.37058333e-07 7.16624391e+02 3.56256239e+02
4.37489364e-07 5.53638935e+02 3.81448954e+02
4.37920394e-07 6.42289645e+02 4.04863688e+02
4.38351424e-07 5.60588921e+02 4.09272469e+02
4.38782455e-07 6.26135738e+02 3.79438554e+02
4.39213485e-07 6.70698683e+02 3.77068029e+02
4.39644515e-07 4.88364093e+02 4.13916758e+02
4.40075545e-07 5.21893935e+02 4.34978209e+02
4.40506576e-07 7.37312045e+02 5.08011758e+02
4.40937606e-07 5.81428869e+02 5.48874623e+02
4.41368636e-07 5.79161890e+02 5.36094413e+02
4.41799667e-07 5.28224770e+02 5.26650681e+02
4.42230697e-07 4.77337269e+02 5.14331139e+02
4.42661727e-07 5.04709149e+02 5.23465657e+02
4.43092758e-07 7.46975686e+02 4.66336161e+02
4.43523788e-07 5.82089090e+02 4.75800967e+02
4.43954818e-07 5.50592858e+02 5.21035142e+02
4.44385848e-07 6.22216613e+02 4.91241026e+02
4.44816879e-07 5.56727959e+02 4.52654035e+02
4.45247909e-07 5.55914792e+02 3.99027149e+02
4.45678939e-07 6.61014771e+02 3.96643136e+02
4.46109970e-07 6.82200235e+02 4.30440580e+02
4.46541000e-07 8.53182274e+02 4.13198209e+02
4.46972030e-07 7.65201675e+02 4.15417478e+02
4.47403061e-07 6.71416623e+02 4.53816898e+02
4.47834091e-07 4.83994736e+02 4.06080818e+02
4.48265121e-07 5.80346782e+02 4.66507409e+02
4.48696152e-07 6.51152890e+02 4.46109141e+02
4.49127182e-07 6.21181436e+02 4.13150323e+02
4.49558212e-07 7.31317359e+02 4.19579737e+02
4.49989242e-07 6.20028037e+02 4.42026772e+02
4.50420273e-07 6.30373898e+02 5.05003179e+02
4.50851303e-07 7.33161103e+02 4.57458972e+02
4.51282333e-07 6.92674094e+02 4.62044177e+02
4.51713364e-07 6.36036652e+02 4.69490223e+02
4.52144394e-07 5.80583140e+02 5.26696655e+02
4.52575424e-07 7.04724189e+02 5.28147379e+02
4.53006455e-07 7.44123434e+02 5.52412343e+02
4.53437485e-07 7.71984651e+02 5.69478533e+02
4.53868515e-07 7.29843653e+02 5.82582645e+02
4.54299545e-07 6.57678605e+02 6.07214470e+02
4.54730576e-07 8.65381145e+02 5.56706555e+02
4.55161606e-07 7.08082485e+02 5.47976326e+02
4.55592636e-07 7.72767011e+02 5.50056036e+02
4.56023667e-07 7.33727642e+02 5.59264622e+02
4.56454697e-07 7.35776755e+02 5.41956370e+02
4.56885727e-07 7.45019659e+02 5.53987823e+02
4.57316758e-07 9.71680918e+02 5.39974574e+02
4.57747788e-07 9.10993499e+02 5.13428305e+02
4.58178818e-07 7.37655202e+02 5.41146404e+02
4.58609848e-07 7.55480260e+02 6.04446789e+02
4.59040879e-07 8.91866965e+02 5.17952076e+02
4.59471909e-07 9.60673549e+02 4.92923611e+02
4.59902939e-07 6.04880697e+02 5.67782625e+02
4.60333970e-07 4.92999451e+02 5.47179889e+02
4.60765000e-07 6.62641327e+02 5.48161601e+02
4.61196030e-07 7.39048994e+02 5.45369997e+02
4.61627061e-07 8.60812823e+02 5.39170578e+02
4.62058091e-07 7.92749674e+02 5.28485267e+02
4.62489121e-07 8.19592033e+02 5.21897754e+02
4.62920152e-07 7.16115652e+02 5.64600272e+02
4.63351182e-07 8.51834878e+02 5.44761169e+02
4.63782212e-07 8.55821775e+02 5.27551563e+02
4.64213242e-07 4.82026616e+02 5.50114064e+02
4.64644273e-07 7.34355499e+02 5.49196115e+02
4.65075303e-07 8.09493760e+02 5.08692522e+02
4.65506333e-07 6.29308609e+02 5.79412990e+02
4.65937364e-07 7.02331770e+02 5.97075838e+02
4.66368394e-07 6.33606953e+02 5.81917252e+02
4.66799424e-07 6.56753612e+02 6.20157147e+02
4.67230455e-07 8.54609394e+02 6.02585450e+02
4.67661485e-07 9.49628571e+02 5.98848296e+02
4.68092515e-07 8.14989124e+02 6.57298207e+02
4.68523545e-07 8.86472870e+02 6.24845010e+02
4.68954576e-07 8.04410631e+02 6.03772009e+02
4.69385606e-07 5.52491354e+02 6.42726193e+02
4.69816636e-07 7.49151849e+02 6.24862191e+02
4.70247667e-07 8.66549524e+02 5.71358324e+02
4.70678697e-07 1.05558690e+03 5.61486263e+02
4.71109727e-07 8.96189369e+02 6.48257336e+02
4.71540758e-07 9.01954586e+02 6.59836812e+02
4.71971788e-07 9.41765612e+02 6.12803019e+02
4.72402818e-07 9.72191912e+02 5.58982509e+02
4.72833848e-07 8.73478261e+02 6.23834231e+02
4.73264879e-07 1.03005255e+03 5.97578214e+02
4.73695909e-07 9.77607654e+02 6.25188690e+02
4.74126939e-07 8.57673304e+02 5.91096085e+02
4.74557970e-07 9.48601586e+02 5.76088859e+02
4.74989000e-07 9.74978852e+02 6.17747838e+02
4.75420030e-07 8.72110466e+02 6.30044426e+02
4.75851061e-07 9.39602037e+02 5.84811194e+02
4.76282091e-07 9.42451358e+02 5.99174459e+02
4.76713121e-07 8.70804137e+02 5.61365154e+02
4.77144152e-07 7.65624336e+02 6.28567996e+02
4.77575182e-07 9.68086575e+02 6.29653338e+02
4.78006212e-07 8.21764679e+02 5.89336819e+02
4.78437242e-07 7.18235590e+02 6.21149556e+02
4.78868273e-07 8.76588999e+02 6.25103566e+02
4.79299303e-07 8.79959693e+02 6.17378039e+02
4.79730333e-07 1.01695817e+03 6.36790454e+02
4.80161364e-07 9.94982896e+02 6.59811583e+02
4.80592394e-07 1.05476136e+03 6.13861794e+02
4.81023424e-07 1.06290434e+03 6.17702700e+02
4.81454455e-07 8.32757074e+02 7.13766219e+02
4.81885485e-07 8.88525602e+02 7.28194468e+02
4.82316515e-07 9.70902382e+02 7.76129009e+02
4.82747545e-07 1.05579507e+03 7.61589859e+02
4.83178576e-07 9.22079140e+02 7.66878778e+02
4.83609606e-07 1.05638710e+03 7.41093084e+02
4.84040636e-07 1.11712417e+03 7.85125157e+02
4.84471667e-07 9.23885449e+02 7.71409936e+02
4.84902697e-07 1.07672445e+03 7.83029125e+02
4.85333727e-07 1.05185775e+03 7.05937706e+02
4.85764758e-07 1.30401669e+03 6.42844578e+02
4.86195788e-07 1.27181427e+03 6.00864527e+02
4.86626818e-07 1.10985743e+03 7.08411140e+02
4.87057848e-07 1.22872674e+03 6.35237207e+02
4.87488879e-07 1.08900166e+03 6.74077762e+02
4.87919909e-07 8.11866406e+02 7.63600037e+02
4.88350939e-07 8.82613632e+02 7.73086671e+02
4.88781970e-07 1.02853795e+03 7.31256186e+02
4.89213000e-07 9.18601524e+02 7.48329387e+02
4.89644030e-07 1.13915305e+03 7.04964393e+02
4.90075061e-07 1.22690214e+03 6.85821608e+02
4.90506091e-07 1.12419506e+03 7.15708055e+02
4.90937121e-07 1.31261359e+03 6.79569111e+02
4.91368152e-07 1.25775013e+03 6.96234704e+02
4.91799182e-07 1.12983099e+03 6.44766613e+02
4.92230212e-07 1.14142183e+03 5.97957266e+02
4.92661242e-07 1.11482176e+03 6.66622611e+02
4.93092273e-07 1.19512157e+03 6.74513624e+02
4.93523303e-07 1.16900877e+03 7.08641853e+02
4.93954333e-07 1.41380262e+03 7.52637130e+02
4.94385364e-07 1.10580728e+03 6.78364833e+02
4.94816394e-07 1.13547471e+03 7.06577761e+02
4.95247424e-07 1.00696452e+03 6.98382804e+02
4.95678455e-07 1.36832862e+03 7.19234523e+02
4.96109485e-07 1.29632844e+03 7.76285903e+02
4.96540515e-07 1.24876410e+03 7.20486266e+02
4.96971545e-07 1.10646678e+03 7.70860336e+02
4.97402576e-07 1.38155370e+03 7.47155315e+02
4.97833606e-07 1.18968964e+03 6.65324970e+02
4.98264636e-07 1.41613239e+03 6.87833267e+02
4.98695667e-07 1.53149463e+03 6.96216017e+02
4.99126697e-07 1.19249510e+03 8.02475955e+02
4.99557727e-07 1.27507372e+03 7.13663016e+02
4.99988758e-07 1.31226538e+03 7.52995515e+02
5.00419788e-07 1.13928168e+03 7.72913460e+02
5.00850818e-07 1.26628406e+03 7.00737645e+02
5.01281848e-07 1.49622916e+03 7.11967528e+02
5.01712879e-07 1.36032560e+03 6.77079598e+02
5.02143909e-07 1.28629352e+03 7.70698573e+02
5.02574939e-07 1.27217822e+03 7.48875872e+02
5.03005970e-07 1.12344322e+03 7.67789765e+02
5.03437000e-07 1.05268227e+03 7.71237849e+02
5.03868030e-07 1.42828630e+03 6.87485747e+02
5.04299061e-07 1.25155436e+03 6.86933015e+02
5.04730091e-07 1.32238152e+03 7.13690828e+02
5.05161121e-07 1.21392044e+03 7.10270582e+02
5.05592152e-07 1.32877270e+03 8.06780942e+02
5.06023182e-07 1.49822486e+03 7.83804862e+02
5.06454212e-07 1.19556301e+03 7.27663000e+02
5.06885242e-07 1.21620929e+03 7.61670740e+02
5.07316273e-07 1.35488834e+03 7.09114161e+02
5.07747303e-07 1.55293220e+03 6.93665781e+02
5.08178333e-07 1.19143900e+03 7.87227398e+02
5.08609364e-07 1.33615517e+03 7.77494339e+02
5.09040394e-07 1.33720632e+03 7.92077276e+02
5.09471424e-07 1.17322733e+03 7.46974066e+02
5.09902455e-07 1.44142532e+03 7.60558961e+02
5.10333485e-07 1.30587251e+03 7.50299729e+02
5.10764515e-07 1.40749394e+03 7.91325174e+02
5.11195545e-07 1.36224823e+03 8.34691936e+02
5.11626576e-07 1.42189403e+03 7.98494903e+02
5.12057606e-07 1.54040430e+03 7.32729587e+02
5.12488636e-07 1.21925992e+03 7.31452554e+02
5.12919667e-07 1.22728738e+03 8.17472701e+02
5.13350697e-07 1.35258096e+03 8.69585782e+02
5.13781727e-07 1.29254252e+03 9.42853645e+02
5.14212758e-07 1.17213763e+03 9.03031721e+02
5.14643788e-07 1.44924606e+03 9.93882833e+02
5.15074818e-07 1.49851112e+03 8.38145137e+02
5.15505848e-07 1.33202187e+03 8.71786897e+02
5.15936879e-07 1.50689607e+03 8.18641900e+02
5.16367909e-07 1.12797334e+03 8.49051072e+02
5.16798939e-07 1.29507227e+03 8.36752910e+02
5.17229970e-07 1.33274748e+03 7.95578233e+02
5.17661000e-07 1.65089839e+03 8.41939216e+02
5.18092030e-07 1.26038032e+03 8.96613991e+02
5.18523061e-07 1.63595819e+03 8.08997951e+02
5.18954091e-07 1.73818378e+03 8.45257946e+02
5.19385121e-07 1.49115098e+03 9.74795972e+02
5.19816152e-07 1.51904056e+03 1.11826790e+03
5.20247182e-07 1.57304328e+03 1.05606638e+03
5.20678212e-07 1.21128769e+03 9.30885108e+02
5.21109242e-07 1.34827930e+03 9.17336189e+02
5.21540273e-07 1.39970849e+03 8.23171820e+02
5.21971303e-07 1.50135150e+03 8.67341063e+02
5.22402333e-07 1.39775926e+03 8.93619735e+02
5.22833364e-07 1.20644607e+03 9.48567163e+02
5.23264394e-07 1.17634756e+03 9.07473158e+02
5.23695424e-07 1.72275523e+03 9.35028289e+02
5.24126455e-07 2.52344291e+03 9.56267628e+02
5.24557485e-07 1.92525953e+03 8.84670406e+02
5.24988515e-07 1.40796777e+03 9.41870862e+02
5.25419545e-07 1.39330530e+03 9.90537342e+02
5.25850576e-07 1.35429571e+03 9.43299268e+02
5.26281606e-07 1.27872977e+03 8.54209327e+02
5.26712636e-07 1.41985496e+03 8.61355313e+02
5.27143667e-07 1.53544408e+03 9.10037682e+02
5.27574697e-07 1.37789559e+03 8.64156055e+02
5.28005727e-07 1.33847271e+03 8.30944736e+02
5.28436758e-07 1.58644308e+03 8.84043764e+02
5.28867788e-07 1.64418767e+03 9.17570827e+02
5.29298818e-07 1.83131178e+03 9.74142606e+02
5.29729848e-07 1.75016918e+03 9.34967272e+02
5.30160879e-07 1.49092185e+03 9.61770658e+02
5.30591909e-07 1.08966361e+03 1.08845872e+03
5.31022939e-07 1.44789791e+03 1.05442020e+03
5.31453970e-07 1.48146700e+03 1.01732843e+03
5.31885000e-07 1.71042373e+03 9.86852835e+02
5.32316030e-07 1.60079634e+03 1.04849349e+03
5.32747061e-07 1.37063616e+03 1.06603834e+03
5.33178091e-07 1.34711270e+03 1.06818864e+03
5.33609121e-07 1.71322473e+03 1.03736223e+03
5.34040152e-07 1.65116326e+03 1.04562719e+03
5.34471182e-07 1.97944888e+03 1.01637468e+03
5.34902212e-07 1.63749270e+03 1.04797278e+03
5.35333242e-07 1.46564327e+03 1.09946451e+03
5.35764273e-07 1.47311708e+03 1.02095408e+03
5.36195303e-07 1.46548468e+03 1.03172775e+03
5.36626333e-07 1.85500678e+03 1.00193030e+03
5.37057364e-07 1.32127988e+03 1.07286276e+03
5.37488394e-07 1.42288471e+03 1.07245561e+03
5.37919424e-07 1.41188463e+03 1.14783432e+03
5.38350455e-07 1.63852379e+03 1.09040728e+03
5.38781485e-07 1.71125737e+03 9.55191599e+02
5.39212515e-07 1.56181941e+03 9.73941752e+02
5.39643545e-07 2.39502900e+03 1.04061857e+03
5.40074576e-07 2.62083179e+03 1.06736991e+03
5.40505606e-07 1.98750920e+03 9.87961841e+02
5.40936636e-07 1.55470900e+03 1.05864400e+03
5.41367667e-07 1.82471803e+03 1.03816340e+03
5.41798697e-07 1.52688816e+03 1.04022533e+03
5.42229727e-07 1.71112835e+03 1.07378598e+03
5.42660758e-07 1.55102289e+03 1.00586312e+03
5.43091788e-07 1.49741832e+03 9.68139806e+02
5.43522818e-07 1.61889937e+03 1.02377302e+03
5.43953848e-07 1.59615761e+03 1.11810306e+03
5.44384879e-07 1.51387402e+03 1.01618378e+03
5.44815909e-07 1.63184246e+03 1.07854976e+03
5.45246939e-07 1.73404968e+03 1.09732285e+03
5.45677970e-07 1.66486383e+03 1.15628218e+03
5.46109000e-07 1.81331752e+03 1.09498069e+03
5.46540030e-07 1.52331843e+03 1.18671128e+03
5.46971061e-07 1.69087407e+03 1.10501912e+03
5.47402091e-07 1.55309144e+03 1.12671566e+03
5.47833121e-07 1.65119468e+03 1.13026735e+03
5.48264152e-07 1.95243639e+03 1.13890441e+03
5.48695182e-07 1.95675965e+03 1.06452672e+03
5.49126212e-07 1.78346313e+03 1.14754752e+03
5.49557242e-07 1.68287959e+03 1.20379207e+03
5.49988273e-07 1.37579798e+03 1.18739195e+03
5.50419303e-07 1.49729856e+03 1.23875895e+03
5.50850333e-07 1.80745526e+03 1.20752464e+03
5.51281364e-07 1.66809868e+03 1.28988367e+03
5.51712394e-07 1.65260162e+03 1.11738293e+03
5.52143424e-07 1.54514286e+03 1.17779765e+03
5.52574455e-07 1.44392069e+03 1.23261585e+03
5.53005485e-07 1.24132634e+03 1.19811430e+03
5.53436515e-07 1.57451630e+03 1.15411293e+03
5.53867545e-07 1.76067997e+03 1.22954302e+03
5.54298576e-07 1.47136184e+03 1.38985408e+03
5.54729606e-07 1.70414172e+03 1.37303518e+03
5.55160636e-07 1.66083202e+03 1.33284977e+03
5.55591667e-07 1.61637442e+03 1.31394382e+03
5.56022697e-07 1.75094316e+03 1.28529271e+03
5.56453727e-07 2.53522113e+03 1.17156213e+03
5.56884758e-07 3.36777698e+02 4.39152792e+03
5.57746818e-07 4.41179591e+03 4.89682149e+04
5.58177848e-07 2.65767680e+03 2.37223488e+04
5.58608879e-07 2.35626840e+03 2.68466328e+03
5.59039909e-07 2.35870989e+03 1.18981324e+03
5.59470939e-07 1.92533857e+03 1.39657221e+03
5.59901970e-07 1.60893709e+03 1.37644540e+03
5.60333000e-07 1.19351902e+03 1.45187250e+03
5.60764030e-07 1.36015416e+03 1.37718593e+03
5.61195061e-07 1.56040698e+03 1.29612934e+03
5.61626091e-07 1.43601332e+03 1.37131925e+03
5.62057121e-07 1.57587562e+03 1.38998165e+03
5.62488152e-07 1.67079675e+03 1.40358660e+03
5.62919182e-07 1.73061022e+03 1.33722581e+03
5.63350212e-07 1.84338118e+03 1.28004457e+03
5.63781242e-07 1.60977421e+03 1.31498132e+03
5.64212273e-07 1.75893910e+03 1.32727196e+03
5.64643303e-07 2.15240582e+03 1.25072348e+03
5.65074333e-07 1.93197050e+03 1.25290739e+03
5.65505364e-07 1.55440499e+03 1.25823059e+03
5.65936394e-07 1.78573058e+03 1.36227322e+03
5.66367424e-07 1.54982905e+03 1.35189863e+03
5.66798455e-07 1.25622487e+03 1.36214632e+03
5.67229485e-07 1.76429444e+03 1.37547101e+03
5.67660515e-07 1.41898095e+03 1.37723588e+03
5.68091545e-07 1.77324977e+03 1.34173600e+03
5.68522576e-07 1.73231229e+03 1.42652145e+03
5.68953606e-07 1.53460654e+03 1.48305605e+03
5.69384636e-07 1.84974145e+03 1.32935105e+03
5.69815667e-07 1.76739767e+03 1.43732534e+03
5.70246697e-07 1.56468242e+03 1.50934332e+03
5.70677727e-07 1.97503784e+03 1.47405791e+03
5.71108758e-07 2.12545788e+03 1.46157511e+03
5.71539788e-07 2.03347676e+03 1.45109914e+03
5.71970818e-07 1.89755029e+03 1.45949813e+03
5.72401848e-07 1.82387874e+03 1.35455407e+03
5.72832879e-07 2.04057024e+03 1.41552560e+03
5.73263909e-07 1.98352220e+03 1.44529968e+03
5.73694939e-07 1.76664254e+03 1.37936017e+03
5.74125970e-07 1.51163503e+03 1.49962582e+03
5.74557000e-07 1.53277821e+03 1.38661005e+03
5.74988030e-07 1.39606407e+03 1.37049908e+03
5.75419061e-07 1.63467995e+03 1.46056445e+03
5.75850091e-07 1.48740490e+03 1.51253269e+03
5.76281121e-07 1.60721178e+03 1.37808262e+03
5.76712152e-07 2.13291232e+03 1.40468575e+03
5.77143182e-07 1.56650326e+03 1.43426802e+03
5.77574212e-07 2.06236761e+03 1.46084822e+03
5.78005242e-07 1.58248165e+03 1.46713894e+03
5.78436273e-07 1.67317916e+03 1.47949415e+03
5.78867303e-07 1.90461680e+03 1.35977654e+03
5.79298333e-07 1.62516575e+03 1.45782018e+03
5.79729364e-07 1.46634551e+03 1.51803639e+03
5.80160394e-07 1.64203053e+03 1.43544648e+03
5.80591424e-07 1.70426162e+03 1.53475846e+03
5.81022455e-07 1.81847127e+03 1.51523218e+03
5.81453485e-07 1.86159636e+03 1.47150820e+03
5.81884515e-07 1.94125886e+03 1.49594384e+03
5.82315545e-07 1.74071107e+03 1.48111267e+03
5.82746576e-07 1.68617722e+03 1.43333859e+03
5.83177606e-07 1.65091093e+03 1.52037174e+03
5.83608636e-07 1.95299772e+03 1.53060280e+03
5.84039667e-07 1.58511889e+03 1.52327206e+03
5.84470697e-07 1.83899927e+03 1.40415271e+03
5.84901727e-07 1.62996651e+03 1.45487951e+03
5.85332758e-07 1.69372467e+03 1.49830263e+03
5.85763788e-07 1.93874887e+03 1.49333874e+03
5.86194818e-07 1.55477756e+03 1.73029028e+03
5.86625848e-07 1.97133628e+03 1.96787814e+03
5.87056879e-07 2.32901430e+03 1.86604635e+03
5.87487909e-07 1.96944168e+03 1.63362196e+03
5.87918939e-07 1.76489438e+03 1.60051470e+03
5.88349970e-07 1.19459515e+03 2.77413884e+03
5.88781000e-07 8.19333646e+02 6.04413601e+03
5.89212030e-07 7.04883472e+02 7.45612686e+03
5.89643061e-07 1.63072807e+03 5.26895966e+03
5.90074091e-07 1.29613316e+03 2.76031269e+03
5.90505121e-07 2.08473522e+03 1.73353625e+03
5.90936152e-07 1.77162912e+03 1.71052526e+03
5.91367182e-07 1.87575266e+03 1.88390570e+03
5.91798212e-07 1.74482859e+03 1.88578562e+03
5.92229242e-07 1.44427224e+03 1.83856119e+03
5.92660273e-07 1.96831432e+03 1.83628989e+03
5.93091303e-07 1.64617504e+03 2.05456761e+03
5.93522333e-07 1.70758379e+03 1.93384204e+03
5.93953364e-07 1.75457012e+03 1.62738622e+03
5.94384394e-07 1.39771970e+03 1.68982454e+03
5.94815424e-07 1.86520411e+03 1.87875074e+03
5.95246455e-07 1.74058939e+03 1.92714663e+03
5.95677485e-07 1.78691695e+03 1.81726934e+03
5.96108515e-07 1.99005223e+03 1.63441660e+03
5.96539545e-07 1.86034979e+03 1.56961307e+03
5.96970576e-07 1.91106103e+03 1.74473401e+03
5.97401606e-07 2.19641340e+03 1.77279198e+03
5.97832636e-07 2.30900549e+03 1.76332018e+03
5.98263667e-07 2.10496477e+03 1.67903251e+03
5.98694697e-07 2.22060199e+03 1.62079980e+03
5.99125727e-07 1.95451821e+03 1.69746416e+03
5.99556758e-07 1.51363878e+03 1.74526353e+03
5.99987788e-07 1.95277237e+03 1.73946190e+03
6.00418818e-07 1.92274078e+03 1.72747817e+03
6.00849848e-07 1.82225966e+03 1.57438544e+03
6.01280879e-07 1.89454860e+03 1.58472806e+03
6.01711909e-07 2.06532405e+03 1.48137640e+03
6.02142939e-07 1.98888662e+03 1.56207610e+03
6.02573970e-07 1.96063163e+03 1.61431200e+03
6.03005000e-07 1.78967494e+03 1.65508626e+03
6.03436030e-07 2.23091443e+03 1.57065315e+03
6.03867061e-07 2.24150876e+03 1.64766597e+03
6.04298091e-07 2.01975780e+03 1.58611889e+03
6.04729121e-07 1.85528665e+03 1.39357129e+03
6.05160152e-07 1.95879229e+03 1.56176858e+03
6.05591182e-07 1.71822601e+03 1.58380889e+03
6.06022212e-07 1.66863695e+03 1.52206326e+03
6.06453242e-07 1.97402256e+03 1.55420816e+03
6.06884273e-07 1.76758772e+03 1.59407763e+03
6.07315303e-07 1.63142428e+03 1.55713357e+03
6.07746333e-07 2.30249339e+03 1.54467265e+03
6.08177364e-07 1.87975377e+03 1.43673700e+03
6.08608394e-07 1.79360416e+03 1.53575531e+03
6.09039424e-07 1.89808486e+03 1.50824479e+03
6.09470455e-07 2.19361270e+03 1.52852214e+03
6.09901485e-07 1.92928603e+03 1.48046902e+03
6.10332515e-07 1.66806530e+03 1.47524683e+03
6.10763545e-07 1.82679577e+03 1.51781518e+03
6.11194576e-07 2.12839259e+03 1.49565170e+03
6.11625606e-07 1.92585294e+03 1.44290793e+03
6.12056636e-07 2.07473835e+03 1.43222461e+03
6.12487667e-07 1.80547283e+03 1.45801602e+03
6.12918697e-07 1.89347771e+03 1.50411029e+03
6.13349727e-07 2.22344436e+03 1.44032666e+03
6.13780758e-07 1.93495327e+03 1.59132313e+03
6.14211788e-07 1.79890811e+03 1.64456828e+03
6.14642818e-07 1.98219618e+03 1.52681239e+03
6.15073848e-07 2.27888669e+03 1.54565721e+03
6.15504879e-07 2.15296889e+03 1.41104998e+03
6.15935909e-07 1.95094058e+03 1.46651376e+03
6.16366939e-07 2.09257330e+03 1.51405065e+03
6.16797970e-07 2.19982899e+03 1.61621455e+03
6.17229000e-07 1.84656338e+03 1.68359263e+03
6.17660030e-07 1.85836189e+03 1.56269908e+03
6.18091061e-07 1.96612206e+03 1.57941021e+03
6.18522091e-07 2.35815321e+03 1.52750285e+03
6.18953121e-07 1.90135560e+03 1.58804693e+03
6.19384152e-07 1.82917612e+03 1.54249349e+03
6.19815182e-07 1.98872159e+03 1.57145955e+03
6.20246212e-07 1.97019774e+03 1.64366486e+03
6.20677242e-07 2.04821530e+03 1.49518860e+03
6.21108273e-07 2.10216383e+03 1.54513915e+03
6.21539303e-07 2.55536874e+03 1.47522209e+03
6.21970333e-07 2.13724619e+03 1.63055929e+03
6.22401364e-07 2.13549958e+03 1.56642344e+03
6.22832394e-07 1.99815696e+03 1.67492525e+03
6.23263424e-07 2.19000763e+03 2.24320594e+03
6.23694455e-07 1.87080887e+03 2.47092919e+03
6.24125485e-07 1.56430559e+03 2.10192660e+03
6.24556515e-07 1.99151810e+03 1.74527140e+03
6.24987545e-07 2.09387143e+03 1.61546835e+03
6.25418576e-07 1.80549339e+03 1.93521946e+03
6.25849606e-07 1.95429840e+03 2.30174515e+03
6.26280636e-07 2.24188937e+03 2.00745145e+03
6.26711667e-07 2.16986611e+03 1.84368277e+03
6.27142697e-07 2.43872962e+03 1.68091443e+03
6.27573727e-07 2.17631321e+03 1.75835469e+03
6.28004758e-07 1.80385311e+03 1.72428265e+03
6.28435788e-07 1.82801389e+03 2.10424039e+03
6.28866818e-07 1.93512404e+03 2.12592358e+03
6.29297848e-07 1.72831900e+03 3.05121269e+03
6.29728879e-07 9.40051081e+02 7.75318424e+03
6.30159909e-07 1.46987910e+03 9.37132097e+03
6.30590939e-07 3.64650807e+03 4.16867027e+03
6.31021970e-07 2.00022980e+03 2.01741178e+03
6.31453000e-07 2.13077513e+03 1.60357029e+03
6.31884030e-07 2.01831198e+03 1.76556584e+03
6.32315061e-07 2.00296983e+03 1.96033374e+03
6.32746091e-07 1.92538136e+03 2.12865476e+03
6.33177121e-07 2.25065569e+03 1.97182145e+03
6.33608152e-07 2.63697790e+03 1.75400065e+03
6.34039182e-07 2.35607416e+03 1.55152074e+03
6.34470212e-07 1.77756591e+03 1.75182244e+03
6.34901242e-07 1.52098827e+03 1.90229143e+03
6.35332273e-07 1.41978403e+03 2.00556362e+03
6.35763303e-07 1.96198641e+03 2.69734196e+03
6.36194333e-07 1.62042508e+03 4.08055649e+03
6.36625364e-07 2.13797905e+03 3.58153382e+03
6.37056394e-07 1.84325103e+03 1.87581833e+03
6.37487424e-07 1.56572492e+03 1.60910790e+03
6.37918455e-07 1.98663562e+03 1.69099035e+03
6.38349485e-07 2.29335963e+03 1.76783428e+03
6.38780515e-07 2.26352549e+03 1.79261210e+03
6.39211545e-07 2.26973159e+03 1.56126511e+03
6.39642576e-07 2.18099960e+03 1.43289215e+03
6.40073606e-07 2.30188397e+03 1.41757299e+03
6.40504636e-07 2.12961691e+03 1.53620545e+03
6.40935667e-07 2.06540991e+03 1.56229319e+03
6.41366697e-07 2.29477388e+03 1.42260372e+03
6.41797727e-07 2.42786663e+03 1.54907749e+03
6.42228758e-07 2.48114957e+03 1.68134865e+03
6.42659788e-07 2.15016519e+03 1.54205766e+03
6.43090818e-07 1.99274588e+03 1.41797066e+03
6.43521848e-07 2.00983037e+03 1.45593131e+03
6.43952879e-07 2.17948693e+03 1.51514738e+03
6.44383909e-07 2.20408561e+03 1.49433731e+03
6.44814939e-07 1.88468285e+03 1.61765601e+03
6.45245970e-07 2.37087692e+03 1.65362488e+03
6.45677000e-07 2.62573272e+03 1.62889300e+03
6.46108030e-07 2.03722564e+03 1.88492468e+03
6.46539061e-07 2.01956240e+03 2.18399015e+03
6.46970091e-07 1.94064394e+03 2.08246728e+03
6.47401121e-07 1.91302968e+03 1.76923245e+03
6.47832152e-07 1.91969985e+03 1.61993741e+03
6.48263182e-07 2.37573151e+03 1.52331804e+03
6.48694212e-07 1.93392426e+03 1.47651450e+03
6.49125242e-07 2.13402068e+03 1.59298592e+03
6.49556273e-07 1.89445748e+03 2.09293322e+03
6.49987303e-07 2.05793909e+03 2.34584214e+03
6.50418333e-07 2.13333445e+03 1.99504019e+03
6.50849364e-07 2.24657040e+03 1.64000095e+03
6.51280394e-07 2.34640915e+03 1.52713083e+03
6.51711424e-07 2.40832023e+03 1.54723622e+03
6.52142455e-07 2.45640605e+03 1.59616625e+03
6.52573485e-07 2.34688705e+03 1.74953870e+03
6.53004515e-07 2.36854988e+03 1.95692790e+03
6.53435545e-07 2.48540802e+03 2.10969765e+03
6.53866576e-07 2.40555004e+03 1.86835339e+03
6.54297606e-07 2.37489971e+03 1.73745358e+03
6.54728636e-07 2.32555213e+03 1.87865524e+03
6.55159667e-07 2.49436177e+03 2.09044067e+03
6.55590697e-07 2.56020418e+03 1.95487724e+03
6.56021727e-07 2.40769250e+03 1.73168358e+03
6.56452758e-07 2.32982238e+03 1.80564800e+03
6.56883788e-07 2.34697096e+03 1.77282110e+03
6.57314818e-07 2.27777498e+03 1.95316862e+03
6.57745848e-07 2.34210392e+03 2.13699720e+03
6.58176879e-07 2.37937214e+03 1.83246822e+03
6.58607909e-07 2.60210509e+03 1.50515101e+03
6.59038939e-07 2.85110845e+03 1.60509053e+03
6.59469970e-07 2.42541053e+03 1.66147770e+03
6.59901000e-07 2.09136666e+03 1.67703922e+03
6.60332030e-07 2.33433700e+03 1.89011646e+03
6.60763061e-07 2.24295521e+03 1.67997988e+03
6.61194091e-07 1.96914379e+03 1.55877879e+03
6.61625121e-07 2.28439793e+03 1.53810013e+03
6.62056152e-07 2.27610482e+03 1.48246777e+03
6.62487182e-07 2.30512988e+03 1.50526642e+03
6.62918212e-07 2.60819464e+03 1.59427656e+03
6.63349242e-07 2.77553866e+03 1.70500846e+03
6.63780273e-07 2.27040160e+03 1.55133201e+03
6.64211303e-07 1.99773692e+03 1.45177038e+03
6.64642333e-07 2.44724574e+03 1.46133832e+03
6.65073364e-07 2.08262397e+03 1.45331431e+03
6.65504394e-07 2.26807234e+03 1.40544114e+03
6.65935424e-07 2.19222837e+03 1.52993064e+03
6.66366455e-07 2.18595152e+03 1.50751971e+03
6.66797485e-07 1.94525579e+03 1.51795497e+03
6.67228515e-07 2.02135005e+03 1.46228083e+03
6.67659545e-07 2.24302218e+03 1.40165785e+03
6.68090576e-07 2.20831472e+03 1.47973744e+03
6.68521606e-07 2.32245644e+03 1.50286212e+03
6.68952636e-07 2.45351942e+03 1.46720741e+03
6.69383667e-07 2.00993344e+03 1.53468477e+03
6.69814697e-07 2.28636351e+03 1.56152437e+03
6.70245727e-07 2.13000094e+03 1.52075582e+03
6.70676758e-07 1.73266574e+03 1.59309662e+03
6.71107788e-07 2.65862880e+03 1.55661910e+03
6.71538818e-07 1.91186347e+03 1.49146066e+03
6.71969848e-07 2.17799978e+03 1.45224747e+03
6.72400879e-07 2.41622629e+03 1.44734394e+03
6.72831909e-07 2.27744533e+03 1.51285581e+03
6.73262939e-07 2.14702652e+03 1.47740667e+03
6.73693970e-07 2.15354462e+03 1.52022502e+03
6.74125000e-07 2.21553906e+03 1.58711987e+03
6.74556030e-07 2.50699291e+03 1.56101441e+03
6.74987061e-07 2.43837416e+03 1.47207037e+03
6.75418091e-07 2.08547035e+03 1.44734426e+03
6.75849121e-07 2.02773858e+03 1.51872671e+03
6.76280152e-07 2.64132960e+03 1.38714104e+03
6.76711182e-07 2.64365715e+03 1.45433428e+03
6.77142212e-07 1.93213316e+03 1.47355620e+03
6.77573242e-07 2.20245313e+03 1.44014250e+03
6.78004273e-07 2.07598079e+03 1.41438912e+03
6.78435303e-07 2.45805660e+03 1.39850729e+03
6.78866333e-07 2.61555557e+03 1.49864039e+03
6.79297364e-07 2.73320535e+03 1.39206807e+03
6.79728394e-07 2.49905286e+03 1.39374664e+03
6.80159424e-07 2.27919973e+03 1.41225598e+03
6.80590455e-07 2.28392823e+03 1.43007867e+03
6.81021485e-07 2.11885236e+03 1.42624552e+03
6.81452515e-07 2.39586546e+03 1.41697207e+03
6.81883545e-07 2.45219180e+03 1.43848091e+03
6.82314576e-07 2.15577279e+03 2.03300317e+03
6.82745606e-07 1.70111406e+03 3.31076637e+03
6.83176636e-07 2.38437166e+03 3.59918967e+03
6.83607667e-07 2.88083107e+03 2.82280167e+03
6.84038697e-07 2.12976985e+03 2.04818137e+03
6.84469727e-07 2.09636488e+03 1.67785520e+03
6.84900758e-07 2.44434575e+03 1.52353792e+03
6.85331788e-07 2.55562897e+03 1.52505732e+03
6.85762818e-07 1.79874263e+03 2.13384969e+03
6.86193848e-07 2.21513761e+03 3.53898290e+03
6.86624879e-07 1.91615936e+03 3.11046467e+03
6.87055909e-07 1.89402660e+03 1.69654168e+03
6.87486939e-07 1.62888508e+03 1.41988180e+03
6.87917970e-07 2.13625364e+03 1.63545984e+03
6.88349000e-07 1.64092769e+03 1.78570478e+03
6.88780030e-07 2.09872360e+03 1.84056170e+03
6.89211061e-07 1.95204365e+03 1.75343466e+03
6.89642091e-07 1.75328374e+03 1.61432384e+03
6.90073121e-07 2.36830461e+03 1.73073229e+03
6.90504152e-07 2.55214479e+03 1.63491589e+03
6.90935182e-07 2.08664400e+03 1.88243259e+03
6.91366212e-07 2.23635878e+03 2.05508037e+03
6.91797242e-07 1.36222194e+03 2.14329028e+03
6.92228273e-07 2.04483394e+03 2.59602570e+03
6.92659303e-07 2.11626572e+03 2.05774996e+03
6.93090333e-07 2.26315728e+03 1.54881541e+03
6.93521364e-07 2.09233215e+03 1.77637277e+03
6.93952394e-07 2.05857941e+03 2.01264658e+03
6.94383424e-07 1.53917481e+03 2.22337757e+03
6.94814455e-07 2.19422408e+03 2.71159850e+03
6.95245485e-07 1.90838754e+03 2.18932489e+03
6.95676515e-07 2.19241230e+03 1.69748902e+03
6.96107545e-07 2.08795824e+03 1.69180036e+03
6.96538576e-07 2.26954548e+03 1.86541718e+03
6.96969606e-07 2.22487284e+03 1.98808644e+03
6.97400636e-07 2.38978053e+03 2.19511720e+03
6.97831667e-07 2.36529070e+03 2.45350157e+03
6.98262697e-07 2.17364773e+03 1.81644436e+03
6.98693727e-07 2.87166243e+03 1.56206434e+03
6.99124758e-07 2.26503263e+03 1.56604484e+03
6.99555788e-07 2.36043736e+03 1.61623924e+03
6.99986818e-07 2.26372207e+03 1.68896508e+03
7.00417848e-07 2.40558353e+03 1.78848332e+03
7.00848879e-07 2.20798852e+03 1.91840158e+03
7.01279909e-07 1.74059353e+03 1.84422104e+03
7.01710939e-07 1.99323476e+03 1.52481291e+03
7.02141970e-07 1.95161400e+03 1.40911574e+03
7.02573000e-07 2.67860765e+03 1.33855993e+03
7.03004030e-07 2.59040699e+03 1.30285232e+03
7.03435061e-07 2.32813594e+03 1.44178684e+03
7.03866091e-07 2.26311309e+03 1.53792889e+03
7.04297121e-07 2.10854889e+03 1.80535942e+03
7.04728152e-07 1.66460461e+03 2.12932632e+03
7.05159182e-07 2.07834968e+03 2.05606415e+03
7.05590212e-07 2.50513294e+03 1.61545516e+03
7.06021242e-07 3.08108614e+03 1.62391331e+03
7.06452273e-07 2.79767012e+03 1.83659927e+03
7.06883303e-07 2.77371488e+03 1.84870882e+03
7.07314333e-07 7.47477439e+03 1.73361220e+03
7.07745364e-07 1.15693412e+04 1.60458200e+03
7.08176394e-07 6.75151226e+03 1.72487226e+03
7.08607424e-07 2.26874387e+03 1.88282008e+03
7.09038455e-07 2.13398879e+03 1.78415536e+03
7.09469485e-07 3.59086825e+03 1.63122463e+03
7.09900515e-07 4.96006514e+03 1.48577281e+03
7.10331545e-07 3.49430339e+03 1.54516242e+03
7.10762576e-07 2.37338704e+03 1.50336243e+03
7.11193606e-07 2.13311636e+03 1.52220291e+03
7.11624636e-07 2.00731087e+03 1.52660255e+03
7.12055667e-07 2.46850612e+03 1.51340779e+03
7.12486697e-07 2.36084701e+03 1.50573993e+03
7.12917727e-07 1.99615069e+03 1.58362674e+03
7.13348758e-07 1.94878978e+03 1.60191991e+03
7.13779788e-07 2.39456190e+03 1.62346737e+03
7.14210818e-07 2.48428425e+03 1.87736164e+03
7.14641848e-07 2.27390088e+03 1.90431910e+03
7.15072879e-07 2.08604354e+03 1.77559494e+03
7.15503909e-07 2.19111196e+03 1.64693060e+03
7.15934939e-07 2.49150046e+03 1.60514905e+03
7.16365970e-07 2.37184248e+03 1.63770282e+03
7.16797000e-07 2.34833866e+03 1.56193118e+03
7.17228030e-07 2.21040212e+03 1.46142230e+03
7.17659061e-07 1.88224545e+03 1.46258628e+03
7.18090091e-07 2.02810273e+03 1.36265958e+03
7.18521121e-07 2.04006245e+03 1.20645254e+03
7.18952152e-07 1.82957827e+03 1.18545111e+03
7.19383182e-07 1.77997830e+03 1.23122794e+03
7.19814212e-07 2.14339070e+03 1.16978898e+03
7.20245242e-07 2.03078670e+03 1.12347294e+03
7.20676273e-07 1.87182776e+03 1.16645147e+03
7.21107303e-07 2.13174253e+03 1.19259093e+03
7.21538333e-07 1.75903732e+03 1.31860285e+03
7.21969364e-07 1.79752385e+03 1.44641502e+03
7.22400394e-07 1.97189960e+03 1.46862103e+03
7.22831424e-07 1.67250083e+03 1.50170759e+03
7.23262455e-07 1.35485529e+03 2.05069003e+03
7.23693485e-07 1.53367153e+03 4.09763913e+03
7.24124515e-07 2.65596975e+03 5.92383949e+03
7.24555545e-07 2.65345203e+03 5.31847453e+03
7.24986576e-07 2.27394089e+03 3.10485868e+03
7.25417606e-07 2.37476915e+03 2.14442277e+03
7.25848636e-07 2.55401689e+03 1.80487468e+03
7.26279667e-07 1.73028328e+03 1.65310849e+03
7.26710697e-07 1.34456940e+03 1.98319239e+03
7.27141727e-07 1.26566433e+03 3.71524691e+03
7.27572758e-07 1.65997059e+03 5.42562515e+03
7.28003788e-07 2.08719116e+03 4.59620824e+03
7.28434818e-07 2.06424948e+03 3.49735296e+03
7.28865848e-07 2.29563992e+03 2.37719493e+03
7.29296879e-07 1.38715194e+03 1.98989385e+03
7.29727909e-07 1.40536470e+03 2.07865976e+03
7.30158939e-07 1.61993074e+03 2.39279735e+03
7.30589970e-07 1.71649218e+03 2.31153964e+03
7.31021000e-07 1.55913348e+03 2.80008445e+03
7.31452030e-07 1.25315943e+03 4.59344348e+03
7.31883061e-07 1.67963085e+03 3.93626463e+03
7.32314091e-07 1.87225822e+03 2.42610541e+03
7.32745121e-07 1.64827117e+03 2.85641769e+03
7.33176152e-07 1.64747310e+03 2.82463444e+03
7.33607182e-07 1.83383279e+03 3.83241598e+03
7.34038212e-07 2.01426679e+03 5.42861957e+03
7.34469242e-07 2.20439853e+03 3.75863663e+03
7.34900273e-07 1.87994977e+03 2.07271503e+03
7.35331303e-07 1.62409645e+03 2.37853133e+03
7.35762333e-07 1.90589713e+03 3.07953573e+03
7.36193364e-07 1.91113849e+03 3.14922200e+03
7.36624394e-07 1.69453222e+03 4.04278242e+03
7.37055424e-07 1.51279893e+03 4.35274980e+03
7.37486455e-07 2.07314924e+03 2.39771386e+03
7.37917485e-07 1.94974212e+03 1.64074180e+03
7.38348515e-07 1.81329735e+03 1.62948921e+03
7.38779545e-07 1.68060152e+03 2.10695725e+03
7.39210576e-07 1.64201373e+03 2.60554155e+03
7.39641606e-07 1.84442722e+03 2.82203496e+03
7.40072636e-07 1.61989590e+03 3.58641917e+03
7.40503667e-07 2.29021339e+03 2.85119840e+03
7.40934697e-07 2.31770689e+03 1.78976374e+03
7.41365727e-07 2.25638879e+03 1.59731933e+03
7.41796758e-07 2.14583148e+03 1.51198812e+03
7.42227788e-07 1.58501434e+03 1.63476331e+03
7.42658818e-07 1.94719170e+03 1.89465973e+03
7.43089848e-07 1.60460211e+03 2.14942583e+03
7.43520879e-07 1.80041570e+03 2.63097585e+03
7.43951909e-07 2.11347436e+03 2.56671472e+03
7.44382939e-07 1.99957741e+03 1.85485482e+03
7.44813970e-07 1.89621648e+03 1.50767756e+03
7.45245000e-07 2.13340941e+03 1.49344185e+03
7.45676030e-07 2.01113300e+03 1.48999611e+03
7.46107061e-07 1.89132020e+03 1.81732767e+03
7.46538091e-07 1.55051039e+03 2.12570084e+03
7.46969121e-07 1.77007454e+03 2.53471365e+03
7.47400152e-07 2.05478088e+03 2.72767290e+03
7.47831182e-07 1.59186646e+03 2.96322357e+03
7.48262212e-07 1.68584478e+03 2.85465430e+03
7.48693242e-07 2.22209053e+03 2.13920575e+03
7.49124273e-07 1.65709761e+03 1.84558003e+03
7.49555303e-07 1.68305218e+03 1.67448415e+03
7.49986333e-07 2.22168030e+03 1.62214647e+03
7.50417364e-07 2.05445205e+03 1.57288330e+03
7.50848394e-07 1.90141200e+03 1.46570953e+03
7.51279424e-07 1.71297864e+03 1.67393873e+03
7.51710455e-07 1.60449617e+03 2.47697086e+03
7.52141485e-07 1.16616632e+03 3.73450355e+03
7.52572515e-07 1.79223443e+03 3.72779898e+03
7.53003545e-07 2.01877731e+03 2.71221513e+03
7.53434576e-07 1.81988451e+03 1.99734755e+03
7.53865606e-07 1.87179625e+03 1.69722969e+03
7.54296636e-07 1.74794264e+03 1.68987529e+03
7.54727667e-07 2.22100787e+03 1.56525154e+03
7.55158697e-07 2.22374675e+03 1.73633171e+03
7.55589727e-07 1.86613613e+03 1.98161237e+03
7.56020758e-07 1.88297408e+03 1.89508422e+03
7.56451788e-07 1.85001292e+03 1.98119817e+03
7.56882818e-07 1.46340054e+03 2.93784372e+03
7.57313848e-07 1.78497219e+03 2.92906498e+03
7.57744879e-07 2.05404506e+03 2.02074690e+03
7.58175909e-07 1.81778312e+03 1.80266899e+03
7.58606939e-07 2.08381904e+03 1.91529470e+03
7.59037970e-07 2.24334466e+03 1.72213579e+03
7.59469000e-07 1.37989875e+03 1.33432735e+03
7.59900030e-07 6.71682657e+02 1.22613712e+03
7.60331061e-07 6.97296040e+02 9.64899867e+02
7.60762091e-07 6.04427170e+02 9.38254838e+02
7.61193121e-07 5.89544002e+02 1.24315069e+03
7.61624152e-07 7.21211259e+02 1.66634853e+03
7.62055182e-07 1.26462517e+03 1.77718784e+03
7.62486212e-07 8.69539849e+02 1.68769071e+03
7.62917242e-07 7.70733675e+02 1.71513150e+03
7.63348273e-07 1.24153557e+03 1.47941836e+03
7.63779303e-07 1.06949993e+03 1.28712249e+03
7.64210333e-07 9.95214550e+02 1.34389479e+03
7.64641364e-07 1.33234244e+03 1.24772944e+03
7.65072394e-07 1.21308298e+03 1.41180875e+03
7.65503424e-07 1.38330232e+03 1.66108447e+03
7.65934455e-07 1.10339637e+03 1.84093776e+03
7.66365485e-07 1.32865919e+03 1.84214566e+03
7.66796515e-07 2.01245566e+03 1.52766062e+03
7.67227545e-07 1.92756106e+03 1.32556132e+03
7.67658576e-07 1.77474513e+03 1.37119422e+03
7.68089606e-07 1.52448287e+03 1.72374751e+03
7.68520636e-07 1.58192959e+03 1.76759141e+03
7.68951667e-07 1.86283269e+03 1.93366511e+03
7.69382697e-07 2.13234711e+03 1.94685731e+03
7.69813727e-07 2.23161249e+03 1.88815453e+03
7.70244758e-07 1.27737054e+03 1.92676424e+03
7.70675788e-07 3.46611216e+02 3.38865811e+03
7.71106818e-07 4.29324724e+02 7.52823810e+03
7.71537848e-07 1.87191256e+03 8.90633565e+03
7.71968879e-07 2.33427464e+03 6.26365153e+03
7.72399909e-07 2.18342559e+03 3.88855697e+03
7.72830939e-07 1.77245394e+03 2.82488180e+03
7.73261970e-07 2.34310458e+03 2.15573940e+03
7.73693000e-07 2.06587490e+03 2.10093395e+03
7.74124030e-07 1.33120250e+03 2.34579405e+03
7.74555061e-07 6.13845981e+02 4.89805254e+03
7.74986091e-07 7.33388679e+02 7.69044468e+03
7.75417121e-07 2.76886376e+03 5.98072563e+03
7.75848152e-07 2.20421971e+03 4.20341482e+03
7.76279182e-07 2.31179700e+03 3.11975156e+03
7.76710212e-07 2.01310117e+03 2.36976233e+03
7.77141242e-07 1.25356570e+03 2.98346872e+03
7.77572273e-07 1.44023433e+03 3.40552968e+03
7.78003303e-07 1.56968778e+03 3.12628879e+03
7.78434333e-07 1.66881084e+03 2.97031083e+03
7.78865364e-07 1.43981217e+03 4.23413608e+03
7.79296394e-07 1.31487058e+03 6.01703061e+03
7.79727424e-07 2.54164107e+03 4.37320939e+03
7.80158455e-07 1.99486254e+03 2.60540528e+03
7.80589485e-07 1.26414240e+03 3.42801012e+03
7.81020515e-07 1.55173310e+03 3.56225632e+03
7.81451545e-07 9.57623036e+02 4.02308188e+03
7.81882576e-07 8.26774268e+02 6.54323179e+03
7.82313606e-07 1.60181527e+03 6.38070272e+03
7.82744636e-07 2.20177581e+03 3.23150437e+03
7.83175667e-07 1.33639694e+03 1.97217634e+03
7.83606697e-07 1.39669631e+03 2.46276223e+03
7.84037727e-07 1.48059283e+03 3.16942305e+03
7.84468758e-07 1.47024239e+03 3.65196484e+03
7.84899788e-07 9.53942372e+02 5.94257638e+03
7.85330818e-07 1.37998337e+03 7.75196772e+03
7.85761848e-07 1.90690323e+03 6.04807385e+03
7.86192879e-07 1.47024296e+03 4.22928578e+03
7.86623909e-07 9.04252224e+02 4.04723855e+03
7.87054939e-07 7.74729176e+02 4.28505604e+03
7.87485970e-07 1.39067500e+03 3.86213865e+03
7.87917000e-07 1.24549693e+03 3.97225529e+03
7.88348030e-07 1.16915137e+03 4.28539814e+03
7.88779061e-07 1.12117433e+03 4.93126410e+03
7.89210091e-07 1.25014904e+03 4.19620275e+03
7.89641121e-07 1.01868596e+03 2.60848232e+03
7.90072152e-07 1.58480693e+03 1.86855145e+03
7.90503182e-07 1.51844916e+03 2.67356065e+03
7.90934212e-07 1.16648160e+03 5.64594378e+03
7.91796273e-07 1.40746860e+03 6.51851006e+03
7.92227303e-07 1.69302118e+03 4.73855174e+03
7.92658333e-07 1.23447337e+03 3.76942859e+03
7.93089364e-07 1.31435712e+03 3.75272534e+03
7.93520394e-07 1.45572013e+03 2.75204010e+03
7.93951424e-07 1.36305582e+03 2.04015537e+03
7.94382455e-07 1.31212313e+03 2.46918600e+03
7.94813485e-07 1.80937731e+03 2.97774243e+03
7.95244515e-07 1.59050144e+03 2.45499174e+03
7.95675545e-07 1.26179130e+03 2.47575413e+03
7.96106576e-07 1.20692101e+03 4.62864248e+03
7.96537606e-07 2.50817470e+03 5.34548344e+03
7.96968636e-07 2.00638130e+03 3.71599291e+03
7.97399667e-07 1.84916368e+03 3.12392318e+03
7.97830697e-07 1.48558067e+03 3.88299488e+03
7.98261727e-07 1.03213048e+03 3.17809309e+03
7.98692758e-07 1.11476203e+03 3.75818118e+03
7.99123788e-07 1.38827847e+03 6.03365653e+03
7.99554818e-07 1.74037864e+03 5.35253464e+03
7.99985848e-07 2.33340215e+03 2.54236529e+03
8.00416879e-07 1.84072370e+03 1.85333856e+03
8.00847909e-07 5.86746613e+03 1.02024968e+03
