1.70910000e-01
3.69346000e-07 4.42051901e+01 5.53247397e+01
3.69777104e-07 1.16650390e+01 8.46629276e+01
3.71501518e-07 3.62273842e+01 8.82420473e+01
3.71932622e-07 8.24553498e+00 7.18411371e+01
3.72363725e-07 1.32779270e+01 7.35998016e+01
3.72794829e-07 9.24090134e+01 8.61253773e+01
3.73225933e-07 7.89546204e+01 9.20131679e+01
3.73657036e-07 3.37182425e+00 1.04130114e+02
3.74088140e-07 5.07386099e+01 1.23052927e+02
3.74519243e-07 1.04598714e+02 1.15978845e+02
3.74950347e-07 7.73448288e+01 1.02466566e+02
3.75812554e-07 5.92279825e+00 8.36550488e+01
3.76243658e-07 6.81139962e+01 7.47743202e+01
3.76674761e-07 1.01064712e+02 7.19581552e+01
3.77105865e-07 8.98650655e+01 8.60477708e+01
3.77536969e-07 7.88917326e+01 9.25550082e+01
3.78399176e-07 1.97421457e+01 1.00836040e+02
3.78830280e-07 1.92213362e+01 1.04890736e+02
3.79261383e-07 4.22775369e+00 9.49803322e+01
3.79692487e-07 4.67807161e+01 8.40719982e+01
3.80123590e-07 7.12179768e+01 7.67098921e+01
3.80554694e-07 7.99537896e+01 9.31425774e+01
3.80985798e-07 4.65623295e+01 9.67971560e+01
3.81416901e-07 9.45302690e+01 9.63454619e+01
3.81848005e-07 6.19910737e+01 1.00813605e+02
3.82279109e-07 9.37393440e+01 9.58231654e+01
3.82710212e-07 1.25865327e+02 1.40298502e+02
3.83572419e-07 7.23487166e+00 1.41218205e+02
3.84003523e-07 1.33888810e+02 1.23550892e+02
3.84865730e-07 7.67855659e+01 1.05835765e+02
3.85296834e-07 5.16263938e+01 1.15100074e+02
3.85727937e-07 3.44255778e+02 1.19425974e+02
3.86159041e-07 7.91233207e+01 1.21706256e+02
3.86590145e-07 3.61932348e+01 1.06382371e+02
3.87021248e-07 4.53941047e+01 1.02320448e+02
3.87452352e-07 1.18972770e+02 8.71922139e+01
3.87883456e-07 1.07549535e+02 9.69759623e+01
3.88314559e-07 4.41397372e+01 9.99775758e+01
3.88745663e-07 7.05129091e+01 9.46045810e+01
3.89176766e-07 4.04857009e+00 1.00037011e+02
3.89607870e-07 8.56624647e+01 1.06165171e+02
3.90038974e-07 1.04704218e+01 1.15347012e+02
3.90470077e-07 1.53015548e+02 1.44607750e+02
3.90901181e-07 5.35406410e+01 1.53122949e+02
3.91763388e-07 1.01075390e+02 1.49936189e+02
3.92194492e-07 1.13808738e+02 1.24719291e+02
3.92625595e-07 1.38761797e+02 1.04835191e+02
3.93056699e-07 1.57080278e+02 1.01944771e+02
3.93487803e-07 1.21389952e+02 1.16630834e+02
3.93918906e-07 1.43390810e+02 1.28541036e+02
3.94350010e-07 8.74309585e+01 1.57826628e+02
3.94781113e-07 5.68271226e+01 1.74766661e+02
3.95212217e-07 1.01435551e+02 1.47169082e+02
3.95643321e-07 1.15680956e+02 1.49903223e+02
3.96074424e-07 4.25281624e+01 1.32242086e+02
3.96505528e-07 1.65581462e+02 1.08171658e+02
3.96936631e-07 2.47852693e+02 1.03133313e+02
3.97367735e-07 1.52486638e+02 1.09326865e+02
3.97798839e-07 1.32466258e+02 1.39549750e+02
3.98229942e-07 1.35371076e+02 1.69523847e+02
3.98661046e-07 1.43368521e+02 1.65575626e+02
3.99092150e-07 3.01654121e+01 1.71069434e+02
3.99954357e-07 1.10511335e+02 1.87463904e+02
4.00385460e-07 1.50976277e+02 1.83056397e+02
4.00816564e-07 1.67944325e+02 1.83913428e+02
4.01247668e-07 1.56555889e+02 2.10922304e+02
4.01678771e-07 2.07624540e+02 1.90029061e+02
4.02109875e-07 2.69439059e+02 1.91768372e+02
4.02540978e-07 1.46978517e+02 1.96299501e+02
4.02972082e-07 1.30909960e+02 1.94118986e+02
4.03403186e-07 2.02257567e+02 1.79983267e+02
4.03834289e-07 1.16664012e+02 2.07450800e+02
4.04696497e-07 6.33942319e+01 2.43229411e+02
4.05127600e-07 8.52642671e+01 2.14834317e+02
4.05558704e-07 1.07245513e+02 2.05015572e+02
4.05989807e-07 2.27837998e+02 2.18557447e+02
4.06420911e-07 1.64972491e+02 2.42056220e+02
4.06852015e-07 1.35313764e+01 2.43678396e+02
4.07283118e-07 1.00043713e+02 2.55122010e+02
4.07714222e-07 9.19239374e+01 2.26972868e+02
4.08145326e-07 9.98557486e+01 2.35335827e+02
4.09007533e-07 1.38324336e+02 2.27308519e+02
4.09438636e-07 1.81576658e+02 2.25584885e+02
4.09869740e-07 2.24921571e+02 1.88185853e+02
4.10300844e-07 2.11833713e+02 1.91078110e+02
4.10731947e-07 2.16761474e+02 2.07744868e+02
4.11163051e-07 1.44616845e+02 1.86416973e+02
4.11594154e-07 3.22468114e+02 1.95513750e+02
4.12025258e-07 1.80351369e+02 2.10462393e+02
4.12456362e-07 1.69457384e+02 2.40954713e+02
4.12887465e-07 1.06970718e+02 2.35250185e+02
4.13318569e-07 3.63808988e+02 2.24911933e+02
4.13749673e-07 2.09482867e+02 2.33566413e+02
4.14180776e-07 1.57035925e+02 2.17360256e+02
4.14611880e-07 1.47326558e+02 2.15360374e+02
4.15042983e-07 2.00029901e+02 2.18715394e+02
4.15474087e-07 2.29027731e+02 2.37032774e+02
4.15905191e-07 2.28046458e+02 2.60109996e+02
4.16336294e-07 2.89008214e+02 2.75596585e+02
4.16767398e-07 2.88244042e+02 2.86763255e+02
4.17198501e-07 1.46211526e+02 2.84918093e+02
4.17629605e-07 1.25180450e+02 2.86165911e+02
4.18060709e-07 1.88485238e+02 2.70863225e+02
4.18491812e-07 3.51768181e+02 2.54256786e+02
4.18922916e-07 2.15301076e+02 2.49050358e+02
4.19354020e-07 1.10882056e+02 2.38111133e+02
4.19785123e-07 2.15180255e+02 2.30785828e+02
4.20216227e-07 2.27382500e+02 2.20003330e+02
4.20647330e-07 2.24807339e+02 2.45665495e+02
4.21078434e-07 2.09386075e+02 2.38807747e+02
4.21509538e-07 2.12275029e+02 2.56838500e+02
4.21940641e-07 2.38626605e+02 2.40192285e+02
4.22371745e-07 2.06414407e+02 2.24625723e+02
4.22802848e-07 2.18271712e+02 2.46796588e+02
4.23233952e-07 1.84315892e+02 2.51043625e+02
4.23665056e-07 1.93318227e+02 2.34627913e+02
4.24096159e-07 3.23302979e+02 2.30729005e+02
4.24527263e-07 2.01275241e+02 2.48505852e+02
4.24958367e-07 1.42935157e+02 2.60845157e+02
4.25389470e-07 4.07491491e+02 2.49157530e+02
4.25820574e-07 3.03120909e+02 2.58242900e+02
4.26251677e-07 2.10407558e+02 2.76598542e+02
4.26682781e-07 2.86113879e+02 3.00657038e+02
4.27113885e-07 3.49181732e+02 2.74567227e+02
4.27544988e-07 2.35878384e+02 2.63525308e+02
4.27976092e-07 3.29716978e+02 2.67903082e+02
4.28407196e-07 3.19826997e+02 2.67695252e+02
4.28838299e-07 3.48319698e+02 2.49033902e+02
4.29269403e-07 3.02302351e+02 2.67762041e+02
4.29700506e-07 2.12298591e+02 2.52489952e+02
4.30131610e-07 3.69094388e+02 2.48076917e+02
4.30562714e-07 3.05025986e+02 2.36490138e+02
4.30993817e-07 4.05397664e+02 2.69156266e+02
4.31424921e-07 2.49096431e+02 2.83440994e+02
4.31856024e-07 2.27766443e+02 3.09792372e+02
4.32287128e-07 3.33769897e+02 2.92433147e+02
4.32718232e-07 2.78265111e+02 3.13010420e+02
4.33149335e-07 2.46422591e+02 3.10478003e+02
4.33580439e-07 4.19423151e+02 3.02666226e+02
4.34011543e-07 3.80479253e+02 2.80585517e+02
4.34442646e-07 2.96183529e+02 3.09127057e+02
4.34873750e-07 6.09267663e+02 3.08054142e+02
4.35304853e-07 4.08867608e+02 3.17310958e+02
4.35735957e-07 6.99389819e+02 3.25655745e+02
4.36167061e-07 9.40469884e+02 3.25415007e+02
4.36598164e-07 8.97309348e+02 3.38331725e+02
4.37029268e-07 6.14695515e+02 3.33374932e+02
4.37460371e-07 4.58063785e+02 3.20328262e+02
4.37891475e-07 5.62428849e+02 3.17592868e+02
4.38322579e-07 3.11469657e+02 3.18121943e+02
4.38753682e-07 4.05786947e+02 3.07466211e+02
4.39184786e-07 2.11832502e+02 3.19893830e+02
4.39615890e-07 2.58585906e+02 3.20744652e+02
4.40046993e-07 3.80925605e+02 3.51039322e+02
4.40478097e-07 4.27399075e+02 3.81238301e+02
4.40909200e-07 3.99109471e+02 4.10117050e+02
4.41340304e-07 3.67892879e+02 4.18296697e+02
4.41771408e-07 5.01591086e+02 4.11143122e+02
4.42202511e-07 7.08043454e+02 4.07034466e+02
4.42633615e-07 6.40868180e+02 3.72979735e+02
4.43064718e-07 4.86175216e+02 4.01066549e+02
4.43495822e-07 5.01580948e+02 3.71572885e+02
4.43926926e-07 3.52459978e+02 3.59040442e+02
4.44358029e-07 3.12177705e+02 3.76658746e+02
4.44789133e-07 2.96418134e+02 3.67488243e+02
4.45220237e-07 3.20868373e+02 3.91982653e+02
4.45651340e-07 5.54293974e+02 3.27627580e+02
4.46082444e-07 3.15355968e+02 3.46859433e+02
4.46513547e-07 3.67748387e+02 3.45661504e+02
4.46944651e-07 4.97102424e+02 3.58923636e+02
4.47375755e-07 4.28235038e+02 3.66956900e+02
4.47806858e-07 4.86092821e+02 3.49372337e+02
4.48237962e-07 5.61049480e+02 3.83517911e+02
4.48669065e-07 4.93554934e+02 3.76766239e+02
4.49100169e-07 4.60445936e+02 3.80115341e+02
4.49531273e-07 4.98520609e+02 3.68296038e+02
4.49962376e-07 5.36131437e+02 3.81478598e+02
4.50393480e-07 5.44317364e+02 3.93322146e+02
4.50824584e-07 6.07150821e+02 3.93253347e+02
4.51255687e-07 6.01975220e+02 3.87208893e+02
4.51686791e-07 6.91089809e+02 4.11444468e+02
4.52117894e-07 7.33307710e+02 3.88988728e+02
4.52548998e-07 8.54040140e+02 4.23087871e+02
4.52980102e-07 7.00630560e+02 4.34084556e+02
4.53411205e-07 4.77888204e+02 4.32501010e+02
4.53842309e-07 5.88824420e+02 4.13738967e+02
4.54273413e-07 5.79682585e+02 4.53398525e+02
4.54704516e-07 6.24619286e+02 4.44799139e+02
4.55135620e-07 6.33337093e+02 4.79382972e+02
4.55566723e-07 6.21933753e+02 4.59461436e+02
4.55997827e-07 6.69703895e+02 4.54814312e+02
4.56428931e-07 7.87365570e+02 4.25727841e+02
4.56860034e-07 8.02425627e+02 4.51626036e+02
4.57291138e-07 8.97925019e+02 4.32925990e+02
4.57722241e-07 8.64257891e+02 4.36124279e+02
4.58153345e-07 9.79829083e+02 4.55965794e+02
4.58584449e-07 7.24569620e+02 4.60217773e+02
4.59015552e-07 7.83339113e+02 4.62109297e+02
4.59446656e-07 8.42046499e+02 4.25919030e+02
4.59877760e-07 6.44404538e+02 4.34958923e+02
4.60308863e-07 7.50139141e+02 4.41674334e+02
4.60739967e-07 5.03655207e+02 4.40961832e+02
4.61171070e-07 6.39713939e+02 4.47329168e+02
4.61602174e-07 7.32978709e+02 4.51387157e+02
4.62033278e-07 7.76406203e+02 4.66694687e+02
4.62464381e-07 9.17519280e+02 4.73931680e+02
4.62895485e-07 9.24626391e+02 4.60819836e+02
4.63326588e-07 9.25214324e+02 4.59457755e+02
4.63757692e-07 9.20405024e+02 4.64016643e+02
4.64188796e-07 5.90143706e+02 4.64419272e+02
4.64619899e-07 4.41501544e+02 4.58481640e+02
4.65051003e-07 3.91672446e+02 4.49123772e+02
4.65482107e-07 6.29645469e+02 4.63425345e+02
4.65913210e-07 9.54903412e+02 4.90313877e+02
4.66344314e-07 8.73716313e+02 5.12008895e+02
4.66775417e-07 9.54975497e+02 4.89435104e+02
4.67206521e-07 1.15658071e+03 4.86997432e+02
4.67637625e-07 9.80577331e+02 5.05440158e+02
4.68068728e-07 8.87708805e+02 5.07600162e+02
4.68499832e-07 1.03380409e+03 4.81375638e+02
4.68930935e-07 8.84324489e+02 4.81578800e+02
4.69362039e-07 9.80654764e+02 5.24127432e+02
4.69793143e-07 1.05390313e+03 5.31646979e+02
4.70224246e-07 1.02498879e+03 5.02895134e+02
4.70655350e-07 9.98490101e+02 5.02739483e+02
4.71086454e-07 1.07599698e+03 5.03009369e+02
4.71517557e-07 1.05998635e+03 5.18150295e+02
4.71948661e-07 1.18039232e+03 5.45859541e+02
4.72379764e-07 1.09839017e+03 5.01671664e+02
4.72810868e-07 1.01030012e+03 4.67905837e+02
4.73241972e-07 1.01595171e+03 5.15378867e+02
4.73673075e-07 1.00205141e+03 4.93187071e+02
4.74104179e-07 1.15452613e+03 5.14155886e+02
4.74535283e-07 1.05236447e+03 5.03860632e+02
4.74966386e-07 1.16752731e+03 5.06854812e+02
4.75397490e-07 1.10165478e+03 5.15096206e+02
4.75828593e-07 9.37663044e+02 5.05430344e+02
4.76259697e-07 9.38754130e+02 5.20500737e+02
4.76690801e-07 1.09810893e+03 5.09651232e+02
4.77121904e-07 1.11191456e+03 5.20268499e+02
4.77553008e-07 1.08657511e+03 5.63500795e+02
4.77984111e-07 1.18895270e+03 5.30458589e+02
4.78415215e-07 1.04755056e+03 5.05024031e+02
4.78846319e-07 1.26523309e+03 5.02442213e+02
4.79277422e-07 1.22330124e+03 5.27025026e+02
4.79708526e-07 1.16493307e+03 5.23017042e+02
4.80139630e-07 9.00506099e+02 5.77059331e+02
4.80570733e-07 9.05971101e+02 5.65104562e+02
4.81001837e-07 9.87223707e+02 5.62519320e+02
4.81432940e-07 1.00988380e+03 5.88793846e+02
4.81864044e-07 1.01052948e+03 6.17700428e+02
4.82295148e-07 1.11312320e+03 6.29304439e+02
4.82726251e-07 1.09327391e+03 6.16338588e+02
4.83157355e-07 1.03880154e+03 6.03318218e+02
4.83588458e-07 1.24631856e+03 6.44530290e+02
4.84019562e-07 1.25049383e+03 6.34411566e+02
4.84450666e-07 1.20754784e+03 6.06483636e+02
4.84881769e-07 1.27572718e+03 6.11831560e+02
4.85312873e-07 1.42847605e+03 5.91435112e+02
4.85743977e-07 1.37931323e+03 5.41007520e+02
4.86175080e-07 1.22023466e+03 5.19325202e+02
4.86606184e-07 1.33828389e+03 5.19479675e+02
4.87037287e-07 1.40234156e+03 5.48831202e+02
4.87468391e-07 1.31676878e+03 5.59542277e+02
4.87899495e-07 1.19850479e+03 5.85651702e+02
4.88330598e-07 1.25384257e+03 6.18757829e+02
4.88761702e-07 1.32855412e+03 5.93835732e+02
4.89192805e-07 1.24966320e+03 5.94873595e+02
4.89623909e-07 1.21278511e+03 5.79555966e+02
4.90055013e-07 1.36500985e+03 5.95356786e+02
4.90486116e-07 1.20569189e+03 6.07438738e+02
4.90917220e-07 1.25356001e+03 5.79037588e+02
4.91348324e-07 1.41155050e+03 5.80404482e+02
4.91779427e-07 1.32189461e+03 5.67463710e+02
4.92210531e-07 1.43136791e+03 6.02067509e+02
4.92641634e-07 1.48111306e+03 5.87528688e+02
4.93072738e-07 1.36584785e+03 6.08546478e+02
4.93503842e-07 1.46681787e+03 6.16393666e+02
4.93934945e-07 1.54908299e+03 5.97519661e+02
4.94366049e-07 1.42874865e+03 6.27813046e+02
4.94797152e-07 1.36058402e+03 6.15077524e+02
4.95228256e-07 1.45569709e+03 6.18847568e+02
4.95659360e-07 1.50302919e+03 6.22554219e+02
4.96090463e-07 1.36651966e+03 6.20052283e+02
4.96521567e-07 1.71071315e+03 6.35775175e+02
4.96952671e-07 1.57631099e+03 6.98172486e+02
4.97383774e-07 1.52277024e+03 6.58175967e+02
4.97814878e-07 1.46093774e+03 6.63765871e+02
4.98245981e-07 1.33443124e+03 6.10008409e+02
4.98677085e-07 1.50236709e+03 6.33692255e+02
4.99108189e-07 1.71989412e+03 6.34350488e+02
4.99539292e-07 1.56055643e+03 6.22692816e+02
4.99970396e-07 1.49750167e+03 6.47832761e+02
5.00401500e-07 1.51315527e+03 6.40472028e+02
5.00832603e-07 1.74962374e+03 6.52609594e+02
5.01263707e-07 1.74614063e+03 6.64150693e+02
5.01694810e-07 1.47051473e+03 6.47012367e+02
5.02125914e-07 1.61395653e+03 6.18400517e+02
5.02557018e-07 1.45056494e+03 6.71946453e+02
5.02988121e-07 1.17650268e+03 6.78246104e+02
5.03419225e-07 1.47455679e+03 6.26536296e+02
5.03850328e-07 1.31256011e+03 6.20057128e+02
5.04281432e-07 1.31448187e+03 6.31517933e+02
5.04712536e-07 1.43585657e+03 6.73835251e+02
5.05143639e-07 1.44492611e+03 6.42546214e+02
5.05574743e-07 1.47705200e+03 6.56893555e+02
5.06005847e-07 1.44351457e+03 6.66387675e+02
5.06436950e-07 1.79142392e+03 6.79040768e+02
5.06868054e-07 1.69867355e+03 6.70513413e+02
5.07299157e-07 1.93115588e+03 6.22716371e+02
5.07730261e-07 1.49254308e+03 6.52251503e+02
5.08161365e-07 1.44562969e+03 6.53517342e+02
5.08592468e-07 1.60607724e+03 6.88396619e+02
5.09023572e-07 1.67617335e+03 6.96587893e+02
5.09454675e-07 1.75662164e+03 6.94287704e+02
5.09885779e-07 1.65806833e+03 6.54561454e+02
5.10316883e-07 1.64941790e+03 6.23945046e+02
5.10747986e-07 1.82588638e+03 6.85707152e+02
5.11179090e-07 1.88514996e+03 6.72420831e+02
5.11610194e-07 1.89763973e+03 6.86472726e+02
5.12041297e-07 2.01790855e+03 6.77549820e+02
5.12472401e-07 1.83305736e+03 6.71749743e+02
5.12903504e-07 1.76389851e+03 6.86960764e+02
5.13334608e-07 1.87725874e+03 7.43336680e+02
5.13765712e-07 1.95872128e+03 7.23050759e+02
5.14196815e-07 1.86768757e+03 7.69563805e+02
5.14627919e-07 1.71836331e+03 7.19461082e+02
5.15059022e-07 1.68457911e+03 7.41536464e+02
5.15490126e-07 1.97768532e+03 7.80113626e+02
5.15921230e-07 1.93013682e+03 7.32201007e+02
5.16352333e-07 1.85999999e+03 7.32989186e+02
5.16783437e-07 1.99129072e+03 6.60732703e+02
5.17214541e-07 1.82766474e+03 6.71915633e+02
5.17645644e-07 1.95895401e+03 6.79629430e+02
5.18076748e-07 2.08432079e+03 6.92608184e+02
5.18507851e-07 2.15159407e+03 6.95069021e+02
5.18938955e-07 2.10041625e+03 7.79194915e+02
5.19370059e-07 1.68568368e+03 8.97426810e+02
5.19801162e-07 1.50412151e+03 1.15260629e+03
5.20232266e-07 2.05138200e+03 1.09744307e+03
5.20663370e-07 2.17329346e+03 9.02891633e+02
5.21094473e-07 2.09438653e+03 7.61735293e+02
5.21525577e-07 2.18226153e+03 7.81556256e+02
5.21956680e-07 2.08491489e+03 7.92717397e+02
5.22387784e-07 2.24919104e+03 8.24509090e+02
5.22818888e-07 2.18490059e+03 8.10215021e+02
5.23249991e-07 2.21217734e+03 7.68389495e+02
5.23681095e-07 2.24094825e+03 8.33868139e+02
5.24112198e-07 2.24773183e+03 8.06141205e+02
5.24543302e-07 2.15422699e+03 8.14274278e+02
5.24974406e-07 2.26099143e+03 7.89626382e+02
5.25405509e-07 2.44869638e+03 8.32771458e+02
5.25836613e-07 2.31239388e+03 8.59441661e+02
5.26267717e-07 2.29078896e+03 8.01702118e+02
5.26698820e-07 2.17976109e+03 7.54313519e+02
5.27129924e-07 2.29444456e+03 7.69540006e+02
5.27561027e-07 2.23016189e+03 7.71998607e+02
5.27992131e-07 2.27479889e+03 8.22042951e+02
5.28423235e-07 2.25024392e+03 8.35452201e+02
5.28854338e-07 2.38340469e+03 7.60662817e+02
5.29285442e-07 2.41610382e+03 8.27913292e+02
5.29716545e-07 2.10997931e+03 7.80862120e+02
5.30147649e-07 2.02394624e+03 8.32993856e+02
5.30578753e-07 2.23359936e+03 8.74595824e+02
5.31009856e-07 2.24960275e+03 8.75727584e+02
5.31440960e-07 2.32961467e+03 8.52011513e+02
5.31872064e-07 2.56026808e+03 8.34315182e+02
5.32303167e-07 2.49634047e+03 8.63180841e+02
5.32734271e-07 2.47461402e+03 8.61905455e+02
5.33165374e-07 2.27011681e+03 9.31483416e+02
5.33596478e-07 2.41227405e+03 9.52633873e+02
5.34027582e-07 2.53225940e+03 8.63842879e+02
5.34458685e-07 2.59226264e+03 8.34974552e+02
5.34889789e-07 2.61010025e+03 8.55126914e+02
5.35320892e-07 2.59085446e+03 8.44825992e+02
5.35751996e-07 2.47854830e+03 8.55832807e+02
5.36183100e-07 2.85593219e+03 8.25156672e+02
5.36614203e-07 2.86075791e+03 8.04579403e+02
5.37045307e-07 2.62279312e+03 8.40950238e+02
5.37476411e-07 2.50830567e+03 8.56749642e+02
5.37907514e-07 2.60934846e+03 8.53336086e+02
5.38338618e-07 2.36549499e+03 8.55313365e+02
5.38769721e-07 2.43125612e+03 8.60089559e+02
5.39200825e-07 2.49032825e+03 8.37866069e+02
5.39631929e-07 2.65569151e+03 8.70663140e+02
5.40063032e-07 2.77348530e+03 8.32842112e+02
5.40494136e-07 2.67488411e+03 8.69932478e+02
5.40925239e-07 2.71500903e+03 8.42625914e+02
5.41356343e-07 2.66580442e+03 8.35367887e+02
5.41787447e-07 2.74644665e+03 8.50495306e+02
5.42218550e-07 2.67291174e+03 8.75364116e+02
5.42649654e-07 2.53502206e+03 8.96367501e+02
5.43080758e-07 2.83487330e+03 8.60384106e+02
5.43511861e-07 2.62414179e+03 8.98945281e+02
5.43942965e-07 2.62398573e+03 8.79930491e+02
5.44374068e-07 2.68107026e+03 8.85857913e+02
5.44805172e-07 2.63131997e+03 8.72461134e+02
5.45236276e-07 2.68660830e+03 8.88916363e+02
5.45667379e-07 2.97837940e+03 8.94733059e+02
5.46098483e-07 2.63886738e+03 9.25582791e+02
5.46529587e-07 2.44166966e+03 9.46985954e+02
5.46960690e-07 2.27469142e+03 9.63599040e+02
5.47391794e-07 2.57386698e+03 8.95878209e+02
5.47822897e-07 2.57204929e+03 8.92265914e+02
5.48254001e-07 2.39905395e+03 9.09454773e+02
5.48685105e-07 2.65404890e+03 9.08222744e+02
5.49116208e-07 2.80240330e+03 9.33445898e+02
5.49547312e-07 2.62667948e+03 9.77636043e+02
5.49978415e-07 2.65493593e+03 9.77523485e+02
5.50409519e-07 2.79569379e+03 9.45581183e+02
5.50840623e-07 2.76082907e+03 9.60152048e+02
5.51271726e-07 2.66738334e+03 9.75788561e+02
5.51702830e-07 2.70379617e+03 9.59407487e+02
5.52133934e-07 2.88051752e+03 9.39161506e+02
5.52565037e-07 2.69642461e+03 9.59912783e+02
5.52996141e-07 2.82846139e+03 9.38961119e+02
5.53427244e-07 3.09904852e+03 9.46030435e+02
5.53858348e-07 2.99108005e+03 1.04284314e+03
5.54289452e-07 2.89084903e+03 1.11069287e+03
5.54720555e-07 2.84669145e+03 1.10235815e+03
5.55151659e-07 3.10830364e+03 1.07788994e+03
5.55582762e-07 2.67086363e+03 1.04563887e+03
5.56013866e-07 2.85256968e+03 1.09458665e+03
5.56444970e-07 2.97199180e+03 1.08897455e+03
5.56876073e-07 2.89940247e+03 2.01997840e+03
5.57307177e-07 3.62322919e+03 1.08544376e+04
5.57738281e-07 1.51786670e+03 2.10818586e+04
5.58169384e-07 3.46301858e+03 1.48776133e+04
5.58600488e-07 5.60306227e+03 4.85818844e+03
5.59031591e-07 3.08997142e+03 1.66836916e+03
5.59462695e-07 2.87655893e+03 1.16408451e+03
5.59893799e-07 2.73881950e+03 1.13767448e+03
5.60324902e-07 2.83624491e+03 1.20847674e+03
5.60756006e-07 3.02939539e+03 1.16322989e+03
5.61187109e-07 2.96283332e+03 1.11778702e+03
5.61618213e-07 2.82495628e+03 1.10385622e+03
5.62049317e-07 2.97055563e+03 1.14586692e+03
5.62480420e-07 2.87096733e+03 1.18445330e+03
5.62911524e-07 2.83377814e+03 1.09732858e+03
5.63342628e-07 2.73140911e+03 1.02737795e+03
5.63773731e-07 3.08222469e+03 1.05627964e+03
5.64204835e-07 3.45238792e+03 1.07732321e+03
5.64635938e-07 3.47312294e+03 1.11838318e+03
5.65067042e-07 3.00255523e+03 1.08282363e+03
5.65498146e-07 3.12067876e+03 1.06580786e+03
5.65929249e-07 3.27240509e+03 1.05653324e+03
5.66360353e-07 2.76709797e+03 1.09956844e+03
5.66791457e-07 2.76488503e+03 1.09510507e+03
5.67222560e-07 2.97776762e+03 1.10423884e+03
5.67653664e-07 3.02110866e+03 1.06518884e+03
5.68084767e-07 2.91462026e+03 1.09032667e+03
5.68515871e-07 3.03516674e+03 1.09884908e+03
5.68946975e-07 3.11274946e+03 1.12588815e+03
5.69378078e-07 3.35990427e+03 1.17845967e+03
5.69809182e-07 3.25941778e+03 1.15527771e+03
5.70240285e-07 2.83456123e+03 1.18690315e+03
5.70671389e-07 2.64491284e+03 1.11452907e+03
5.71102493e-07 2.73437814e+03 1.13877234e+03
5.71533596e-07 2.71088258e+03 1.15933626e+03
5.71964700e-07 2.99434949e+03 1.13934494e+03
5.72395804e-07 3.16480855e+03 1.16912090e+03
5.72826907e-07 3.02564953e+03 1.17200025e+03
5.73258011e-07 3.09484722e+03 1.15275107e+03
5.73689114e-07 3.18986357e+03 1.14483230e+03
5.74120218e-07 3.38545564e+03 1.14775375e+03
5.74551322e-07 3.37769257e+03 1.14414483e+03
5.74982425e-07 3.34606962e+03 1.11572079e+03
5.75413529e-07 3.27524583e+03 1.11211932e+03
5.75844632e-07 3.03697810e+03 1.10569039e+03
5.76275736e-07 3.00244225e+03 1.13602157e+03
5.76706840e-07 3.40936844e+03 1.13234035e+03
5.77137943e-07 3.56722546e+03 1.18197749e+03
5.77569047e-07 3.14012327e+03 1.13600636e+03
5.78000151e-07 3.00770540e+03 1.12096372e+03
5.78431254e-07 3.55111644e+03 1.10692009e+03
5.78862358e-07 3.65638160e+03 1.17278979e+03
5.79293461e-07 3.72355536e+03 1.18747242e+03
5.79724565e-07 3.62044525e+03 1.11443766e+03
5.80155669e-07 3.91728953e+03 1.16277257e+03
5.80586772e-07 4.00907931e+03 1.15621322e+03
5.81017876e-07 3.53012580e+03 1.17177291e+03
5.81448979e-07 3.35574085e+03 1.19776183e+03
5.81880083e-07 3.32862277e+03 1.20869853e+03
5.82311187e-07 3.55425992e+03 1.16185096e+03
5.82742290e-07 3.33513263e+03 1.20950881e+03
5.83173394e-07 3.19373438e+03 1.18742571e+03
5.83604498e-07 3.34626327e+03 1.20363738e+03
5.84035601e-07 3.36816063e+03 1.14499917e+03
5.84466705e-07 3.36400513e+03 1.19938227e+03
5.84897808e-07 3.59163076e+03 1.21777484e+03
5.85328912e-07 3.79578030e+03 1.20379145e+03
5.85760016e-07 4.05560858e+03 1.24321060e+03
5.86191119e-07 4.14270884e+03 1.37970665e+03
5.86622223e-07 4.06837719e+03 1.71922704e+03
5.87053326e-07 3.73788009e+03 1.67200897e+03
5.87484430e-07 3.24664629e+03 1.45798782e+03
5.87915534e-07 3.02414583e+03 1.36962318e+03
5.88346637e-07 3.18573290e+03 1.84940465e+03
5.88777741e-07 2.86023714e+03 3.33376196e+03
5.89208845e-07 3.06456194e+03 3.94642928e+03
5.89639948e-07 3.21319549e+03 3.25579335e+03
5.90071052e-07 3.17855894e+03 2.26148780e+03
5.90502155e-07 3.48423785e+03 1.63618110e+03
5.90933259e-07 3.57499930e+03 1.50513824e+03
5.91364363e-07 3.37715831e+03 1.63768926e+03
5.91795466e-07 3.91705196e+03 1.59599002e+03
5.92226570e-07 3.73958478e+03 1.53629753e+03
5.92657674e-07 3.27980479e+03 1.55774772e+03
5.93088777e-07 3.03395095e+03 1.77129171e+03
5.93519881e-07 3.24250279e+03 1.73789287e+03
5.93950984e-07 3.51477284e+03 1.51913654e+03
5.94382088e-07 3.19534377e+03 1.48420561e+03
5.94813192e-07 3.54799315e+03 1.50268240e+03
5.95244295e-07 3.51978319e+03 1.68764602e+03
5.95675399e-07 3.70019042e+03 1.55820377e+03
5.96106502e-07 3.58018481e+03 1.43930220e+03
5.96537606e-07 3.85542247e+03 1.39747711e+03
5.96968710e-07 3.67913878e+03 1.48385491e+03
5.97399813e-07 3.53922212e+03 1.55576703e+03
5.97830917e-07 3.90428060e+03 1.52861749e+03
5.98262021e-07 3.90307656e+03 1.45585562e+03
5.98693124e-07 3.76912885e+03 1.34680932e+03
5.99124228e-07 3.44775404e+03 1.33668458e+03
5.99555331e-07 3.41332189e+03 1.35890104e+03
5.99986435e-07 3.70571940e+03 1.43433349e+03
6.00417539e-07 3.60121811e+03 1.47376162e+03
6.00848642e-07 3.49314836e+03 1.37166064e+03
6.01279746e-07 3.46009366e+03 1.31937911e+03
6.01710849e-07 3.67670605e+03 1.23753477e+03
6.02141953e-07 3.61568025e+03 1.27489538e+03
6.02573057e-07 3.50642693e+03 1.27695333e+03
6.03004160e-07 3.59791565e+03 1.26898949e+03
6.03435264e-07 3.36161088e+03 1.32548186e+03
6.03866368e-07 3.87603488e+03 1.30763339e+03
6.04297471e-07 3.74038471e+03 1.28917563e+03
6.04728575e-07 3.23296164e+03 1.24753749e+03
6.05159678e-07 2.92157263e+03 1.28877152e+03
6.05590782e-07 3.27902422e+03 1.22448906e+03
6.06021886e-07 3.49385825e+03 1.20959809e+03
6.06452989e-07 3.43449125e+03 1.27431928e+03
6.06884093e-07 3.35559009e+03 1.26511573e+03
6.07315196e-07 3.41011110e+03 1.25902291e+03
6.07746300e-07 3.82440215e+03 1.22256067e+03
6.08177404e-07 3.92736302e+03 1.21559412e+03
6.08608507e-07 3.73845356e+03 1.20819982e+03
6.09039611e-07 3.98314787e+03 1.20335164e+03
6.09470715e-07 3.72190856e+03 1.30838550e+03
6.09901818e-07 3.65137470e+03 1.27747523e+03
6.10332922e-07 4.19504007e+03 1.26795209e+03
6.10764025e-07 4.04547248e+03 1.26024935e+03
6.11195129e-07 3.76916634e+03 1.25844657e+03
6.11626233e-07 3.58669045e+03 1.20618409e+03
6.12057336e-07 3.30265479e+03 1.21336550e+03
6.12488440e-07 3.73804645e+03 1.21066010e+03
6.12919543e-07 4.05795802e+03 1.18608162e+03
6.13350647e-07 3.96552124e+03 1.34522615e+03
6.13781751e-07 3.71110879e+03 1.40860901e+03
6.14212854e-07 4.19370426e+03 1.46477823e+03
6.14643958e-07 3.80851297e+03 1.41204171e+03
6.15075062e-07 3.99525100e+03 1.35615260e+03
6.15506165e-07 4.57850817e+03 1.44341146e+03
6.15937269e-07 4.24765542e+03 1.44048406e+03
6.16368372e-07 3.86811065e+03 1.31506263e+03
6.16799476e-07 3.59526865e+03 1.48577934e+03
6.17230580e-07 3.44128780e+03 1.60152367e+03
6.17661683e-07 3.86338736e+03 1.43588303e+03
6.18092787e-07 3.81245849e+03 1.34427222e+03
6.18523891e-07 3.89239879e+03 1.33571465e+03
6.18954994e-07 4.49422749e+03 1.26923647e+03
6.19386098e-07 4.63142285e+03 1.25743558e+03
6.19817201e-07 4.18425617e+03 1.35705409e+03
6.20248305e-07 4.22563874e+03 1.41106214e+03
6.20679409e-07 4.57689871e+03 1.41590238e+03
6.21110512e-07 4.50122131e+03 1.35566808e+03
6.21541616e-07 4.59913427e+03 1.43491540e+03
6.21972719e-07 4.10262198e+03 1.53493419e+03
6.22403823e-07 4.36784132e+03 1.44228073e+03
6.22834927e-07 4.16600843e+03 1.49968477e+03
6.23266030e-07 3.67592961e+03 2.08597610e+03
6.23697134e-07 4.46551507e+03 2.46564712e+03
6.24128238e-07 4.29138770e+03 2.25028696e+03
6.24559341e-07 4.15513486e+03 1.73529130e+03
6.24990445e-07 4.27464408e+03 1.53353621e+03
6.25421548e-07 4.24258470e+03 1.84802622e+03
6.25852652e-07 4.46313155e+03 2.25066405e+03
6.26283756e-07 4.66742609e+03 2.08618464e+03
6.26714859e-07 4.32440743e+03 1.80693036e+03
6.27145963e-07 4.57744275e+03 1.61547425e+03
6.27577066e-07 4.18046743e+03 1.48971410e+03
6.28008170e-07 4.09875833e+03 1.50170498e+03
6.28439274e-07 3.98745712e+03 1.82722786e+03
6.28870377e-07 4.38656030e+03 1.95686295e+03
6.29301481e-07 4.71086442e+03 3.72661220e+03
6.29732585e-07 3.48878413e+03 1.22584914e+04
6.30163688e-07 4.41883335e+03 1.65282010e+04
6.30594792e-07 4.49447172e+03 9.05369582e+03
6.31025895e-07 4.22426932e+03 3.30505757e+03
6.31456999e-07 4.44608259e+03 1.63469911e+03
6.31888103e-07 4.25737157e+03 1.62795423e+03
6.32319206e-07 4.19138261e+03 1.82902937e+03
6.32750310e-07 3.77599666e+03 2.03331008e+03
6.33181413e-07 4.60963358e+03 2.01690811e+03
6.33612517e-07 4.37555327e+03 1.53373333e+03
6.34043621e-07 4.45781162e+03 1.38128963e+03
6.34474724e-07 4.46662711e+03 1.46905540e+03
6.34905828e-07 4.30193525e+03 1.57718529e+03
6.35336932e-07 4.34288172e+03 1.83351450e+03
6.35768035e-07 4.48475156e+03 2.99035650e+03
6.36199139e-07 3.81796008e+03 5.96967033e+03
6.36630242e-07 4.98613468e+03 5.86715869e+03
6.37061346e-07 4.12837437e+03 2.89662077e+03
6.37492450e-07 4.28286082e+03 1.63119995e+03
6.37923553e-07 4.93881051e+03 1.48537652e+03
6.38354657e-07 4.51640855e+03 1.59282878e+03
6.38785761e-07 4.54507493e+03 1.52819234e+03
6.39216864e-07 4.31424151e+03 1.40696956e+03
6.39647968e-07 4.51633830e+03 1.30142941e+03
6.40079071e-07 4.74403911e+03 1.24612015e+03
6.40510175e-07 4.97341254e+03 1.25710274e+03
6.40941279e-07 4.43351746e+03 1.31506975e+03
6.41372382e-07 4.64885691e+03 1.31105604e+03
6.41803486e-07 4.86243669e+03 1.36927710e+03
6.42234589e-07 4.57386069e+03 1.34379723e+03
6.42665693e-07 4.61117123e+03 1.29534617e+03
6.43096797e-07 4.13673955e+03 1.27686829e+03
6.43527900e-07 4.88543286e+03 1.24541827e+03
6.43959004e-07 5.27674078e+03 1.19202405e+03
6.44390108e-07 4.65408714e+03 1.26059032e+03
6.44821211e-07 4.94588921e+03 1.29116005e+03
6.45252315e-07 4.96315276e+03 1.37105540e+03
6.45683418e-07 4.34120482e+03 1.48577707e+03
6.46114522e-07 5.16628189e+03 1.78962645e+03
6.46545626e-07 5.01999913e+03 2.25694839e+03
6.46976729e-07 4.68021688e+03 2.35008537e+03
6.47407833e-07 4.88506097e+03 1.92307898e+03
6.47838936e-07 5.12882379e+03 1.56008843e+03
6.48270040e-07 4.82492675e+03 1.30166994e+03
6.48701144e-07 5.17386510e+03 1.24109868e+03
6.49132247e-07 4.80333087e+03 1.35967196e+03
6.49563351e-07 4.74603124e+03 2.11640115e+03
6.49994455e-07 5.35271556e+03 2.60477052e+03
6.50425558e-07 5.56182552e+03 2.16775472e+03
6.50856662e-07 5.22655977e+03 1.71376691e+03
6.51287765e-07 5.09906254e+03 1.40542716e+03
6.51718869e-07 4.60992905e+03 1.39860103e+03
6.52149973e-07 4.79233470e+03 1.60657272e+03
6.52581076e-07 4.92581274e+03 1.72467832e+03
6.53012180e-07 4.92142597e+03 2.00060318e+03
6.53443283e-07 5.42201122e+03 2.26721621e+03
6.53874387e-07 4.94106194e+03 1.89787202e+03
6.54305491e-07 4.91743313e+03 1.76106938e+03
6.54736594e-07 4.66460661e+03 1.89508035e+03
6.55167698e-07 4.98765816e+03 2.37841083e+03
6.55598802e-07 4.87751037e+03 2.30590980e+03
6.56029905e-07 5.39222424e+03 1.76205231e+03
6.56461009e-07 5.29510581e+03 1.62346031e+03
6.56892112e-07 4.95423468e+03 1.69771978e+03
6.57323216e-07 5.12569490e+03 1.93875124e+03
6.57754320e-07 5.17444211e+03 2.33752973e+03
6.58185423e-07 5.48088169e+03 1.85303043e+03
6.58616527e-07 5.68936600e+03 1.44087330e+03
6.59047630e-07 5.29828496e+03 1.41470904e+03
6.59478734e-07 5.16899150e+03 1.55603207e+03
6.59909838e-07 5.09924482e+03 1.67145866e+03
6.60340941e-07 4.81092928e+03 1.92427870e+03
6.60772045e-07 5.26706219e+03 1.63606502e+03
6.61203149e-07 5.31694454e+03 1.35173247e+03
6.61634252e-07 5.01863581e+03 1.31772120e+03
6.62065356e-07 4.81990939e+03 1.33125767e+03
6.62496459e-07 5.08870023e+03 1.41741007e+03
6.62927563e-07 5.06451718e+03 1.48477865e+03
6.63358667e-07 5.74711234e+03 1.55675142e+03
6.63789770e-07 5.28448441e+03 1.48766302e+03
6.64220874e-07 5.31497158e+03 1.32536522e+03
6.64651978e-07 5.35663153e+03 1.27305768e+03
6.65083081e-07 5.15374139e+03 1.30559214e+03
6.65514185e-07 5.21099235e+03 1.30084429e+03
6.65945288e-07 5.33003343e+03 1.32897090e+03
6.66376392e-07 6.03442038e+03 1.48029837e+03
6.66807496e-07 5.24478740e+03 1.36548421e+03
6.67238599e-07 4.98593010e+03 1.32814848e+03
6.67669703e-07 5.28704044e+03 1.29514494e+03
6.68100806e-07 5.13434769e+03 1.31620247e+03
6.68531910e-07 5.56249292e+03 1.28507473e+03
6.68963014e-07 5.59716021e+03 1.24069556e+03
6.69394117e-07 5.47521381e+03 1.29002833e+03
6.69825221e-07 5.64015582e+03 1.37901392e+03
6.70256325e-07 5.55588047e+03 1.32197546e+03
6.70687428e-07 5.63693662e+03 1.38358862e+03
6.71118532e-07 6.05815282e+03 1.36733725e+03
6.71549635e-07 5.65933164e+03 1.29942302e+03
6.71980739e-07 5.54428559e+03 1.32830210e+03
6.72411843e-07 5.84103625e+03 1.29361815e+03
6.72842946e-07 5.84999102e+03 1.26491366e+03
6.73274050e-07 5.74432628e+03 1.24249306e+03
6.73705153e-07 5.47077734e+03 1.23998487e+03
6.74136257e-07 5.65750217e+03 1.33002492e+03
6.74567361e-07 5.97465052e+03 1.34923265e+03
6.74998464e-07 5.44219209e+03 1.36044710e+03
6.75429568e-07 5.23031185e+03 1.27742638e+03
6.75860672e-07 5.34718536e+03 1.23047463e+03
6.76291775e-07 5.66540058e+03 1.26298731e+03
6.76722879e-07 5.58211248e+03 1.25735339e+03
6.77153982e-07 5.13904857e+03 1.25385667e+03
6.77585086e-07 5.54253781e+03 1.25835682e+03
6.78016190e-07 5.87277021e+03 1.29591014e+03
6.78447293e-07 5.78875199e+03 1.28592763e+03
6.78878397e-07 5.89881742e+03 1.24720385e+03
6.79309500e-07 6.04069559e+03 1.21963615e+03
6.79740604e-07 6.14272562e+03 1.19768301e+03
6.80171708e-07 5.69880682e+03 1.26240582e+03
6.80602811e-07 5.92494874e+03 1.21225987e+03
6.81033915e-07 5.79954038e+03 1.23413707e+03
6.81465019e-07 6.04368124e+03 1.18612885e+03
6.81896122e-07 6.32587154e+03 1.25347381e+03
6.82327226e-07 6.10951473e+03 1.97889011e+03
6.82758329e-07 5.37551189e+03 3.62568006e+03
6.83189433e-07 5.53804167e+03 4.42965998e+03
6.83620537e-07 5.76350448e+03 3.61913016e+03
6.84051640e-07 5.52622493e+03 2.39998284e+03
6.84482744e-07 5.38993387e+03 1.76621710e+03
6.84913848e-07 5.61886694e+03 1.49221606e+03
6.85344951e-07 5.92202683e+03 1.34325724e+03
6.85776055e-07 5.75086980e+03 2.10436990e+03
6.86207158e-07 4.84845200e+03 4.13454370e+03
6.86638262e-07 4.39702699e+03 4.18311782e+03
6.87069366e-07 4.89378140e+03 2.17801563e+03
6.87500469e-07 4.67257815e+03 1.46485689e+03
6.87931573e-07 4.61480753e+03 1.62921703e+03
6.88362676e-07 4.90676937e+03 1.84427720e+03
6.88793780e-07 4.28920053e+03 1.94831856e+03
6.89224884e-07 3.54136160e+03 1.84110707e+03
6.89655987e-07 3.68001906e+03 1.67519353e+03
6.90087091e-07 4.28801879e+03 1.75893758e+03
6.90518195e-07 4.81700523e+03 1.70698137e+03
6.90949298e-07 5.09824602e+03 1.97991583e+03
6.91380402e-07 5.19810676e+03 2.28976830e+03
6.91811505e-07 5.68485897e+03 2.29221745e+03
6.92242609e-07 5.76842986e+03 2.84095928e+03
6.92673713e-07 5.51465115e+03 2.44694428e+03
6.93104816e-07 5.46964158e+03 1.61996216e+03
6.93535920e-07 5.60048049e+03 1.64153749e+03
6.93967023e-07 4.98745510e+03 1.98844042e+03
6.94398127e-07 5.16311619e+03 2.42624200e+03
6.94829231e-07 5.57594013e+03 3.14911246e+03
6.95260334e-07 5.34319041e+03 2.61687120e+03
6.95691438e-07 5.56328696e+03 1.67406730e+03
6.96122542e-07 5.49767542e+03 1.45434503e+03
6.96553645e-07 5.67743196e+03 1.60398387e+03
6.96984749e-07 5.83877587e+03 1.92342510e+03
6.97415852e-07 5.38375393e+03 2.32822133e+03
6.97846956e-07 5.81210012e+03 2.66374332e+03
6.98278060e-07 6.09449589e+03 2.10574835e+03
6.98709163e-07 5.43150741e+03 1.55779442e+03
6.99140267e-07 5.02094737e+03 1.43253606e+03
6.99571370e-07 5.55314237e+03 1.37404490e+03
7.00002474e-07 5.64468648e+03 1.53382464e+03
7.00433578e-07 5.67608631e+03 1.67253777e+03
7.00864681e-07 5.60675897e+03 1.81529257e+03
7.01295785e-07 5.22558166e+03 1.76943814e+03
7.01726889e-07 4.95997919e+03 1.43150206e+03
7.02157992e-07 4.87911475e+03 1.36242249e+03
7.02589096e-07 5.50477137e+03 1.20450949e+03
7.03020199e-07 5.40796742e+03 1.21329729e+03
7.03451303e-07 5.58006936e+03 1.28206920e+03
7.03882407e-07 5.27303384e+03 1.31095427e+03
7.04313510e-07 5.21722432e+03 1.58664985e+03
7.04744614e-07 5.62056565e+03 1.85680837e+03
7.05175717e-07 5.77427578e+03 1.76150821e+03
7.05606821e-07 6.10520633e+03 1.43602267e+03
7.06037925e-07 5.70400411e+03 1.32827215e+03
7.06469028e-07 5.32194581e+03 1.49523251e+03
7.06900132e-07 5.59431428e+03 1.42502947e+03
7.07331236e-07 6.14955701e+03 1.47162308e+03
7.07762339e-07 5.63680748e+03 1.42063420e+03
7.08193443e-07 6.09683145e+03 1.39621911e+03
7.08624546e-07 5.55264218e+03 1.55398153e+03
7.09055650e-07 5.84762960e+03 1.45243424e+03
7.09486754e-07 5.40384443e+03 1.34596383e+03
7.09917857e-07 5.40722923e+03 1.35372396e+03
7.10348961e-07 5.94507338e+03 1.32811523e+03
7.10780065e-07 5.66475188e+03 1.24361304e+03
7.11211168e-07 5.21856907e+03 1.24876505e+03
7.11642272e-07 5.93784976e+03 1.24175394e+03
7.12073375e-07 6.09394773e+03 1.31125941e+03
7.12504479e-07 5.60720463e+03 1.34476877e+03
7.12935583e-07 5.41620423e+03 1.45536446e+03
7.13366686e-07 5.95265197e+03 1.31812051e+03
7.13797790e-07 5.58566434e+03 1.36130181e+03
7.14228893e-07 5.71372949e+03 1.48953475e+03
7.14659997e-07 5.85459416e+03 1.44086378e+03
7.15091101e-07 5.69544469e+03 1.34250177e+03
7.15522204e-07 5.62278495e+03 1.35380741e+03
7.15953308e-07 5.61533518e+03 1.29956930e+03
7.16384412e-07 5.55212470e+03 1.35119835e+03
7.16815515e-07 5.27387956e+03 1.25456877e+03
7.17246619e-07 5.14058701e+03 1.16325810e+03
7.17677722e-07 4.64400414e+03 1.22045126e+03
7.18108826e-07 4.40146899e+03 1.12033423e+03
7.18539930e-07 4.50483980e+03 9.69857622e+02
7.18971033e-07 4.46368721e+03 9.54941304e+02
7.19402137e-07 3.85585779e+03 1.02376493e+03
7.19833240e-07 4.25017037e+03 9.38611683e+02
7.20264344e-07 3.78917935e+03 9.86145011e+02
7.20695448e-07 4.29133494e+03 1.03573090e+03
7.21126551e-07 4.52362205e+03 1.01011520e+03
7.21557655e-07 4.64485345e+03 1.09753010e+03
7.21988759e-07 4.78072124e+03 1.15762524e+03
7.22419862e-07 4.94693001e+03 1.20558652e+03
7.22850966e-07 4.49002898e+03 1.15280183e+03
7.23282069e-07 4.45166269e+03 1.59308650e+03
7.23713173e-07 4.07596973e+03 4.15248471e+03
7.24144277e-07 3.41896907e+03 6.90387246e+03
7.24575380e-07 4.12435526e+03 6.24404313e+03
7.25006484e-07 3.88678686e+03 3.78847717e+03
7.25437587e-07 4.52050246e+03 2.30115488e+03
7.25868691e-07 4.63501966e+03 1.67566376e+03
7.26299795e-07 4.35089871e+03 1.35281178e+03
7.26730898e-07 4.28641223e+03 1.56850544e+03
7.27162002e-07 3.57126242e+03 3.28991006e+03
7.27593106e-07 5.10730055e+03 5.74526702e+03
7.28024209e-07 3.96172702e+03 5.48052272e+03
7.28455313e-07 5.09189952e+03 4.20432680e+03
7.28886416e-07 4.79911651e+03 2.84942402e+03
7.29317520e-07 4.26200723e+03 2.00668057e+03
7.29748624e-07 3.84305449e+03 2.19688994e+03
7.30179727e-07 3.64511958e+03 2.43944837e+03
7.30610831e-07 4.22817017e+03 2.32300599e+03
7.31041935e-07 4.14197867e+03 2.85271692e+03
7.31473038e-07 3.48765504e+03 5.26381275e+03
7.31904142e-07 4.82349514e+03 4.88978861e+03
7.32335245e-07 4.67358968e+03 2.84568106e+03
7.32766349e-07 4.61751232e+03 3.14009089e+03
7.33197453e-07 4.42547543e+03 3.09118604e+03
7.33628556e-07 4.52930548e+03 4.13064570e+03
7.34059660e-07 3.95881317e+03 6.54355601e+03
7.34490763e-07 4.64764890e+03 4.88185512e+03
7.34921867e-07 5.68334400e+03 2.21995936e+03
7.35352971e-07 4.56915224e+03 2.27650668e+03
7.35784074e-07 4.65339470e+03 3.05878961e+03
7.36215178e-07 5.02856687e+03 2.98089721e+03
7.36646282e-07 5.08196093e+03 4.19842973e+03
7.37077385e-07 4.48030634e+03 4.62704455e+03
7.37508489e-07 5.91751078e+03 2.78487722e+03
7.37939592e-07 5.91071228e+03 1.66344861e+03
7.38370696e-07 6.00099297e+03 1.39464669e+03
7.38801800e-07 5.04450682e+03 1.99785791e+03
7.39232903e-07 4.15816283e+03 2.65800545e+03
7.39664007e-07 5.29891955e+03 3.01261109e+03
7.40095110e-07 5.32827618e+03 4.04824443e+03
7.40526214e-07 4.86362769e+03 3.25777078e+03
7.40957318e-07 5.80586714e+03 1.89708881e+03
7.41388421e-07 5.80113416e+03 1.41501887e+03
7.41819525e-07 5.21955539e+03 1.32468149e+03
7.42250629e-07 5.36344015e+03 1.32257439e+03
7.42681732e-07 5.53740793e+03 1.84640671e+03
7.43112836e-07 5.54773857e+03 2.17442342e+03
7.43543939e-07 5.48496379e+03 2.59707249e+03
7.43975043e-07 5.79227181e+03 2.63486298e+03
7.44406147e-07 5.28060834e+03 1.92735165e+03
7.44837250e-07 4.98084312e+03 1.35216277e+03
7.45268354e-07 5.42393475e+03 1.32391400e+03
7.45699457e-07 5.92093065e+03 1.35040152e+03
7.46130561e-07 5.20839936e+03 1.84467613e+03
7.46561665e-07 4.90410171e+03 2.52340915e+03
7.46992768e-07 5.43633931e+03 3.13465664e+03
7.47423872e-07 4.89303929e+03 3.47053152e+03
7.47854976e-07 5.39246115e+03 3.69007340e+03
7.48286079e-07 5.61726500e+03 3.68770715e+03
7.48717183e-07 5.73897235e+03 2.75907032e+03
7.49148286e-07 5.76930199e+03 2.02257808e+03
7.49579390e-07 5.45152588e+03 1.82054794e+03
7.50010494e-07 6.07539202e+03 1.48975846e+03
7.50441597e-07 5.53297048e+03 1.32095697e+03
7.50872701e-07 5.07018638e+03 1.28496448e+03
7.51303804e-07 5.60677189e+03 1.32737051e+03
7.51734908e-07 5.67048784e+03 2.25098711e+03
7.52166012e-07 4.85439749e+03 4.82618865e+03
7.52597115e-07 4.79243028e+03 5.84207530e+03
7.53028219e-07 5.23160037e+03 4.05996650e+03
7.53459323e-07 5.70866029e+03 2.52038542e+03
7.53890426e-07 5.83386308e+03 1.95878981e+03
7.54321530e-07 5.57336636e+03 1.66828927e+03
7.54752633e-07 5.22094466e+03 1.44726210e+03
7.55183737e-07 4.97186583e+03 1.63450582e+03
7.55614841e-07 5.19788768e+03 2.27074023e+03
7.56045944e-07 5.76879261e+03 2.00690829e+03
7.56477048e-07 5.78509430e+03 2.05655542e+03
7.56908152e-07 5.35942035e+03 3.76010065e+03
7.57339255e-07 4.84342683e+03 4.25027155e+03
7.57770359e-07 5.76223079e+03 2.52003648e+03
7.58201462e-07 5.37014177e+03 2.24901608e+03
7.58632566e-07 5.16745037e+03 2.45607280e+03
7.59063670e-07 5.21581094e+03 1.97540142e+03
7.59494773e-07 3.75486887e+03 1.62152759e+03
7.59925877e-07 2.09504425e+03 1.49671343e+03
7.60356980e-07 1.20775771e+03 1.01910964e+03
7.60788084e-07 1.01896849e+03 6.61805318e+02
7.61219188e-07 1.89310152e+03 9.67803003e+02
7.61650291e-07 2.86982830e+03 1.71438328e+03
7.62081395e-07 3.30739501e+03 1.79456288e+03
7.62512499e-07 3.35351704e+03 1.77220938e+03
7.62943602e-07 2.88909049e+03 1.86164177e+03
7.63374706e-07 3.12838621e+03 1.22469333e+03
7.63805809e-07 3.35865254e+03 1.01594819e+03
7.64236913e-07 3.31093349e+03 9.06863557e+02
7.64668017e-07 3.16854326e+03 1.05292089e+03
7.65099120e-07 3.49405450e+03 1.45526473e+03
7.65530224e-07 4.79359265e+03 1.53663434e+03
7.65961327e-07 5.49116209e+03 2.01673623e+03
7.66392431e-07 6.07071627e+03 2.06049125e+03
7.66823535e-07 6.94372525e+03 1.60852405e+03
7.67254638e-07 8.02153613e+03 1.22995317e+03
7.67685742e-07 9.76954888e+03 1.19900383e+03
7.68116846e-07 1.12305541e+04 1.42904869e+03
7.68547949e-07 1.12545429e+04 1.49612256e+03
7.68979053e-07 8.94972300e+03 1.81718829e+03
7.69410156e-07 7.64205929e+03 1.76472286e+03
7.69841260e-07 8.56824923e+03 2.01315939e+03
7.70272364e-07 1.02874822e+04 1.81839252e+03
7.70703467e-07 1.05347502e+04 3.04274781e+03
7.71134571e-07 8.22404344e+03 7.73973311e+03
7.71565674e-07 5.96518884e+03 1.08420046e+04
7.71996778e-07 7.02622253e+03 7.73379727e+03
7.72427882e-07 8.06642886e+03 4.49529614e+03
7.72858985e-07 6.93431577e+03 3.17494342e+03
7.73290089e-07 6.12846949e+03 2.37510475e+03
7.73721193e-07 6.01745007e+03 1.93935245e+03
7.74152296e-07 5.89654837e+03 1.97804223e+03
7.74583400e-07 5.63751375e+03 5.09329290e+03
7.75014503e-07 4.45486783e+03 9.08616181e+03
7.75445607e-07 5.42779160e+03 7.52608519e+03
7.75876711e-07 6.48350117e+03 5.30305053e+03
7.76307814e-07 7.21967803e+03 3.61784332e+03
7.76738918e-07 5.07187990e+03 3.02175889e+03
7.77170022e-07 5.25443093e+03 4.23498435e+03
7.77601125e-07 5.18414323e+03 4.88872115e+03
7.78032229e-07 5.27026925e+03 4.02149632e+03
7.78463332e-07 5.32496458e+03 2.99096996e+03
7.78894436e-07 5.52047142e+03 4.43260856e+03
7.79325540e-07 4.68627651e+03 7.07481746e+03
7.79756643e-07 5.95901207e+03 5.47916802e+03
7.80187747e-07 6.53078017e+03 3.10582429e+03
7.80618850e-07 5.56508837e+03 3.66634123e+03
7.81049954e-07 4.77574632e+03 3.74727570e+03
7.81481058e-07 5.19968227e+03 3.95869665e+03
7.81912161e-07 4.63202428e+03 7.41193592e+03
7.82343265e-07 5.78739636e+03 7.43830858e+03
7.82774369e-07 6.26238848e+03 3.99515353e+03
7.83205472e-07 6.25074440e+03 2.19693035e+03
7.83636576e-07 4.76973548e+03 2.62604500e+03
7.84067679e-07 4.55251948e+03 3.55498500e+03
7.84498783e-07 5.87792448e+03 3.88908556e+03
7.84929887e-07 5.01436130e+03 6.72345317e+03
7.85360990e-07 5.44142906e+03 9.87098727e+03
7.85792094e-07 7.69062731e+03 8.66495722e+03
7.86223197e-07 8.45031685e+03 6.33427729e+03
7.86654301e-07 8.00618994e+03 6.09041028e+03
7.87085405e-07 6.95220122e+03 6.38147523e+03
7.87516508e-07 6.90911442e+03 5.14795178e+03
7.87947612e-07 6.52762692e+03 4.85812518e+03
7.88378716e-07 6.09966138e+03 4.75824744e+03
7.88809819e-07 5.19360666e+03 5.56876403e+03
7.89240923e-07 6.61039171e+03 4.63413831e+03
7.89672026e-07 6.53988124e+03 2.60752250e+03
7.90103130e-07 5.51867022e+03 1.66928917e+03
7.90534234e-07 5.38738872e+03 2.47674609e+03
7.90965337e-07 5.27137680e+03 6.87022096e+03
7.91396441e-07 8.16873676e+02 1.24065599e+04
7.91827544e-07 5.69457509e+03 1.01964548e+04
7.92258648e-07 6.66151539e+03 6.84106428e+03
7.92689752e-07 7.24093730e+03 4.63704218e+03
7.93120855e-07 8.61007573e+03 1.33676938e+03
