1.20750000e-01
3.60033000e-07 5.03164288e+01 3.96517620e+02
3.60464030e-07 8.47898445e+01 2.09478905e+03
3.60895061e-07 1.78630879e+01 4.19029700e+02
3.61326091e-07 1.23604191e+01 7.16316413e+02
3.61757121e-07 5.93698131e+01 7.16411153e+02
3.62619182e-07 4.11812436e+02 1.61784899e+04
3.63050212e-07 1.41316432e+02 1.59036160e+03
3.63481242e-07 2.84115868e+02 3.20791289e+03
3.63912273e-07 2.06084125e+01 6.51133523e+02
3.64774333e-07 5.63419824e+01 8.72998781e+02
3.65205364e-07 9.44624467e+01 1.06135690e+03
3.65636394e-07 5.53322686e+01 4.75068726e+02
3.66067424e-07 4.85786126e+01 5.29521896e+02
3.66498455e-07 6.50548226e+01 8.40037960e+02
3.66929485e-07 5.24231522e+01 4.58945318e+02
3.67360515e-07 7.22894337e+01 6.23756652e+02
3.67791545e-07 3.45521832e+01 6.59975499e+02
3.68222576e-07 4.01348879e+01 6.46277538e+02
3.68653606e-07 3.70573582e+01 3.77816173e+02
3.69084636e-07 9.50295848e+01 8.58828733e+02
3.69515667e-07 7.15560749e+01 4.85216159e+02
3.69946697e-07 1.81310012e+02 9.44205733e+02
3.70377727e-07 4.04028466e+01 7.50892234e+02
3.70808758e-07 9.33773830e+00 5.46211130e+02
3.71239788e-07 1.43113974e+02 8.56624088e+02
3.71670818e-07 1.19442034e+02 7.73063575e+02
3.72101848e-07 1.12711070e+01 4.77853272e+02
3.72532879e-07 1.25274191e+02 6.16930843e+02
3.72963909e-07 1.46800305e+02 7.59514196e+02
3.73394939e-07 1.89622388e+01 5.94556250e+02
3.73825970e-07 1.27139687e+00 6.58871913e+02
3.74257000e-07 2.07756921e+02 1.09548597e+03
3.74688030e-07 1.07056012e+02 6.10459161e+02
3.75119061e-07 9.16742637e+01 6.78219526e+02
3.75550091e-07 3.35573799e+01 5.78866959e+02
3.75981121e-07 1.56280655e+02 6.42115975e+02
3.76412152e-07 3.06288885e+01 5.11754046e+02
3.76843182e-07 1.28533409e+02 6.58855480e+02
3.77705242e-07 7.26572173e+01 5.49142196e+02
3.78136273e-07 4.28506124e+01 5.68593632e+02
3.78567303e-07 4.10990015e+01 6.10775616e+02
3.78998333e-07 1.29173864e+02 5.27937584e+02
3.79429364e-07 1.54391955e+02 7.12106045e+02
3.79860394e-07 8.04048815e+01 6.46201947e+02
3.80291424e-07 7.72063666e+01 5.85606606e+02
3.80722455e-07 1.04596639e+02 5.79519042e+02
3.81153485e-07 1.08931634e+02 6.75185925e+02
3.81584515e-07 1.52090978e+02 8.56035641e+02
3.82015545e-07 1.36046470e+02 5.65048109e+02
3.82446576e-07 1.35249662e+02 7.31923262e+02
3.82877606e-07 5.12729617e+01 6.21660339e+02
3.83308636e-07 9.52683678e+01 6.03412157e+02
3.83739667e-07 1.27117260e+02 7.02849260e+02
3.84170697e-07 1.96715003e+01 6.25220017e+02
3.84601727e-07 1.01204048e+02 7.23825771e+02
3.85032758e-07 2.71174388e+02 8.71488471e+02
3.85463788e-07 2.60601502e+02 8.32622867e+02
3.85894818e-07 5.73600193e+01 5.76338029e+02
3.86325848e-07 7.50237929e+01 6.21831816e+02
3.86756879e-07 6.94000524e+01 5.78600468e+02
3.87187909e-07 6.29446288e+01 5.41623579e+02
3.87618939e-07 1.47096372e+02 6.74979098e+02
3.88049970e-07 1.09376054e+02 6.07874803e+02
3.88481000e-07 1.20652249e+02 6.24143576e+02
3.88912030e-07 1.27536509e+02 5.96039880e+02
3.89343061e-07 3.88577130e+01 5.64785533e+02
3.89774091e-07 1.35704101e+02 6.23528341e+02
3.90205121e-07 1.74811940e+02 7.34263897e+02
3.90636152e-07 8.42883800e+01 6.63680974e+02
3.91067182e-07 9.42116287e+01 6.97180085e+02
3.91498212e-07 1.53974203e+02 7.45402214e+02
3.91929242e-07 9.19324788e+01 6.52024532e+02
3.92360273e-07 1.11411115e+02 6.95549188e+02
3.92791303e-07 1.08047129e+02 5.93005376e+02
3.93222333e-07 1.42092323e+02 6.18653488e+02
3.93653364e-07 1.31329626e+02 6.56118048e+02
3.94084394e-07 4.94498102e+01 6.21263476e+02
3.94515424e-07 1.07860993e+02 7.00274915e+02
3.94946455e-07 3.49197594e+01 6.98940043e+02
3.95377485e-07 1.90373407e+02 7.78174067e+02
3.95808515e-07 1.86647974e+02 7.84491579e+02
3.96239545e-07 7.71931496e+01 6.34382463e+02
3.96670576e-07 4.48002045e+01 6.16426945e+02
3.97101606e-07 7.83281915e+01 6.11173694e+02
3.97532636e-07 1.09137027e+02 6.69458678e+02
3.97963667e-07 8.35609632e+01 7.11322394e+02
3.98394697e-07 5.25471278e+01 6.39731690e+02
3.98825727e-07 9.47248146e+01 7.45820489e+02
3.99256758e-07 3.64494820e+01 7.30612751e+02
3.99687788e-07 4.04373603e+01 7.07339087e+02
4.00118818e-07 4.89325761e+01 7.62831163e+02
4.00549848e-07 1.05990644e+02 8.04001255e+02
4.00980879e-07 7.79501512e+01 8.60879219e+02
4.01411909e-07 7.55715934e+01 7.96566583e+02
4.01842939e-07 4.01726106e+01 8.13373604e+02
4.02273970e-07 4.91747902e+01 7.65865525e+02
4.02705000e-07 1.12965615e+02 8.08771292e+02
4.03136030e-07 1.14388693e+02 8.06871647e+02
4.03567061e-07 1.77624004e+02 8.35294297e+02
4.03998091e-07 1.72143942e+02 8.53079120e+02
4.04429121e-07 1.00810918e+02 8.86887390e+02
4.04860152e-07 5.86220645e+01 8.25603774e+02
4.05291182e-07 1.14409681e+02 8.71567015e+02
4.05722212e-07 2.09358178e+02 8.70427404e+02
4.06153242e-07 1.16731487e+02 8.43357984e+02
4.06584273e-07 9.15229994e+01 8.59444314e+02
4.07015303e-07 1.28490437e+02 8.84512514e+02
4.07446333e-07 1.28073063e+02 8.83750575e+02
4.07877364e-07 5.16267247e+01 8.28589631e+02
4.08308394e-07 1.23771493e+02 9.06120864e+02
4.08739424e-07 3.86551313e+01 8.80449486e+02
4.09170455e-07 7.42315449e+01 8.53263512e+02
4.09601485e-07 1.83395698e+02 8.84733454e+02
4.10032515e-07 1.86350583e+02 8.40849496e+02
4.10463545e-07 1.11788079e+02 8.35090839e+02
4.10894576e-07 1.95046043e+02 8.05939894e+02
4.11325606e-07 5.83946208e+01 8.13058292e+02
4.11756636e-07 2.42696971e+01 8.02300534e+02
4.12187667e-07 1.16263257e+02 8.89100870e+02
4.13049727e-07 1.11178792e+02 8.64099065e+02
4.13480758e-07 1.99379442e+02 9.78150442e+02
4.13911788e-07 9.93568082e+01 8.97558580e+02
4.14342818e-07 1.80148051e+02 9.22127906e+02
4.14773848e-07 1.24366750e+02 9.41552005e+02
4.15204879e-07 4.06395053e+01 8.67505379e+02
4.15635909e-07 1.37893715e+02 9.64285869e+02
4.16066939e-07 8.32575274e+01 9.46894785e+02
4.16497970e-07 8.42210237e+01 9.85649519e+02
4.16929000e-07 9.57861537e+01 1.01546277e+03
4.17360030e-07 3.59674570e+02 1.13107700e+03
4.17791061e-07 4.94589842e+02 1.18016790e+03
4.18222091e-07 3.47472595e+02 1.10474283e+03
4.18653121e-07 1.48891214e+02 9.63933909e+02
4.19084152e-07 1.99129014e+02 9.83382182e+02
4.19515182e-07 8.97465895e+01 9.16150615e+02
4.19946212e-07 1.19002941e+02 9.80184344e+02
4.20377242e-07 4.68694609e+01 9.08092249e+02
4.20808273e-07 1.09310445e+02 9.59342490e+02
4.21239303e-07 6.65878197e+01 9.41492259e+02
4.21670333e-07 7.59539083e+01 9.43168492e+02
4.22101364e-07 1.03778878e+02 9.51062952e+02
4.22532394e-07 2.33313611e+02 1.00824460e+03
4.22963424e-07 1.26773166e+02 9.66481819e+02
4.23394455e-07 1.05336650e+02 9.49931886e+02
4.23825485e-07 2.47536921e+02 1.00340947e+03
4.24256515e-07 2.02247963e+02 9.89109768e+02
4.24687545e-07 4.28370122e+01 9.57983771e+02
4.25118576e-07 1.33008790e+02 1.00414635e+03
4.25549606e-07 1.58158721e+02 1.00253021e+03
4.25980636e-07 1.61714990e+02 1.05524661e+03
4.26411667e-07 1.30191151e+02 1.03056205e+03
4.26842697e-07 6.22474713e+01 9.59538673e+02
4.27273727e-07 8.41032354e+01 9.70467621e+02
4.27704758e-07 2.41101537e+02 1.06411457e+03
4.28135788e-07 1.55611317e+02 1.06272901e+03
4.28566818e-07 2.84366390e+02 1.10193919e+03
4.28997848e-07 3.04598101e+02 1.07110305e+03
4.29428879e-07 9.47393886e+01 1.00452644e+03
4.29859909e-07 1.64420468e+02 1.04983450e+03
4.30290939e-07 1.50561875e+02 1.00158183e+03
4.30721970e-07 1.32779804e+02 9.84166442e+02
4.31153000e-07 2.04872243e+02 1.06706357e+03
4.31584030e-07 8.67327156e+01 1.06324788e+03
4.32015061e-07 3.30490394e+02 1.18376145e+03
4.32446091e-07 3.42927353e+02 1.15554336e+03
4.32877121e-07 3.05208224e+02 1.23305735e+03
4.33308152e-07 6.77422371e+01 1.04183621e+03
4.33739182e-07 7.80986580e+01 1.03616405e+03
4.34170212e-07 2.62457477e+02 1.14706657e+03
4.34601242e-07 1.81448823e+02 1.11393903e+03
4.35032273e-07 2.28931438e+02 1.14929343e+03
4.35463303e-07 2.05574790e+02 1.17620590e+03
4.35894333e-07 2.64876386e+02 1.21234787e+03
4.36325364e-07 1.59010589e+02 1.10999944e+03
4.36756394e-07 2.53555591e+02 1.14742897e+03
4.37187424e-07 1.97755580e+02 1.14027781e+03
4.37618455e-07 2.07016104e+02 1.15506120e+03
4.38049485e-07 2.75237151e+02 1.17460029e+03
4.38480515e-07 4.08758367e+02 1.21249878e+03
4.38911545e-07 1.98381122e+02 1.16796975e+03
4.39342576e-07 1.22551045e+02 1.15129942e+03
4.39773606e-07 2.87620648e+02 1.23680185e+03
4.40204636e-07 3.88111080e+02 1.31619506e+03
4.40635667e-07 2.75418134e+02 1.29623120e+03
4.41066697e-07 2.59718320e+01 1.22010823e+03
4.41497727e-07 5.45994892e+01 1.25184286e+03
4.41928758e-07 1.91410103e+02 1.33466539e+03
4.42359788e-07 2.27370880e+02 1.32101407e+03
4.42790818e-07 1.67321076e+02 1.30842230e+03
4.43221848e-07 8.92448689e+01 1.25483488e+03
4.43652879e-07 2.49958154e+02 1.35087737e+03
4.44514939e-07 2.05746219e+02 1.27673674e+03
4.44945970e-07 1.35001785e+02 1.28433889e+03
4.45377000e-07 1.01217114e+02 1.19735315e+03
4.45808030e-07 2.47934790e+02 1.22588922e+03
4.46239061e-07 3.28498143e+02 1.25930788e+03
4.46670091e-07 3.52929986e+02 1.24957429e+03
4.47101121e-07 3.96401207e+02 1.31332912e+03
4.47532152e-07 4.16150265e+02 1.37427894e+03
4.47963182e-07 1.34597654e+02 1.25240480e+03
4.48394212e-07 6.72571916e+01 1.25523281e+03
4.48825242e-07 4.43033419e+02 1.40158117e+03
4.49256273e-07 3.37780871e+02 1.34912815e+03
4.49687303e-07 3.00522619e+02 1.38170467e+03
4.50118333e-07 2.65183694e+02 1.36230457e+03
4.50549364e-07 3.37724933e+02 1.39663849e+03
4.50980394e-07 5.03355448e+02 1.50812368e+03
4.51411424e-07 5.40696744e+02 1.50278943e+03
4.51842455e-07 3.80439979e+02 1.41038017e+03
4.52273485e-07 2.25127278e+02 1.42783996e+03
4.52704515e-07 3.66121448e+02 1.53044504e+03
4.53135545e-07 4.45603778e+02 1.55962129e+03
4.53566576e-07 4.47000519e+02 1.59880396e+03
4.53997606e-07 3.70651253e+02 1.57148887e+03
4.54428636e-07 3.10174801e+02 1.47753654e+03
4.54859667e-07 3.60764699e+02 1.53465417e+03
4.55290697e-07 2.64719132e+02 1.48311606e+03
4.55721727e-07 2.23403921e+02 1.43221494e+03
4.56152758e-07 9.91890350e+01 1.40522661e+03
4.56583788e-07 2.44805443e+02 1.46160849e+03
4.57014818e-07 2.67225059e+02 1.53122342e+03
4.57445848e-07 1.69046860e+02 1.49559782e+03
4.57876879e-07 2.15544092e+02 1.46961818e+03
4.58307909e-07 2.99603910e+02 1.53981497e+03
4.58738939e-07 5.27092496e+02 1.62659253e+03
4.59169970e-07 4.75854897e+02 1.61314115e+03
4.59601000e-07 4.46276481e+02 1.59101018e+03
4.60032030e-07 4.44218148e+02 1.57889504e+03
4.60463061e-07 3.06507410e+02 1.53809992e+03
4.60894091e-07 4.65745581e+02 1.66402309e+03
4.61325121e-07 3.71301826e+02 1.57600191e+03
4.61756152e-07 1.91720613e+02 1.49726737e+03
4.62187182e-07 3.41903986e+02 1.59891353e+03
4.62618212e-07 4.81734162e+02 1.70154536e+03
4.63049242e-07 5.49387848e+02 1.66204840e+03
4.63480273e-07 4.40923147e+02 1.63598006e+03
4.63911303e-07 4.44692274e+02 1.62354712e+03
4.64342333e-07 4.57603525e+02 1.60190304e+03
4.64773364e-07 4.05039217e+02 1.57032168e+03
4.65204394e-07 2.11079284e+02 1.54239853e+03
4.65635424e-07 2.99431898e+02 1.57761551e+03
4.66066455e-07 5.09036269e+02 1.72422828e+03
4.66497485e-07 2.96013868e+02 1.61209895e+03
4.66928515e-07 2.74849734e+02 1.62088037e+03
4.67359545e-07 5.13987864e+02 1.74645601e+03
4.67790576e-07 7.05912369e+02 1.84341139e+03
4.68221606e-07 6.81330310e+02 1.83451564e+03
4.68652636e-07 4.63255690e+02 1.69527920e+03
4.69083667e-07 5.40777412e+02 1.75476655e+03
4.69514697e-07 4.16856417e+02 1.73783203e+03
4.69945727e-07 3.65056580e+02 1.71094240e+03
4.70376758e-07 5.66207438e+02 1.77282625e+03
4.70807788e-07 5.52263081e+02 1.75841406e+03
4.71238818e-07 3.09803072e+02 1.66016615e+03
4.71669848e-07 4.43031379e+02 1.77323093e+03
4.72100879e-07 5.59616569e+02 1.81729392e+03
4.72531909e-07 4.10998720e+02 1.77695686e+03
4.72962939e-07 4.04356797e+02 1.73093143e+03
4.73393970e-07 3.63458549e+02 1.74770343e+03
4.73825000e-07 2.80681484e+02 1.65041404e+03
4.74256030e-07 3.68810238e+02 1.74192360e+03
4.74687061e-07 4.43541198e+02 1.74061673e+03
4.75118091e-07 4.61051710e+02 1.76078334e+03
4.75549121e-07 3.20544185e+02 1.78935314e+03
4.75980152e-07 4.97812649e+02 1.78507577e+03
4.76411182e-07 5.73759209e+02 1.77131768e+03
4.76842212e-07 5.11290341e+02 1.81420059e+03
4.77273242e-07 4.76322350e+02 1.81915188e+03
4.77704273e-07 7.85197944e+02 1.94026555e+03
4.78135303e-07 4.49353210e+02 1.77463266e+03
4.78566333e-07 5.24511080e+02 1.89276919e+03
4.78997364e-07 3.60147061e+02 1.81522712e+03
4.79428394e-07 5.49349766e+02 1.83349731e+03
4.79859424e-07 4.32870932e+02 1.82042977e+03
4.80290455e-07 6.23152926e+02 1.91429807e+03
4.80721485e-07 4.80229748e+02 1.83991850e+03
4.81152515e-07 2.08597593e+02 1.78277812e+03
4.81583545e-07 5.57794894e+02 1.93513674e+03
4.82014576e-07 4.74496388e+02 1.98941914e+03
4.82445606e-07 2.10573326e+02 1.86075415e+03
4.82876636e-07 6.71554073e+02 2.04511022e+03
4.83307667e-07 6.68185691e+02 2.06988866e+03
4.83738697e-07 4.56954549e+02 1.99310242e+03
4.84169727e-07 5.95839132e+02 1.99591150e+03
4.84600758e-07 5.69380843e+02 2.06281860e+03
4.85031788e-07 5.11236795e+02 1.89453460e+03
4.85462818e-07 1.76913869e+02 1.74243422e+03
4.85893848e-07 5.41404701e+02 1.84526155e+03
4.86324879e-07 4.08243838e+02 1.80872829e+03
4.86755909e-07 4.75160065e+02 1.80092685e+03
4.87186939e-07 5.52900986e+02 1.83276726e+03
4.87617970e-07 4.32983150e+02 1.82736873e+03
4.88049000e-07 4.55455730e+02 1.90898946e+03
4.88480030e-07 6.64787123e+02 1.99400249e+03
4.88911061e-07 6.14488859e+02 1.95994077e+03
4.89342091e-07 2.90977664e+02 1.83300616e+03
4.89773121e-07 6.67544512e+02 2.00030434e+03
4.90204152e-07 6.34282938e+02 2.00466011e+03
4.90635182e-07 4.29177598e+02 1.89704771e+03
4.91066212e-07 3.53917005e+02 1.92585435e+03
4.91497242e-07 4.53993659e+02 1.96206911e+03
4.91928273e-07 3.24971792e+02 1.82218817e+03
4.92359303e-07 6.85965795e+02 1.97379494e+03
4.92790333e-07 7.37984372e+02 2.09078723e+03
4.93221364e-07 3.53971957e+02 1.94568924e+03
4.93652394e-07 6.62039172e+02 2.04410267e+03
4.94083424e-07 6.00891007e+02 2.08314021e+03
4.94514455e-07 5.52688671e+02 2.07569883e+03
4.94945485e-07 6.89512818e+02 2.11379046e+03
4.95376515e-07 6.60765976e+02 2.13508123e+03
4.95807545e-07 5.22496697e+02 2.07807676e+03
4.96238576e-07 6.57067030e+02 2.14830251e+03
4.96669606e-07 7.15970750e+02 2.14695944e+03
4.97100636e-07 6.28804269e+02 2.15251347e+03
4.97531667e-07 6.02173106e+02 2.11842252e+03
4.97962697e-07 7.51443044e+02 2.23168574e+03
4.98393727e-07 6.09271261e+02 2.14189712e+03
4.98824758e-07 6.75820490e+02 2.21518442e+03
4.99255788e-07 8.12002788e+02 2.22107066e+03
4.99686818e-07 8.25666302e+02 2.26591004e+03
5.00117848e-07 4.91636079e+02 2.15624501e+03
5.00548879e-07 6.80398063e+02 2.22178507e+03
5.00979909e-07 5.77601052e+02 2.14937092e+03
5.01410939e-07 5.90052623e+02 2.16507443e+03
5.01841970e-07 4.88128794e+02 2.07572647e+03
5.02273000e-07 6.86682851e+02 2.23855838e+03
5.02704030e-07 6.75080854e+02 2.22942155e+03
5.03135061e-07 5.58902245e+02 2.18240205e+03
5.03566091e-07 6.62773088e+02 2.16446940e+03
5.03997121e-07 6.92752031e+02 2.22349212e+03
5.04428152e-07 5.00155738e+02 2.10141187e+03
5.04859182e-07 6.62232837e+02 2.25383735e+03
5.05290212e-07 7.23250144e+02 2.27399264e+03
5.05721242e-07 7.61757324e+02 2.30376460e+03
5.06152273e-07 9.33826082e+02 2.38118535e+03
5.06583303e-07 6.70191518e+02 2.23978275e+03
5.07014333e-07 8.32567777e+02 2.33538628e+03
5.07445364e-07 6.87445389e+02 2.23306659e+03
5.07876394e-07 7.62872315e+02 2.22403492e+03
5.08307424e-07 5.40294236e+02 2.16233315e+03
5.08738455e-07 6.71420851e+02 2.26364970e+03
5.09169485e-07 5.29429817e+02 2.25952968e+03
5.09600515e-07 7.78839639e+02 2.26802637e+03
5.10031545e-07 9.42426087e+02 2.41233986e+03
5.10462576e-07 8.04534732e+02 2.31376278e+03
5.10893606e-07 8.14675847e+02 2.35808677e+03
5.11324636e-07 8.79420568e+02 2.39576950e+03
5.11755667e-07 6.66049582e+02 2.23304400e+03
5.12186697e-07 5.55571315e+02 2.21425714e+03
5.12617727e-07 7.87756754e+02 2.40408871e+03
5.13048758e-07 7.33500129e+02 2.37477950e+03
5.13479788e-07 7.90645057e+02 2.32076051e+03
5.13910818e-07 9.52244689e+02 2.45077877e+03
5.14341848e-07 8.38002643e+02 2.46053887e+03
5.14772879e-07 7.22177551e+02 2.46197353e+03
5.15203909e-07 7.66569383e+02 2.46455424e+03
5.15634939e-07 7.92125930e+02 2.49477842e+03
5.16065970e-07 7.28301443e+02 2.42002533e+03
5.16497000e-07 8.15841850e+02 2.45202543e+03
5.16928030e-07 8.41181557e+02 2.38335711e+03
5.17359061e-07 8.56853620e+02 2.37252636e+03
5.17790091e-07 7.95587398e+02 2.37014190e+03
5.18221121e-07 8.86439509e+02 2.42155732e+03
5.18652152e-07 7.25287059e+02 2.42125443e+03
5.19083182e-07 8.27417282e+02 2.52496156e+03
5.19514212e-07 9.52791265e+02 2.66963219e+03
5.19945242e-07 1.06023111e+03 2.85936897e+03
5.20376273e-07 1.02600688e+03 2.81626787e+03
5.20807303e-07 9.96889166e+02 2.68084276e+03
5.21238333e-07 8.23375809e+02 2.58825251e+03
5.21669364e-07 6.92924090e+02 2.49107303e+03
5.22100394e-07 8.10552998e+02 2.55849914e+03
5.22531424e-07 5.93474850e+02 2.43530403e+03
5.22962455e-07 6.95784923e+02 2.47067050e+03
5.23393485e-07 1.06868378e+03 2.68252925e+03
5.23824515e-07 1.13158070e+03 2.76567073e+03
5.24255545e-07 9.08745694e+02 2.62437404e+03
5.24686576e-07 9.10736917e+02 2.66561885e+03
5.25117606e-07 7.48426013e+02 2.54253699e+03
5.25548636e-07 6.07765724e+02 2.47133440e+03
5.25979667e-07 8.22452807e+02 2.49511000e+03
5.26410697e-07 8.25456863e+02 2.51592977e+03
5.26841727e-07 7.94947528e+02 2.45493753e+03
5.27272758e-07 8.03617370e+02 2.49352919e+03
5.27703788e-07 7.54233509e+02 2.49181408e+03
5.28134818e-07 1.03241465e+03 2.65036077e+03
5.28565848e-07 9.11397193e+02 2.59145656e+03
5.28996879e-07 6.39355511e+02 2.50072633e+03
5.29427909e-07 5.46196541e+02 2.55429574e+03
5.29858939e-07 7.53631544e+02 2.59211297e+03
5.30289970e-07 9.46332274e+02 2.66858961e+03
5.30721000e-07 7.75355055e+02 2.66564666e+03
5.31152030e-07 7.64070809e+02 2.73062210e+03
5.31583061e-07 7.59984557e+02 2.71368509e+03
5.32014091e-07 6.93526727e+02 2.59004317e+03
5.32445121e-07 7.93096247e+02 2.65902942e+03
5.32876152e-07 9.27633211e+02 2.71164052e+03
5.33307182e-07 1.09895609e+03 2.78521179e+03
5.33738212e-07 1.02794205e+03 2.82118854e+03
5.34169242e-07 6.44890830e+02 2.60677777e+03
5.34600273e-07 7.24626306e+02 2.69361104e+03
5.35031303e-07 6.73904648e+02 2.62163732e+03
5.35462333e-07 1.02587834e+03 2.76352330e+03
5.35893364e-07 1.03488009e+03 2.77948232e+03
5.36324394e-07 6.36112475e+02 2.57517328e+03
5.36755424e-07 6.20609169e+02 2.57533622e+03
5.37186455e-07 7.21517079e+02 2.62751078e+03
5.37617485e-07 1.15660236e+03 2.80437117e+03
5.38048515e-07 8.69209159e+02 2.67472241e+03
5.38479545e-07 8.72729929e+02 2.64533101e+03
5.38910576e-07 8.58390636e+02 2.66272309e+03
5.39341606e-07 8.34271900e+02 2.60870156e+03
5.39772636e-07 8.73694651e+02 2.65063271e+03
5.40203667e-07 9.44545282e+02 2.64874534e+03
5.40634697e-07 7.33451450e+02 2.54203676e+03
5.41065727e-07 6.30283965e+02 2.50623678e+03
5.41496758e-07 9.39422531e+02 2.75225713e+03
5.41927788e-07 9.73459111e+02 2.79610209e+03
5.42358818e-07 6.20215961e+02 2.62073902e+03
5.42789848e-07 7.22507779e+02 2.64768463e+03
5.43220879e-07 7.84859044e+02 2.65725618e+03
5.43651909e-07 9.84488468e+02 2.78044095e+03
5.44082939e-07 1.14545570e+03 2.93485823e+03
5.44513970e-07 1.29776213e+03 2.97717620e+03
5.44945000e-07 1.12552395e+03 2.88835701e+03
5.45376030e-07 1.20732833e+03 2.93982518e+03
5.45807061e-07 1.00282565e+03 2.86470278e+03
5.46238091e-07 7.56131321e+02 2.83845881e+03
5.46669121e-07 1.02231990e+03 2.93370210e+03
5.47100152e-07 1.09827757e+03 2.93931974e+03
5.47531182e-07 1.03600722e+03 2.85229500e+03
5.47962212e-07 8.44034177e+02 2.77588796e+03
5.48393242e-07 8.17026981e+02 2.81835188e+03
5.48824273e-07 8.64216619e+02 2.83682070e+03
5.49255303e-07 8.80152319e+02 2.82669605e+03
5.49686333e-07 7.66209860e+02 2.79689567e+03
5.50117364e-07 5.39924284e+02 2.76620477e+03
5.50548394e-07 7.24023752e+02 2.89022034e+03
5.50979424e-07 1.07806746e+03 2.99020883e+03
5.51410455e-07 9.05257219e+02 2.87540840e+03
5.51841485e-07 7.12517265e+02 2.86887846e+03
5.52272515e-07 9.50802469e+02 2.95740139e+03
5.52703545e-07 9.66530563e+02 2.92151428e+03
5.53134576e-07 7.38958615e+02 2.85472464e+03
5.53565606e-07 1.03588364e+03 3.05041235e+03
5.53996636e-07 8.96954428e+02 3.06043993e+03
5.54427667e-07 7.45532785e+02 3.03354511e+03
5.54858697e-07 9.07188424e+02 3.13718840e+03
5.55289727e-07 9.84758610e+02 3.16693220e+03
5.55720758e-07 8.87545981e+02 3.17312389e+03
5.56151788e-07 7.72631251e+02 3.10731142e+03
5.56582818e-07 6.51298263e+02 3.06403288e+03
5.57013848e-07 1.39015453e+03 6.54572915e+03
5.57444879e-07 1.20359324e+03 1.87895956e+04
5.57875909e-07 1.24592654e+03 2.66499980e+04
5.58306939e-07 3.05804461e+03 1.92407531e+04
5.58737970e-07 1.73804219e+03 9.66129305e+03
5.59169000e-07 1.00146144e+03 4.85968472e+03
5.59600030e-07 7.58398905e+02 3.35901058e+03
5.60031061e-07 8.79802867e+02 3.22681939e+03
5.60462091e-07 8.12304780e+02 3.21383773e+03
5.60893121e-07 9.94254218e+02 3.25095829e+03
5.61324152e-07 8.03308311e+02 3.13338830e+03
5.61755182e-07 9.23693131e+02 3.10058884e+03
5.62186212e-07 8.59664257e+02 3.14699764e+03
5.62617242e-07 9.42107715e+02 3.14712104e+03
5.63048273e-07 8.71122244e+02 3.12324766e+03
5.63479303e-07 9.02951615e+02 3.12870253e+03
5.63910333e-07 9.37118207e+02 3.13146109e+03
5.64341364e-07 1.04128027e+03 3.16182113e+03
5.64772394e-07 1.21781174e+03 3.26328609e+03
5.65203424e-07 1.04231889e+03 3.18701574e+03
5.65634455e-07 9.91009458e+02 3.08755518e+03
5.66065485e-07 8.30394312e+02 3.02122517e+03
5.66496515e-07 8.20453343e+02 3.04919266e+03
5.66927545e-07 9.38007235e+02 3.16400227e+03
5.67358576e-07 9.37244687e+02 3.14826287e+03
5.67789606e-07 6.52969979e+02 3.10217710e+03
5.68220636e-07 7.46881413e+02 3.04004567e+03
5.68651667e-07 9.04712337e+02 3.13513811e+03
5.69082697e-07 9.93758651e+02 3.19910537e+03
5.69513727e-07 9.76949940e+02 3.25172587e+03
5.69944758e-07 9.80996486e+02 3.26899443e+03
5.70375788e-07 8.35728474e+02 3.20947241e+03
5.70806818e-07 1.05130938e+03 3.21168275e+03
5.71237848e-07 9.79940754e+02 3.27332506e+03
5.71668879e-07 1.25084769e+03 3.34393265e+03
5.72099909e-07 1.05052347e+03 3.32540759e+03
5.72530939e-07 7.35545096e+02 3.19319690e+03
5.72961970e-07 8.34987537e+02 3.19265084e+03
5.73393000e-07 1.00115013e+03 3.27148745e+03
5.73824030e-07 8.31249250e+02 3.20259043e+03
5.74255061e-07 8.66825451e+02 3.23791613e+03
5.74686091e-07 1.11744084e+03 3.37069182e+03
5.75117121e-07 9.81788851e+02 3.18878174e+03
5.75548152e-07 1.12048191e+03 3.25328023e+03
5.75979182e-07 1.26229341e+03 3.36178314e+03
5.76410212e-07 9.02141883e+02 3.27265610e+03
5.76841242e-07 1.02000028e+03 3.33392328e+03
5.77272273e-07 8.08105116e+02 3.23386254e+03
5.77703303e-07 8.53358090e+02 3.15915643e+03
5.78134333e-07 7.58934354e+02 3.20456458e+03
5.78565364e-07 1.15317377e+03 3.30863115e+03
5.78996394e-07 9.00422856e+02 3.23632714e+03
5.79427424e-07 7.04363179e+02 3.14539688e+03
5.79858455e-07 9.12597544e+02 3.31647301e+03
5.80289485e-07 9.74444543e+02 3.32504936e+03
5.80720515e-07 1.04203420e+03 3.41036229e+03
5.81151545e-07 1.17343705e+03 3.34866711e+03
5.81582576e-07 7.01309336e+02 3.24521585e+03
5.82013606e-07 8.63446223e+02 3.26195706e+03
5.82444636e-07 7.89954745e+02 3.27014122e+03
5.82875667e-07 8.82294066e+02 3.27263675e+03
5.83306697e-07 8.16307492e+02 3.32698414e+03
5.83737727e-07 1.01343661e+03 3.39275384e+03
5.84168758e-07 9.72477974e+02 3.35413503e+03
5.84599788e-07 7.31829610e+02 3.26700647e+03
5.85030818e-07 8.93387133e+02 3.31860889e+03
5.85461848e-07 1.06422847e+03 3.42726629e+03
5.85892879e-07 9.27125063e+02 3.41622241e+03
5.86323909e-07 9.20868629e+02 3.72317463e+03
5.86754939e-07 1.28292077e+03 4.06230395e+03
5.87185970e-07 1.24982762e+03 3.99933595e+03
5.87617000e-07 1.25187614e+03 3.78070686e+03
5.88048030e-07 1.31960037e+03 3.85207157e+03
5.88479061e-07 9.20814709e+02 4.80872473e+03
5.88910091e-07 7.99806151e+02 6.57389241e+03
5.89341121e-07 1.28526966e+03 7.44119014e+03
5.89772152e-07 1.61663360e+03 6.65063186e+03
5.90203182e-07 1.41425766e+03 5.17596318e+03
5.90634212e-07 1.18400897e+03 4.20995073e+03
5.91065242e-07 8.56942021e+02 3.80956686e+03
5.91496273e-07 9.25041047e+02 3.90002989e+03
5.91927303e-07 1.11215393e+03 3.87428909e+03
5.92358333e-07 1.12200575e+03 3.78646393e+03
5.92789364e-07 8.41997473e+02 3.76909883e+03
5.93220394e-07 8.62585535e+02 3.89097622e+03
5.93651424e-07 1.15064762e+03 3.91188399e+03
5.94082455e-07 1.16804307e+03 3.73966463e+03
5.94513485e-07 1.11918895e+03 3.68810001e+03
5.94944515e-07 8.32307866e+02 3.78655342e+03
5.95375545e-07 6.68705613e+02 3.76727832e+03
5.95806576e-07 1.12352249e+03 3.87817479e+03
5.96237606e-07 1.01122611e+03 3.66677780e+03
5.96668636e-07 7.33267305e+02 3.52946185e+03
5.97099667e-07 1.37021169e+03 3.87229555e+03
5.97530697e-07 1.41708642e+03 3.90774455e+03
5.97961727e-07 7.52395657e+02 3.58861061e+03
5.98392758e-07 9.66075286e+02 3.68549040e+03
5.98823788e-07 1.05671477e+03 3.53652970e+03
5.99254818e-07 8.16515221e+02 3.45844674e+03
5.99685848e-07 1.13701215e+03 3.60685114e+03
6.00116879e-07 1.05941995e+03 3.61925253e+03
6.00547909e-07 1.19113350e+03 3.68350789e+03
6.00978939e-07 8.41008371e+02 3.53907018e+03
6.01409970e-07 8.31376934e+02 3.36606070e+03
6.01841000e-07 8.06700005e+02 3.36582246e+03
6.02272030e-07 7.98520014e+02 3.33771260e+03
6.02703061e-07 9.48018580e+02 3.40522370e+03
6.03134091e-07 1.17142333e+03 3.62260571e+03
6.03565121e-07 1.09142185e+03 3.54312953e+03
6.03996152e-07 1.26292022e+03 3.52701554e+03
6.04427182e-07 1.14654851e+03 3.57961318e+03
6.04858212e-07 1.05522516e+03 3.50441381e+03
6.05289242e-07 1.21182148e+03 3.44720573e+03
6.05720273e-07 9.83606111e+02 3.41583190e+03
6.06151303e-07 1.05188988e+03 3.44697997e+03
6.06582333e-07 9.26122899e+02 3.42573119e+03
6.07013364e-07 1.14009662e+03 3.54702015e+03
6.07444394e-07 1.25288850e+03 3.55223158e+03
6.07875424e-07 1.00635462e+03 3.38014956e+03
6.08306455e-07 1.19781911e+03 3.44347338e+03
6.08737485e-07 1.01440475e+03 3.36568777e+03
6.09168515e-07 1.03880433e+03 3.39943291e+03
6.09599545e-07 1.29121764e+03 3.58254281e+03
6.10030576e-07 1.16181668e+03 3.50901355e+03
6.10461606e-07 7.31303297e+02 3.34867481e+03
6.10892636e-07 1.06566943e+03 3.40093324e+03
6.11323667e-07 1.06630254e+03 3.42309967e+03
6.11754697e-07 9.87386217e+02 3.36386762e+03
6.12185727e-07 1.18901261e+03 3.43812850e+03
6.12616758e-07 1.03318039e+03 3.33218385e+03
6.13047788e-07 7.86553491e+02 3.29853742e+03
6.13478818e-07 1.18485319e+03 3.47808139e+03
6.13909848e-07 1.23063217e+03 3.66562592e+03
6.14340879e-07 1.11150734e+03 3.65205980e+03
6.14771909e-07 9.74504369e+02 3.54332504e+03
6.15202939e-07 9.72229297e+02 3.47872279e+03
6.15633970e-07 1.20387660e+03 3.54503863e+03
6.16065000e-07 7.52770697e+02 3.32105193e+03
6.16496030e-07 7.69990398e+02 3.29673712e+03
6.16927061e-07 9.77932659e+02 3.52315294e+03
6.17358091e-07 1.17968091e+03 3.63557052e+03
6.17789121e-07 9.83796481e+02 3.53768162e+03
6.18220152e-07 1.23753443e+03 3.52540496e+03
6.18651182e-07 1.24293062e+03 3.54581918e+03
6.19082212e-07 1.04790874e+03 3.39663213e+03
6.19513242e-07 1.13981895e+03 3.47117614e+03
6.19944273e-07 1.05975813e+03 3.58541392e+03
6.20375303e-07 1.10923673e+03 3.61056817e+03
6.20806333e-07 1.18113597e+03 3.60777236e+03
6.21237364e-07 1.22179191e+03 3.64288843e+03
6.21668394e-07 1.14649819e+03 3.67414875e+03
6.22099424e-07 1.19480870e+03 3.70258068e+03
6.22530455e-07 1.55845738e+03 3.82335241e+03
6.22961485e-07 1.29837671e+03 3.90736357e+03
6.23392515e-07 1.33111765e+03 4.57143105e+03
6.23823545e-07 1.01466409e+03 4.58677039e+03
6.24254576e-07 1.03434156e+03 4.28525319e+03
6.24685606e-07 8.15553703e+02 3.80656843e+03
6.25116636e-07 8.29005371e+02 3.71301873e+03
6.25547667e-07 1.45879961e+03 4.38448426e+03
6.25978697e-07 1.59087433e+03 4.57485288e+03
6.26409727e-07 1.25170816e+03 4.28102450e+03
6.26840758e-07 1.26255349e+03 4.02027258e+03
6.27271788e-07 9.54738168e+02 3.70733745e+03
6.27702818e-07 8.53058453e+02 3.52342812e+03
6.28133848e-07 9.35829240e+02 3.67336648e+03
6.28564879e-07 9.80046176e+02 3.94745110e+03
6.28995909e-07 6.38159769e+02 4.06013930e+03
6.29426939e-07 6.56786823e+02 6.56149427e+03
6.29857970e-07 4.98488334e+02 1.14906084e+04
6.30289000e-07 1.62752520e+03 1.26003172e+04
6.30720030e-07 1.23620013e+03 8.73355155e+03
6.31151061e-07 8.62319262e+02 5.38829096e+03
6.31582091e-07 7.08960847e+02 3.82941804e+03
6.32013121e-07 1.09475119e+03 3.69721465e+03
6.32444152e-07 7.23309133e+02 3.79547782e+03
6.32875182e-07 9.76405228e+02 4.14611349e+03
6.33306212e-07 1.07860278e+03 4.00871618e+03
6.33737242e-07 8.67588425e+02 3.63094688e+03
6.34168273e-07 9.12999380e+02 3.42997775e+03
6.34599303e-07 8.22846709e+02 3.45428386e+03
6.35030333e-07 9.14483131e+02 3.67762723e+03
6.35461364e-07 1.60388821e+03 4.26177921e+03
6.35892394e-07 1.09058050e+03 5.34694209e+03
6.36323424e-07 1.37439589e+03 6.75851430e+03
6.36754455e-07 1.13090599e+03 5.97171323e+03
6.37185485e-07 5.29787173e+02 4.30906086e+03
6.37616515e-07 8.97832859e+02 3.75129205e+03
6.38047545e-07 1.15703778e+03 3.74575225e+03
6.38478576e-07 9.98056254e+02 3.72165561e+03
6.38909606e-07 8.87873090e+02 3.70583634e+03
6.39340636e-07 1.07512980e+03 3.55205754e+03
6.39771667e-07 1.13402956e+03 3.43614123e+03
6.40202697e-07 7.49663903e+02 3.28128330e+03
6.40633727e-07 7.98207956e+02 3.28299199e+03
6.41064758e-07 9.97311827e+02 3.47155634e+03
6.41495788e-07 1.25374338e+03 3.50005451e+03
6.41926818e-07 1.14517160e+03 3.55729363e+03
6.42357848e-07 6.90694208e+02 3.40858163e+03
6.42788879e-07 9.44549947e+02 3.39034505e+03
6.43219909e-07 9.69381842e+02 3.34137123e+03
6.43650939e-07 1.16788437e+03 3.49315856e+03
6.44081970e-07 1.09442678e+03 3.44841350e+03
6.44513000e-07 9.07306354e+02 3.48748720e+03
6.44944030e-07 1.22679113e+03 3.57640623e+03
6.45375061e-07 1.23011978e+03 3.65840066e+03
6.45806091e-07 7.68534964e+02 3.61480659e+03
6.46237121e-07 1.25636199e+03 4.09261642e+03
6.46668152e-07 1.61156410e+03 4.60134602e+03
6.47099182e-07 9.58895606e+02 4.29974603e+03
6.47530212e-07 9.64129418e+02 3.94773224e+03
6.47961242e-07 8.95079326e+02 3.57190007e+03
6.48392273e-07 1.05966122e+03 3.44223373e+03
6.48823303e-07 1.09875133e+03 3.40967853e+03
6.49254333e-07 1.47539968e+03 3.86570009e+03
6.49685364e-07 1.58617260e+03 4.57243000e+03
6.50116394e-07 1.62510271e+03 4.88754012e+03
6.50547424e-07 1.16562434e+03 4.38205357e+03
6.50978455e-07 1.24458872e+03 3.89324067e+03
6.51409485e-07 9.06991077e+02 3.53114772e+03
6.51840515e-07 1.04885776e+03 3.54182464e+03
6.52271545e-07 1.06527393e+03 3.66320072e+03
6.52702576e-07 1.28692699e+03 3.93135276e+03
6.53133606e-07 1.36923047e+03 4.37848282e+03
6.53564636e-07 1.27666205e+03 4.30630293e+03
6.53995667e-07 1.48889121e+03 4.22913253e+03
6.54426697e-07 1.14871564e+03 4.03129524e+03
6.54857727e-07 1.64141291e+03 4.32890022e+03
6.55288758e-07 5.35940087e+02 4.28789504e+03
6.55719788e-07 1.34746123e+03 4.38622176e+03
6.56150818e-07 1.44455676e+03 4.06853875e+03
6.56581848e-07 5.86752405e+02 3.59832674e+03
6.57012879e-07 1.30703771e+03 3.93041782e+03
6.57443909e-07 1.41641288e+03 4.23824573e+03
6.57874939e-07 1.45958631e+03 4.44650966e+03
6.58305970e-07 1.16783983e+03 3.94870404e+03
6.58737000e-07 1.11541729e+03 3.64332948e+03
6.59168030e-07 1.02506282e+03 3.62799945e+03
6.59599061e-07 1.27059217e+03 3.70783023e+03
6.60030091e-07 1.07771840e+03 3.81899610e+03
6.60461121e-07 1.26027680e+03 3.96097323e+03
6.60892152e-07 1.00434192e+03 3.63164781e+03
6.61323182e-07 1.35594216e+03 3.56422667e+03
6.61754212e-07 1.35656651e+03 3.43534729e+03
6.62185242e-07 1.24849349e+03 3.43691879e+03
6.62616273e-07 1.04785980e+03 3.51421465e+03
6.63047303e-07 1.34926800e+03 3.65315521e+03
6.63478333e-07 1.58056662e+03 3.75208731e+03
6.63909364e-07 1.41330069e+03 3.60518081e+03
6.64340394e-07 1.10434409e+03 3.42738515e+03
6.64771424e-07 9.60131397e+02 3.34083145e+03
6.65202455e-07 7.09322031e+02 3.26624774e+03
6.65633485e-07 8.84992810e+02 3.38536823e+03
6.66064515e-07 1.10887367e+03 3.49057738e+03
6.66495545e-07 1.55902962e+03 3.69160999e+03
6.66926576e-07 1.11742543e+03 3.51343557e+03
6.67357606e-07 1.51716841e+03 3.56580558e+03
6.67788636e-07 9.21033988e+02 3.33586855e+03
6.68219667e-07 1.03321313e+03 3.45150019e+03
6.68650697e-07 1.20656212e+03 3.38910792e+03
6.69081727e-07 9.32324957e+02 3.30656274e+03
6.69512758e-07 1.12668949e+03 3.43257738e+03
6.69943788e-07 6.39872964e+02 3.26262244e+03
6.70374818e-07 8.33548038e+02 3.38688507e+03
6.70805848e-07 1.44860013e+03 3.52016809e+03
6.71236879e-07 1.49233752e+03 3.59077042e+03
6.71667909e-07 8.98747318e+02 3.37032583e+03
6.72098939e-07 1.39050188e+03 3.50011208e+03
6.72529970e-07 9.82894524e+02 3.40747858e+03
6.72961000e-07 9.17368617e+02 3.28100770e+03
6.73392030e-07 9.99550698e+02 3.40106597e+03
6.73823061e-07 1.06286989e+03 3.42851602e+03
6.74254091e-07 1.02274671e+03 3.44384118e+03
6.74685121e-07 1.04141809e+03 3.49303938e+03
6.75116152e-07 1.13605892e+03 3.43687676e+03
6.75547182e-07 1.35928149e+03 3.47529835e+03
6.75978212e-07 1.41375960e+03 3.49390538e+03
6.76409242e-07 1.24544424e+03 3.45166265e+03
6.76840273e-07 1.22478929e+03 3.34921065e+03
6.77271303e-07 1.21237991e+03 3.38647688e+03
6.77702333e-07 8.92951806e+02 3.29568812e+03
6.78133364e-07 1.23053086e+03 3.44031228e+03
6.78564394e-07 1.56546776e+03 3.61359497e+03
6.78995424e-07 1.44580547e+03 3.51645438e+03
6.79426455e-07 1.17798185e+03 3.47251838e+03
6.79857485e-07 1.31007510e+03 3.41928349e+03
6.80288515e-07 1.35041736e+03 3.41469671e+03
6.80719545e-07 1.08047537e+03 3.41742109e+03
6.81150576e-07 1.18561160e+03 3.42334789e+03
6.81581606e-07 1.45377374e+03 3.50083304e+03
6.82012636e-07 9.67580739e+02 3.50285054e+03
6.82443667e-07 8.95536004e+02 4.51600804e+03
6.82874697e-07 1.27957452e+03 5.98290917e+03
6.83305727e-07 5.60684654e+02 6.19706243e+03
6.83736758e-07 9.84672150e+02 5.47989774e+03
6.84167788e-07 9.44760835e+02 4.47170179e+03
6.84598818e-07 1.07826793e+03 3.81353709e+03
6.85029848e-07 1.00621240e+03 3.50068972e+03
6.85460879e-07 1.26674295e+03 3.69694192e+03
6.85891909e-07 1.73870363e+03 5.08841717e+03
6.86322939e-07 1.03936711e+03 6.10501829e+03
6.86753970e-07 7.52266917e+02 5.54136217e+03
6.87185000e-07 7.25761170e+02 4.12056940e+03
6.87616030e-07 7.53671094e+02 3.42404901e+03
6.88047061e-07 7.66875390e+02 3.46019308e+03
6.88478091e-07 1.08053322e+03 3.74891243e+03
6.88909121e-07 1.07054795e+03 3.92909074e+03
6.89340152e-07 1.08470031e+03 3.77187522e+03
6.89771182e-07 7.45274379e+02 3.64524672e+03
6.90202212e-07 6.39347238e+02 3.66457976e+03
6.90633242e-07 9.22416825e+02 3.79781208e+03
6.91064273e-07 1.20872815e+03 4.13668096e+03
6.91495303e-07 1.30287144e+03 4.31563855e+03
6.91926333e-07 1.45596537e+03 4.86211344e+03
6.92357364e-07 1.42770331e+03 5.04602585e+03
6.92788394e-07 1.01986449e+03 4.33808059e+03
6.93219424e-07 1.18829022e+03 3.84673784e+03
6.93650455e-07 1.19067020e+03 3.78752027e+03
6.94081485e-07 1.05157398e+03 3.89923500e+03
6.94512515e-07 1.11002467e+03 4.58538687e+03
6.94943545e-07 1.33966361e+03 4.83302266e+03
6.95374576e-07 8.42087124e+02 4.13212966e+03
6.95805606e-07 8.12759394e+02 3.63134592e+03
6.96236636e-07 9.66309803e+02 3.54739301e+03
6.96667667e-07 6.85538529e+02 3.66488294e+03
6.97098697e-07 1.36917470e+03 4.17249789e+03
6.97529727e-07 8.09385538e+02 4.44925578e+03
6.97960758e-07 6.91049357e+02 4.39481006e+03
6.98391788e-07 8.57575475e+02 3.95940818e+03
6.98822818e-07 7.95826496e+02 3.46705281e+03
6.99253848e-07 7.54706552e+02 3.21378113e+03
6.99684879e-07 7.10569109e+02 3.24063096e+03
7.00115909e-07 7.92075571e+02 3.45853461e+03
7.00546939e-07 7.75786812e+02 3.60914586e+03
7.00977970e-07 6.92614789e+02 3.69570217e+03
7.01409000e-07 1.12900020e+03 3.66858528e+03
7.01840030e-07 1.11437452e+03 3.38468545e+03
7.02271061e-07 8.50838266e+02 3.16132414e+03
7.02702091e-07 7.94851123e+02 3.14587434e+03
7.03133121e-07 5.50045053e+02 3.15134870e+03
7.03564152e-07 9.16162963e+02 3.32447685e+03
7.03995182e-07 6.89405961e+02 3.37418200e+03
7.04426212e-07 6.01668370e+02 3.57736413e+03
7.04857242e-07 1.00292684e+03 3.85700435e+03
7.05288273e-07 1.25033668e+03 3.83543789e+03
7.05719303e-07 1.19573373e+03 3.64157181e+03
7.06150333e-07 1.08973451e+03 3.53199722e+03
7.06581364e-07 9.16370232e+02 3.46547408e+03
7.07012394e-07 8.83042102e+02 3.49594863e+03
7.07443424e-07 1.19513753e+03 3.54877508e+03
7.07874455e-07 8.27110884e+02 3.41708154e+03
7.08305485e-07 9.91155775e+02 3.62891595e+03
7.08736515e-07 1.35561055e+03 3.82974427e+03
7.09167545e-07 1.13199303e+03 3.60060030e+03
7.09598576e-07 8.49264425e+02 3.41475455e+03
7.10029606e-07 1.22253548e+03 3.40955723e+03
7.10460636e-07 1.28420640e+03 3.41164245e+03
7.10891667e-07 9.56734409e+02 3.28911823e+03
7.11322697e-07 1.02328736e+03 3.39013689e+03
7.11753727e-07 1.27535978e+03 3.45854458e+03
7.12184758e-07 8.03919804e+02 3.26432371e+03
7.12615788e-07 8.42562524e+02 3.31788361e+03
7.13046818e-07 1.00637196e+03 3.39131967e+03
7.13477848e-07 1.21573228e+03 3.52749532e+03
7.13908879e-07 1.19360592e+03 3.47642721e+03
7.14339909e-07 9.24040742e+02 3.47059736e+03
7.14770939e-07 1.00118322e+03 3.50498737e+03
7.15201970e-07 1.01187536e+03 3.36324966e+03
7.15633000e-07 5.21928467e+02 3.13147117e+03
7.16064030e-07 6.18085219e+02 3.16597787e+03
7.16495061e-07 5.82289410e+02 3.15556386e+03
7.16926091e-07 8.70237056e+02 2.99495496e+03
7.17357121e-07 6.17224609e+02 2.90585904e+03
7.17788152e-07 7.06331684e+02 2.89197659e+03
7.18219182e-07 8.74491228e+02 2.90188706e+03
7.18650212e-07 6.05248601e+02 2.64702285e+03
7.19081242e-07 5.57465926e+02 2.53615989e+03
7.19512273e-07 6.00022353e+02 2.53012926e+03
7.19943303e-07 7.50485746e+02 2.60557712e+03
7.20374333e-07 7.10040853e+02 2.60590068e+03
7.20805364e-07 7.66374276e+02 2.68061499e+03
7.21236394e-07 9.48137595e+02 2.88530269e+03
7.21667424e-07 5.72372681e+02 2.80957011e+03
7.22098455e-07 3.26149312e+02 2.82358052e+03
7.22529485e-07 8.56407411e+02 3.01876328e+03
7.22960515e-07 7.52112679e+02 3.01184821e+03
7.23391545e-07 6.52621867e+02 4.09728653e+03
7.23822576e-07 3.91921691e+02 6.42889011e+03
7.24684636e-07 5.39149346e+02 7.28421777e+03
7.25115667e-07 1.77464691e+02 5.06734776e+03
7.25546697e-07 4.16547180e+02 3.74399788e+03
7.25977727e-07 2.78015042e+02 2.98028275e+03
7.26408758e-07 2.51454885e+02 2.89729191e+03
7.26839788e-07 3.74832076e+02 3.59607363e+03
7.28132879e-07 1.25977229e+02 6.70421796e+03
7.28563909e-07 4.15134802e+02 5.70642717e+03
7.28994939e-07 2.49187914e+02 4.38993748e+03
7.29425970e-07 4.69795093e+02 3.72404196e+03
7.29857000e-07 5.01005699e+02 3.86776140e+03
7.30288030e-07 3.61339237e+02 3.95582357e+03
7.30719061e-07 4.00882658e+02 4.18181205e+03
7.31150091e-07 2.88746431e+02 5.45075588e+03
7.31581121e-07 5.39663746e+02 6.93147327e+03
7.32012152e-07 4.52789999e+02 6.25992549e+03
7.32443182e-07 4.14533717e+02 5.12817154e+03
7.32874212e-07 2.40385289e+02 4.73764032e+03
7.33305242e-07 3.92454566e+02 5.17944520e+03
7.33736273e-07 1.21384504e+03 7.23174465e+03
7.34167303e-07 1.03361550e+03 8.22474628e+03
7.34598333e-07 7.68842433e+02 6.54041179e+03
7.35029364e-07 1.59795656e+03 4.71120611e+03
7.35460394e-07 2.18097637e+03 4.92592935e+03
7.35891424e-07 1.47962077e+03 5.17160449e+03
7.36322455e-07 4.09618882e+02 5.32409102e+03
7.36753485e-07 5.91632203e+02 6.07652381e+03
7.37184515e-07 7.11952901e+02 6.02548567e+03
7.37615545e-07 1.23219736e+03 4.88204338e+03
7.38046576e-07 2.22101031e+02 3.38011122e+03
7.38477606e-07 7.57668394e+02 3.54548305e+03
7.38908636e-07 2.50761487e+02 3.80218574e+03
7.39339667e-07 4.99247879e+02 4.53777669e+03
7.39770697e-07 6.80918526e+01 5.00742079e+03
7.40201727e-07 9.74647559e+02 5.80291184e+03
7.40632758e-07 7.24033083e+02 4.95173557e+03
7.41063788e-07 5.71855027e+02 3.70823151e+03
7.41494818e-07 1.19452365e+03 3.46530915e+03
7.41925848e-07 1.09537450e+03 3.40105758e+03
7.42356879e-07 1.01039514e+03 3.48526565e+03
7.42787909e-07 7.47028428e+02 3.76741536e+03
7.43218939e-07 7.71963989e+02 4.17923844e+03
7.43649970e-07 8.98595117e+02 4.68804885e+03
7.44081000e-07 8.55915639e+02 4.46180601e+03
7.44512030e-07 7.38212787e+02 3.78582759e+03
7.44943061e-07 7.86464707e+02 3.30167805e+03
7.45374091e-07 7.68653261e+02 3.16098538e+03
7.45805121e-07 9.85195650e+02 3.48612230e+03
7.46236152e-07 6.16212189e+02 3.86615926e+03
7.46667182e-07 5.51550206e+02 4.37642544e+03
7.47098212e-07 7.59431468e+02 5.24623015e+03
7.47529242e-07 7.63511460e+02 5.44971738e+03
7.47960273e-07 1.37017127e+02 5.52728890e+03
7.48391303e-07 5.70707308e+02 5.40626511e+03
7.48822333e-07 1.81572191e+02 4.44824294e+03
7.49253364e-07 9.33608839e+02 4.01398895e+03
7.49684394e-07 7.73793575e+02 3.64002471e+03
7.50115424e-07 4.57074629e+02 3.34705325e+03
7.50546455e-07 8.30251443e+02 3.29021726e+03
7.50977485e-07 1.10801811e+03 3.52190231e+03
7.51408515e-07 7.98708265e+02 3.66475033e+03
7.51839545e-07 9.10183267e+02 5.23815682e+03
7.52270576e-07 8.64429024e+02 7.21900376e+03
7.52701606e-07 1.31945825e+03 7.75561880e+03
7.53132636e-07 1.39472418e+03 6.14293546e+03
7.53563667e-07 6.09241854e+02 4.40969816e+03
7.53994697e-07 1.17503517e+03 4.09774362e+03
7.54425727e-07 1.33061162e+03 3.78740886e+03
7.54856758e-07 9.44877301e+02 3.65760495e+03
7.55287788e-07 8.46152788e+02 3.87220315e+03
7.55718818e-07 7.63981858e+02 4.10367233e+03
7.56149848e-07 1.04273977e+03 4.28122364e+03
7.56580879e-07 1.07930078e+03 4.83791183e+03
7.57011909e-07 7.66596003e+02 6.12316561e+03
7.57442939e-07 9.66083467e+02 6.16957669e+03
7.57873970e-07 7.85613603e+02 4.71968965e+03
7.58305000e-07 8.01928434e+02 4.30909030e+03
7.58736030e-07 8.45620352e+02 4.24918710e+03
7.59167061e-07 1.09303995e+03 4.00550279e+03
7.59598091e-07 1.89511653e+02 3.17921059e+03
7.60029121e-07 2.29844622e+02 2.86483092e+03
7.60460152e-07 3.23116961e+02 2.38280289e+03
7.60891182e-07 3.59759203e+02 2.14095662e+03
7.61322212e-07 7.05938979e+02 2.87006133e+03
7.61753242e-07 5.81967674e+02 3.41861579e+03
7.62184273e-07 6.27997662e+02 3.58988538e+03
7.62615303e-07 5.68273368e+02 3.50918602e+03
7.63046333e-07 3.76596812e+02 3.36455291e+03
7.63477364e-07 3.08466238e+02 2.90327447e+03
7.63908394e-07 5.78937010e+02 2.70531268e+03
7.64339424e-07 2.08999952e+02 2.55375136e+03
7.64770455e-07 1.51772846e+02 2.66172100e+03
7.65201485e-07 6.31157710e+02 3.20592235e+03
7.65632515e-07 4.76438426e+02 3.39565667e+03
7.66063545e-07 9.34186410e+02 4.01360438e+03
7.66494576e-07 8.04196902e+02 3.95213298e+03
7.66925606e-07 9.82161233e+02 3.44937071e+03
7.67356636e-07 5.84283395e+02 3.27803129e+03
7.67787667e-07 7.00029732e+02 3.31771271e+03
7.68218697e-07 1.06301030e+03 3.57819119e+03
7.68649727e-07 9.80769982e+02 3.70921002e+03
7.69080758e-07 4.30768168e+02 3.65519136e+03
7.69511788e-07 1.24848211e+03 4.14929987e+03
7.69942818e-07 1.00435941e+03 4.11336555e+03
7.70373848e-07 9.80695339e+02 4.25523023e+03
7.71666939e-07 1.09731476e+03 1.27679209e+04
7.72097970e-07 9.89007229e+01 9.32711623e+03
7.72529000e-07 3.00442652e+02 6.20779037e+03
7.72960030e-07 8.04142642e+02 5.07272476e+03
7.73391061e-07 4.02783895e+02 4.12152134e+03
7.73822091e-07 5.34172119e+02 3.85751283e+03
7.74253121e-07 7.15326284e+02 4.72717732e+03
7.75546212e-07 6.26427140e+02 9.77327087e+03
7.75977242e-07 6.93428890e+02 7.02922005e+03
7.76408273e-07 5.47561209e+02 5.39704197e+03
7.76839303e-07 4.45953787e+02 4.75009773e+03
7.77270333e-07 4.35952635e+02 5.57520586e+03
7.77701364e-07 3.36535467e+02 5.86403809e+03
7.78132394e-07 2.24632932e+02 5.44898767e+03
7.78563424e-07 5.52338234e+02 5.25794726e+03
7.78994455e-07 3.61046241e+02 6.99843445e+03
7.79425485e-07 2.88892842e+02 8.86378583e+03
7.79856515e-07 4.44027187e+02 7.28896162e+03
7.80287545e-07 7.19547374e+02 5.30145439e+03
7.80718576e-07 3.04750633e+02 5.52961503e+03
7.81149606e-07 6.03468407e+02 5.81917026e+03
7.81580636e-07 3.56313815e+02 6.84833477e+03
7.82442697e-07 6.18224405e+02 9.62783552e+03
7.82873727e-07 1.18951970e+03 6.02407144e+03
7.83304758e-07 7.31126145e+02 4.19245556e+03
7.83735788e-07 3.49372861e+02 4.64215991e+03
7.84166818e-07 8.83089579e+02 5.72012296e+03
7.84597848e-07 6.55673706e+01 6.55355767e+03
7.85459909e-07 1.07451589e+02 1.24704772e+04
7.85890939e-07 1.49613998e+03 1.10402968e+04
7.86321970e-07 1.11708265e+03 8.34621792e+03
7.86753000e-07 5.95850693e+02 8.13483490e+03
7.87615061e-07 1.17209663e+03 7.54262960e+03
7.88046091e-07 5.54230210e+01 6.52823213e+03
7.88477121e-07 4.19030636e+02 6.95963705e+03
7.88908152e-07 4.47065113e+02 7.45414181e+03
7.89339182e-07 5.73529777e+02 6.47824836e+03
7.89770212e-07 3.93104869e+02 4.48103067e+03
7.90201242e-07 3.87779244e+02 3.62788200e+03
7.90632273e-07 3.56567770e+02 5.39966289e+03
7.91925364e-07 7.28931770e+02 1.22624519e+04
7.92356394e-07 2.49344937e+03 9.09656240e+03
7.92787424e-07 1.46767045e+03 7.00919535e+03
7.93218455e-07 6.45974688e+02 6.05705781e+03
7.93649485e-07 9.11586055e+02 4.97075808e+03
7.94080515e-07 4.11030690e+02 3.97477013e+03
7.95373606e-07 4.90594547e+02 4.64501773e+03
7.96235667e-07 4.18481554e+03 7.13337010e+03
7.96666697e-07 2.00013322e+04 1.00671993e+04
7.97959788e-07 3.29239510e+02 2.36270354e-01
7.98390818e-07 1.11710246e+02 1.75418216e-02
7.98821848e-07 5.13088382e+01 1.62906549e-02
