1.48520000e-01
3.60033000e-07 4.71310264e+01 7.22804437e+02
3.60895061e-07 1.44209454e+02 9.89723206e+03
3.61326091e-07 2.06686372e+02 4.59918150e+04
3.62188152e-07 1.84788331e+02 5.00839613e+03
3.62619182e-07 4.01961320e+02 6.92259635e+03
3.63050212e-07 1.64257827e+02 3.24287439e+03
3.63481242e-07 7.69456459e+01 4.17454580e+03
3.63912273e-07 2.33523415e+02 6.31017064e+03
3.64343303e-07 1.46861264e+02 3.18102265e+03
3.64774333e-07 2.49637268e+02 6.31676013e+03
3.65205364e-07 7.33223586e+01 1.00004538e+03
3.65636394e-07 3.58443387e+02 6.92417772e+03
3.66067424e-07 3.08534989e+02 4.20079019e+03
3.66498455e-07 8.62380268e+01 2.14869681e+03
3.66929485e-07 2.24723328e+02 3.38143944e+03
3.67360515e-07 7.62729984e+01 1.81479761e+03
3.67791545e-07 1.05900606e+02 1.67157095e+03
3.68222576e-07 1.81933770e+02 1.23251485e+03
3.68653606e-07 1.51013464e+02 4.27908771e+03
3.69084636e-07 9.56866492e+01 1.43992270e+03
3.69515667e-07 1.04829343e+02 1.40922712e+03
3.69946697e-07 1.27933042e+02 2.61659083e+03
3.70377727e-07 1.45592876e+02 2.28558864e+03
3.70808758e-07 3.54053313e+02 3.78557452e+03
3.71239788e-07 1.76539158e+02 1.56387741e+03
3.71670818e-07 2.57349176e+02 1.76364214e+03
3.72101848e-07 5.34770270e+01 1.95669759e+03
3.72532879e-07 3.56265714e+02 2.44525903e+03
3.72963909e-07 4.01410505e+02 3.33112798e+03
3.73394939e-07 1.93886177e+02 1.77277811e+03
3.73825970e-07 1.24602154e+02 1.50530740e+03
3.74257000e-07 3.27614371e+02 1.99470163e+03
3.74688030e-07 1.10149222e+02 2.35013655e+03
3.75119061e-07 4.48800192e+02 3.36642238e+03
3.75550091e-07 4.08416644e+02 2.75975435e+03
3.75981121e-07 2.45382314e+02 1.85288491e+03
3.76412152e-07 1.01677689e+02 2.00043765e+03
3.76843182e-07 6.56613610e+01 1.68505104e+03
3.77274212e-07 2.68900430e+02 1.76276043e+03
3.77705242e-07 2.83974185e+02 2.36216404e+03
3.78136273e-07 3.58497620e+01 1.72915512e+03
3.78567303e-07 1.26495598e+02 1.67984901e+03
3.78998333e-07 2.65040658e+02 1.87085351e+03
3.79429364e-07 3.36074144e+02 2.27376422e+03
3.79860394e-07 2.31717632e+02 1.78576832e+03
3.80291424e-07 1.21448329e+02 1.98790748e+03
3.80722455e-07 1.86057306e+02 1.56587519e+03
3.81153485e-07 3.12444823e+02 1.87984849e+03
3.81584515e-07 2.55332714e+02 1.62183521e+03
3.82015545e-07 2.28318375e+02 1.77963119e+03
3.82446576e-07 8.17702745e+01 1.49759898e+03
3.82877606e-07 2.64819995e+02 1.94932970e+03
3.83308636e-07 1.86270483e+02 1.78896143e+03
3.83739667e-07 2.66653114e+02 2.25746463e+03
3.84170697e-07 2.09043682e+02 2.03503734e+03
3.84601727e-07 3.40745603e+02 2.00001719e+03
3.85032758e-07 2.16284657e+02 1.82266551e+03
3.85463788e-07 1.55358546e+02 2.07516892e+03
3.85894818e-07 3.36839042e+01 2.01401449e+03
3.86325848e-07 1.00278847e+02 1.93345727e+03
3.86756879e-07 1.06669968e+02 1.46289249e+03
3.87187909e-07 2.60559288e+02 1.70428699e+03
3.87618939e-07 2.14652881e+02 1.75486066e+03
3.88049970e-07 1.51436197e+02 1.63050924e+03
3.88481000e-07 1.81236525e+02 1.55539827e+03
3.88912030e-07 1.51078617e+02 1.90152129e+03
3.89343061e-07 2.66199211e+00 1.57863430e+03
3.89774091e-07 3.00486197e+02 1.93852065e+03
3.90205121e-07 3.30657202e+02 1.96827694e+03
3.90636152e-07 2.78862088e+02 2.10684444e+03
3.91067182e-07 2.23504831e+02 1.93701537e+03
3.91498212e-07 2.84040841e+02 2.02441818e+03
3.91929242e-07 2.92312035e+02 2.08238721e+03
3.92360273e-07 2.52525842e+02 1.99542093e+03
3.92791303e-07 1.71190731e+02 1.68766821e+03
3.93222333e-07 6.84282517e+01 1.64828308e+03
3.93653364e-07 3.12683673e+02 2.02705624e+03
3.94084394e-07 4.61100021e+02 2.06196484e+03
3.94515424e-07 3.50179612e+02 1.96851499e+03
3.94946455e-07 2.65203974e+02 2.07359028e+03
3.95377485e-07 2.56611601e+02 1.95339314e+03
3.95808515e-07 2.09735966e+02 1.92703929e+03
3.96239545e-07 8.93833616e+01 1.72139959e+03
3.96670576e-07 1.22927890e+02 1.72165256e+03
3.97101606e-07 2.51766323e+02 1.78658849e+03
3.97532636e-07 2.26907116e+02 1.86399510e+03
3.97963667e-07 1.79753940e+02 1.94018495e+03
3.98394697e-07 3.70286473e+02 2.09973423e+03
3.98825727e-07 2.41133561e+02 2.02155918e+03
3.99256758e-07 2.63792728e+02 2.10725859e+03
3.99687788e-07 2.20588655e+02 1.90629346e+03
4.00118818e-07 1.07501775e+02 1.83639274e+03
4.00549848e-07 2.80180462e+02 2.16219470e+03
4.00980879e-07 1.63794386e+02 2.13371364e+03
4.01411909e-07 3.15097734e+02 2.42244418e+03
4.01842939e-07 2.93394505e+02 2.27236088e+03
4.02273970e-07 2.92052191e+02 2.23988772e+03
4.02705000e-07 3.06865406e+02 2.21725444e+03
4.03136030e-07 2.52482633e+02 2.17368954e+03
4.03567061e-07 1.71051369e+02 2.14807365e+03
4.03998091e-07 2.93645313e+02 2.30655480e+03
4.04429121e-07 4.00080863e+02 2.34713697e+03
4.04860152e-07 3.35359866e+02 2.32334223e+03
4.05291182e-07 2.75653652e+02 2.25275133e+03
4.05722212e-07 2.37328833e+02 2.26024297e+03
4.06153242e-07 1.98987179e+02 2.22370333e+03
4.06584273e-07 5.05568168e+02 2.32238258e+03
4.07015303e-07 2.95601046e+02 2.23566341e+03
4.07446333e-07 3.36962898e+02 2.20804750e+03
4.07877364e-07 4.42480341e+02 2.35573978e+03
4.08308394e-07 3.22439085e+02 2.34464791e+03
4.08739424e-07 1.77840353e+02 2.16681653e+03
4.09170455e-07 1.58896213e+02 2.09280328e+03
4.09601485e-07 2.35355050e+02 2.10999682e+03
4.10032515e-07 2.35977742e+02 2.30423113e+03
4.10463545e-07 2.31852953e+02 2.15770756e+03
4.10894576e-07 2.42869068e+02 2.23327244e+03
4.11325606e-07 1.93672043e+02 2.29544911e+03
4.11756636e-07 1.06135147e+02 2.03261845e+03
4.12187667e-07 2.54576558e+02 2.36392250e+03
4.12618697e-07 1.24634234e+02 2.13500821e+03
4.13049727e-07 2.71405746e+02 2.25644340e+03
4.13480758e-07 2.85202986e+02 2.33313101e+03
4.13911788e-07 4.65801704e+02 2.32960303e+03
4.14342818e-07 4.50565792e+02 2.51397256e+03
4.14773848e-07 3.83052033e+02 2.42627924e+03
4.15204879e-07 3.40494094e+02 2.45337572e+03
4.15635909e-07 4.17140551e+02 2.55315391e+03
4.16066939e-07 1.76455277e+02 2.30551908e+03
4.16497970e-07 2.21886794e+02 2.59525501e+03
4.16929000e-07 1.00180991e+02 2.39614281e+03
4.17360030e-07 4.25957383e+02 2.52170424e+03
4.17791061e-07 4.77080083e+02 2.52215495e+03
4.18222091e-07 3.29703345e+02 2.40755813e+03
4.18653121e-07 5.73525985e+02 2.60215318e+03
4.19084152e-07 5.45718457e+02 2.55021607e+03
4.19515182e-07 4.15682103e+02 2.39495620e+03
4.19946212e-07 2.53029091e+02 2.38097415e+03
4.20377242e-07 3.74843424e+02 2.29634737e+03
4.20808273e-07 4.58547616e+02 2.53202828e+03
4.21239303e-07 3.85741565e+02 2.44599061e+03
4.21670333e-07 5.83172469e+02 2.63837764e+03
4.22101364e-07 4.64905625e+02 2.46882940e+03
4.22532394e-07 3.54896168e+02 2.36095280e+03
4.22963424e-07 4.00039591e+02 2.46688710e+03
4.23394455e-07 4.78773893e+02 2.49547915e+03
4.23825485e-07 4.75383993e+02 2.45135558e+03
4.24256515e-07 6.41794682e+02 2.71147059e+03
4.24687545e-07 4.78947990e+02 2.66091907e+03
4.25118576e-07 7.59325519e+02 2.74824190e+03
4.25549606e-07 3.47275533e+02 2.50835892e+03
4.25980636e-07 3.18760218e+02 2.39485454e+03
4.26411667e-07 5.09609616e+02 2.66342112e+03
4.26842697e-07 4.46911639e+02 2.65919730e+03
4.27273727e-07 6.02033384e+02 2.70723172e+03
4.27704758e-07 3.40042441e+02 2.61115814e+03
4.28135788e-07 5.45552962e+02 2.68698398e+03
4.28566818e-07 6.19587257e+01 2.17235148e+03
4.28997848e-07 3.90909865e+02 2.41020263e+03
4.29428879e-07 1.57805025e+02 2.37780329e+03
4.29859909e-07 3.61053672e+02 2.55448318e+03
4.30290939e-07 3.70409778e+02 2.46683345e+03
4.30721970e-07 5.44445076e+02 2.61663949e+03
4.31153000e-07 4.32829536e+02 2.65442458e+03
4.31584030e-07 5.65186993e+02 2.82666346e+03
4.32015061e-07 6.74107690e+02 2.92163969e+03
4.32446091e-07 4.89433156e+02 2.70615234e+03
4.32877121e-07 6.48727626e+02 2.81872906e+03
4.33308152e-07 7.46279734e+02 2.81322934e+03
4.33739182e-07 5.86912483e+02 2.69677819e+03
4.34170212e-07 5.94495136e+02 2.76599335e+03
4.34601242e-07 4.78637805e+02 2.72164928e+03
4.35032273e-07 5.72940573e+02 2.82263524e+03
4.35463303e-07 4.87763911e+02 2.80096572e+03
4.35894333e-07 5.18596731e+02 2.95695629e+03
4.36325364e-07 4.11507496e+02 2.83348152e+03
4.36756394e-07 3.92554793e+02 2.87826720e+03
4.37187424e-07 5.79005175e+02 2.93326795e+03
4.37618455e-07 5.00586929e+02 2.84357990e+03
4.38049485e-07 6.39021098e+02 2.91169087e+03
4.38480515e-07 5.01197965e+02 2.76305382e+03
4.38911545e-07 3.43679527e+02 2.68256759e+03
4.39342576e-07 3.39451498e+02 2.74958855e+03
4.39773606e-07 4.64168914e+02 2.93131191e+03
4.40204636e-07 4.09529787e+02 2.88766760e+03
4.40635667e-07 3.98498533e+02 2.98663102e+03
4.41066697e-07 5.89866580e+02 3.10943870e+03
4.41497727e-07 6.90234761e+02 3.26860531e+03
4.41928758e-07 4.59121912e+02 3.17656671e+03
4.42359788e-07 2.85612874e+02 3.10508910e+03
4.42790818e-07 3.82669299e+02 3.22759130e+03
4.43221848e-07 3.91841632e+02 3.02751728e+03
4.43652879e-07 6.38793898e+02 3.12888849e+03
4.44083909e-07 4.89943477e+02 2.99661387e+03
4.44514939e-07 5.16705657e+02 3.13675108e+03
4.44945970e-07 4.53900354e+02 2.95083482e+03
4.45377000e-07 6.14816839e+02 3.18166470e+03
4.45808030e-07 4.03029841e+02 2.90636107e+03
4.46239061e-07 3.37283480e+02 2.86942496e+03
4.46670091e-07 5.07936472e+02 3.11183268e+03
4.47101121e-07 6.12887097e+02 3.11984716e+03
4.47532152e-07 7.27876716e+02 3.27356875e+03
4.47963182e-07 6.33108327e+02 3.22473912e+03
4.48394212e-07 7.33789246e+02 3.16583260e+03
4.48825242e-07 7.10392908e+02 3.29119480e+03
4.49256273e-07 9.22463473e+02 3.42301598e+03
4.49687303e-07 8.55399540e+02 3.43499013e+03
4.50118333e-07 7.25525221e+02 3.35387565e+03
4.50549364e-07 7.17764285e+02 3.35298192e+03
4.50980394e-07 5.39358778e+02 3.32236734e+03
4.51411424e-07 3.34715999e+02 3.23362640e+03
4.51842455e-07 3.71408013e+02 3.15943384e+03
4.52273485e-07 2.72880157e+02 3.16790594e+03
4.52704515e-07 6.78816456e+02 3.43429872e+03
4.53135545e-07 5.37808949e+02 3.35781278e+03
4.53566576e-07 5.84472845e+02 3.38644651e+03
4.53997606e-07 7.76073573e+02 3.55884925e+03
4.54428636e-07 7.89576610e+02 3.65265350e+03
4.54859667e-07 7.60703432e+02 3.57555243e+03
4.55290697e-07 6.04958887e+02 3.39779766e+03
4.55721727e-07 5.57784370e+02 3.36870612e+03
4.56152758e-07 6.11631672e+02 3.48924905e+03
4.56583788e-07 6.06036956e+02 3.44795051e+03
4.57014818e-07 9.93768979e+02 3.74497187e+03
4.57445848e-07 1.10005988e+03 3.80990461e+03
4.57876879e-07 8.28709564e+02 3.64938259e+03
4.58307909e-07 9.75751218e+02 3.80532692e+03
4.58738939e-07 1.37053546e+03 4.19960735e+03
4.59169970e-07 9.49897914e+02 3.81008933e+03
4.59601000e-07 9.22411413e+02 3.70429298e+03
4.60032030e-07 1.09383452e+03 3.80828891e+03
4.60463061e-07 9.85888863e+02 3.68652153e+03
4.60894091e-07 9.74243785e+02 3.78988052e+03
4.61325121e-07 9.76855445e+02 3.75717983e+03
4.61756152e-07 1.30135020e+03 4.08929448e+03
4.62187182e-07 1.14056705e+03 3.97699017e+03
4.62618212e-07 1.14285455e+03 4.04751058e+03
4.63049242e-07 1.42875507e+03 4.15360630e+03
4.63480273e-07 1.38307052e+03 4.11217567e+03
4.63911303e-07 1.02574151e+03 3.71734374e+03
4.64342333e-07 1.22571810e+03 3.95020612e+03
4.64773364e-07 1.05514067e+03 3.79027272e+03
4.65204394e-07 1.28262453e+03 4.14047993e+03
4.65635424e-07 1.61253299e+03 4.36136460e+03
4.66066455e-07 1.15726667e+03 4.02332419e+03
4.66497485e-07 9.00105764e+02 3.84131096e+03
4.66928515e-07 9.74792100e+02 3.88482609e+03
4.67359545e-07 1.06423290e+03 4.04107834e+03
4.67790576e-07 1.02161872e+03 3.99264220e+03
4.68221606e-07 1.13163573e+03 4.14299892e+03
4.68652636e-07 1.10643234e+03 4.19368596e+03
4.69083667e-07 1.14669931e+03 4.23867848e+03
4.69514697e-07 1.40973313e+03 4.39116413e+03
4.69945727e-07 1.30359336e+03 4.15922777e+03
4.70376758e-07 1.02896200e+03 3.95895739e+03
4.70807788e-07 1.00144426e+03 4.11225204e+03
4.71238818e-07 1.01371353e+03 4.13066207e+03
4.71669848e-07 1.01670727e+03 3.95468354e+03
4.72100879e-07 1.19427101e+03 4.27245790e+03
4.72531909e-07 1.34265931e+03 4.35803439e+03
4.72962939e-07 1.02274580e+03 4.12100156e+03
4.73393970e-07 9.77083065e+02 3.96299721e+03
4.73825000e-07 8.47922217e+02 3.85143173e+03
4.74256030e-07 1.15082803e+03 4.10144927e+03
4.74687061e-07 1.23445812e+03 4.27803809e+03
4.75118091e-07 9.76748199e+02 4.10613634e+03
4.75549121e-07 1.05990471e+03 4.11589458e+03
4.75980152e-07 1.02943740e+03 4.04175118e+03
4.76411182e-07 1.05647428e+03 4.12151383e+03
4.76842212e-07 1.17655337e+03 4.16115460e+03
4.77273242e-07 1.47908872e+03 4.44096440e+03
4.77704273e-07 1.31157615e+03 4.30639649e+03
4.78135303e-07 8.24696027e+02 4.12191596e+03
4.78566333e-07 1.20112168e+03 4.48656346e+03
4.78997364e-07 1.18963396e+03 4.38916754e+03
4.79428394e-07 1.01095241e+03 4.19820562e+03
4.79859424e-07 1.29380735e+03 4.45591810e+03
4.80290455e-07 1.55443307e+03 4.62996651e+03
4.80721485e-07 1.39757402e+03 4.45460060e+03
4.81152515e-07 1.48643778e+03 4.60999684e+03
4.81583545e-07 1.63193408e+03 4.79510633e+03
4.82014576e-07 1.42629433e+03 4.59304845e+03
4.82445606e-07 1.22646807e+03 4.51212196e+03
4.82876636e-07 1.52096099e+03 4.90858484e+03
4.83307667e-07 1.32502782e+03 4.58688512e+03
4.83738697e-07 1.75607452e+03 4.91544106e+03
4.84169727e-07 1.43836879e+03 4.79587585e+03
4.84600758e-07 8.75597116e+02 4.31302019e+03
4.85031788e-07 1.10026245e+03 4.29108903e+03
4.85462818e-07 9.88960565e+02 4.14316705e+03
4.85893848e-07 1.06675947e+03 4.25910374e+03
4.86324879e-07 1.12798287e+03 4.21109243e+03
4.86755909e-07 1.26946622e+03 4.33897246e+03
4.87186939e-07 1.23003646e+03 4.38474988e+03
4.87617970e-07 1.50041145e+03 4.71021131e+03
4.88049000e-07 1.67730633e+03 4.72326028e+03
4.88480030e-07 1.43569082e+03 4.63453837e+03
4.88911061e-07 9.81388118e+02 4.31343590e+03
4.89342091e-07 1.26180629e+03 4.38404273e+03
4.89773121e-07 1.36324288e+03 4.64700693e+03
4.90204152e-07 1.60501402e+03 4.73714815e+03
4.90635182e-07 1.66788886e+03 4.77653565e+03
4.91066212e-07 7.91774065e+02 4.22870494e+03
4.91497242e-07 1.49619651e+03 4.64030600e+03
4.91928273e-07 1.27185880e+03 4.40536102e+03
4.92359303e-07 1.13011093e+03 4.45504192e+03
4.92790333e-07 1.62583872e+03 4.87056048e+03
4.93221364e-07 1.25328831e+03 4.62090152e+03
4.93652394e-07 1.36832548e+03 4.66987067e+03
4.94083424e-07 1.14959308e+03 4.60713441e+03
4.94514455e-07 1.10710215e+03 4.57770802e+03
4.94945485e-07 6.42913647e+02 4.23526966e+03
4.95376515e-07 1.44868433e+03 4.91453014e+03
4.95807545e-07 1.85999173e+03 5.01676850e+03
4.96238576e-07 1.67596655e+03 5.06457164e+03
4.96669606e-07 1.61276954e+03 5.08030244e+03
4.97100636e-07 1.58874092e+03 5.07133696e+03
4.97531667e-07 1.28180664e+03 4.80817471e+03
4.97962697e-07 1.60439701e+03 4.90868768e+03
4.98393727e-07 1.36500876e+03 4.88424602e+03
4.98824758e-07 1.38967363e+03 4.92129170e+03
4.99255788e-07 1.80934700e+03 5.27498723e+03
4.99686818e-07 1.50168720e+03 4.89388794e+03
5.00117848e-07 1.84541192e+03 5.20888259e+03
5.00548879e-07 1.90437372e+03 5.21319889e+03
5.00979909e-07 1.87324103e+03 5.29182991e+03
5.01410939e-07 1.78267928e+03 5.06581658e+03
5.01841970e-07 1.49991496e+03 4.95820301e+03
5.02273000e-07 1.99561258e+03 5.28455932e+03
5.02704030e-07 1.63780351e+03 4.99414826e+03
5.03135061e-07 1.57505414e+03 5.07683023e+03
5.03566091e-07 1.50235087e+03 4.92631417e+03
5.03997121e-07 1.32207055e+03 4.83962187e+03
5.04428152e-07 1.59243766e+03 4.99768439e+03
5.04859182e-07 1.95501642e+03 5.38253323e+03
5.05290212e-07 2.23949751e+03 5.51424819e+03
5.05721242e-07 1.85871499e+03 5.17460505e+03
5.06152273e-07 1.81608616e+03 5.26879600e+03
5.06583303e-07 1.73990992e+03 5.28393955e+03
5.07014333e-07 1.78028696e+03 5.25792676e+03
5.07445364e-07 1.86868937e+03 5.40391135e+03
5.07876394e-07 2.07144497e+03 5.42639917e+03
5.08307424e-07 2.13101121e+03 5.44443499e+03
5.08738455e-07 2.33427905e+03 5.85230942e+03
5.09169485e-07 2.12336315e+03 5.57783896e+03
5.09600515e-07 2.10035560e+03 5.48081380e+03
5.10031545e-07 2.15515992e+03 5.57297466e+03
5.10462576e-07 1.88959314e+03 5.38701364e+03
5.10893606e-07 2.16919870e+03 5.65378548e+03
5.11324636e-07 2.40923790e+03 5.84171446e+03
5.11755667e-07 2.28166636e+03 5.73247152e+03
5.12186697e-07 2.02272527e+03 5.53576187e+03
5.12617727e-07 2.11945339e+03 5.53784052e+03
5.13048758e-07 2.33557244e+03 5.79146016e+03
5.13479788e-07 2.00776132e+03 5.59489344e+03
5.13910818e-07 2.04611984e+03 5.56337768e+03
5.14341848e-07 2.33952850e+03 5.89772651e+03
5.14772879e-07 2.44493284e+03 5.90652756e+03
5.15203909e-07 2.23092215e+03 5.77543441e+03
5.15634939e-07 2.47318005e+03 6.03415960e+03
5.16065970e-07 2.56969094e+03 6.00815042e+03
5.16497000e-07 2.05103181e+03 5.47174563e+03
5.16928030e-07 2.19818765e+03 5.54379645e+03
5.17359061e-07 2.33844257e+03 5.60106937e+03
5.17790091e-07 2.19895572e+03 5.57207693e+03
5.18221121e-07 2.36288017e+03 5.87569193e+03
5.18652152e-07 2.50015963e+03 5.94516171e+03
5.19083182e-07 2.46247452e+03 6.05467359e+03
5.19514212e-07 2.53024189e+03 6.37924041e+03
5.19945242e-07 2.29832435e+03 6.39738250e+03
5.20376273e-07 2.24868245e+03 6.20551599e+03
5.20807303e-07 2.22267012e+03 5.97608010e+03
5.21238333e-07 2.54508743e+03 6.12657994e+03
5.21669364e-07 2.47955562e+03 6.14864050e+03
5.22100394e-07 2.26255404e+03 5.96554857e+03
5.22531424e-07 2.47033994e+03 6.15704757e+03
5.22962455e-07 2.47209659e+03 6.10634148e+03
5.23393485e-07 2.29872742e+03 6.06467970e+03
5.23824515e-07 2.49235548e+03 6.18989038e+03
5.24255545e-07 2.45878049e+03 6.10223303e+03
5.24686576e-07 2.42867593e+03 6.10747251e+03
5.25117606e-07 2.70111202e+03 6.34919169e+03
5.25548636e-07 2.77843169e+03 6.36028109e+03
5.25979667e-07 2.66592869e+03 6.33652134e+03
5.26410697e-07 2.48834129e+03 6.08901625e+03
5.26841727e-07 2.41195921e+03 6.01301090e+03
5.27272758e-07 2.52233992e+03 6.09554194e+03
5.27703788e-07 2.25178315e+03 6.09089202e+03
5.28134818e-07 2.25503488e+03 6.00112628e+03
5.28565848e-07 2.36432949e+03 6.16935412e+03
5.28996879e-07 2.56542542e+03 6.36873298e+03
5.29427909e-07 2.45430588e+03 6.28092851e+03
5.29858939e-07 2.53103866e+03 6.36458038e+03
5.30289970e-07 2.81044112e+03 6.45726273e+03
5.30721000e-07 3.11455019e+03 6.76727255e+03
5.31152030e-07 2.78349252e+03 6.66588860e+03
5.31583061e-07 2.55795160e+03 6.34431970e+03
5.32014091e-07 3.00273840e+03 6.73562838e+03
5.32445121e-07 2.43496135e+03 6.27607344e+03
5.32876152e-07 2.34266830e+03 6.11653831e+03
5.33307182e-07 2.96040005e+03 6.62738242e+03
5.33738212e-07 2.66002746e+03 6.51480723e+03
5.34169242e-07 2.66314270e+03 6.46666304e+03
5.34600273e-07 2.59578332e+03 6.49224392e+03
5.35031303e-07 2.64062571e+03 6.55494331e+03
5.35462333e-07 2.62858172e+03 6.53542021e+03
5.35893364e-07 2.73125119e+03 6.55268155e+03
5.36324394e-07 2.47822896e+03 6.36223475e+03
5.36755424e-07 2.38171638e+03 6.29661746e+03
5.37186455e-07 2.40379252e+03 6.32778457e+03
5.37617485e-07 2.62013849e+03 6.48380323e+03
5.38048515e-07 3.07707926e+03 6.84649100e+03
5.38479545e-07 2.75044896e+03 6.55815547e+03
5.38910576e-07 2.58621217e+03 6.44177464e+03
5.39341606e-07 2.79238554e+03 6.54874632e+03
5.39772636e-07 2.81947125e+03 6.55054504e+03
5.40203667e-07 2.23616650e+03 6.01129848e+03
5.40634697e-07 2.28691918e+03 6.08248560e+03
5.41065727e-07 2.48986060e+03 6.37953520e+03
5.41496758e-07 2.80933761e+03 6.62389315e+03
5.41927788e-07 2.56058468e+03 6.53678811e+03
5.42358818e-07 2.32444690e+03 6.38165579e+03
5.42789848e-07 2.51132120e+03 6.44666462e+03
5.43220879e-07 2.91223776e+03 6.80296258e+03
5.43651909e-07 2.68186920e+03 6.64025509e+03
5.44082939e-07 2.78574115e+03 6.79359213e+03
5.44513970e-07 3.07938184e+03 6.94372625e+03
5.44945000e-07 2.94108474e+03 6.88395045e+03
5.45376030e-07 2.92452923e+03 6.89124167e+03
5.45807061e-07 2.87960805e+03 6.84776885e+03
5.46238091e-07 2.69880963e+03 6.87858541e+03
5.46669121e-07 2.79839704e+03 7.01782397e+03
5.47100152e-07 3.51828793e+03 7.31435715e+03
5.47531182e-07 3.18647480e+03 7.02700952e+03
5.47962212e-07 2.81702929e+03 6.83581693e+03
5.48393242e-07 3.31051291e+03 7.22581662e+03
5.48824273e-07 3.54584579e+03 7.34154991e+03
5.49255303e-07 3.18565805e+03 7.16394172e+03
5.49686333e-07 2.71957079e+03 6.83823226e+03
5.50117364e-07 2.49718229e+03 6.81817815e+03
5.50548394e-07 2.71590775e+03 6.96246553e+03
5.50979424e-07 2.94983950e+03 7.04088571e+03
5.51410455e-07 3.28521252e+03 7.48507599e+03
5.51841485e-07 3.32418659e+03 7.47926741e+03
5.52272515e-07 3.00801309e+03 7.26186012e+03
5.52703545e-07 2.82008932e+03 7.06353015e+03
5.53134576e-07 2.92452377e+03 7.11596716e+03
5.53565606e-07 3.16835474e+03 7.38242661e+03
5.53996636e-07 3.03012866e+03 7.43206377e+03
5.54427667e-07 3.05288363e+03 7.56560853e+03
5.54858697e-07 3.30144583e+03 7.69012819e+03
5.55289727e-07 3.30394422e+03 7.53674268e+03
5.55720758e-07 3.12209340e+03 7.58402052e+03
5.56151788e-07 3.01282060e+03 7.41813962e+03
5.56582818e-07 2.68977746e+03 7.37620106e+03
5.57013848e-07 5.92055567e+03 1.56631143e+04
5.57444879e-07 1.06585009e+04 4.17681994e+04
5.57875909e-07 3.82863946e+03 4.93152758e+04
5.58306939e-07 1.15918062e+03 2.86117117e+04
5.58737970e-07 1.89796428e+03 1.25367005e+04
5.59169000e-07 2.63775180e+03 8.01814188e+03
5.59600030e-07 2.54970103e+03 7.34276081e+03
5.60031061e-07 2.56850841e+03 7.15448606e+03
5.60462091e-07 3.35369881e+03 7.84349198e+03
5.60893121e-07 3.14010640e+03 7.81001055e+03
5.61324152e-07 2.66498668e+03 7.67447847e+03
5.61755182e-07 4.05043179e+03 9.49110143e+03
5.62186212e-07 4.86421499e+03 1.08441056e+04
5.62617242e-07 3.80368849e+03 8.63650790e+03
5.63048273e-07 3.16421908e+03 7.50690245e+03
5.63479303e-07 3.04332195e+03 7.41683782e+03
5.63910333e-07 3.44192628e+03 7.63457651e+03
5.64341364e-07 3.32963379e+03 7.66503038e+03
5.64772394e-07 2.96841506e+03 7.44679172e+03
5.65203424e-07 3.12995977e+03 7.46659106e+03
5.65634455e-07 3.36772897e+03 7.58397557e+03
5.66065485e-07 2.71531192e+03 7.24306135e+03
5.66496515e-07 3.19355856e+03 7.63189059e+03
5.66927545e-07 3.30282541e+03 7.63226358e+03
5.67358576e-07 3.06358154e+03 7.61198517e+03
5.67789606e-07 3.47404803e+03 7.84109646e+03
5.68220636e-07 3.35457720e+03 7.78428140e+03
5.68651667e-07 3.28484100e+03 7.58230725e+03
5.69082697e-07 3.31389432e+03 7.74126858e+03
5.69513727e-07 3.14175796e+03 7.79027782e+03
5.69944758e-07 2.73232139e+03 7.48322020e+03
5.70375788e-07 3.19680298e+03 7.62699375e+03
5.70806818e-07 3.28279522e+03 7.68867724e+03
5.71237848e-07 2.73559311e+03 7.36880180e+03
5.71668879e-07 2.63559401e+03 7.21131029e+03
5.72099909e-07 3.08785496e+03 7.70295951e+03
5.72530939e-07 2.79307825e+03 7.62672371e+03
5.72961970e-07 2.62676708e+03 7.44757336e+03
5.73393000e-07 3.37640165e+03 7.73664889e+03
5.73824030e-07 3.23674008e+03 7.67520304e+03
5.74255061e-07 2.68600680e+03 7.36432361e+03
5.74686091e-07 2.87495130e+03 7.34978397e+03
5.75117121e-07 3.54256246e+03 7.68532942e+03
5.75548152e-07 3.00717907e+03 7.55674043e+03
5.75979182e-07 2.72785344e+03 7.38461552e+03
5.76410212e-07 3.13815424e+03 7.66013540e+03
5.76841242e-07 3.16171046e+03 7.68144454e+03
5.77272273e-07 2.43768098e+03 7.30673445e+03
5.77703303e-07 2.88932228e+03 7.58179034e+03
5.78134333e-07 3.26233939e+03 7.75857412e+03
5.78565364e-07 3.15523482e+03 7.80687980e+03
5.78996394e-07 3.11624494e+03 7.75104409e+03
5.79427424e-07 3.27786382e+03 8.00628372e+03
5.79858455e-07 3.16156148e+03 7.87121423e+03
5.80289485e-07 3.32625992e+03 7.76501225e+03
5.80720515e-07 3.11674741e+03 7.67026754e+03
5.81151545e-07 3.32076628e+03 7.88561546e+03
5.81582576e-07 3.35503835e+03 7.97360647e+03
5.82013606e-07 3.22839079e+03 7.92207878e+03
5.82444636e-07 3.46704355e+03 8.15448847e+03
5.82875667e-07 3.56997914e+03 8.22934211e+03
5.83306697e-07 3.15505475e+03 7.92964351e+03
5.83737727e-07 3.11411440e+03 7.77236889e+03
5.84168758e-07 2.85244772e+03 7.74531384e+03
5.84599788e-07 3.19965807e+03 7.86865739e+03
5.85030818e-07 3.49814693e+03 8.23775198e+03
5.85461848e-07 3.34657739e+03 7.96342091e+03
5.85892879e-07 3.07790838e+03 7.88210014e+03
5.86323909e-07 2.85140360e+03 8.14874016e+03
5.86754939e-07 3.25472174e+03 8.83410893e+03
5.87185970e-07 3.62345866e+03 8.90114328e+03
5.87617000e-07 3.10649190e+03 8.36025464e+03
5.88048030e-07 2.78975766e+03 7.99800391e+03
5.88479061e-07 3.69992919e+03 1.02139156e+04
5.88910091e-07 3.56199678e+03 1.28338802e+04
5.89341121e-07 4.15063688e+03 1.40212339e+04
5.89772152e-07 3.86985517e+03 1.20891762e+04
5.90203182e-07 2.68221661e+03 9.24802683e+03
5.90634212e-07 2.87892893e+03 8.33331952e+03
5.91065242e-07 3.23817989e+03 8.54090906e+03
5.91496273e-07 3.64356086e+03 8.95545790e+03
5.91927303e-07 2.84683852e+03 8.36045144e+03
5.92358333e-07 3.00784428e+03 8.33849092e+03
5.92789364e-07 3.41553445e+03 8.95220780e+03
5.93220394e-07 2.95903054e+03 8.77917162e+03
5.93651424e-07 2.50307319e+03 8.34653017e+03
5.94082455e-07 2.80461169e+03 8.14207135e+03
5.94513485e-07 2.61097746e+03 7.98027302e+03
5.94944515e-07 2.96757140e+03 8.42308726e+03
5.95375545e-07 3.03166013e+03 8.64871032e+03
5.95806576e-07 2.34275753e+03 7.97640057e+03
5.96237606e-07 3.35187792e+03 8.43456765e+03
5.96668636e-07 3.73209769e+03 8.71342440e+03
5.97099667e-07 3.02035884e+03 8.33486213e+03
5.97530697e-07 2.89462541e+03 8.32411474e+03
5.97961727e-07 3.23138301e+03 8.45552826e+03
5.98392758e-07 3.30513050e+03 8.30226505e+03
5.98823788e-07 2.84213087e+03 8.09601539e+03
5.99254818e-07 3.22227361e+03 8.18420599e+03
5.99685848e-07 3.73366563e+03 8.62239151e+03
6.00116879e-07 3.89530512e+03 8.77137552e+03
6.00547909e-07 3.38031563e+03 8.46070804e+03
6.00978939e-07 3.41653115e+03 8.40834294e+03
6.01409970e-07 3.73615275e+03 8.52035183e+03
6.01841000e-07 3.26983413e+03 8.15253419e+03
6.02272030e-07 3.38030213e+03 8.25311062e+03
6.02703061e-07 3.29647677e+03 8.25149741e+03
6.03134091e-07 3.46437817e+03 8.27499076e+03
6.03565121e-07 3.23870446e+03 8.20837081e+03
6.03996152e-07 3.52984930e+03 8.32864418e+03
6.04427182e-07 3.76706261e+03 8.45257763e+03
6.04858212e-07 3.55284258e+03 8.30675290e+03
6.05289242e-07 3.32661919e+03 8.18383001e+03
6.05720273e-07 3.24670746e+03 8.07544719e+03
6.06151303e-07 3.79689291e+03 8.53516348e+03
6.06582333e-07 3.76363429e+03 8.45814750e+03
6.07013364e-07 3.53087843e+03 8.45381730e+03
6.07444394e-07 3.41081107e+03 8.36767064e+03
6.07875424e-07 3.51560516e+03 8.31048508e+03
6.08306455e-07 4.00306173e+03 8.52754838e+03
6.08737485e-07 3.94148196e+03 8.60915692e+03
6.09168515e-07 3.46788290e+03 8.35705146e+03
6.09599545e-07 3.74190780e+03 8.55034817e+03
6.10030576e-07 3.94600119e+03 8.49008105e+03
6.10461606e-07 3.81393273e+03 8.37850329e+03
6.10892636e-07 3.46601595e+03 8.31001889e+03
6.11323667e-07 3.48406509e+03 8.31319525e+03
6.11754697e-07 3.97709121e+03 8.63156738e+03
6.12185727e-07 3.61074658e+03 8.27016522e+03
6.12616758e-07 3.57032199e+03 8.33527418e+03
6.13047788e-07 3.99578851e+03 8.76383956e+03
6.13478818e-07 4.07576288e+03 8.61681563e+03
6.13909848e-07 4.12765738e+03 8.93022102e+03
6.14340879e-07 3.92862212e+03 8.82352482e+03
6.14771909e-07 4.11902643e+03 8.83947304e+03
6.15202939e-07 3.86587121e+03 8.75290635e+03
6.15633970e-07 4.13759703e+03 8.91509764e+03
6.16065000e-07 4.27734781e+03 8.98682021e+03
6.16496030e-07 4.08506372e+03 8.73801775e+03
6.16927061e-07 3.89352612e+03 8.78877980e+03
6.17358091e-07 3.99776206e+03 9.09126028e+03
6.17789121e-07 4.15441758e+03 8.83335289e+03
6.18220152e-07 4.08633684e+03 8.66740200e+03
6.18651182e-07 3.96128742e+03 8.63269137e+03
6.19082212e-07 3.94419684e+03 8.60184868e+03
6.19513242e-07 3.69867592e+03 8.52443985e+03
6.19944273e-07 3.58252824e+03 8.61609954e+03
6.20375303e-07 3.60216960e+03 8.68771498e+03
6.20806333e-07 3.58305245e+03 8.51403596e+03
6.21237364e-07 3.88841374e+03 8.66941879e+03
6.21668394e-07 3.85447818e+03 8.58362983e+03
6.22099424e-07 4.15463924e+03 8.99489672e+03
6.22530455e-07 4.37398532e+03 9.12581990e+03
6.22961485e-07 4.44259907e+03 9.38061649e+03
6.23392515e-07 4.06239312e+03 9.96127776e+03
6.23823545e-07 4.48750526e+03 1.06400570e+04
6.24254576e-07 4.55444491e+03 1.00633201e+04
6.24685606e-07 3.95616614e+03 9.18546453e+03
6.25116636e-07 4.09554354e+03 9.10995976e+03
6.25547667e-07 4.10414383e+03 1.00687722e+04
6.25978697e-07 3.88352884e+03 1.01774700e+04
6.26409727e-07 3.58315388e+03 9.55096194e+03
6.26840758e-07 3.80442565e+03 9.31872945e+03
6.27271788e-07 3.90336154e+03 8.96688290e+03
6.27702818e-07 4.10517046e+03 8.90777342e+03
6.28133848e-07 3.78124460e+03 8.97557374e+03
6.28564879e-07 3.75922007e+03 9.45994856e+03
6.28995909e-07 4.21085634e+03 1.01041817e+04
6.29426939e-07 5.41458953e+03 1.51882234e+04
6.29857970e-07 5.74305676e+03 2.44825129e+04
6.30289000e-07 5.72520894e+03 2.49392849e+04
6.30720030e-07 4.80634032e+03 1.61891182e+04
6.31151061e-07 3.83851967e+03 1.03074295e+04
6.31582091e-07 4.09582343e+03 9.07999051e+03
6.32013121e-07 3.92302023e+03 9.03352210e+03
6.32444152e-07 3.57163904e+03 9.25211168e+03
6.32875182e-07 3.51642819e+03 9.63451022e+03
6.33306212e-07 3.77188081e+03 9.42623079e+03
6.33737242e-07 3.60407029e+03 8.77052162e+03
6.34168273e-07 3.45136857e+03 8.49891975e+03
6.34599303e-07 3.25399494e+03 8.46257717e+03
6.35030333e-07 3.34815629e+03 8.86371700e+03
6.35461364e-07 3.94371262e+03 9.66493204e+03
6.35892394e-07 4.37550735e+03 1.23714135e+04
6.36323424e-07 5.22100180e+03 1.51396852e+04
6.36754455e-07 5.12598244e+03 1.36529410e+04
6.37185485e-07 4.12136599e+03 1.01560834e+04
6.37616515e-07 3.96685328e+03 9.14811291e+03
6.38047545e-07 4.08096880e+03 8.99973652e+03
6.38478576e-07 4.60670430e+03 9.59037741e+03
6.38909606e-07 4.25042134e+03 9.26900265e+03
6.39340636e-07 3.80756691e+03 8.71359193e+03
6.39771667e-07 4.39953782e+03 9.07757930e+03
6.40202697e-07 4.25902317e+03 8.82380076e+03
6.40633727e-07 3.95508686e+03 8.62537300e+03
6.41064758e-07 4.41045491e+03 8.95913109e+03
6.41495788e-07 3.68758804e+03 8.59702411e+03
6.41926818e-07 3.76018606e+03 8.94383468e+03
6.42357848e-07 4.36703432e+03 9.18762300e+03
6.42788879e-07 3.85938314e+03 8.67947468e+03
6.43219909e-07 3.87568354e+03 8.66578164e+03
6.43650939e-07 4.24708217e+03 8.81104818e+03
6.44081970e-07 4.45145900e+03 9.02266856e+03
6.44513000e-07 4.19246816e+03 8.95928150e+03
6.44944030e-07 3.93449106e+03 8.91407368e+03
6.45375061e-07 4.02829134e+03 9.01308647e+03
6.45806091e-07 4.02129696e+03 9.35347888e+03
6.46237121e-07 4.45549641e+03 1.00413356e+04
6.46668152e-07 4.53016861e+03 1.07184054e+04
6.47099182e-07 4.27680203e+03 1.02638197e+04
6.47530212e-07 4.42298485e+03 9.93219143e+03
6.47961242e-07 4.74650147e+03 9.77073580e+03
6.48392273e-07 4.58629649e+03 9.48807944e+03
6.48823303e-07 4.38294836e+03 9.07169301e+03
6.49254333e-07 4.06604447e+03 9.59263036e+03
6.49685364e-07 3.69675806e+03 1.04139851e+04
6.50116394e-07 4.70543081e+03 1.14959914e+04
6.50547424e-07 4.50992985e+03 1.05338791e+04
6.50978455e-07 4.56650313e+03 9.81029547e+03
6.51409485e-07 4.59124819e+03 9.42083306e+03
6.51840515e-07 4.38864325e+03 9.50434786e+03
6.52271545e-07 5.18162987e+03 1.00541915e+04
6.52702576e-07 5.18094747e+03 1.03629125e+04
6.53133606e-07 4.53143955e+03 1.07181476e+04
6.53564636e-07 4.52823726e+03 1.06771284e+04
6.53995667e-07 5.13997141e+03 1.06478762e+04
6.54426697e-07 4.17817166e+03 9.85546893e+03
6.54857727e-07 3.77015449e+03 9.97354426e+03
6.55288758e-07 3.75873831e+03 1.04723146e+04
6.55719788e-07 4.31803495e+03 1.03842067e+04
6.56150818e-07 4.25434138e+03 9.78264073e+03
6.56581848e-07 4.02711405e+03 9.52995178e+03
6.57012879e-07 3.74436289e+03 9.43206816e+03
6.57443909e-07 4.05405886e+03 1.01381700e+04
6.57874939e-07 4.55833599e+03 1.07102398e+04
6.58305970e-07 4.73867347e+03 1.03014808e+04
6.58737000e-07 4.62195792e+03 9.62914478e+03
6.59168030e-07 4.26980468e+03 9.35857832e+03
6.59599061e-07 4.37156609e+03 9.64694440e+03
6.60030091e-07 4.78856303e+03 1.00411676e+04
6.60461121e-07 4.96775653e+03 1.02780407e+04
6.60892152e-07 4.96331885e+03 9.91194158e+03
6.61323182e-07 4.78534834e+03 9.48242977e+03
6.61754212e-07 4.49902464e+03 9.26546902e+03
6.62185242e-07 4.27659675e+03 9.17422519e+03
6.62616273e-07 4.65889035e+03 9.50281543e+03
6.63047303e-07 4.30454083e+03 9.42874814e+03
6.63478333e-07 3.90871099e+03 9.36251906e+03
6.63909364e-07 4.27439427e+03 9.28893596e+03
6.64340394e-07 4.50305097e+03 9.11218371e+03
6.64771424e-07 4.51393911e+03 9.24879738e+03
6.65202455e-07 5.16921385e+03 9.53085309e+03
6.65633485e-07 5.32659253e+03 9.79230619e+03
6.66064515e-07 4.73866851e+03 9.53974672e+03
6.66495545e-07 4.38523616e+03 9.45588782e+03
6.66926576e-07 5.01706748e+03 9.78608377e+03
6.67357606e-07 5.14551651e+03 9.81564686e+03
6.67788636e-07 4.62645377e+03 9.43102836e+03
6.68219667e-07 4.22023468e+03 9.23252923e+03
6.68650697e-07 4.54849447e+03 9.48953401e+03
6.69081727e-07 4.23237340e+03 9.18652873e+03
6.69512758e-07 4.32476143e+03 9.12620699e+03
6.69943788e-07 4.41382208e+03 9.36421119e+03
6.70374818e-07 4.62476869e+03 9.45312986e+03
6.70805848e-07 4.78739615e+03 9.56297519e+03
6.71236879e-07 4.68578693e+03 9.50162380e+03
6.71667909e-07 4.20553260e+03 9.07098913e+03
6.72098939e-07 3.95485701e+03 8.85003287e+03
6.72529970e-07 4.58293870e+03 9.34033806e+03
6.72961000e-07 4.25685996e+03 9.15445099e+03
6.73392030e-07 4.19129235e+03 9.27994986e+03
6.73823061e-07 4.86730906e+03 9.64832772e+03
6.74254091e-07 4.79856422e+03 9.40345863e+03
6.74685121e-07 4.02492682e+03 9.02278347e+03
6.75116152e-07 3.91037237e+03 8.92307615e+03
6.75547182e-07 3.89359627e+03 8.87711347e+03
6.75978212e-07 4.21140312e+03 9.02305338e+03
6.76409242e-07 4.28414832e+03 8.98759998e+03
6.76840273e-07 3.53580152e+03 8.59431067e+03
6.77271303e-07 3.90589164e+03 8.89191480e+03
6.77702333e-07 3.90242781e+03 8.94177516e+03
6.78133364e-07 4.30658734e+03 9.02351837e+03
6.78564394e-07 4.21949463e+03 9.12850304e+03
6.78995424e-07 4.84923624e+03 9.47637718e+03
6.79426455e-07 4.85093942e+03 9.43209599e+03
6.79857485e-07 4.50467768e+03 9.09043329e+03
6.80288515e-07 3.90029761e+03 8.95517823e+03
6.80719545e-07 4.10574981e+03 9.15532908e+03
6.81150576e-07 4.00386694e+03 8.99220158e+03
6.81581606e-07 4.37392012e+03 9.05036330e+03
6.82012636e-07 4.56260334e+03 9.40374065e+03
6.82443667e-07 4.68234956e+03 1.09233537e+04
6.82874697e-07 5.02401273e+03 1.32044676e+04
6.83305727e-07 4.75136100e+03 1.34854158e+04
6.83736758e-07 4.54959012e+03 1.21917898e+04
6.84167788e-07 4.48277777e+03 1.04464409e+04
6.84598818e-07 4.37776205e+03 9.74780192e+03
6.85029848e-07 4.71146174e+03 9.48298135e+03
6.85460879e-07 4.68778619e+03 9.68078130e+03
6.85891909e-07 4.54392745e+03 1.13438753e+04
6.86322939e-07 4.66359021e+03 1.39774867e+04
6.86753970e-07 4.23282551e+03 1.23087213e+04
6.87185000e-07 3.44319130e+03 9.27922767e+03
6.87616030e-07 3.45056097e+03 8.47937410e+03
6.88047061e-07 4.13570110e+03 9.31187475e+03
6.88478091e-07 4.41630889e+03 9.92627112e+03
6.88909121e-07 3.59201834e+03 9.32008024e+03
6.89340152e-07 3.51519300e+03 9.20355390e+03
6.89771182e-07 3.48999925e+03 9.18867206e+03
6.90202212e-07 3.68198749e+03 9.38634388e+03
6.90633242e-07 4.66863415e+03 9.93279035e+03
6.91064273e-07 4.49751717e+03 1.01864580e+04
6.91495303e-07 3.86156446e+03 1.01991845e+04
6.91926333e-07 4.50138164e+03 1.09911531e+04
6.92357364e-07 4.45863685e+03 1.16608953e+04
6.92788394e-07 4.47233873e+03 1.05354693e+04
6.93219424e-07 4.02432312e+03 9.41857620e+03
6.93650455e-07 4.32563145e+03 9.94179136e+03
6.94081485e-07 4.81889265e+03 1.05262288e+04
6.94512515e-07 4.35607400e+03 1.10641894e+04
6.94943545e-07 4.06476116e+03 1.14550030e+04
6.95374576e-07 4.21172160e+03 1.05953137e+04
6.95805606e-07 4.35755128e+03 9.42025067e+03
6.96236636e-07 4.45780310e+03 9.44805202e+03
6.96667667e-07 4.43316549e+03 1.00155644e+04
6.97098697e-07 4.17260219e+03 1.01602315e+04
6.97529727e-07 4.41749684e+03 1.07855133e+04
6.97960758e-07 4.66629376e+03 1.09005297e+04
6.98391788e-07 4.31030675e+03 1.00252676e+04
6.98822818e-07 2.98724929e+03 8.49918207e+03
6.99253848e-07 3.73829337e+03 8.83560263e+03
6.99684879e-07 3.96043433e+03 9.00385046e+03
7.00115909e-07 4.49062978e+03 9.62033936e+03
7.00546939e-07 4.30911122e+03 9.69905790e+03
7.00977970e-07 4.17921893e+03 9.61700646e+03
7.01409000e-07 4.40264805e+03 9.73810202e+03
7.01840030e-07 3.92094633e+03 8.93854882e+03
7.02271061e-07 3.56217338e+03 8.52227216e+03
7.02702091e-07 3.85711907e+03 8.80822833e+03
7.03133121e-07 4.15284548e+03 8.98952925e+03
7.03564152e-07 4.57355858e+03 9.38521325e+03
7.03995182e-07 4.20033777e+03 9.33325968e+03
7.04426212e-07 4.21639176e+03 9.74933361e+03
7.04857242e-07 3.60912517e+03 9.59597269e+03
7.05288273e-07 4.04134998e+03 9.61789241e+03
7.05719303e-07 3.97888855e+03 9.28473149e+03
7.06150333e-07 3.45883409e+03 8.78625962e+03
7.06581364e-07 3.33586827e+03 8.97881694e+03
7.07012394e-07 3.98284585e+03 9.36436150e+03
7.07443424e-07 3.06181781e+03 8.78336645e+03
7.07874455e-07 3.55091430e+03 8.92052586e+03
7.08305485e-07 3.76991096e+03 9.14305826e+03
7.08736515e-07 4.45664189e+03 9.70608890e+03
7.09167545e-07 3.63687829e+03 9.04895684e+03
7.09598576e-07 4.10586995e+03 9.09098300e+03
7.10029606e-07 4.06705171e+03 9.08461661e+03
7.10460636e-07 3.48736741e+03 8.76526428e+03
7.10891667e-07 3.08284077e+03 8.40448021e+03
7.11322697e-07 3.85557990e+03 8.73151981e+03
7.11753727e-07 3.48292784e+03 8.55250699e+03
7.12184758e-07 3.78518928e+03 8.71021234e+03
7.12615788e-07 3.66890710e+03 8.93499586e+03
7.13046818e-07 2.97222790e+03 8.43562450e+03
7.13477848e-07 3.92181279e+03 8.92094884e+03
7.13908879e-07 3.78461658e+03 8.98331440e+03
7.14339909e-07 3.20459864e+03 8.98122339e+03
7.14770939e-07 3.42488185e+03 9.10930796e+03
7.15201970e-07 3.45215579e+03 8.85362614e+03
7.15633000e-07 2.72458720e+03 8.19832178e+03
7.16064030e-07 3.13352977e+03 8.40353175e+03
7.16495061e-07 2.95514731e+03 8.39608885e+03
7.16926091e-07 2.94302701e+03 8.12773138e+03
7.17357121e-07 2.97711872e+03 8.21471542e+03
7.17788152e-07 3.29666766e+03 8.04615891e+03
7.18219182e-07 2.37917577e+03 7.33194026e+03
7.18650212e-07 2.46823080e+03 7.11815937e+03
7.19081242e-07 2.73049198e+03 7.14754642e+03
7.19512273e-07 2.09591214e+03 6.85516473e+03
7.19943303e-07 1.94407624e+03 6.70135960e+03
7.20374333e-07 2.34812720e+03 7.06885707e+03
7.20805364e-07 2.83000498e+03 7.28425978e+03
7.21236394e-07 2.51789112e+03 7.24741270e+03
7.21667424e-07 2.50837441e+03 7.30493441e+03
7.22098455e-07 2.64571300e+03 7.59180475e+03
7.22529485e-07 1.99194957e+03 7.25523962e+03
7.22960515e-07 2.39793070e+03 7.58119586e+03
7.23391545e-07 3.30904580e+03 9.52362364e+03
7.23822576e-07 2.78885030e+03 1.31823986e+04
7.24253606e-07 2.64236012e+03 1.64285544e+04
7.24684636e-07 2.24221909e+03 1.43807718e+04
7.25115667e-07 1.63449217e+03 1.03081177e+04
7.25546697e-07 1.92949452e+03 8.68422318e+03
7.25977727e-07 1.66908003e+03 7.70121586e+03
7.26408758e-07 2.21604345e+03 7.74082579e+03
7.26839788e-07 3.49759664e+03 9.54146869e+03
7.27270818e-07 2.78716765e+03 1.30150175e+04
7.27701848e-07 3.52555721e+03 1.63271349e+04
7.28132879e-07 2.88810094e+03 1.43503714e+04
7.28563909e-07 2.64555564e+03 1.19227167e+04
7.28994939e-07 2.23015776e+03 9.75090848e+03
7.29425970e-07 2.83621965e+03 9.22843627e+03
7.29857000e-07 2.04288451e+03 9.16868896e+03
7.30288030e-07 2.77729728e+03 9.91391057e+03
7.30719061e-07 3.12940072e+03 9.85671664e+03
7.31150091e-07 3.16052558e+03 1.19731437e+04
7.31581121e-07 3.76251427e+03 1.50639219e+04
7.32012152e-07 3.16280175e+03 1.29957289e+04
7.32443182e-07 3.67556297e+03 1.11787379e+04
7.32874212e-07 2.73914555e+03 1.09187810e+04
7.33305242e-07 3.94903473e+03 1.17532924e+04
7.33736273e-07 2.32525875e+03 1.38527793e+04
7.34167303e-07 4.63832439e+03 1.75358092e+04
7.34598333e-07 2.47933643e+03 1.25630435e+04
7.35029364e-07 3.29318162e+03 9.66961085e+03
7.35460394e-07 3.28651965e+03 1.01405566e+04
7.35891424e-07 3.27791848e+03 1.12495406e+04
7.36322455e-07 2.91396431e+03 1.15408996e+04
7.36753485e-07 3.07381561e+03 1.35457056e+04
7.37184515e-07 3.58411132e+03 1.35709466e+04
7.37615545e-07 3.60148895e+03 1.05954287e+04
7.38046576e-07 3.55665413e+03 8.86802261e+03
7.38477606e-07 3.97018876e+03 9.20116629e+03
7.38908636e-07 2.70964395e+03 9.55185864e+03
7.39339667e-07 3.98764680e+03 1.09391855e+04
7.39770697e-07 3.93074256e+03 1.15342749e+04
7.40201727e-07 3.71297164e+03 1.24578098e+04
7.40632758e-07 2.98938846e+03 1.09674365e+04
7.41063788e-07 3.62960847e+03 9.29822441e+03
7.41494818e-07 2.51631246e+03 8.37925194e+03
7.41925848e-07 3.61257784e+03 8.65879642e+03
7.42356879e-07 3.27741029e+03 8.82415691e+03
7.42787909e-07 3.26572502e+03 9.66165696e+03
7.43218939e-07 3.73600862e+03 1.03709787e+04
7.43649970e-07 4.79139381e+03 1.16144864e+04
7.44081000e-07 3.75058090e+03 1.06948933e+04
7.44512030e-07 3.48309076e+03 9.45101543e+03
7.44943061e-07 3.44168042e+03 8.85587382e+03
7.45374091e-07 3.10634948e+03 8.74012192e+03
7.45805121e-07 3.60275568e+03 9.70618883e+03
7.46236152e-07 2.79606632e+03 9.58699039e+03
7.46667182e-07 3.29415346e+03 1.06582747e+04
7.47098212e-07 3.54506964e+03 1.18451079e+04
7.47529242e-07 3.68624287e+03 1.24981607e+04
7.47960273e-07 3.28318711e+03 1.22086951e+04
7.48391303e-07 3.57170977e+03 1.22662048e+04
7.48822333e-07 2.87458398e+03 1.03288845e+04
7.49253364e-07 3.37438945e+03 9.68974192e+03
7.49684394e-07 3.79567776e+03 9.73804661e+03
7.50115424e-07 3.19259832e+03 9.15943100e+03
7.50546455e-07 2.76750596e+03 8.79092450e+03
7.50977485e-07 3.15789782e+03 9.10172319e+03
7.51408515e-07 4.26573100e+03 1.01854012e+04
7.51839545e-07 3.40821945e+03 1.20103270e+04
7.52270576e-07 4.94322561e+03 1.65179262e+04
7.52701606e-07 4.41489479e+03 1.59012500e+04
7.53132636e-07 4.90609677e+03 1.32511344e+04
7.53563667e-07 3.69061502e+03 1.08117257e+04
7.53994697e-07 3.04190297e+03 9.71825869e+03
7.54425727e-07 2.88504905e+03 9.11593808e+03
7.54856758e-07 3.30845538e+03 9.23597956e+03
7.55287788e-07 2.86335035e+03 9.62196851e+03
7.55718818e-07 3.45043806e+03 1.06018857e+04
7.56149848e-07 3.90633538e+03 1.04931906e+04
7.56580879e-07 3.91891716e+03 1.14186283e+04
7.57011909e-07 4.67079798e+03 1.42265499e+04
7.57442939e-07 3.60868527e+03 1.34930560e+04
7.57873970e-07 3.98226861e+03 1.10097194e+04
7.58305000e-07 4.15141077e+03 1.08350678e+04
7.58736030e-07 3.58147746e+03 1.04266335e+04
7.59167061e-07 2.17734627e+03 8.97651674e+03
7.59598091e-07 1.69383346e+03 7.87554066e+03
7.60029121e-07 1.19009914e+03 6.95147606e+03
7.60460152e-07 3.56582742e+02 5.41288794e+03
7.60891182e-07 4.06505924e+02 5.38056242e+03
7.61322212e-07 9.28348107e+02 6.47204906e+03
7.61753242e-07 2.31546760e+03 8.42643655e+03
7.62184273e-07 1.73586864e+03 8.21426484e+03
7.62615303e-07 1.70896626e+03 8.10800074e+03
7.63046333e-07 1.01764126e+03 7.62745269e+03
7.63477364e-07 1.27019800e+03 7.18094026e+03
7.63908394e-07 1.08318649e+03 6.82956159e+03
7.64339424e-07 1.46596487e+03 7.01460935e+03
7.64770455e-07 1.60862560e+03 7.30054454e+03
7.65201485e-07 1.40594855e+03 7.70042719e+03
7.65632515e-07 1.97676755e+03 8.68036584e+03
7.66063545e-07 1.94622548e+03 9.20812638e+03
7.66494576e-07 1.83196304e+03 8.92145982e+03
7.66925606e-07 2.75814616e+03 8.98403392e+03
7.67356636e-07 2.57627701e+03 8.74992431e+03
7.67787667e-07 2.80953312e+03 8.50558148e+03
7.68218697e-07 3.47877730e+03 9.50846258e+03
7.68649727e-07 2.77448197e+03 9.23282011e+03
7.69080758e-07 2.72190659e+03 9.32505281e+03
7.69511788e-07 2.40434013e+03 9.45595818e+03
7.69942818e-07 2.44887162e+03 9.45481982e+03
7.70373848e-07 4.35928713e+03 1.07567887e+04
7.70804879e-07 4.24483512e+03 1.40123893e+04
7.71235909e-07 3.57720097e+03 2.07246087e+04
7.71666939e-07 4.22506871e+03 2.32448941e+04
7.72097970e-07 2.43658256e+03 1.70678773e+04
7.72529000e-07 3.64267563e+03 1.34833315e+04
7.72960030e-07 3.28194437e+03 1.13265254e+04
7.73391061e-07 3.38536367e+03 1.03158842e+04
7.73822091e-07 3.37778401e+03 9.89628474e+03
7.74253121e-07 2.04285574e+03 1.04879001e+04
7.74684152e-07 2.80064379e+03 1.66891890e+04
7.75115182e-07 4.29790247e+03 2.25302503e+04
7.75546212e-07 3.75850571e+03 1.87372027e+04
7.75977242e-07 3.40990276e+03 1.43136810e+04
7.76408273e-07 2.80147524e+03 1.17534201e+04
7.76839303e-07 3.65766967e+03 1.10349994e+04
7.77270333e-07 2.88558327e+03 1.21185610e+04
7.77701364e-07 3.11187351e+03 1.28990340e+04
7.78132394e-07 2.89284801e+03 1.21397510e+04
7.78563424e-07 3.64779633e+03 1.21061583e+04
7.78994455e-07 2.74367501e+03 1.45744362e+04
7.79425485e-07 2.65225832e+03 1.84966764e+04
7.79856515e-07 2.96117009e+03 1.44448352e+04
7.80287545e-07 2.81104607e+03 1.08114598e+04
7.80718576e-07 3.38783653e+03 1.29309950e+04
7.81149606e-07 2.84994522e+03 1.23588760e+04
7.81580636e-07 3.68445132e+03 1.42576488e+04
7.82011667e-07 9.50182211e+03 2.29160925e+04
7.82442697e-07 5.52079050e+03 1.97642846e+04
7.82873727e-07 2.56667158e+03 1.15927476e+04
7.83304758e-07 2.64143419e+03 9.44210844e+03
7.83735788e-07 2.96178617e+03 1.09405582e+04
7.84166818e-07 2.24016610e+03 1.19532240e+04
7.84597848e-07 2.54414637e+03 1.29284639e+04
7.85028879e-07 4.24501146e+03 1.87114443e+04
7.85459909e-07 3.11754775e+03 2.19335925e+04
7.85890939e-07 3.10674570e+03 1.95624176e+04
7.86321970e-07 3.21139217e+03 1.52856045e+04
7.86753000e-07 3.21893328e+03 1.56973561e+04
7.87184030e-07 3.18850878e+03 1.59425732e+04
7.87615061e-07 3.08911395e+03 1.42401175e+04
7.88046091e-07 2.39884529e+03 1.34706522e+04
7.88477121e-07 2.89600633e+03 1.40719547e+04
7.88908152e-07 2.02481040e+03 1.46070241e+04
7.89339182e-07 2.34535960e+03 1.29331270e+04
7.89770212e-07 2.64198717e+03 9.81856140e+03
7.90201242e-07 2.95276307e+03 9.30154728e+03
7.90632273e-07 2.07105219e+03 1.13786072e+04
7.91063303e-07 2.48959876e+03 2.01746714e+04
7.91494333e-07 1.38057377e+03 2.50537746e+04
7.91925364e-07 2.96917904e+03 2.10349163e+04
7.92356394e-07 4.24945011e+03 1.62615848e+04
7.92787424e-07 2.85981130e+03 1.32730085e+04
7.93218455e-07 2.35352655e+03 1.26441289e+04
7.93649485e-07 3.40539564e+03 1.12430442e+04
7.94080515e-07 3.79248301e+03 1.00571107e+04
7.94511545e-07 3.15984410e+03 1.10544328e+04
7.94942576e-07 1.84517614e+03 1.11859374e+04
7.95373606e-07 2.54645917e+03 1.04032345e+04
7.95804636e-07 2.65731913e+03 1.09082615e+04
7.96235667e-07 2.96656517e+03 1.69958382e+04
7.96666697e-07 1.83991732e+03 1.80870281e+04
7.97097727e-07 2.94158081e+03 1.27616453e+04
7.97528758e-07 4.98732016e+03 1.35214934e+04
8.00114939e-07 3.70306010e+02 1.16285094e-01
