1.00060000e-01
3.57708000e-07 3.41862229e+01 4.52723578e+02
3.59001018e-07 1.19255541e+01 4.56019385e+02
3.60294035e-07 4.39098456e+01 4.69215836e+02
3.60725041e-07 9.86184536e-01 4.81166746e+02
3.61156047e-07 5.87838350e+01 4.99641215e+02
3.61587053e-07 2.02612769e+01 4.94119593e+02
3.62018059e-07 2.55570853e+01 5.29139740e+02
3.63742082e-07 9.01296221e+01 6.39624517e+02
3.65466106e-07 3.10571313e+01 5.10636105e+02
3.65897111e-07 6.00376311e+01 5.98543571e+02
3.66328117e-07 2.18782606e+01 5.72222253e+02
3.67190129e-07 7.63092515e+01 5.69959669e+02
3.69776164e-07 1.93885883e+01 5.99488399e+02
3.70207170e-07 1.06472495e+01 5.93057573e+02
3.70638176e-07 2.30760451e+01 6.26087373e+02
3.71500188e-07 1.78104638e+01 6.13079649e+02
3.71931194e-07 4.45142252e+01 6.03848817e+02
3.72362199e-07 2.40408437e+01 5.97829012e+02
3.72793205e-07 4.19189418e+01 6.31728451e+02
3.73224211e-07 6.18109760e+01 6.96350416e+02
3.73655217e-07 6.48168128e+01 7.16571091e+02
3.74948235e-07 1.98067010e+01 6.57658980e+02
3.76241252e-07 6.33899481e+01 6.54593185e+02
3.77103264e-07 3.35025255e+01 6.31895259e+02
3.77534270e-07 3.71831568e+01 6.56804369e+02
3.77965276e-07 5.47899303e+01 6.65238290e+02
3.78396282e-07 3.52277065e+00 6.77034782e+02
3.78827287e-07 3.54744427e+01 6.66680639e+02
3.79258293e-07 9.42435814e+00 6.39613020e+02
3.80120305e-07 1.85205167e+01 6.58628491e+02
3.80551311e-07 8.85966917e+01 6.72350973e+02
3.80982317e-07 2.44537767e+01 6.86564968e+02
3.81413323e-07 4.71124215e+00 6.76478251e+02
3.81844328e-07 4.50772471e+01 7.02509661e+02
3.82275334e-07 3.65678729e+01 6.78554310e+02
3.83568352e-07 7.39502620e+01 7.65921922e+02
3.83999358e-07 8.29507725e+01 8.04165160e+02
3.84430364e-07 2.24541945e+01 7.47770372e+02
3.85292375e-07 2.86318402e+01 7.60194545e+02
3.85723381e-07 5.94914529e+01 7.60325191e+02
3.86585393e-07 4.23991413e+01 6.61360266e+02
3.87016399e-07 2.87098672e+01 6.73369454e+02
3.87878411e-07 4.50496091e+01 6.56654676e+02
3.88309416e-07 6.62703783e+01 6.67242262e+02
3.88740422e-07 3.12681437e+01 6.83569421e+02
3.89171428e-07 6.21367190e+01 6.91052069e+02
3.90464446e-07 6.75398864e+01 8.45363324e+02
3.91757463e-07 1.63475602e+00 8.01627655e+02
3.92188469e-07 1.62964303e+01 7.56256348e+02
3.93050481e-07 8.04277846e+01 7.12358473e+02
3.93481487e-07 5.98408950e+01 7.08573989e+02
3.94774504e-07 1.47256914e+01 8.47297796e+02
3.95636516e-07 3.94813166e+01 8.16146581e+02
3.96067522e-07 7.64888527e+01 8.07271683e+02
3.96498528e-07 6.20330459e+01 7.67225474e+02
3.96929534e-07 2.42012025e+01 7.19373042e+02
3.97360540e-07 4.95191993e+01 7.75224501e+02
3.97791545e-07 6.87799529e+01 8.40493578e+02
3.98222551e-07 1.05742094e+02 9.11362145e+02
3.98653557e-07 1.41276393e+02 9.39050749e+02
3.99084563e-07 1.39826879e+02 9.36251119e+02
3.99515569e-07 1.43438964e+02 9.01908711e+02
3.99946575e-07 4.29825345e+01 8.88428564e+02
4.01239592e-07 4.02668087e+01 9.62319540e+02
4.01670598e-07 3.21883822e-01 9.51534137e+02
4.02101604e-07 5.98025709e+01 9.68578084e+02
4.02532610e-07 1.45760663e+02 1.00365771e+03
4.02963616e-07 1.12773939e+02 9.71526714e+02
4.03394622e-07 1.97087644e+01 9.37147412e+02
4.03825628e-07 9.28011668e+01 9.94402673e+02
4.04256633e-07 1.24028857e+01 9.94463979e+02
4.04687639e-07 2.97582065e+00 9.98641374e+02
4.05118645e-07 8.54337789e+01 9.85945538e+02
4.05549651e-07 1.36038082e+02 1.04732740e+03
4.05980657e-07 1.92208538e+00 1.03435515e+03
4.06842669e-07 1.32225690e+02 1.10972403e+03
4.07273674e-07 9.92692585e+01 1.06779646e+03
4.07704680e-07 1.68912190e+02 1.10484654e+03
4.08135686e-07 1.30331359e+02 1.07570877e+03
4.08566692e-07 7.71622503e+00 1.03105893e+03
4.08997698e-07 1.73947856e+02 1.08440120e+03
4.09428704e-07 4.92847147e+01 1.00816163e+03
4.09859710e-07 2.62616615e+02 1.06387412e+03
4.10290716e-07 8.26774758e+01 9.82780198e+02
4.10721721e-07 1.95752536e+02 1.03237866e+03
4.11152727e-07 1.10433333e+02 1.00489305e+03
4.12445745e-07 3.55643146e+01 1.03048899e+03
4.12876751e-07 8.64560143e+01 1.02089768e+03
4.13307757e-07 7.76588768e+01 1.05720134e+03
4.13738762e-07 6.69710852e+01 1.02892996e+03
4.14169768e-07 1.89698953e+02 1.08228148e+03
4.14600774e-07 1.28185150e+01 9.80748879e+02
4.15031780e-07 1.00796008e+02 1.07477744e+03
4.15462786e-07 5.93338963e+01 1.12831925e+03
4.16324798e-07 3.21765643e+02 1.31240368e+03
4.17186809e-07 1.63044172e+02 1.22451307e+03
4.18048821e-07 8.10710641e+01 1.12033592e+03
4.18910833e-07 1.62211536e+02 1.14312765e+03
4.19341839e-07 1.72874613e+02 1.11821003e+03
4.19772845e-07 2.16294638e+01 1.02782468e+03
4.20203850e-07 5.23712523e+01 1.46579521e+03
4.20634856e-07 1.33335231e+02 1.49641746e+03
4.21065862e-07 1.18489782e+02 1.53938791e+03
4.21496868e-07 9.50181010e+01 1.10436509e+03
4.21927874e-07 7.75283070e+01 1.05480389e+03
4.22358880e-07 8.92421045e+01 1.05070009e+03
4.22789886e-07 1.31472825e+02 1.06425941e+03
4.23220891e-07 1.52563626e+02 1.08637604e+03
4.23651897e-07 1.75278226e+02 1.13643312e+03
4.24082903e-07 1.69394928e+02 1.09666841e+03
4.24513909e-07 2.89560099e+02 1.17221323e+03
4.24944915e-07 1.35112987e+02 1.17241997e+03
4.25375921e-07 1.09254108e+02 1.15818498e+03
4.25806927e-07 2.69246524e+02 1.20950275e+03
4.26237933e-07 2.84216099e+02 1.24257580e+03
4.26668938e-07 3.40832866e+02 1.25615495e+03
4.27099944e-07 2.22512274e+02 1.18477501e+03
4.27530950e-07 4.63399240e+01 1.10726043e+03
4.27961956e-07 5.76746406e+01 1.12484035e+03
4.28392962e-07 1.03088801e+02 1.11975993e+03
4.28823968e-07 9.14522105e+01 1.11821004e+03
4.29254974e-07 2.97937900e+02 1.22471215e+03
4.29685979e-07 2.68672709e+02 1.21101748e+03
4.30116985e-07 1.97477892e+02 1.16081190e+03
4.30547991e-07 2.53578724e+02 1.19597004e+03
4.30978997e-07 1.63144746e+02 1.20160060e+03
4.31410003e-07 8.84061936e+01 1.23373030e+03
4.31841009e-07 1.25336177e+02 1.29624380e+03
4.32272015e-07 1.37771837e+02 1.26621424e+03
4.32703021e-07 3.62735149e+01 1.17989316e+03
4.33134026e-07 6.09933787e+01 1.21462489e+03
4.33565032e-07 1.58828135e+02 1.25115765e+03
4.33996038e-07 1.47585866e+02 1.20765435e+03
4.34427044e-07 1.73591634e+02 1.25481771e+03
4.34858050e-07 9.42004729e+01 1.24417545e+03
4.35289056e-07 1.41722328e+02 1.28012751e+03
4.35720062e-07 2.43262831e+02 1.33892599e+03
4.36151067e-07 2.56660182e+02 1.35662698e+03
4.36582073e-07 1.18445631e+02 1.35044925e+03
4.37013079e-07 1.71543523e+02 1.30307096e+03
4.37444085e-07 1.92366706e+02 1.34055401e+03
4.37875091e-07 2.24945362e+02 1.32925171e+03
4.38306097e-07 1.29879784e+02 1.28522438e+03
4.38737103e-07 1.98258293e+02 1.27082440e+03
4.39168109e-07 2.36061398e+02 1.37219758e+03
4.39599114e-07 2.86915200e+02 1.44074588e+03
4.40030120e-07 2.91640619e+02 1.43025086e+03
4.40461126e-07 3.47866585e+02 1.52559196e+03
4.40892132e-07 2.05237410e+02 1.52379687e+03
4.41323138e-07 1.50379783e+02 1.50708462e+03
4.41754144e-07 1.51013658e+02 1.52626211e+03
4.42185150e-07 2.50571041e+02 1.54261692e+03
4.42616155e-07 2.34881944e+02 1.54703678e+03
4.43047161e-07 9.07095789e+01 1.44252213e+03
4.43478167e-07 1.76674975e+02 1.48361256e+03
4.43909173e-07 2.43386961e+02 1.52820893e+03
4.44340179e-07 1.74315618e+02 1.47744310e+03
4.44771185e-07 1.41987191e+02 1.43929150e+03
4.45202191e-07 7.19720417e+01 1.40804943e+03
4.45633196e-07 2.77124319e+02 1.48169335e+03
4.46064202e-07 2.30558944e+02 1.44136021e+03
4.46495208e-07 5.08296815e+02 1.54091114e+03
4.46926214e-07 3.95110607e+02 1.53555033e+03
4.47357220e-07 2.85160770e+02 1.51492155e+03
4.47788226e-07 1.45600626e+02 1.45106158e+03
4.48219232e-07 1.67707395e+02 1.45964241e+03
4.48650238e-07 6.64066747e+01 1.43652661e+03
4.49081243e-07 2.97815959e+02 1.52101525e+03
4.49512249e-07 4.40601423e+02 1.59096698e+03
4.49943255e-07 3.95925861e+02 1.57394026e+03
4.50374261e-07 1.75726353e+02 1.56029079e+03
4.50805267e-07 1.36785859e+02 1.54096430e+03
4.51236273e-07 2.27811843e+02 1.52621866e+03
4.51667279e-07 5.78213328e+01 1.54070048e+03
4.52098284e-07 1.70380168e+02 1.62290433e+03
4.52529290e-07 3.70555833e+02 1.65006920e+03
4.52960296e-07 1.57249336e+02 1.58679113e+03
4.53391302e-07 3.47915788e+01 1.59890005e+03
4.53822308e-07 4.10363337e+02 1.73212556e+03
4.54253314e-07 3.59859415e+02 1.75011808e+03
4.54684320e-07 1.17221127e+02 1.60247981e+03
4.55115326e-07 7.37852151e+01 1.58212869e+03
4.55546331e-07 3.86443451e+02 1.72354355e+03
4.55977337e-07 2.08682927e+02 1.65000403e+03
4.56408343e-07 4.40472969e+02 1.74626736e+03
4.56839349e-07 9.70721397e+01 1.60800363e+03
4.57270355e-07 9.53764211e+01 1.62283012e+03
4.57701361e-07 2.96692564e+02 1.75353194e+03
4.58132367e-07 2.91655896e+02 1.72013939e+03
4.58563372e-07 3.47030922e+02 1.77057014e+03
4.58994378e-07 1.67549914e+02 1.69346618e+03
4.59425384e-07 4.41953560e+02 1.80095694e+03
4.59856390e-07 5.25622788e+02 1.83648848e+03
4.60287396e-07 3.48957242e+02 1.75492466e+03
4.60718402e-07 1.97820954e+02 1.72506484e+03
4.61149408e-07 2.76545698e+02 1.75792416e+03
4.61580413e-07 2.41856782e+02 1.71631445e+03
4.62011419e-07 3.52696766e+02 1.74088175e+03
4.62442425e-07 4.80134828e+02 1.86231493e+03
4.62873431e-07 1.96882948e+02 1.71295571e+03
4.63304437e-07 3.00066832e+02 1.75338375e+03
4.63735443e-07 3.56310170e+02 1.74257458e+03
4.64166449e-07 2.36950530e+02 1.73997718e+03
4.64597455e-07 1.86661648e+02 1.72409384e+03
4.65028460e-07 2.64106324e+02 1.76953477e+03
4.65459466e-07 5.13748659e+02 1.91143039e+03
4.65890472e-07 4.86449571e+02 1.88915790e+03
4.66321478e-07 2.85641408e+02 1.85617274e+03
4.66752484e-07 2.61288038e+02 1.84279414e+03
4.67183490e-07 3.73623754e+02 1.89892066e+03
4.67614496e-07 2.19948203e+02 1.86966745e+03
4.68045501e-07 2.30004600e+02 1.85596929e+03
4.68476507e-07 4.55413023e+02 1.94444415e+03
4.68907513e-07 4.68897077e+02 2.00335745e+03
4.69338519e-07 3.38034498e+02 1.87843946e+03
4.69769525e-07 2.10971206e+02 1.80824532e+03
4.70200531e-07 3.29536011e+02 1.87796805e+03
4.70631537e-07 2.82523449e+02 1.87797946e+03
4.71062543e-07 4.31747303e+02 1.91588585e+03
4.71493548e-07 5.22063600e+02 1.96608936e+03
4.71924554e-07 3.61998954e+02 1.98371155e+03
4.72355560e-07 2.55519000e+02 1.92352447e+03
4.72786566e-07 1.65638025e+02 1.81393452e+03
4.73217572e-07 3.00133298e+02 1.85665901e+03
4.73648578e-07 2.92731280e+02 1.86959873e+03
4.74079584e-07 1.97099260e+02 1.89607505e+03
4.74510589e-07 1.90454987e+02 1.90589762e+03
4.74941595e-07 2.89918293e+02 1.95790529e+03
4.75372601e-07 6.40781830e+02 2.06731898e+03
4.75803607e-07 4.37817355e+02 1.87517566e+03
4.76234613e-07 2.40658337e+02 1.88826587e+03
4.76665619e-07 3.03644367e+02 1.95486469e+03
4.77096625e-07 2.88127756e+02 1.92048953e+03
4.77527630e-07 4.21223051e+02 1.99275970e+03
4.77958636e-07 4.70728590e+02 2.02002983e+03
4.78389642e-07 3.89944543e+02 1.98117144e+03
4.78820648e-07 3.95531169e+02 2.04204158e+03
4.79251654e-07 5.02879289e+02 2.08514890e+03
4.79682660e-07 2.89305143e+02 1.99861814e+03
4.80113666e-07 2.69507908e+02 2.03215898e+03
4.80544672e-07 4.92374903e+02 2.08098000e+03
4.80975677e-07 5.25489986e+02 2.09663069e+03
4.81406683e-07 2.78728674e+02 2.03680023e+03
4.81837689e-07 2.16201758e+02 2.10941907e+03
4.82268695e-07 4.01176766e+02 2.21678751e+03
4.82699701e-07 3.64502120e+02 2.21419683e+03
4.83130707e-07 4.08250487e+02 2.25390941e+03
4.83561713e-07 4.35825507e+02 2.23441747e+03
4.83992718e-07 6.24744651e+02 2.27389644e+03
4.84423724e-07 5.90660219e+02 2.29306717e+03
4.84854730e-07 4.62920755e+02 2.17430729e+03
4.85285736e-07 3.87633620e+02 2.09624812e+03
4.85716742e-07 3.56435894e+02 2.00425340e+03
4.86147748e-07 3.70069425e+02 1.96321929e+03
4.86578754e-07 4.59612000e+02 2.01765755e+03
4.87009760e-07 4.88150232e+02 2.02311270e+03
4.87440765e-07 5.03615482e+02 2.09869128e+03
4.87871771e-07 6.38671667e+02 2.23860806e+03
4.88302777e-07 6.05945517e+02 2.21972585e+03
4.88733783e-07 4.40290579e+02 2.14205287e+03
4.89164789e-07 4.82177809e+02 2.23965638e+03
4.89595795e-07 4.45288773e+02 2.22787843e+03
4.90026801e-07 5.58475242e+02 2.22664984e+03
4.90457806e-07 7.65180604e+02 2.27398175e+03
4.90888812e-07 5.33725851e+02 2.18205499e+03
4.91319818e-07 4.92848490e+02 2.18530152e+03
4.91750824e-07 4.88915572e+02 2.12717734e+03
4.92181830e-07 3.21110988e+02 2.06606732e+03
4.92612836e-07 3.31645578e+02 2.10067218e+03
4.93043842e-07 5.89504407e+02 2.25753931e+03
4.93474848e-07 6.68742302e+02 2.26266813e+03
4.93905853e-07 4.65129175e+02 2.22242602e+03
4.94336859e-07 9.57313246e+02 2.44064836e+03
4.94767865e-07 6.75539701e+02 2.31392636e+03
4.95198871e-07 4.18612616e+02 2.21228869e+03
4.95629877e-07 6.00398327e+02 2.26647313e+03
4.96060883e-07 5.29067575e+02 2.25727035e+03
4.96491889e-07 5.19370603e+02 2.31438362e+03
4.96922894e-07 5.15768312e+02 2.30405398e+03
4.97353900e-07 5.29253478e+02 2.34492745e+03
4.97784906e-07 7.81564192e+02 2.45279222e+03
4.98215912e-07 6.78022134e+02 2.34948499e+03
4.98646918e-07 5.33830429e+02 2.24797981e+03
4.99077924e-07 6.12082633e+02 2.37772857e+03
4.99508930e-07 6.71365436e+02 2.47758997e+03
4.99939935e-07 6.30464687e+02 2.45384937e+03
5.00370941e-07 6.12124802e+02 2.34977985e+03
5.00801947e-07 6.04490971e+02 2.39288133e+03
5.01232953e-07 7.43916280e+02 2.37514588e+03
5.01663959e-07 8.52939934e+02 2.42839038e+03
5.02094965e-07 6.03565407e+02 2.34023232e+03
5.02525971e-07 7.33389101e+02 2.41165004e+03
5.02956977e-07 5.77602424e+02 2.45416352e+03
5.03387982e-07 6.43722376e+02 2.44289412e+03
5.03818988e-07 7.04233947e+02 2.41300695e+03
5.04249994e-07 5.01404644e+02 2.28646924e+03
5.04681000e-07 7.36020979e+02 2.44591980e+03
5.05112006e-07 8.64220815e+02 2.46083984e+03
5.05543012e-07 6.50722688e+02 2.47085212e+03
5.05974018e-07 4.79623914e+02 2.38309322e+03
5.06405023e-07 6.27610641e+02 2.45630882e+03
5.06836029e-07 8.93936537e+02 2.59485794e+03
5.07267035e-07 7.50179919e+02 2.53152663e+03
5.07698041e-07 5.50980222e+02 2.38032931e+03
5.08129047e-07 7.87494025e+02 2.44240236e+03
5.08560053e-07 9.56013795e+02 2.52996218e+03
5.08991059e-07 6.63934725e+02 2.50183748e+03
5.09422065e-07 3.05610649e+02 2.36510430e+03
5.09853070e-07 5.17828426e+02 2.41090043e+03
5.10284076e-07 6.73435683e+02 2.50808412e+03
5.10715082e-07 7.11378621e+02 2.54178791e+03
5.11146088e-07 7.62088276e+02 2.61054299e+03
5.11577094e-07 8.50860122e+02 2.63161843e+03
5.12008100e-07 8.97203320e+02 2.63421961e+03
5.12439106e-07 5.79562487e+02 2.47480747e+03
5.12870111e-07 6.51668639e+02 2.54887406e+03
5.13301117e-07 7.68993085e+02 2.66197138e+03
5.13732123e-07 7.17592781e+02 3.83746473e+03
5.14163129e-07 9.31341048e+02 3.97099704e+03
5.14594135e-07 7.86926058e+02 3.77239061e+03
5.15025141e-07 7.81550334e+02 3.84045758e+03
5.15456147e-07 1.21143224e+03 2.83441935e+03
5.15887152e-07 9.49064577e+02 2.72082563e+03
5.16318158e-07 5.73136751e+02 2.55152501e+03
5.16749164e-07 6.52255569e+02 2.48235104e+03
5.17180170e-07 6.28645588e+02 2.37538411e+03
5.17611176e-07 6.54268334e+02 2.50579894e+03
5.18042182e-07 7.97184466e+02 2.59339667e+03
5.18473188e-07 5.24126917e+02 2.51958908e+03
5.18904194e-07 8.35470387e+02 2.59588207e+03
5.19335199e-07 9.59529780e+02 2.80073412e+03
5.19766205e-07 8.28198672e+02 3.01054291e+03
5.20197211e-07 8.08838329e+02 2.92909087e+03
5.20628217e-07 9.95754189e+02 2.85426366e+03
5.21059223e-07 5.88218871e+02 2.63700325e+03
5.21490229e-07 6.53379317e+02 2.64688412e+03
5.21921235e-07 7.55311538e+02 2.73548670e+03
5.22352240e-07 8.42378154e+02 2.72150637e+03
5.22783246e-07 7.06151868e+02 2.63779500e+03
5.23214252e-07 8.39273732e+02 2.75285719e+03
5.23645258e-07 6.25564531e+02 2.70814207e+03
5.24076264e-07 7.28248856e+02 2.77695742e+03
5.24507270e-07 6.33563610e+02 2.72916478e+03
5.24938276e-07 5.23754771e+02 2.65013058e+03
5.25369282e-07 9.43104801e+02 2.82286122e+03
5.25800287e-07 8.22305133e+02 2.77867958e+03
5.26231293e-07 6.15553198e+02 2.61850418e+03
5.26662299e-07 5.47184610e+02 2.54216225e+03
5.27093305e-07 6.41917011e+02 2.60200899e+03
5.27524311e-07 6.65390522e+02 2.65982820e+03
5.27955317e-07 6.99104878e+02 2.69239707e+03
5.28386323e-07 8.84923725e+02 2.71966323e+03
5.28817328e-07 5.51661930e+02 2.65055953e+03
5.29248334e-07 6.93818086e+02 2.78041829e+03
5.29679340e-07 9.45131049e+02 2.90353811e+03
5.30110346e-07 8.78022477e+02 2.86676854e+03
5.30541352e-07 5.58174231e+02 2.68963468e+03
5.30972358e-07 5.54519235e+02 2.84733122e+03
5.31403364e-07 5.13722828e+02 2.79129548e+03
5.31834370e-07 8.95679942e+02 2.95033840e+03
5.32265375e-07 8.80638846e+02 2.86723865e+03
5.32696381e-07 7.42600090e+02 2.87512862e+03
5.33127387e-07 6.49455818e+02 2.86070665e+03
5.33558393e-07 7.68473610e+02 2.85678308e+03
5.33989399e-07 9.58633861e+02 2.93601847e+03
5.34420405e-07 1.11970335e+03 3.05498750e+03
5.34851411e-07 1.03746908e+03 3.03140336e+03
5.35282416e-07 6.88624229e+02 2.86847621e+03
5.35713422e-07 7.08494944e+02 2.83497587e+03
5.36144428e-07 4.61837520e+02 2.73876000e+03
5.36575434e-07 5.72981206e+02 2.77878878e+03
5.37006440e-07 8.33379968e+02 2.87895026e+03
5.37437446e-07 6.90557687e+02 2.81486724e+03
5.37868452e-07 6.86800547e+02 2.86024716e+03
5.38299457e-07 9.52595456e+02 2.90893401e+03
5.38730463e-07 5.89528108e+02 2.82942864e+03
5.39161469e-07 9.64567643e+02 2.92853953e+03
5.39592475e-07 6.91675695e+02 2.77830457e+03
5.40023481e-07 6.66462986e+02 2.77443718e+03
5.40454487e-07 7.75275494e+02 2.78713470e+03
5.40885493e-07 9.32316964e+02 2.84716666e+03
5.41316499e-07 7.66318260e+02 2.81806095e+03
5.41747504e-07 7.30826565e+02 2.89320338e+03
5.42178510e-07 7.07000859e+02 2.84567905e+03
5.42609516e-07 7.42272648e+02 2.82265706e+03
5.43040522e-07 9.28495704e+02 2.94265689e+03
5.43471528e-07 8.73288490e+02 2.96578874e+03
5.43902534e-07 8.46652805e+02 2.99174845e+03
5.44333540e-07 3.72848450e+02 2.83672898e+03
5.44764545e-07 9.03449603e+02 2.96707217e+03
5.45195551e-07 8.38965780e+02 2.97802042e+03
5.45626557e-07 9.85781229e+02 3.10817967e+03
5.46057563e-07 9.97623259e+02 3.16520757e+03
5.46488569e-07 9.80110008e+02 3.17446244e+03
5.46919575e-07 1.14604370e+03 3.17378102e+03
5.47350581e-07 8.46646630e+02 3.02126140e+03
5.47781587e-07 7.10078794e+02 2.97656829e+03
5.48212592e-07 5.47648966e+02 2.91037925e+03
5.48643598e-07 9.17681437e+02 3.05028559e+03
5.49074604e-07 1.23374987e+03 3.24373008e+03
5.49505610e-07 8.36663222e+02 3.11288639e+03
5.49936616e-07 8.69288088e+02 3.20025408e+03
5.50367622e-07 1.16186680e+03 3.23978575e+03
5.50798628e-07 1.25553752e+03 3.32092439e+03
5.51229633e-07 1.43202624e+03 3.43703464e+03
5.51660639e-07 7.76648450e+02 3.18541997e+03
5.52091645e-07 6.53153413e+02 3.11209492e+03
5.52522651e-07 1.00771020e+03 3.21635461e+03
5.52953657e-07 1.01863815e+03 3.22909685e+03
5.53384663e-07 7.20932314e+02 3.14848336e+03
5.53815669e-07 9.99996080e+02 3.36577132e+03
5.54246674e-07 6.84191650e+02 3.24745332e+03
5.54677680e-07 8.91074116e+02 3.33503291e+03
5.55108686e-07 9.10653254e+02 3.32025280e+03
5.55539692e-07 7.45807722e+02 3.14136570e+03
5.55970698e-07 9.32681372e+02 3.32919794e+03
5.56401704e-07 7.37008056e+02 3.36469994e+03
5.56832710e-07 1.32231331e+03 6.33263507e+03
5.57263716e-07 6.47155625e+02 2.50543736e+04
5.58125727e-07 2.62373827e+02 3.17548647e+04
5.58987739e-07 5.05194284e+01 4.16245759e+03
5.59418745e-07 8.55057949e+02 3.49946333e+03
5.59849751e-07 9.84014469e+02 3.48706493e+03
5.60280757e-07 1.14316544e+03 3.51274934e+03
5.60711762e-07 8.79068599e+02 3.46306595e+03
5.61142768e-07 9.80785418e+02 3.42679697e+03
5.61573774e-07 1.34273340e+03 3.51000969e+03
5.62004780e-07 1.04599891e+03 3.42998140e+03
5.62435786e-07 8.89277600e+02 3.43514720e+03
5.62866792e-07 9.64103186e+02 3.47322138e+03
5.63297798e-07 8.08799833e+02 3.24973083e+03
5.63728804e-07 7.37003312e+02 3.21916677e+03
5.64159809e-07 9.51274229e+02 3.35592698e+03
5.64590815e-07 1.03601935e+03 3.48649427e+03
5.65021821e-07 1.08937183e+03 3.44544017e+03
5.65452827e-07 8.30354653e+02 3.30327046e+03
5.65883833e-07 9.54855330e+02 3.29767368e+03
5.66314839e-07 8.43347217e+02 3.27068577e+03
5.66745845e-07 6.96898988e+02 3.31098403e+03
5.67176850e-07 8.51187817e+02 3.42070191e+03
5.67607856e-07 8.88948784e+02 3.41077868e+03
5.68038862e-07 9.93354940e+02 3.47333697e+03
5.68469868e-07 9.58005207e+02 3.41572875e+03
5.68900874e-07 7.81648983e+02 3.37302771e+03
5.69331880e-07 8.88933665e+02 3.46111999e+03
5.69762886e-07 9.53280628e+02 3.50590186e+03
5.70193891e-07 7.22541023e+02 3.40926276e+03
5.70624897e-07 7.26996664e+02 3.40584091e+03
5.71055903e-07 1.05725175e+03 3.49230377e+03
5.71486909e-07 8.05863872e+02 3.42481064e+03
5.71917915e-07 8.57368591e+02 3.44505959e+03
5.72348921e-07 8.02438178e+02 3.46805312e+03
5.72779927e-07 8.74006622e+02 3.48912848e+03
5.73210933e-07 1.06928698e+03 3.61648315e+03
5.73641938e-07 1.07959590e+03 3.54926829e+03
5.74072944e-07 7.14148449e+02 3.43720817e+03
5.74503950e-07 9.12292904e+02 3.43410418e+03
5.74934956e-07 1.10904765e+03 3.55320957e+03
5.75365962e-07 1.21499071e+03 3.59712531e+03
5.75796968e-07 1.08373371e+03 3.48471391e+03
5.76227974e-07 1.15202499e+03 3.59116597e+03
5.76658979e-07 1.17309931e+03 3.64794141e+03
5.77089985e-07 8.30963868e+02 3.52453297e+03
5.77520991e-07 9.41282219e+02 3.49205994e+03
5.77951997e-07 5.96055570e+02 3.33149267e+03
5.78383003e-07 9.09872905e+02 3.37290903e+03
5.78814009e-07 1.38329634e+03 3.53811686e+03
5.79245015e-07 1.08584399e+03 3.43577020e+03
5.79676021e-07 1.06688600e+03 3.53178024e+03
5.80107026e-07 1.16252317e+03 3.59281102e+03
5.80538032e-07 1.03855013e+03 3.61795001e+03
5.80969038e-07 1.25945170e+03 3.72655931e+03
5.81400044e-07 1.19728171e+03 3.70287441e+03
5.81831050e-07 1.29639326e+03 3.65676195e+03
5.82262056e-07 1.06961088e+03 3.65599349e+03
5.82693062e-07 1.11816615e+03 3.70194321e+03
5.83124067e-07 1.09295833e+03 3.67802196e+03
5.83555073e-07 9.56837431e+02 3.58881862e+03
5.83986079e-07 1.13807096e+03 3.67229174e+03
5.84417085e-07 9.91713569e+02 3.64416907e+03
5.84848091e-07 8.49905955e+02 3.54258438e+03
5.85279097e-07 7.97074559e+02 3.53129868e+03
5.85710103e-07 9.72086270e+02 3.61879055e+03
5.86141109e-07 1.27162601e+03 4.01571880e+03
5.86572114e-07 1.08565079e+03 4.26303490e+03
5.87003120e-07 1.15901448e+03 4.21086204e+03
5.87434126e-07 1.05258186e+03 4.01132051e+03
5.87865132e-07 1.16166991e+03 3.96766183e+03
5.88296138e-07 1.06521983e+03 4.71884929e+03
5.88727144e-07 6.75560854e+02 6.72718174e+03
5.89158150e-07 8.33578926e+02 7.92679236e+03
5.89589155e-07 8.96502110e+02 6.93454548e+03
5.90020161e-07 1.18088391e+03 5.24279797e+03
5.90451167e-07 1.30269730e+03 4.33948226e+03
5.90882173e-07 1.01788186e+03 4.05431472e+03
5.91313179e-07 1.20160872e+03 4.23051332e+03
5.91744185e-07 1.19110903e+03 4.25433438e+03
5.92175191e-07 9.99732560e+02 4.03694925e+03
5.92606196e-07 1.17749221e+03 4.20482161e+03
5.93037202e-07 1.13253073e+03 4.46732158e+03
5.93468208e-07 1.07016364e+03 4.24664796e+03
5.93899214e-07 9.64536877e+02 4.02859798e+03
5.94330220e-07 1.11059827e+03 4.01709894e+03
5.94761226e-07 1.35330262e+03 4.17479520e+03
5.95192232e-07 1.19544285e+03 4.29568688e+03
5.95623238e-07 9.10317741e+02 4.17797016e+03
5.96054243e-07 8.91438984e+02 3.94938236e+03
5.96485249e-07 9.99569108e+02 3.98586249e+03
5.96916255e-07 1.10626702e+03 4.07147060e+03
5.97347261e-07 7.37803494e+02 4.04849547e+03
5.97778267e-07 9.70372523e+02 4.06815842e+03
5.98209273e-07 1.06323124e+03 3.98357501e+03
5.98640279e-07 1.11637895e+03 3.90771727e+03
5.99071284e-07 1.11684400e+03 3.90314447e+03
5.99502290e-07 1.36525756e+03 4.00578264e+03
5.99933296e-07 1.04197595e+03 4.05545885e+03
6.00364302e-07 5.72168861e+02 3.82054256e+03
6.00795308e-07 1.07997299e+03 3.87013828e+03
6.01226314e-07 1.14460491e+03 3.81540455e+03
6.01657320e-07 8.41297146e+02 3.67360902e+03
6.02088326e-07 1.24780583e+03 3.78602575e+03
6.02519331e-07 1.05437493e+03 3.73789037e+03
6.02950337e-07 1.22762904e+03 3.89826242e+03
6.03381343e-07 1.13927198e+03 3.98758414e+03
6.03812349e-07 1.07163712e+03 3.81708073e+03
6.04243355e-07 5.57961391e+02 3.53496365e+03
6.04674361e-07 1.10898797e+03 3.77664579e+03
6.05105367e-07 9.67821255e+02 3.67150239e+03
6.05536372e-07 1.16160470e+03 3.77138824e+03
6.05967378e-07 1.19356631e+03 3.79327760e+03
6.06398384e-07 9.74924613e+02 3.78773089e+03
6.06829390e-07 1.07428407e+03 3.75567377e+03
6.07260396e-07 1.16198894e+03 3.86298378e+03
6.07691402e-07 1.26740276e+03 3.88665009e+03
6.08122408e-07 1.19666394e+03 3.75156573e+03
6.08553413e-07 1.39546602e+03 3.87981433e+03
6.08984419e-07 1.08441934e+03 3.79743713e+03
6.09415425e-07 1.11738199e+03 3.75608108e+03
6.09846431e-07 8.57021604e+02 3.69878659e+03
6.10277437e-07 1.05121798e+03 3.73872626e+03
6.10708443e-07 1.38019485e+03 3.88297129e+03
6.11139449e-07 1.30520804e+03 3.81696999e+03
6.11570455e-07 1.51322181e+03 3.94109698e+03
6.12001460e-07 1.03941695e+03 3.70225694e+03
6.12432466e-07 1.41225595e+03 5.42497513e+03
6.12863472e-07 1.68385430e+03 5.59903119e+03
6.13294478e-07 1.47766642e+03 5.54178736e+03
6.13725484e-07 6.89141723e+02 5.36485726e+03
6.14156490e-07 5.29675473e+02 5.30325779e+03
6.14587496e-07 1.62219117e+03 4.09089568e+03
6.15018501e-07 1.41197730e+03 3.98085487e+03
6.15449507e-07 2.52087816e+03 4.41251167e+03
6.15880513e-07 1.83553780e+03 4.09421806e+03
6.16311519e-07 1.18336910e+03 3.87183637e+03
6.16742525e-07 1.28625945e+03 3.96974204e+03
6.17173531e-07 1.19418174e+03 4.02759261e+03
6.17604537e-07 1.35361702e+03 4.02725653e+03
6.18035543e-07 1.04373911e+03 3.78565136e+03
6.18466548e-07 1.33997726e+03 3.90607731e+03
6.18897554e-07 1.19415506e+03 3.83897942e+03
6.19328560e-07 1.43035387e+03 3.96090320e+03
6.19759566e-07 1.41171375e+03 4.01652827e+03
6.20190572e-07 9.83842129e+02 3.93452220e+03
6.20621578e-07 1.16073321e+03 3.97838761e+03
6.21052584e-07 1.27276207e+03 4.05836537e+03
6.21483589e-07 1.18883361e+03 3.93890583e+03
6.21914595e-07 1.36008988e+03 4.13332577e+03
6.22345601e-07 1.30032681e+03 4.09597725e+03
6.22776607e-07 5.95335530e+02 3.90017686e+03
6.23207613e-07 1.42521800e+03 4.86455986e+03
6.23638619e-07 9.28700971e+02 5.11721676e+03
6.24069625e-07 1.28336015e+03 4.93312102e+03
6.24500630e-07 1.06829385e+03 4.33068929e+03
6.24931636e-07 7.34817292e+02 3.90692065e+03
6.25362642e-07 1.10212408e+03 4.48870553e+03
6.25793648e-07 1.12283467e+03 5.10536586e+03
6.26224654e-07 1.22897601e+03 4.78267491e+03
6.26655660e-07 1.31601627e+03 4.51755391e+03
6.27086666e-07 1.29591357e+03 4.19727387e+03
6.27517672e-07 8.91506226e+02 3.87620673e+03
6.27948677e-07 1.16641061e+03 4.10260714e+03
6.28379683e-07 1.86545485e+03 4.67652442e+03
6.28810689e-07 1.30281417e+03 4.74259259e+03
6.29241695e-07 4.12376240e+02 6.02829573e+03
6.29672701e-07 1.02384096e+03 1.29520956e+04
6.30103707e-07 1.57524732e+03 1.70148487e+04
6.30534713e-07 6.68563132e+02 1.07524029e+04
6.30965718e-07 8.31571543e+02 5.62164447e+03
6.31396724e-07 7.56105142e+02 4.02381597e+03
6.31827730e-07 1.25939929e+03 4.18273311e+03
6.32258736e-07 8.79782435e+02 4.28741889e+03
6.32689742e-07 1.33452932e+03 4.83956707e+03
6.33120748e-07 1.29037413e+03 4.83112084e+03
6.33551754e-07 1.53476119e+03 4.37475981e+03
6.33982760e-07 9.45944785e+02 5.65589582e+03
6.34413765e-07 9.50763917e+02 5.80746251e+03
6.34844771e-07 1.03814631e+03 6.04349339e+03
6.35275777e-07 1.04286976e+03 4.43520418e+03
6.35706783e-07 1.28168864e+03 5.66059016e+03
6.36137789e-07 1.08916879e+03 7.86593891e+03
6.36568795e-07 9.07554185e+02 7.68772144e+03
6.36999801e-07 1.42999760e+03 5.36407138e+03
6.37430806e-07 1.39939454e+03 4.18773551e+03
6.37861812e-07 1.40183373e+03 4.14243824e+03
6.38292818e-07 1.05285749e+03 4.20281278e+03
6.38723824e-07 1.30006826e+03 4.22434051e+03
6.39154830e-07 1.39993428e+03 4.10357988e+03
6.39585836e-07 1.65401479e+03 4.03977264e+03
6.40016842e-07 1.77030796e+03 4.04688340e+03
6.40447848e-07 1.47664954e+03 3.92864038e+03
6.40878853e-07 1.36466858e+03 3.88141431e+03
6.41309859e-07 1.55958861e+03 3.99672433e+03
6.41740865e-07 1.29087941e+03 3.98728889e+03
6.42171871e-07 1.32611434e+03 3.99218135e+03
6.42602877e-07 1.34460481e+03 3.89620944e+03
6.43033883e-07 1.24526782e+03 3.84412821e+03
6.43464889e-07 1.14681505e+03 3.81014191e+03
6.43895894e-07 1.30763278e+03 3.92828700e+03
6.44326900e-07 1.42442057e+03 3.94409559e+03
6.44757906e-07 1.30339401e+03 4.04919720e+03
6.45188912e-07 1.40264141e+03 4.17337055e+03
6.45619918e-07 1.18230697e+03 4.12677265e+03
6.46050924e-07 1.39518678e+03 4.44668326e+03
6.46481930e-07 1.32333305e+03 4.90020674e+03
6.46912935e-07 9.67431589e+02 4.84906757e+03
6.47343941e-07 6.76100099e+02 4.38163977e+03
6.47774947e-07 9.37635338e+02 4.17936989e+03
6.48205953e-07 1.68141141e+03 4.12833438e+03
6.48636959e-07 1.46953917e+03 3.90336723e+03
6.49067965e-07 1.35393118e+03 4.05685485e+03
6.49498971e-07 1.98582338e+03 5.02829237e+03
6.49929977e-07 1.72234312e+03 5.50381182e+03
6.50360982e-07 1.20663798e+03 4.92079194e+03
6.50791988e-07 1.10190494e+03 4.35445274e+03
6.51222994e-07 1.37030528e+03 4.22077705e+03
6.51654000e-07 1.58077999e+03 4.23509875e+03
6.52085006e-07 1.01257337e+03 4.12288806e+03
6.52516012e-07 1.16736056e+03 4.22847459e+03
6.52947018e-07 1.52122783e+03 4.94029492e+03
6.53378023e-07 1.59034565e+03 5.10202658e+03
6.53809029e-07 1.54463894e+03 4.83498486e+03
6.54240035e-07 1.80174824e+03 4.78313668e+03
6.54671041e-07 1.58676960e+03 4.74027578e+03
6.55102047e-07 1.05791433e+03 4.96405253e+03
6.55533053e-07 1.44281855e+03 5.08126368e+03
6.55964059e-07 1.31590982e+03 4.42987804e+03
6.56395065e-07 1.45874762e+03 4.30348171e+03
6.56826070e-07 1.59479471e+03 4.60123176e+03
6.57257076e-07 1.47016462e+03 4.87775851e+03
6.57688082e-07 1.76775158e+03 5.23720060e+03
6.58119088e-07 1.91070465e+03 4.94669973e+03
6.58550094e-07 1.81284317e+03 4.45102189e+03
6.58981100e-07 1.62089628e+03 4.27330539e+03
6.59412106e-07 1.55954910e+03 4.32292936e+03
6.59843111e-07 1.81583686e+03 4.66841860e+03
6.60274117e-07 1.59180014e+03 4.70744179e+03
6.60705123e-07 1.36252826e+03 4.44537708e+03
6.61136129e-07 1.16767587e+03 4.05741396e+03
6.61567135e-07 1.24969564e+03 4.06173396e+03
6.61998141e-07 1.74014365e+03 4.29427313e+03
6.62429147e-07 1.38749092e+03 4.19634063e+03
6.62860152e-07 1.60057965e+03 4.33014522e+03
6.63291158e-07 1.34002953e+03 4.35303820e+03
6.63722164e-07 1.55985468e+03 4.38807243e+03
6.64153170e-07 1.52832020e+03 4.25384413e+03
6.64584176e-07 1.53310502e+03 4.13103753e+03
6.65015182e-07 1.72316841e+03 4.22515426e+03
6.65446188e-07 1.48301233e+03 4.20887746e+03
6.65877194e-07 1.16996896e+03 4.06824468e+03
6.66308199e-07 1.33626866e+03 4.19146551e+03
6.66739205e-07 1.61275958e+03 4.31419642e+03
6.67170211e-07 1.68008684e+03 4.37357349e+03
6.67601217e-07 1.80639790e+03 4.30959277e+03
6.68032223e-07 1.20410197e+03 4.04805354e+03
6.68463229e-07 1.73861491e+03 4.26709876e+03
6.68894235e-07 1.73256890e+03 4.31271952e+03
6.69325240e-07 1.10745893e+03 4.12229674e+03
6.69756246e-07 1.20896914e+03 4.17979731e+03
6.70187252e-07 1.23733562e+03 4.17319737e+03
6.70618258e-07 1.36942375e+03 4.23452210e+03
6.71049264e-07 1.64186287e+03 4.32331843e+03
6.71480270e-07 1.28293025e+03 4.13812251e+03
6.71911276e-07 1.10482606e+03 4.12516558e+03
6.72342282e-07 1.68251307e+03 4.20311476e+03
6.72773287e-07 1.50271868e+03 4.17131799e+03
6.73204293e-07 1.74190637e+03 4.36931708e+03
6.73635299e-07 1.42755873e+03 4.29600171e+03
6.74066305e-07 1.67109424e+03 4.39750897e+03
6.74497311e-07 1.33699889e+03 4.22742757e+03
6.74928317e-07 1.10451139e+03 4.05731245e+03
6.75359323e-07 1.55089270e+03 4.20447652e+03
6.75790328e-07 1.83801163e+03 4.31868318e+03
6.76221334e-07 1.72176319e+03 4.24250661e+03
6.76652340e-07 2.02335947e+03 4.37742317e+03
6.77083346e-07 1.31595755e+03 4.07322820e+03
6.77514352e-07 1.33528025e+03 4.12744528e+03
6.77945358e-07 1.31729570e+03 4.10843214e+03
6.78376364e-07 2.08154047e+03 4.51755298e+03
6.78807370e-07 1.22699273e+03 4.10838563e+03
6.79238375e-07 1.43306997e+03 4.15128938e+03
6.79669381e-07 2.04855629e+03 4.40570503e+03
6.80100387e-07 1.27395588e+03 4.07613711e+03
6.80531393e-07 1.15045690e+03 4.06277910e+03
6.80962399e-07 1.58215269e+03 4.21293107e+03
6.81393405e-07 1.63685582e+03 4.17858159e+03
6.81824411e-07 1.63684277e+03 4.18926579e+03
6.82255416e-07 1.26236817e+03 4.81067087e+03
6.82686422e-07 1.09240799e+03 6.40307185e+03
6.83117428e-07 1.48370902e+03 7.72463009e+03
6.83548434e-07 2.43908016e+03 7.22181198e+03
6.83979440e-07 1.22702927e+03 5.36513062e+03
6.84410446e-07 1.46970770e+03 4.70608125e+03
6.84841452e-07 1.38332854e+03 4.37521351e+03
6.85272457e-07 1.31858768e+03 4.28167456e+03
6.85703463e-07 6.77802763e+02 4.87395026e+03
6.86134469e-07 1.10409928e+03 6.91398772e+03
6.86565475e-07 1.58962207e+03 7.26504966e+03
6.86996481e-07 2.36683758e+02 4.66473424e+03
6.87427487e-07 6.66407955e+02 3.84169501e+03
6.87858493e-07 7.14892351e+02 3.93682445e+03
6.88289499e-07 1.64364165e+03 4.71102451e+03
6.88720504e-07 1.36769683e+03 4.68310423e+03
6.89151510e-07 1.28734136e+03 4.52490984e+03
6.89582516e-07 1.08540465e+03 4.43774699e+03
6.90013522e-07 8.97669950e+02 4.48977708e+03
6.90444528e-07 1.21827508e+03 4.39680371e+03
6.90875534e-07 2.02428259e+03 5.04035375e+03
6.91306540e-07 1.78320670e+03 5.18133630e+03
6.91737545e-07 1.35335971e+03 5.30827028e+03
6.92168551e-07 1.58250756e+03 6.03017529e+03
6.92599557e-07 1.43112706e+03 5.50375350e+03
6.93030563e-07 1.26312514e+03 4.39973935e+03
6.93461569e-07 1.63063761e+03 4.58112567e+03
6.93892575e-07 1.16504706e+03 4.95987986e+03
6.94323581e-07 9.59736863e+02 5.22588064e+03
6.94754587e-07 1.75213780e+03 6.25551487e+03
6.95185592e-07 1.19389791e+03 5.56732104e+03
6.95616598e-07 1.58390654e+03 4.66182279e+03
6.96047604e-07 1.42469964e+03 4.29735042e+03
6.96478610e-07 1.43840414e+03 4.59943721e+03
6.96909616e-07 1.55601293e+03 5.09520877e+03
6.97340622e-07 1.41519800e+03 5.35322421e+03
6.97771628e-07 2.16934038e+03 5.94942377e+03
6.98202633e-07 1.65407995e+03 5.36280686e+03
6.98633639e-07 1.08072575e+03 4.34049435e+03
6.99064645e-07 1.45683635e+03 4.30125119e+03
6.99495651e-07 8.57130664e+02 4.11479301e+03
6.99926657e-07 1.39547368e+03 4.46333670e+03
7.00357663e-07 1.65568164e+03 4.71572983e+03
7.00788669e-07 1.45742271e+03 4.82581964e+03
7.01219674e-07 1.10386912e+03 4.53965022e+03
7.01650680e-07 1.47808162e+03 4.32506961e+03
7.02081686e-07 1.38682773e+03 3.99260231e+03
7.02512692e-07 1.57988102e+03 4.09130506e+03
7.02943698e-07 1.48919937e+03 4.15351736e+03
7.03374704e-07 1.53697644e+03 4.13921247e+03
7.03805710e-07 1.55177492e+03 4.30852367e+03
7.04236716e-07 1.07012396e+03 4.47487385e+03
7.04667721e-07 1.37348596e+03 4.88465833e+03
7.05098727e-07 1.46746916e+03 5.00280291e+03
7.05529733e-07 1.26247642e+03 4.43857414e+03
7.05960739e-07 8.68562192e+02 4.20594408e+03
7.06391745e-07 1.41440401e+03 4.51690285e+03
7.06822751e-07 1.33130162e+03 4.56978394e+03
7.07253757e-07 1.94394459e+03 4.78189601e+03
7.07684762e-07 1.85013911e+03 4.72012349e+03
7.08115768e-07 1.49119788e+03 4.59724249e+03
7.08546774e-07 1.94828476e+03 4.83450124e+03
7.08977780e-07 1.71282695e+03 4.64657845e+03
7.09408786e-07 1.21158851e+03 4.25204664e+03
7.09839792e-07 1.24133147e+03 4.13899653e+03
7.10270798e-07 1.36631786e+03 4.27505440e+03
7.10701804e-07 1.44191004e+03 4.31827409e+03
7.11132809e-07 1.53810865e+03 4.28112159e+03
7.11563815e-07 1.29537098e+03 4.12353713e+03
7.11994821e-07 1.33921199e+03 4.20627834e+03
7.12425827e-07 1.69045420e+03 4.46392586e+03
7.12856833e-07 1.77679839e+03 4.54957774e+03
7.13287839e-07 1.56242091e+03 4.41095569e+03
7.13718845e-07 1.14413323e+03 4.26617450e+03
7.14149850e-07 1.17062327e+03 4.52372040e+03
7.14580856e-07 1.54773537e+03 4.78317540e+03
7.15011862e-07 1.77708068e+03 4.67579775e+03
7.15442868e-07 1.46314057e+03 4.36484829e+03
7.15873874e-07 1.27211720e+03 4.31969367e+03
7.16304880e-07 1.78310602e+03 4.56920035e+03
7.16735886e-07 1.75542283e+03 4.40797315e+03
7.17166891e-07 1.17553293e+03 4.01653980e+03
7.17597897e-07 1.19300867e+03 3.96034925e+03
7.18028903e-07 1.12110087e+03 4.00794543e+03
7.18459909e-07 1.14521418e+03 3.73630982e+03
7.18890915e-07 1.28195846e+03 3.63440451e+03
7.19321921e-07 1.20113323e+03 3.63246914e+03
7.19752927e-07 9.59985186e+02 3.54755723e+03
7.20183933e-07 1.29110054e+03 3.77768821e+03
7.20614938e-07 1.49834916e+03 3.87646858e+03
7.21045944e-07 1.69271317e+03 3.97092546e+03
7.21476950e-07 2.90067300e+03 4.65928356e+03
7.21907956e-07 3.80606474e+03 5.21706898e+03
7.22338962e-07 3.00359449e+03 4.89860326e+03
7.22769968e-07 1.68467573e+03 4.30157619e+03
7.23200974e-07 1.61083776e+03 4.73666798e+03
7.23631979e-07 1.46202449e+03 7.47679068e+03
7.24062985e-07 1.61875833e+03 1.10752407e+04
7.24493991e-07 2.47935941e+03 1.12779513e+04
7.24924997e-07 2.21178531e+03 7.86480103e+03
7.25356003e-07 1.34445745e+03 5.41070238e+03
7.25787009e-07 1.27697607e+03 4.68356457e+03
7.26218015e-07 1.22267312e+03 4.14133884e+03
7.26649021e-07 1.13788551e+03 4.53605715e+03
7.27080026e-07 1.36999661e+03 6.81161467e+03
7.27511032e-07 7.15579811e+02 9.96242259e+03
7.27942038e-07 1.63910902e+03 9.86398121e+03
7.28373044e-07 1.14846660e+03 7.81882621e+03
7.28804050e-07 1.26270682e+03 6.19189705e+03
7.29235056e-07 1.43723118e+03 5.08904417e+03
7.29666062e-07 1.55436343e+03 5.25954384e+03
7.30097067e-07 7.77857954e+02 5.49432392e+03
7.30528073e-07 1.16589343e+03 5.50402184e+03
7.30959079e-07 1.75091496e+03 6.39701246e+03
7.31390085e-07 1.85357717e+03 9.05021921e+03
7.31821091e-07 2.09247887e+03 9.40788524e+03
7.32252097e-07 1.75086961e+03 6.50711417e+03
7.32683103e-07 1.33543074e+03 6.34329795e+03
7.33114109e-07 1.50296203e+03 6.67791361e+03
7.33545114e-07 1.48445306e+03 1.33262518e+04
7.33976120e-07 2.65019945e+03 1.88886291e+04
7.34407126e-07 2.84799768e+03 1.60550399e+04
7.34838132e-07 1.12020836e+03 9.04458804e+03
7.35269138e-07 1.14088030e+03 9.35704099e+03
7.35700144e-07 1.16096254e+03 1.08684334e+04
7.36131150e-07 1.55973376e+03 1.16276394e+04
7.36562155e-07 8.72258694e+02 1.28483329e+04
7.36993161e-07 5.18498305e+02 8.74828098e+03
7.37424167e-07 1.24278255e+03 6.65525543e+03
7.37855173e-07 7.95790553e+02 4.62394047e+03
7.38286179e-07 1.45823290e+03 4.68669125e+03
7.38717185e-07 2.12985921e+03 5.52652655e+03
7.39148191e-07 1.89146649e+03 6.19298597e+03
7.39579196e-07 1.27783909e+03 6.53441509e+03
7.40010202e-07 8.37302911e+02 7.58841481e+03
7.40441208e-07 2.12250609e+03 7.48456334e+03
7.40872214e-07 1.31300942e+03 5.09516156e+03
7.41303220e-07 1.18584603e+03 4.67238858e+03
7.41734226e-07 1.56531339e+03 4.55736126e+03
7.42165232e-07 1.51841896e+03 4.54895394e+03
7.42596238e-07 1.66233016e+03 5.11246236e+03
7.43027243e-07 1.61232296e+03 5.69227262e+03
7.43458249e-07 1.64969452e+03 6.06027494e+03
7.43889255e-07 1.42611514e+03 6.13355068e+03
7.44320261e-07 1.29733099e+03 5.33034742e+03
7.44751267e-07 1.30317997e+03 4.43674218e+03
7.45182273e-07 1.52203632e+03 4.39593245e+03
7.45613279e-07 8.71098314e+02 4.39114969e+03
7.46044284e-07 1.19690865e+03 4.94733205e+03
7.46475290e-07 1.96904532e+03 5.78824247e+03
7.46906296e-07 1.13647837e+03 6.02256046e+03
7.47337302e-07 2.14585743e+03 6.94569238e+03
7.47768308e-07 1.16976338e+03 6.90629290e+03
7.48199314e-07 1.07381562e+03 6.97178350e+03
7.48630320e-07 1.51140515e+03 5.99368584e+03
7.49061326e-07 8.89331613e+02 4.88508614e+03
7.49492331e-07 1.36903579e+03 4.97059198e+03
7.49923337e-07 1.29573312e+03 4.70910747e+03
7.50354343e-07 1.46595446e+03 4.69347131e+03
7.50785349e-07 1.26850931e+03 4.33537132e+03
7.51216355e-07 1.24243630e+03 4.54726591e+03
7.51647361e-07 1.47929097e+03 5.43234300e+03
7.52078367e-07 1.55145204e+03 7.85303111e+03
7.52509372e-07 1.74409011e+03 9.18027911e+03
7.52940378e-07 8.71067429e+02 7.00414317e+03
7.53371384e-07 7.81209356e+02 5.34413055e+03
7.53802390e-07 1.42792528e+03 5.08285213e+03
7.54233396e-07 8.11099362e+02 4.49012112e+03
7.54664402e-07 1.50317675e+03 4.69459677e+03
7.55095408e-07 1.75244746e+03 4.91913044e+03
7.55526413e-07 9.85068416e+02 5.08918308e+03
7.55957419e-07 1.75372417e+03 5.49760651e+03
7.56388425e-07 1.40588437e+03 5.22149831e+03
7.56819431e-07 8.37190806e+02 6.42344493e+03
7.57250437e-07 7.12306612e+02 7.41807841e+03
7.57681443e-07 7.16039884e+02 5.71322771e+03
7.58112449e-07 1.56331621e+03 5.28477491e+03
7.58543455e-07 1.33906476e+03 5.57666353e+03
7.58974460e-07 6.95970970e+02 4.80597910e+03
7.59405466e-07 6.47448025e+02 4.22154024e+03
7.59836472e-07 5.62894259e+02 3.89748828e+03
7.60267478e-07 3.37102829e+01 2.92777320e+03
7.60698484e-07 4.56115732e+02 2.74847849e+03
7.61129490e-07 6.27360725e+02 3.22885687e+03
7.61560496e-07 1.26454862e+03 4.28860836e+03
7.61991501e-07 9.63250011e+02 4.75909758e+03
7.62422507e-07 5.79757234e+02 4.40455485e+03
7.62853513e-07 1.60725411e+02 4.22391256e+03
7.63284519e-07 7.89245868e+02 3.96027800e+03
7.64146531e-07 2.92178680e+02 3.39974371e+03
7.64577537e-07 2.74056123e+02 3.57267126e+03
7.65008543e-07 7.90806261e+02 4.20015535e+03
7.65439548e-07 1.19651810e+03 4.48216093e+03
7.65870554e-07 9.27895340e+02 4.73517509e+03
7.66301560e-07 1.63115735e+03 5.30813689e+03
7.66732566e-07 1.28711131e+03 4.70841550e+03
7.67163572e-07 7.53177745e+02 4.12072915e+03
7.67594578e-07 1.51829848e+03 4.62723675e+03
7.68025584e-07 1.43123545e+03 4.76151311e+03
7.68456589e-07 1.14784338e+03 4.87500499e+03
7.68887595e-07 1.13985854e+03 5.12845663e+03
7.69318601e-07 1.01798260e+03 5.08876419e+03
7.69749607e-07 1.23392602e+03 5.33114678e+03
7.70180613e-07 6.37527152e+02 4.93640321e+03
7.70611619e-07 1.38880734e+03 6.65560513e+03
7.71042625e-07 2.30576146e+03 1.27233330e+04
7.71473630e-07 2.44508446e+03 1.76612245e+04
7.71904636e-07 8.40793373e+02 1.37647834e+04
7.72335642e-07 1.50082894e+03 9.16235950e+03
7.72766648e-07 1.19687779e+03 7.13348032e+03
7.73197654e-07 8.46399553e+02 5.77848531e+03
7.73628660e-07 1.20140519e+03 5.40976101e+03
7.74059666e-07 6.41414112e+02 5.22859547e+03
7.74490672e-07 1.49272431e+03 8.75698457e+03
7.74921677e-07 3.24680707e+03 1.57881026e+04
7.75352683e-07 1.94141537e+03 1.39870617e+04
7.75783689e-07 1.91400856e+03 1.01910919e+04
7.76214695e-07 9.27616038e+02 7.83674513e+03
7.76645701e-07 6.92435750e+02 6.00368264e+03
7.77076707e-07 1.55862775e+03 7.41528290e+03
7.77507713e-07 1.78081045e+03 8.64578420e+03
7.77938718e-07 1.86391304e+03 8.31884448e+03
7.78369724e-07 4.71272932e+02 6.62655421e+03
7.78800730e-07 2.18891356e+03 8.46772314e+03
7.79231736e-07 1.65290410e+03 1.24393735e+04
7.79662742e-07 8.73967965e+02 1.09701307e+04
7.80093748e-07 9.39297651e+02 6.84538085e+03
7.80524754e-07 1.96077070e+03 7.83790247e+03
7.80955760e-07 9.72245076e+02 8.31496502e+03
7.81817771e-07 2.91991334e+03 1.26934021e+04
7.82248777e-07 1.25110956e+03 1.43111126e+04
7.82679783e-07 1.54793087e+03 9.03083079e+03
7.83110789e-07 1.68903901e+03 5.80360410e+03
7.83541795e-07 1.39821505e+03 6.17990755e+03
7.83972801e-07 1.98149003e+03 7.87001068e+03
7.84403806e-07 3.97792347e+02 7.42234504e+03
7.84834812e-07 1.99075392e+03 1.08847372e+04
7.85265818e-07 2.59910518e+03 1.62183188e+04
7.85696824e-07 7.57944167e+02 1.40285115e+04
7.86127830e-07 5.45970479e+02 1.02455610e+04
7.86558836e-07 5.93312881e+02 9.10141788e+03
7.86989842e-07 1.37145418e+03 1.01764940e+04
7.87420848e-07 1.46606449e+03 9.33370003e+03
7.87851853e-07 1.59811560e+03 9.16608141e+03
7.88282859e-07 3.32081837e+02 8.74493531e+03
7.88713865e-07 1.42308252e+03 1.02723274e+04
7.89144871e-07 1.48080431e+03 9.99452907e+03
7.89575877e-07 5.27392130e+02 6.50428752e+03
7.90006883e-07 1.11240951e+03 5.35926898e+03
7.90437889e-07 1.86549819e+03 5.42957987e+03
7.90868894e-07 2.27359854e+03 1.06999304e+04
7.91299900e-07 2.65007841e+03 1.73312162e+04
7.91730906e-07 1.54006385e+03 1.73651894e+04
7.92161912e-07 5.23634140e+03 1.30024297e+04
7.92592918e-07 7.80167995e+01 2.67102983e+03
