1.09460000e-01
3.61648030e-07 4.12623943e+01 7.18252325e+01
3.62079061e-07 1.01993461e+02 8.63200313e+01
3.62510091e-07 1.78391670e+02 8.28581623e+01
3.62941121e-07 8.69659170e+01 8.58208966e+01
3.63372152e-07 2.32319368e+01 1.05694963e+02
3.63803182e-07 1.08022162e+02 1.08794267e+02
3.64234212e-07 5.36581383e+01 1.13942384e+02
3.64665242e-07 3.92846091e+01 9.79511248e+01
3.65096273e-07 1.41983850e+02 8.24590866e+01
3.65527303e-07 3.65602053e+01 8.89069511e+01
3.65958333e-07 1.39382599e+02 9.46348161e+01
3.66389364e-07 1.16298355e+02 9.50931510e+01
3.66820394e-07 3.84434677e+01 9.13651135e+01
3.67251424e-07 1.37258180e+02 7.63625134e+01
3.67682455e-07 9.93676388e+01 7.35507205e+01
3.68113485e-07 7.27921732e+01 8.35144514e+01
3.68544515e-07 1.57356342e+02 8.90911974e+01
3.68975545e-07 1.52602649e+02 7.83636832e+01
3.69406576e-07 8.37787206e+01 1.00843617e+02
3.69837606e-07 5.01896202e+01 1.00328663e+02
3.70268636e-07 1.49749942e+01 1.18971641e+02
3.70699667e-07 8.24124338e+01 1.12627727e+02
3.71130697e-07 1.65577696e+02 1.01983531e+02
3.71561727e-07 9.68089906e+01 1.05246151e+02
3.71992758e-07 1.18801998e+00 1.06592839e+02
3.72423788e-07 1.38419868e+02 9.24804013e+01
3.72854818e-07 2.98975890e+02 1.18918155e+02
3.73285848e-07 2.04395710e+02 1.36917178e+02
3.73716879e-07 1.05392534e+02 1.59219887e+02
3.74147909e-07 1.19435863e+02 1.79172623e+02
3.74578939e-07 1.66363135e+02 1.59417158e+02
3.75009970e-07 1.55694597e+02 1.50279287e+02
3.75441000e-07 1.73639079e+02 1.39275672e+02
3.75872030e-07 2.53440678e+02 1.26474187e+02
3.76303061e-07 1.82395574e+02 1.14358191e+02
3.76734091e-07 2.48398107e+02 1.18487834e+02
3.77165121e-07 1.04296725e+02 1.15219503e+02
3.77596152e-07 1.49772456e+01 1.27839494e+02
3.78027182e-07 6.92757996e+01 1.26274746e+02
3.78458212e-07 1.41160807e+02 1.40205705e+02
3.78889242e-07 1.67917648e+02 1.52675536e+02
3.79320273e-07 1.83661823e+02 1.41790905e+02
3.79751303e-07 8.38270475e+01 1.39089109e+02
3.80182333e-07 1.34257825e+02 1.12533182e+02
3.80613364e-07 2.53931322e+02 1.10512705e+02
3.81044394e-07 2.35205389e+02 1.21691035e+02
3.81475424e-07 2.72249048e+02 1.50029946e+02
3.81906455e-07 1.64505883e+02 1.44841749e+02
3.82337485e-07 1.84268014e+02 1.57051451e+02
3.82768515e-07 1.95756083e+02 1.70817312e+02
3.83199545e-07 2.52880950e+02 1.85163209e+02
3.83630576e-07 3.35143960e+02 1.78801730e+02
3.84061606e-07 2.28603527e+02 1.82787248e+02
3.84492636e-07 1.84980915e+02 1.72030350e+02
3.84923667e-07 6.93384179e+01 1.64414339e+02
3.85354697e-07 2.06964214e+02 1.52392254e+02
3.85785727e-07 1.38032614e+02 1.28434366e+02
3.86216758e-07 2.37625374e+02 1.49458313e+02
3.86647788e-07 1.98132873e+02 1.44973571e+02
3.87078818e-07 2.91889050e+02 1.25323961e+02
3.87509848e-07 2.31793268e+02 1.29360281e+02
3.87940879e-07 1.14329543e+02 1.27746678e+02
3.88371909e-07 2.88086175e+02 1.10230263e+02
3.88802939e-07 1.54985690e+02 1.27052870e+02
3.89233970e-07 3.82094493e+02 1.32980090e+02
3.89665000e-07 2.26316233e+02 1.43682046e+02
3.90096030e-07 3.14071422e+02 1.71928750e+02
3.90527061e-07 1.56933357e+02 1.88517908e+02
3.90958091e-07 2.64586486e+02 2.10755118e+02
3.91389121e-07 2.58137260e+02 2.23455180e+02
3.91820152e-07 1.20189011e+02 1.73089081e+02
3.92251182e-07 1.74060703e+02 1.64223626e+02
3.92682212e-07 2.40500740e+02 1.41781084e+02
3.93113242e-07 3.36651586e+02 1.27898521e+02
3.93544273e-07 3.12488080e+02 1.34276207e+02
3.93975303e-07 3.19368285e+02 1.95657289e+02
3.94406333e-07 3.30856310e+02 2.11778117e+02
3.94837364e-07 3.96271343e+02 2.03646204e+02
3.95268394e-07 3.88380814e+02 2.03265140e+02
3.95699424e-07 2.82654360e+02 1.87988253e+02
3.96130455e-07 3.01947510e+02 1.50227231e+02
3.96561485e-07 3.06400434e+02 1.30204889e+02
3.96992515e-07 3.43899806e+02 1.46731103e+02
3.97423545e-07 3.66123760e+02 1.69572472e+02
3.97854576e-07 3.75620960e+02 2.09598082e+02
3.98285606e-07 3.02910959e+02 2.32283091e+02
3.98716636e-07 3.05649200e+02 2.17144667e+02
3.99147667e-07 3.07147517e+02 2.14860069e+02
3.99578697e-07 3.93896599e+02 2.09658584e+02
4.00009727e-07 3.69878869e+02 2.25835833e+02
4.00440758e-07 2.93845418e+02 2.47743111e+02
4.00871788e-07 3.03634007e+02 2.63656728e+02
4.01302818e-07 2.45437829e+02 2.69636463e+02
4.01733848e-07 1.27008090e+02 2.85729478e+02
4.02164879e-07 3.50271003e+02 2.63617528e+02
4.02595909e-07 4.95490511e+02 2.59482412e+02
4.03026939e-07 4.27048042e+02 2.55482376e+02
4.03457970e-07 3.92803985e+02 2.62375453e+02
4.03889000e-07 4.16854060e+02 2.79393718e+02
4.04320030e-07 3.53381141e+02 2.81545337e+02
4.04751061e-07 3.42242428e+02 2.88572046e+02
4.05182091e-07 4.08554349e+02 2.70438453e+02
4.05613121e-07 3.55745111e+02 2.88360527e+02
4.06044152e-07 6.13638927e+02 3.08022639e+02
4.06475182e-07 4.97368964e+02 3.18374434e+02
4.06906212e-07 3.35173084e+02 3.34454291e+02
4.07337242e-07 4.05365820e+02 3.05426557e+02
4.07768273e-07 3.20893817e+02 3.07884790e+02
4.08199303e-07 3.74249929e+02 3.03724839e+02
4.08630333e-07 4.03063250e+02 3.01276029e+02
4.09061364e-07 5.22009884e+02 2.92298071e+02
4.09492394e-07 5.17027266e+02 2.54819383e+02
4.09923424e-07 4.94643053e+02 2.47605644e+02
4.10354455e-07 3.69987621e+02 2.29123696e+02
4.10785485e-07 4.15569779e+02 2.50929166e+02
4.11216515e-07 2.34323177e+02 2.75005232e+02
4.11647545e-07 3.81745556e+02 2.83588688e+02
4.12078576e-07 4.48886157e+02 2.87627847e+02
4.12509606e-07 5.63743912e+02 3.10353973e+02
4.12940636e-07 9.10610096e+02 3.03681604e+02
4.13371667e-07 1.36680284e+03 3.19077099e+02
4.13802697e-07 1.40865889e+03 2.99436068e+02
4.14233727e-07 5.58690746e+02 3.01258221e+02
4.14664758e-07 5.80288472e+02 2.91857469e+02
4.15095788e-07 4.43950017e+02 2.96907113e+02
4.15526818e-07 4.79453815e+02 3.18899954e+02
4.15957848e-07 5.52806796e+02 3.52583456e+02
4.16388879e-07 4.91765683e+02 3.95271505e+02
4.16819909e-07 5.43411804e+02 3.82354237e+02
4.17250939e-07 5.37877757e+02 3.88601406e+02
4.17681970e-07 4.74603836e+02 3.69560719e+02
4.18113000e-07 4.68135372e+02 3.44577502e+02
4.18544030e-07 4.91332359e+02 3.37552524e+02
4.18975061e-07 4.54729156e+02 3.27506667e+02
4.19406091e-07 6.21277900e+02 3.20188351e+02
4.19837121e-07 6.94840159e+02 3.22883509e+02
4.20268152e-07 6.77777473e+02 3.11061611e+02
4.20699182e-07 5.79145923e+02 3.23517859e+02
4.21130212e-07 5.68284602e+02 3.27849543e+02
4.21561242e-07 5.42076826e+02 3.32472940e+02
4.21992273e-07 6.06980193e+02 3.04052567e+02
4.22423303e-07 6.54397984e+02 2.97149895e+02
4.22854333e-07 7.29816145e+02 2.97223855e+02
4.23285364e-07 7.92153450e+02 3.09101713e+02
4.23716394e-07 6.42878387e+02 3.26137109e+02
4.24147424e-07 8.14028679e+02 3.11974640e+02
4.24578455e-07 6.77735899e+02 3.35988083e+02
4.25009485e-07 4.68759095e+02 3.46375230e+02
4.25440515e-07 4.40156254e+02 3.52336454e+02
4.25871545e-07 4.15242629e+02 3.69372406e+02
4.26302576e-07 6.30692973e+02 3.53269575e+02
4.26733606e-07 7.33040190e+02 3.54025735e+02
4.27164636e-07 7.61918024e+02 3.46138407e+02
4.27595667e-07 7.79771920e+02 3.51565812e+02
4.28026697e-07 5.82657860e+02 3.70337491e+02
4.28457727e-07 6.54138327e+02 3.39538870e+02
4.28888758e-07 7.48726183e+02 3.48665861e+02
4.29319788e-07 7.20019047e+02 3.61630843e+02
4.29750818e-07 7.43461376e+02 3.57610317e+02
4.30181848e-07 7.38832412e+02 3.32684189e+02
4.30612879e-07 7.29347598e+02 3.30701684e+02
4.31043909e-07 7.63484269e+02 3.88704110e+02
4.31474939e-07 6.85316413e+02 4.08359062e+02
4.31905970e-07 6.46084318e+02 4.36659444e+02
4.32337000e-07 8.06969708e+02 3.94787586e+02
4.32768030e-07 7.21150753e+02 3.72040214e+02
4.33199061e-07 6.20880150e+02 4.20210717e+02
4.33630091e-07 8.70665105e+02 3.75969092e+02
4.34061121e-07 9.39369621e+02 3.64092204e+02
4.34492152e-07 9.00657352e+02 3.80520177e+02
4.34923182e-07 7.58220608e+02 4.19258575e+02
4.35354212e-07 9.18577552e+02 4.03508776e+02
4.35785242e-07 7.97374466e+02 4.20197077e+02
4.36216273e-07 7.75392086e+02 4.11402018e+02
4.36647303e-07 7.89315946e+02 4.32457449e+02
4.37078333e-07 7.23948912e+02 3.99765372e+02
4.37509364e-07 8.52063371e+02 3.97632648e+02
4.37940394e-07 7.66283495e+02 4.08243549e+02
4.38371424e-07 7.55570122e+02 3.88458270e+02
4.38802455e-07 8.16151605e+02 3.92841829e+02
4.39233485e-07 8.84755364e+02 4.14079447e+02
4.39664515e-07 6.67589850e+02 4.21984208e+02
4.40095545e-07 7.55303766e+02 4.51705720e+02
4.40526576e-07 7.88647426e+02 4.61311720e+02
4.40957606e-07 6.67903091e+02 4.91217117e+02
4.41388636e-07 8.89885008e+02 5.00399118e+02
4.41819667e-07 8.68419483e+02 5.21816958e+02
4.42250697e-07 9.46822883e+02 5.29949071e+02
4.42681727e-07 1.25866817e+03 5.17247849e+02
4.43112758e-07 9.53995395e+02 5.09159010e+02
4.43543788e-07 1.01387206e+03 4.93341927e+02
4.43974818e-07 8.89144749e+02 4.89143108e+02
4.44405848e-07 1.05778318e+03 4.79806300e+02
4.44836879e-07 1.12695970e+03 4.70140320e+02
4.45267909e-07 1.24975179e+03 4.40016663e+02
4.45698939e-07 8.09949828e+02 4.27401042e+02
4.46129970e-07 9.17143209e+02 4.45693263e+02
4.46561000e-07 1.11889846e+03 4.74632410e+02
4.46992030e-07 1.01898306e+03 4.49784551e+02
4.47423061e-07 1.21492544e+03 4.68863432e+02
4.47854091e-07 1.17488347e+03 4.77430336e+02
4.48285121e-07 1.17108624e+03 4.43280994e+02
4.48716152e-07 1.20915794e+03 4.61182643e+02
4.49147182e-07 9.10341443e+02 4.78083847e+02
4.49578212e-07 1.28961462e+03 4.85978516e+02
4.50009242e-07 1.16101463e+03 4.82119674e+02
4.50440273e-07 1.14357099e+03 4.90276251e+02
4.50871303e-07 1.05552150e+03 5.31302377e+02
4.51302333e-07 1.02427134e+03 5.09090686e+02
4.51733364e-07 1.11692781e+03 5.25809335e+02
4.52164394e-07 1.29847018e+03 5.53233193e+02
4.52595424e-07 1.02661317e+03 5.31576585e+02
4.53026455e-07 1.10921922e+03 5.40372963e+02
4.53457485e-07 8.80219748e+02 5.93918294e+02
4.53888515e-07 1.10112968e+03 5.81268438e+02
4.54319545e-07 8.73854275e+02 5.98517075e+02
4.54750576e-07 1.02921912e+03 5.89032911e+02
4.55181606e-07 9.05005685e+02 5.84610735e+02
4.55612636e-07 1.13257993e+03 5.71251266e+02
4.56043667e-07 1.30110719e+03 5.69953071e+02
4.56474697e-07 1.54302289e+03 5.31857038e+02
4.56905727e-07 1.29032189e+03 5.70854482e+02
4.57336758e-07 1.18634153e+03 5.58160322e+02
4.57767788e-07 1.11136620e+03 5.83660318e+02
4.58198818e-07 1.16528959e+03 5.73008807e+02
4.58629848e-07 1.23890169e+03 5.72352990e+02
4.59060879e-07 1.32096342e+03 5.83498077e+02
4.59491909e-07 1.19277197e+03 5.74741723e+02
4.59922939e-07 1.27654098e+03 5.71989688e+02
4.60353970e-07 1.35298636e+03 5.59290007e+02
4.60785000e-07 1.35031114e+03 5.54494812e+02
4.61216030e-07 1.48695526e+03 6.07074442e+02
4.61647061e-07 1.51337243e+03 5.91871564e+02
4.62078091e-07 1.46565018e+03 5.91665375e+02
4.62509121e-07 1.24152164e+03 5.94630235e+02
4.62940152e-07 1.46532553e+03 5.79234107e+02
4.63371182e-07 1.42313631e+03 5.94814709e+02
4.63802212e-07 1.39254867e+03 5.92878751e+02
4.64233242e-07 1.61116270e+03 5.44579032e+02
4.64664273e-07 1.31757959e+03 5.77023806e+02
4.65095303e-07 1.43172910e+03 5.84295427e+02
4.65526333e-07 1.32841573e+03 6.21192728e+02
4.65957364e-07 1.22342444e+03 6.42386100e+02
4.66388394e-07 1.45364098e+03 6.36932511e+02
4.66819424e-07 1.57879902e+03 6.40725893e+02
4.67250455e-07 1.49077440e+03 6.28098060e+02
4.67681485e-07 1.47870585e+03 6.28180237e+02
4.68112515e-07 1.36836104e+03 6.49162216e+02
4.68543545e-07 1.41513221e+03 6.59532139e+02
4.68974576e-07 1.56798417e+03 6.52536097e+02
4.69405606e-07 1.65525256e+03 6.45638118e+02
4.69836636e-07 1.46194839e+03 6.44719283e+02
4.70267667e-07 1.27141766e+03 6.24824131e+02
4.70698697e-07 1.46473300e+03 6.43571855e+02
4.71129727e-07 1.36288655e+03 6.60067709e+02
4.71560758e-07 1.38279899e+03 6.57108020e+02
4.71991788e-07 1.44999839e+03 6.41001578e+02
4.72422818e-07 1.53688542e+03 6.61823997e+02
4.72853848e-07 1.59668400e+03 6.00335476e+02
4.73284879e-07 1.50854487e+03 6.09627425e+02
4.73715909e-07 1.41032256e+03 6.07629921e+02
4.74146939e-07 1.32025681e+03 6.54357196e+02
4.74577970e-07 1.46428571e+03 6.75540723e+02
4.75009000e-07 1.64212652e+03 6.42149218e+02
4.75440030e-07 1.25877463e+03 6.42607374e+02
4.75871061e-07 1.25420680e+03 6.41150705e+02
4.76302091e-07 1.40552014e+03 6.74843758e+02
4.76733121e-07 1.40981125e+03 6.93297699e+02
4.77164152e-07 1.45663851e+03 6.64662752e+02
4.77595182e-07 1.39035049e+03 6.63323341e+02
4.78026212e-07 1.26548851e+03 6.96251093e+02
4.78457242e-07 1.53598159e+03 6.75208483e+02
4.78888273e-07 1.73891362e+03 6.76559963e+02
4.79319303e-07 1.55612584e+03 7.02995034e+02
4.79750333e-07 1.30309258e+03 6.85632933e+02
4.80181364e-07 1.23597453e+03 7.18629955e+02
4.80612394e-07 1.33763179e+03 7.04996751e+02
4.81043424e-07 1.31508791e+03 7.19491701e+02
4.81474455e-07 1.42492759e+03 7.51915113e+02
4.81905485e-07 1.56734561e+03 8.00889176e+02
4.82336515e-07 1.50113824e+03 7.66245514e+02
4.82767545e-07 1.33873382e+03 8.01086266e+02
4.83198576e-07 1.29597234e+03 8.19074960e+02
4.83629606e-07 1.54790319e+03 8.14342435e+02
4.84060636e-07 1.58279491e+03 7.72957843e+02
4.84491667e-07 1.45377236e+03 7.64945152e+02
4.84922697e-07 1.54975081e+03 8.07694242e+02
4.85353727e-07 1.65113138e+03 7.36422255e+02
4.85784758e-07 1.53418963e+03 6.46697455e+02
4.86215788e-07 1.51305491e+03 6.71855479e+02
4.86646818e-07 1.59416876e+03 6.65770310e+02
4.87077848e-07 1.73844091e+03 7.00178447e+02
4.87508879e-07 1.67047575e+03 6.95933226e+02
4.87939909e-07 1.54637944e+03 7.49086680e+02
4.88370939e-07 1.45972650e+03 7.61771311e+02
4.88801970e-07 1.56737667e+03 7.47610129e+02
4.89233000e-07 1.57849552e+03 7.10277026e+02
4.89664030e-07 1.51775780e+03 7.69981268e+02
4.90095061e-07 1.76359056e+03 7.33788309e+02
4.90526091e-07 1.69177167e+03 7.71111689e+02
4.90957121e-07 1.71731839e+03 7.13942071e+02
4.91388152e-07 1.67647808e+03 7.23005779e+02
4.91819182e-07 1.64761732e+03 7.36816988e+02
4.92250212e-07 1.66111586e+03 7.33472555e+02
4.92681242e-07 1.62901306e+03 7.37927615e+02
4.93112273e-07 1.98243214e+03 7.69577341e+02
4.93543303e-07 1.97925505e+03 7.55231484e+02
4.93974333e-07 1.96375286e+03 7.65334610e+02
4.94405364e-07 1.75814870e+03 8.21716934e+02
4.94836394e-07 1.75804122e+03 8.13221885e+02
4.95267424e-07 1.49136431e+03 7.93925119e+02
4.95698455e-07 1.74496509e+03 7.50191339e+02
4.96129485e-07 1.97068399e+03 7.93049768e+02
4.96560515e-07 1.99368066e+03 8.23828458e+02
4.96991545e-07 1.91148182e+03 8.15582632e+02
4.97422576e-07 1.98754761e+03 8.18247979e+02
4.97853606e-07 1.93700851e+03 7.95217818e+02
4.98284636e-07 1.88848511e+03 7.80865623e+02
4.98715667e-07 1.90638645e+03 8.11919821e+02
4.99146697e-07 1.76526592e+03 8.65932527e+02
4.99577727e-07 1.81556146e+03 8.27256477e+02
5.00008758e-07 2.03570567e+03 8.27267189e+02
5.00439788e-07 1.85537560e+03 8.37480530e+02
5.00870818e-07 1.91630920e+03 8.21076469e+02
5.01301848e-07 2.11234070e+03 8.26957609e+02
5.01732879e-07 1.91898009e+03 8.04891065e+02
5.02163909e-07 1.94648083e+03 8.08962083e+02
5.02594939e-07 1.66642149e+03 8.29329305e+02
5.03025970e-07 1.74296540e+03 8.61188735e+02
5.03457000e-07 2.19672730e+03 8.02585154e+02
5.03888030e-07 2.16645719e+03 7.88751028e+02
5.04319061e-07 1.79160990e+03 8.26943619e+02
5.04750091e-07 2.15280820e+03 8.46947182e+02
5.05181121e-07 1.87757622e+03 8.42716086e+02
5.05612152e-07 1.87318303e+03 8.40601623e+02
5.06043182e-07 1.95558417e+03 8.97875873e+02
5.06474212e-07 1.93553896e+03 8.64253389e+02
5.06905242e-07 1.90843366e+03 8.30815698e+02
5.07336273e-07 2.19815628e+03 8.26328988e+02
5.07767303e-07 1.98608426e+03 8.30241556e+02
5.08198333e-07 2.01918264e+03 8.52517480e+02
5.08629364e-07 2.15712569e+03 8.59512907e+02
5.09060394e-07 2.16022587e+03 8.83102408e+02
5.09491424e-07 2.03709815e+03 8.40981026e+02
5.09922455e-07 2.41962227e+03 8.67670009e+02
5.10353485e-07 2.39134931e+03 8.91293165e+02
5.10784515e-07 2.22461317e+03 8.59534893e+02
5.11215545e-07 2.08679808e+03 8.97561025e+02
5.11646576e-07 2.46685296e+03 9.04926796e+02
5.12077606e-07 2.58244269e+03 9.03916559e+02
5.12508636e-07 2.25120618e+03 9.00172389e+02
5.12939667e-07 2.02127259e+03 9.12713916e+02
5.13370697e-07 2.27451795e+03 9.11002114e+02
5.13801727e-07 2.44301345e+03 9.73318557e+02
5.14232758e-07 2.35408828e+03 9.16494615e+02
5.14663788e-07 2.19920726e+03 9.09380955e+02
5.15094818e-07 2.48474531e+03 9.62587719e+02
5.15525848e-07 2.09631943e+03 9.41793272e+02
5.15956879e-07 2.03549976e+03 9.88952206e+02
5.16387909e-07 2.26819250e+03 9.13197918e+02
5.16818939e-07 2.25141855e+03 8.81335596e+02
5.17249970e-07 2.15829214e+03 8.91778496e+02
5.17681000e-07 2.18981215e+03 9.55847788e+02
5.18112030e-07 2.16825068e+03 8.85241117e+02
5.18543061e-07 2.51703954e+03 8.70917696e+02
5.18974091e-07 2.60209861e+03 9.39827988e+02
5.19405121e-07 2.29938756e+03 1.06189755e+03
5.19836152e-07 2.07195329e+03 1.22093119e+03
5.20267182e-07 2.16938303e+03 1.15019504e+03
5.20698212e-07 2.37776376e+03 9.78429709e+02
5.21129242e-07 2.39617889e+03 9.63593105e+02
5.21560273e-07 2.29971220e+03 1.00469565e+03
5.21991303e-07 2.27600155e+03 9.97588076e+02
5.22422333e-07 2.03587853e+03 9.92998035e+02
5.22853364e-07 2.28396109e+03 9.34169771e+02
5.23284394e-07 2.32414482e+03 9.56228888e+02
5.23715424e-07 2.17923017e+03 1.00486005e+03
5.24146455e-07 2.42744216e+03 1.00580339e+03
5.24577485e-07 2.27672888e+03 1.00826423e+03
5.25008515e-07 1.92663467e+03 1.01726362e+03
5.25439545e-07 2.13047169e+03 1.04041320e+03
5.25870576e-07 2.43677714e+03 1.00110748e+03
5.26301606e-07 2.34419568e+03 9.43151274e+02
5.26732636e-07 2.44793507e+03 8.90127308e+02
5.27163667e-07 2.74033967e+03 9.50392763e+02
5.27594697e-07 2.42137781e+03 9.76355257e+02
5.28025727e-07 2.20353695e+03 9.74868325e+02
5.28456758e-07 2.35299038e+03 9.56480671e+02
5.28887788e-07 2.16408077e+03 1.04064025e+03
5.29318818e-07 2.18591902e+03 1.05319062e+03
5.29749848e-07 2.46623193e+03 9.80752738e+02
5.30180879e-07 2.54679907e+03 1.04654462e+03
5.30611909e-07 2.18378933e+03 1.06019842e+03
5.31042939e-07 2.47171857e+03 1.11048262e+03
5.31473970e-07 2.50991261e+03 1.02996360e+03
5.31905000e-07 2.40038638e+03 1.05329201e+03
5.32336030e-07 2.62016032e+03 1.07778974e+03
5.32767061e-07 2.50796700e+03 1.05307791e+03
5.33198091e-07 2.38021152e+03 1.07087379e+03
5.33629121e-07 2.29180009e+03 1.06894873e+03
5.34060152e-07 2.37570267e+03 1.09890156e+03
5.34491182e-07 2.27622569e+03 1.03120064e+03
5.34922212e-07 2.44232645e+03 1.04867442e+03
5.35353242e-07 2.59149268e+03 1.08671732e+03
5.35784273e-07 2.60996423e+03 1.05560830e+03
5.36215303e-07 2.29743121e+03 1.02596455e+03
5.36646333e-07 2.43370517e+03 1.01965467e+03
5.37077364e-07 2.47110874e+03 1.03413402e+03
5.37508394e-07 2.31844294e+03 1.08603395e+03
5.37939424e-07 2.20997608e+03 1.02635343e+03
5.38370455e-07 2.27387685e+03 1.05183021e+03
5.38801485e-07 2.65648690e+03 1.06628567e+03
5.39232515e-07 3.45898446e+03 1.04964507e+03
5.39663545e-07 3.05118275e+03 1.02388584e+03
5.40094576e-07 2.40376219e+03 1.02762701e+03
5.40525606e-07 2.40285639e+03 1.04621198e+03
5.40956636e-07 2.29491694e+03 1.03457247e+03
5.41387667e-07 2.10175278e+03 1.02598025e+03
5.41818697e-07 2.18821208e+03 1.05096801e+03
5.42249727e-07 2.58922043e+03 1.07930761e+03
5.42680758e-07 2.15319817e+03 1.08718576e+03
5.43111788e-07 2.45700417e+03 1.05081207e+03
5.43542818e-07 2.67122635e+03 1.04573204e+03
5.43973848e-07 2.63158206e+03 1.07701577e+03
5.44404879e-07 2.60486013e+03 1.07069073e+03
5.44835909e-07 2.95877637e+03 1.06394578e+03
5.45266939e-07 2.73245123e+03 1.06194002e+03
5.45697970e-07 2.27960703e+03 1.11348178e+03
5.46129000e-07 2.27671075e+03 1.19101833e+03
5.46560030e-07 2.58290815e+03 1.14013793e+03
5.46991061e-07 2.43382377e+03 1.11699642e+03
5.47422091e-07 2.79258301e+03 1.07162763e+03
5.47853121e-07 2.66726543e+03 1.06933867e+03
5.48284152e-07 2.68706274e+03 1.08866681e+03
5.48715182e-07 2.69656955e+03 1.11426534e+03
5.49146212e-07 2.64923293e+03 1.12184059e+03
5.49577242e-07 2.66184264e+03 1.13164653e+03
5.50008273e-07 3.02561475e+03 1.16977132e+03
5.50439303e-07 2.66024189e+03 1.17097204e+03
5.50870333e-07 2.60166012e+03 1.15987433e+03
5.51301364e-07 2.75747149e+03 1.14028860e+03
5.51732394e-07 2.78068264e+03 1.16990309e+03
5.52163424e-07 2.92287680e+03 1.13460448e+03
5.52594455e-07 2.62541339e+03 1.17179929e+03
5.53025485e-07 2.37978597e+03 1.14866879e+03
5.53456515e-07 2.59420625e+03 1.17994181e+03
5.53887545e-07 2.56704775e+03 1.17133337e+03
5.54318576e-07 2.44146016e+03 1.30117528e+03
5.54749606e-07 2.85379015e+03 1.28374276e+03
5.55180636e-07 3.81927105e+03 1.20780616e+03
5.55611667e-07 3.78517212e+03 1.23340652e+03
5.56042697e-07 3.14274485e+03 1.26619543e+03
5.56473727e-07 2.54551914e+03 1.29241497e+03
5.56904758e-07 3.50412901e+03 2.75897490e+03
5.57335788e-07 7.24347068e+03 1.79555353e+04
5.57766818e-07 2.66619243e+03 3.17117485e+04
5.58197848e-07 7.87143669e+03 1.50687504e+04
5.58628879e-07 3.08313233e+03 2.41299865e+03
5.59059909e-07 2.61549841e+03 1.13974934e+03
5.59490939e-07 2.88749166e+03 1.26684420e+03
5.59921970e-07 2.83377781e+03 1.32286199e+03
5.60353000e-07 2.89940097e+03 1.30465509e+03
5.60784030e-07 3.21368508e+03 1.33036628e+03
5.61215061e-07 2.71585720e+03 1.24786664e+03
5.61646091e-07 2.68963933e+03 1.18151833e+03
5.62077121e-07 3.11003690e+03 1.29214283e+03
5.62508152e-07 2.78396999e+03 1.28785267e+03
5.62939182e-07 2.82204841e+03 1.25459535e+03
5.63370212e-07 2.97811115e+03 1.21788732e+03
5.63801242e-07 2.90248609e+03 1.19386245e+03
5.64232273e-07 2.96815194e+03 1.29442034e+03
5.64663303e-07 3.07275532e+03 1.29755425e+03
5.65094333e-07 2.87728873e+03 1.20478051e+03
5.65525364e-07 2.55928757e+03 1.17045959e+03
5.65956394e-07 2.75296167e+03 1.23158398e+03
5.66387424e-07 2.98487009e+03 1.18565609e+03
5.66818455e-07 2.61951308e+03 1.24120402e+03
5.67249485e-07 2.38663246e+03 1.27899386e+03
5.67680515e-07 2.62410082e+03 1.31905865e+03
5.68111545e-07 2.64130155e+03 1.26723032e+03
5.68542576e-07 2.52345080e+03 1.28298484e+03
5.68973606e-07 2.80329531e+03 1.26321244e+03
5.69404636e-07 2.71680198e+03 1.32457818e+03
5.69835667e-07 2.51747397e+03 1.34229417e+03
5.70266697e-07 2.69526367e+03 1.29391414e+03
5.70697727e-07 2.80152375e+03 1.28149900e+03
5.71128758e-07 2.86371739e+03 1.27254504e+03
5.71559788e-07 2.79296320e+03 1.27438870e+03
5.71990818e-07 2.77591871e+03 1.34363997e+03
5.72421848e-07 2.76547736e+03 1.33072920e+03
5.72852879e-07 2.76733900e+03 1.25819414e+03
5.73283909e-07 2.50716643e+03 1.29545670e+03
5.73714939e-07 2.49233408e+03 1.34232791e+03
5.74145970e-07 2.60856046e+03 1.25069647e+03
5.74577000e-07 2.73284873e+03 1.28297151e+03
5.75008030e-07 2.66723422e+03 1.28335611e+03
5.75439061e-07 2.77224896e+03 1.29260643e+03
5.75870091e-07 2.86439807e+03 1.29807580e+03
5.76301121e-07 2.82169580e+03 1.29336578e+03
5.76732152e-07 3.02795768e+03 1.35595889e+03
5.77163182e-07 3.07720598e+03 1.29032808e+03
5.77594212e-07 2.92571569e+03 1.29995290e+03
5.78025242e-07 2.85065628e+03 1.26642249e+03
5.78456273e-07 2.67766101e+03 1.32849081e+03
5.78887303e-07 2.91172867e+03 1.31978458e+03
5.79318333e-07 2.98378197e+03 1.32960528e+03
5.79749364e-07 3.30192913e+03 1.31063883e+03
5.80180394e-07 3.06038157e+03 1.33978255e+03
5.80611424e-07 2.77181020e+03 1.34781584e+03
5.81042455e-07 3.06889147e+03 1.35919240e+03
5.81473485e-07 3.19569423e+03 1.30979359e+03
5.81904515e-07 2.93359769e+03 1.31762864e+03
5.82335545e-07 3.02009668e+03 1.37228722e+03
5.82766576e-07 3.15371918e+03 1.37201987e+03
5.83197606e-07 3.04315946e+03 1.33282328e+03
5.83628636e-07 2.98959344e+03 1.36200721e+03
5.84059667e-07 2.40701804e+03 1.39712138e+03
5.84490697e-07 2.56656001e+03 1.36290265e+03
5.84921727e-07 2.86326862e+03 1.34401578e+03
5.85352758e-07 2.89740832e+03 1.34111877e+03
5.85783788e-07 2.87247176e+03 1.40595355e+03
5.86214818e-07 2.70648277e+03 1.55037394e+03
5.86645848e-07 2.99639259e+03 1.75275736e+03
5.87076879e-07 2.99208584e+03 1.67403676e+03
5.87507909e-07 2.38831003e+03 1.53136048e+03
5.87938939e-07 2.81136856e+03 1.50894473e+03
5.88369970e-07 3.54215816e+03 2.00811557e+03
5.88801000e-07 3.38794863e+03 3.21862573e+03
5.89232030e-07 3.53734513e+03 3.68148992e+03
5.89663061e-07 3.11524718e+03 2.78948475e+03
5.90094091e-07 3.07398113e+03 1.88070267e+03
5.90525121e-07 2.98438752e+03 1.45959554e+03
5.90956152e-07 2.99164572e+03 1.57601974e+03
5.91387182e-07 2.77147986e+03 1.66438814e+03
5.91818212e-07 2.85505821e+03 1.65059733e+03
5.92249242e-07 2.88289537e+03 1.56841520e+03
5.92680273e-07 3.25594728e+03 1.50297828e+03
5.93111303e-07 3.25329808e+03 1.72740372e+03
5.93542333e-07 2.98463896e+03 1.70235002e+03
5.93973364e-07 3.46678408e+03 1.51509093e+03
5.94404394e-07 3.13380531e+03 1.47106467e+03
5.94835424e-07 3.39511381e+03 1.61922490e+03
5.95266455e-07 3.47740590e+03 1.78800785e+03
5.95697485e-07 3.12925987e+03 1.62328773e+03
5.96128515e-07 3.16454753e+03 1.46750864e+03
5.96559545e-07 3.06149123e+03 1.40837571e+03
5.96990576e-07 2.82779338e+03 1.57459000e+03
5.97421606e-07 3.10789148e+03 1.63762145e+03
5.97852636e-07 3.20259089e+03 1.58406108e+03
5.98283667e-07 3.37531319e+03 1.48631874e+03
5.98714697e-07 3.06007014e+03 1.44674335e+03
5.99145727e-07 3.09222623e+03 1.42677483e+03
5.99576758e-07 3.05221236e+03 1.50182864e+03
6.00007788e-07 3.12321035e+03 1.47545932e+03
6.00438818e-07 3.21433656e+03 1.50964710e+03
6.00869848e-07 3.29577717e+03 1.40191815e+03
6.01300879e-07 3.50616926e+03 1.37088965e+03
6.01731909e-07 3.42325606e+03 1.36578697e+03
6.02162939e-07 3.12840018e+03 1.38715530e+03
6.02593970e-07 2.71616753e+03 1.45819474e+03
6.03025000e-07 2.91262756e+03 1.47045694e+03
6.03456030e-07 3.26820973e+03 1.48027221e+03
6.03887061e-07 2.86647188e+03 1.49934543e+03
6.04318091e-07 3.19340784e+03 1.39730168e+03
6.04749121e-07 3.46820829e+03 1.39252179e+03
6.05180152e-07 3.56380526e+03 1.44533834e+03
6.05611182e-07 3.14468893e+03 1.39792836e+03
6.06042212e-07 3.28194902e+03 1.44967893e+03
6.06473242e-07 3.59032855e+03 1.51169436e+03
6.06904273e-07 2.83632627e+03 1.49882052e+03
6.07335303e-07 3.12910564e+03 1.40518539e+03
6.07766333e-07 2.88692608e+03 1.48323176e+03
6.08197364e-07 3.02779023e+03 1.43989229e+03
6.08628394e-07 3.17352194e+03 1.41206430e+03
6.09059424e-07 3.07321749e+03 1.38440263e+03
6.09490455e-07 3.57732651e+03 1.38885989e+03
6.09921485e-07 3.38302385e+03 1.52806265e+03
6.10352515e-07 3.12217261e+03 1.40124154e+03
6.10783545e-07 3.37631310e+03 1.41024946e+03
6.11214576e-07 3.12281956e+03 1.45930504e+03
6.11645606e-07 3.59810666e+03 1.38117452e+03
6.12076636e-07 3.70247751e+03 1.37506079e+03
6.12507667e-07 3.67038389e+03 1.46151221e+03
6.12938697e-07 3.32127287e+03 1.44969483e+03
6.13369727e-07 3.31556381e+03 1.39058253e+03
6.13800758e-07 3.09427356e+03 1.52414074e+03
6.14231788e-07 2.85977661e+03 1.56825747e+03
6.14662818e-07 3.00558181e+03 1.53385234e+03
6.15093848e-07 3.42894772e+03 1.46308918e+03
6.15524879e-07 3.43709197e+03 1.42718947e+03
6.15955909e-07 3.77220925e+03 1.42872604e+03
6.16386939e-07 3.57688135e+03 1.41903429e+03
6.16817970e-07 3.63456793e+03 1.49332570e+03
6.17249000e-07 3.40692239e+03 1.63653937e+03
6.17680030e-07 3.32788246e+03 1.52031571e+03
6.18111061e-07 2.93026068e+03 1.41582662e+03
6.18542091e-07 2.77452395e+03 1.48327620e+03
6.18973121e-07 3.22820847e+03 1.48509005e+03
6.19404152e-07 3.07983487e+03 1.41878837e+03
6.19835182e-07 2.93619390e+03 1.47442341e+03
6.20266212e-07 3.12053100e+03 1.54267088e+03
6.20697242e-07 3.42991099e+03 1.50007775e+03
6.21128273e-07 3.50509318e+03 1.46850834e+03
6.21559303e-07 3.38652101e+03 1.56355064e+03
6.21990333e-07 2.68537140e+03 1.58143453e+03
6.22421364e-07 3.50114940e+03 1.57721445e+03
6.22852394e-07 3.30941713e+03 1.51351946e+03
6.23283424e-07 3.49277034e+03 2.00461081e+03
6.23714455e-07 3.44392506e+03 2.24873533e+03
6.24145485e-07 3.41333072e+03 1.91744410e+03
6.24576515e-07 3.32715102e+03 1.59084564e+03
6.25007545e-07 3.70882128e+03 1.57037672e+03
6.25438576e-07 2.98725865e+03 1.88269076e+03
6.25869606e-07 3.54669441e+03 2.11089643e+03
6.26300636e-07 3.91794532e+03 1.86923529e+03
6.26731667e-07 3.53682422e+03 1.63711324e+03
6.27162697e-07 2.91210979e+03 1.59574126e+03
6.27593727e-07 3.32758105e+03 1.49598444e+03
6.28024758e-07 3.80966410e+03 1.52283280e+03
6.28455788e-07 3.51577253e+03 1.80921689e+03
6.28886818e-07 3.78731619e+03 1.98247611e+03
6.29317848e-07 3.61627363e+03 2.68714053e+03
6.29748879e-07 2.98147465e+03 7.78005431e+03
6.30179909e-07 3.73703335e+03 8.70301037e+03
6.30610939e-07 3.56285219e+03 3.95041919e+03
6.31041970e-07 3.87036641e+03 1.83417627e+03
6.31473000e-07 3.64002416e+03 1.42668938e+03
6.31904030e-07 3.38299309e+03 1.57268130e+03
6.32335061e-07 3.75729785e+03 1.73692559e+03
6.32766091e-07 3.22626607e+03 2.01714432e+03
6.33197121e-07 3.44018031e+03 1.93197126e+03
6.33628152e-07 3.77237460e+03 1.57542603e+03
6.34059182e-07 3.58080494e+03 1.45027596e+03
6.34490212e-07 3.40203206e+03 1.59408314e+03
6.34921242e-07 3.80479058e+03 1.69982636e+03
6.35352273e-07 4.02056408e+03 1.78397880e+03
6.35783303e-07 3.41892672e+03 2.52554262e+03
6.36214333e-07 3.43150857e+03 4.03126776e+03
6.36645364e-07 3.33509702e+03 3.35683009e+03
6.37076394e-07 3.74187586e+03 1.83217659e+03
6.37507424e-07 3.53100402e+03 1.48840123e+03
6.37938455e-07 3.60184811e+03 1.56488799e+03
6.38369485e-07 3.42373233e+03 1.57858093e+03
6.38800515e-07 3.50560094e+03 1.60268599e+03
6.39231545e-07 3.97096351e+03 1.52559573e+03
6.39662576e-07 3.44873518e+03 1.47108248e+03
6.40093606e-07 3.33949040e+03 1.49336164e+03
6.40524636e-07 3.31590388e+03 1.39080334e+03
6.40955667e-07 3.47567404e+03 1.47796067e+03
6.41386697e-07 3.87702177e+03 1.52854330e+03
6.41817727e-07 3.35346211e+03 1.52413072e+03
6.42248758e-07 3.73623608e+03 1.51281293e+03
6.42679788e-07 3.50692117e+03 1.43902877e+03
6.43110818e-07 3.73630322e+03 1.43476519e+03
6.43541848e-07 3.65944751e+03 1.38536717e+03
6.43972879e-07 3.84174617e+03 1.38320202e+03
6.44403909e-07 3.43459841e+03 1.44217315e+03
6.44834939e-07 3.83793755e+03 1.52650804e+03
6.45265970e-07 3.90713693e+03 1.55953216e+03
6.45697000e-07 3.57715035e+03 1.57184586e+03
6.46128030e-07 3.60908714e+03 1.76647765e+03
6.46559061e-07 3.82253162e+03 2.09020075e+03
6.46990091e-07 3.36493816e+03 2.00034907e+03
6.47421121e-07 3.58318220e+03 1.66896697e+03
6.47852152e-07 4.47380665e+03 1.54628046e+03
6.48283182e-07 4.50970188e+03 1.47651737e+03
6.48714212e-07 3.90801889e+03 1.41078106e+03
6.49145242e-07 3.73492835e+03 1.58257925e+03
6.49576273e-07 3.68042714e+03 1.96284303e+03
6.50007303e-07 3.55518784e+03 2.18623198e+03
6.50438333e-07 3.70969759e+03 1.96268250e+03
6.50869364e-07 3.86770547e+03 1.64313394e+03
6.51300394e-07 3.95206987e+03 1.51693007e+03
6.51731424e-07 4.09510300e+03 1.56999940e+03
6.52162455e-07 4.09110564e+03 1.66200534e+03
6.52593485e-07 3.74699867e+03 1.74900661e+03
6.53024515e-07 3.39924948e+03 2.05179646e+03
6.53455545e-07 3.44055149e+03 2.04557853e+03
6.53886576e-07 3.85883070e+03 1.83407882e+03
6.54317606e-07 4.05863629e+03 1.79153114e+03
6.54748636e-07 3.96107720e+03 1.89721190e+03
6.55179667e-07 3.36873759e+03 2.13731102e+03
6.55610697e-07 3.62406432e+03 2.05928659e+03
6.56041727e-07 4.06934531e+03 1.64331825e+03
6.56472758e-07 3.70607055e+03 1.55060929e+03
6.56903788e-07 3.88435734e+03 1.63397456e+03
6.57334818e-07 4.11676521e+03 1.82155798e+03
6.57765848e-07 3.70143153e+03 2.06475399e+03
6.58196879e-07 3.88175973e+03 1.73287302e+03
6.58627909e-07 3.81265967e+03 1.58505016e+03
6.59058939e-07 4.01579548e+03 1.57444021e+03
6.59489970e-07 3.82777941e+03 1.63044397e+03
6.59921000e-07 3.56925150e+03 1.65589116e+03
6.60352030e-07 4.04401755e+03 1.73315133e+03
6.60783061e-07 3.90193405e+03 1.70589037e+03
6.61214091e-07 3.70137296e+03 1.52635675e+03
6.61645121e-07 3.99988002e+03 1.46378800e+03
6.62076152e-07 3.84734585e+03 1.47291192e+03
6.62507182e-07 3.79565741e+03 1.54751182e+03
6.62938212e-07 4.08669732e+03 1.57746125e+03
6.63369242e-07 3.76995303e+03 1.65455772e+03
6.63800273e-07 3.74506688e+03 1.47389331e+03
6.64231303e-07 3.50839616e+03 1.49476846e+03
6.64662333e-07 3.68310891e+03 1.48649491e+03
6.65093364e-07 3.92579680e+03 1.50905254e+03
6.65524394e-07 3.90161460e+03 1.50272190e+03
6.65955424e-07 3.89975800e+03 1.52850780e+03
6.66386455e-07 3.92027463e+03 1.54689917e+03
6.66817485e-07 4.03301039e+03 1.54319078e+03
6.67248515e-07 3.78944925e+03 1.50296650e+03
6.67679545e-07 3.66404916e+03 1.43005507e+03
6.68110576e-07 3.85651263e+03 1.48382766e+03
6.68541606e-07 3.85988078e+03 1.51002983e+03
6.68972636e-07 4.10440512e+03 1.43128398e+03
6.69403667e-07 4.33323828e+03 1.50212385e+03
6.69834697e-07 4.74943084e+03 1.53060598e+03
6.70265727e-07 4.30782598e+03 1.49500946e+03
6.70696758e-07 3.93416298e+03 1.50645406e+03
6.71127788e-07 4.11130209e+03 1.44815165e+03
6.71558818e-07 3.95653615e+03 1.47737619e+03
6.71989848e-07 3.63604264e+03 1.51444666e+03
6.72420879e-07 3.69850693e+03 1.50465641e+03
6.72851909e-07 3.93487103e+03 1.49737983e+03
6.73282939e-07 3.88313868e+03 1.49768943e+03
6.73713970e-07 3.62354241e+03 1.46669063e+03
6.74145000e-07 3.62142976e+03 1.51028632e+03
6.74576030e-07 3.47764504e+03 1.54393938e+03
6.75007061e-07 3.60973635e+03 1.47421229e+03
6.75438091e-07 3.95393998e+03 1.42372729e+03
6.75869121e-07 3.86944299e+03 1.37563578e+03
6.76300152e-07 3.64299789e+03 1.49365985e+03
6.76731182e-07 3.95965338e+03 1.48074669e+03
6.77162212e-07 4.23631159e+03 1.46171563e+03
6.77593242e-07 3.73942310e+03 1.39674166e+03
6.78024273e-07 4.51113076e+03 1.35842925e+03
6.78455303e-07 4.23359614e+03 1.43168270e+03
6.78886333e-07 3.73572042e+03 1.39609686e+03
6.79317364e-07 3.86654891e+03 1.47764377e+03
6.79748394e-07 4.14880540e+03 1.42280163e+03
6.80179424e-07 3.69350213e+03 1.47458131e+03
6.80610455e-07 3.19145068e+03 1.47435844e+03
6.81041485e-07 3.51658964e+03 1.41547108e+03
6.81472515e-07 3.32419445e+03 1.39676139e+03
6.81903545e-07 3.73345927e+03 1.48298706e+03
6.82334576e-07 3.95799052e+03 1.94058987e+03
6.82765606e-07 3.25503539e+03 2.86627443e+03
6.83196636e-07 3.46457228e+03 3.26706966e+03
6.83627667e-07 3.65848329e+03 2.61523347e+03
6.84058697e-07 3.43805896e+03 1.99670125e+03
6.84489727e-07 3.81185521e+03 1.69050894e+03
6.84920758e-07 3.40649815e+03 1.45254016e+03
6.85351788e-07 3.97549050e+03 1.49665256e+03
6.85782818e-07 3.89887719e+03 2.02549641e+03
6.86213848e-07 3.01610213e+03 3.31350534e+03
6.86644879e-07 3.47199153e+03 2.93762795e+03
6.87075909e-07 3.20768010e+03 1.62502894e+03
6.87506939e-07 2.79161021e+03 1.35585986e+03
6.87937970e-07 3.37928263e+03 1.45479591e+03
6.88369000e-07 3.28457215e+03 1.66358914e+03
6.88800030e-07 3.34514470e+03 1.73431725e+03
6.89231061e-07 3.05029800e+03 1.67400451e+03
6.89662091e-07 3.29271268e+03 1.55311994e+03
6.90093121e-07 3.38036814e+03 1.73208151e+03
6.90524152e-07 3.35225343e+03 1.56802312e+03
6.90955182e-07 3.41501153e+03 1.80459625e+03
6.91386212e-07 3.35852971e+03 1.98005358e+03
6.91817242e-07 3.09994334e+03 1.97597810e+03
6.92248273e-07 3.74535620e+03 2.42022590e+03
6.92679303e-07 4.02056053e+03 2.01668744e+03
6.93110333e-07 3.39536983e+03 1.53447928e+03
6.93541364e-07 2.91982414e+03 1.61828564e+03
6.93972394e-07 2.99002281e+03 1.90003683e+03
6.94403424e-07 4.26962675e+03 2.07470613e+03
6.94834455e-07 3.00523679e+03 2.51023768e+03
6.95265485e-07 3.86976976e+03 2.09614877e+03
6.95696515e-07 3.69778793e+03 1.59019709e+03
6.96127545e-07 3.14825554e+03 1.51534731e+03
6.96558576e-07 3.70551798e+03 1.74298921e+03
6.96989606e-07 3.59831613e+03 1.91811271e+03
6.97420636e-07 3.41422048e+03 2.01839146e+03
6.97851667e-07 3.58826004e+03 2.18355939e+03
6.98282697e-07 3.46098621e+03 1.88491697e+03
6.98713727e-07 3.89661511e+03 1.50758502e+03
6.99144758e-07 3.81087392e+03 1.51356324e+03
6.99575788e-07 3.55474800e+03 1.46107060e+03
7.00006818e-07 3.73126413e+03 1.59154656e+03
7.00437848e-07 3.41010671e+03 1.74110347e+03
7.00868879e-07 3.17518413e+03 1.76142765e+03
7.01299909e-07 3.46658230e+03 1.55655566e+03
7.01730939e-07 3.89126187e+03 1.37300627e+03
7.02161970e-07 3.31250829e+03 1.31180521e+03
7.02593000e-07 3.50669318e+03 1.34966468e+03
7.03024030e-07 3.70180452e+03 1.35173409e+03
7.03455061e-07 3.37125058e+03 1.38380786e+03
7.03886091e-07 3.50260150e+03 1.51389052e+03
7.04317121e-07 3.39939361e+03 1.65036253e+03
7.04748152e-07 3.59150800e+03 1.87263417e+03
7.05179182e-07 3.76331566e+03 1.79452396e+03
7.05610212e-07 3.61668628e+03 1.58341555e+03
7.06041242e-07 3.31000954e+03 1.52749850e+03
7.06472273e-07 3.89841391e+03 1.56463183e+03
7.06903303e-07 3.17011840e+03 1.58623675e+03
7.07334333e-07 3.32145866e+03 1.55460446e+03
7.07765364e-07 3.72409734e+03 1.61334080e+03
7.08196394e-07 3.46927704e+03 1.62854793e+03
7.08627424e-07 4.00013887e+03 1.63378697e+03
7.09058455e-07 3.78691441e+03 1.56146792e+03
7.09489485e-07 2.81898070e+03 1.52351891e+03
7.09920515e-07 3.66385022e+03 1.43569545e+03
7.10351545e-07 4.18628820e+03 1.52446892e+03
7.10782576e-07 3.34206204e+03 1.48827472e+03
7.11213606e-07 3.65652399e+03 1.40159762e+03
7.11644636e-07 3.38124082e+03 1.44508688e+03
7.12075667e-07 3.52426760e+03 1.40013460e+03
7.12506697e-07 3.45547511e+03 1.49699219e+03
7.12937727e-07 3.66179941e+03 1.56514331e+03
7.13368758e-07 2.88546547e+03 1.58640132e+03
7.13799788e-07 2.93450556e+03 1.55962015e+03
7.14230818e-07 2.96767176e+03 1.72387280e+03
7.14661848e-07 3.36181821e+03 1.63621948e+03
7.15092879e-07 3.17593269e+03 1.50600898e+03
7.15523909e-07 3.14502230e+03 1.55106274e+03
7.15954939e-07 2.66661605e+03 1.57376139e+03
7.16385970e-07 3.45484984e+03 1.46405351e+03
7.16817000e-07 2.96793096e+03 1.42805252e+03
7.17248030e-07 2.43040835e+03 1.39665840e+03
7.17679061e-07 2.31129439e+03 1.30844237e+03
7.18110091e-07 2.11808657e+03 1.23459200e+03
7.18541121e-07 2.90117878e+03 1.17362429e+03
7.18972152e-07 2.68472508e+03 1.11517359e+03
7.19403182e-07 2.83367352e+03 1.13983543e+03
7.19834212e-07 3.04094407e+03 1.14341987e+03
7.20265242e-07 2.51942727e+03 1.12397678e+03
7.20696273e-07 2.51583824e+03 1.18430478e+03
7.21127303e-07 2.33454745e+03 1.20636431e+03
7.21558333e-07 2.93365678e+03 1.28130930e+03
7.21989364e-07 3.23050996e+03 1.31249838e+03
7.22420394e-07 2.50354997e+03 1.39674534e+03
7.22851424e-07 2.15067082e+03 1.32788267e+03
7.23282455e-07 2.04388785e+03 1.68358544e+03
7.23713485e-07 2.38413700e+03 3.35576215e+03
7.24144515e-07 2.39059548e+03 4.94874844e+03
7.24575545e-07 2.49467952e+03 4.39090970e+03
7.25006576e-07 3.35591375e+03 2.49993536e+03
7.25437606e-07 2.72538471e+03 1.76434749e+03
7.25868636e-07 2.89720602e+03 1.53223206e+03
7.26299667e-07 3.78187956e+03 1.31952149e+03
7.26730697e-07 3.13753564e+03 1.77643386e+03
7.27161727e-07 2.87822171e+03 3.09735434e+03
7.27592758e-07 7.00208261e+03 4.53046043e+03
7.28023788e-07 1.14192823e+04 3.88936112e+03
7.28454818e-07 7.89222007e+03 2.87207167e+03
7.28885848e-07 4.39702080e+03 2.04658786e+03
7.29316879e-07 2.93025728e+03 1.71407338e+03
7.29747909e-07 3.18343323e+03 1.89885577e+03
7.30178939e-07 4.27778434e+03 2.06379393e+03
7.30609970e-07 4.13688431e+03 2.02214935e+03
7.31041000e-07 4.53685321e+03 2.53956692e+03
7.31472030e-07 2.35860053e+03 4.08858432e+03
7.31903061e-07 2.54554654e+03 3.52426710e+03
7.32334091e-07 4.10490011e+03 2.07836881e+03
7.32765121e-07 3.00545447e+03 2.43639733e+03
7.33196152e-07 2.53098454e+03 2.57555592e+03
7.33627182e-07 3.12908759e+03 3.37343213e+03
7.34058212e-07 2.93417274e+03 4.79957473e+03
7.34489242e-07 3.35415839e+03 3.35790657e+03
7.34920273e-07 3.38889464e+03 1.77494538e+03
7.35351303e-07 3.50923128e+03 1.99960353e+03
7.35782333e-07 3.24715187e+03 2.49389246e+03
7.36213364e-07 2.31091332e+03 2.52841897e+03
7.36644394e-07 2.89147312e+03 3.39360546e+03
7.37075424e-07 3.22961344e+03 3.54049163e+03
7.37506455e-07 3.81278957e+03 2.13399947e+03
7.37937485e-07 2.91047290e+03 1.49306436e+03
7.38368515e-07 3.43890138e+03 1.56116056e+03
7.38799545e-07 3.36248190e+03 1.94326505e+03
7.39230576e-07 3.44001327e+03 2.17768219e+03
7.39661606e-07 3.27013792e+03 2.47963805e+03
7.40092636e-07 2.45793379e+03 3.10642647e+03
7.40523667e-07 3.70959959e+03 2.50139443e+03
7.40954697e-07 3.57370137e+03 1.59377671e+03
7.41385727e-07 3.15994640e+03 1.46990440e+03
7.41816758e-07 2.96697647e+03 1.47108729e+03
7.42247788e-07 3.59968968e+03 1.42069675e+03
7.42678818e-07 3.44969171e+03 1.71370097e+03
7.43109848e-07 3.85856173e+03 1.92719822e+03
7.43540879e-07 3.46935247e+03 2.12033220e+03
7.43971909e-07 3.33460606e+03 2.14377360e+03
7.44402939e-07 4.29601193e+03 1.59445929e+03
7.44833970e-07 5.13578529e+03 1.42131931e+03
7.45265000e-07 5.54187198e+03 1.36163718e+03
7.45696030e-07 4.61144826e+03 1.46706105e+03
7.46127061e-07 4.90458452e+03 1.66471630e+03
7.46558091e-07 4.87278722e+03 1.91119011e+03
7.46989121e-07 4.80900530e+03 2.27617124e+03
7.47420152e-07 4.17901321e+03 2.44090517e+03
7.47851182e-07 4.03033802e+03 2.55694185e+03
7.48282212e-07 4.00473132e+03 2.55802245e+03
7.48713242e-07 4.19360689e+03 1.86060572e+03
7.49144273e-07 3.32937942e+03 1.60865406e+03
7.49575303e-07 3.16127317e+03 1.57904937e+03
7.50006333e-07 3.58810953e+03 1.44799446e+03
7.50437364e-07 3.45843804e+03 1.46056962e+03
7.50868394e-07 3.56142920e+03 1.46427163e+03
7.51299424e-07 3.48528460e+03 1.59405825e+03
7.51730455e-07 3.87389905e+03 2.16955836e+03
7.52161485e-07 2.61787257e+03 3.51383906e+03
7.52592515e-07 2.79594368e+03 3.73802128e+03
7.53023545e-07 4.17168681e+03 2.45628560e+03
7.53454576e-07 3.91111627e+03 1.80208305e+03
7.53885606e-07 3.55025319e+03 1.55095196e+03
7.54316636e-07 3.47494439e+03 1.49787646e+03
7.54747667e-07 3.13896182e+03 1.43163672e+03
7.55178697e-07 3.64096873e+03 1.47035715e+03
7.55609727e-07 3.81783007e+03 1.77624503e+03
7.56040758e-07 3.92046377e+03 1.69230364e+03
7.56471788e-07 3.88140213e+03 1.81278215e+03
7.56902818e-07 3.40382851e+03 2.62459652e+03
7.57333848e-07 3.13962105e+03 2.95967606e+03
7.57764879e-07 3.54647178e+03 1.89772070e+03
7.58195909e-07 3.72937092e+03 1.68803648e+03
7.58626939e-07 2.71959153e+03 1.96216140e+03
7.59057970e-07 2.34226628e+03 1.64927234e+03
7.59489000e-07 2.12233747e+03 1.33835337e+03
7.59920030e-07 1.81758368e+03 1.16265775e+03
7.60351061e-07 1.64224909e+03 7.65510105e+02
7.60782091e-07 1.37781596e+03 7.51605970e+02
7.61213121e-07 1.60013058e+03 9.59462441e+02
7.61644152e-07 2.15476158e+03 1.44696556e+03
7.62075182e-07 2.53949427e+03 1.49952115e+03
7.62506212e-07 2.57412934e+03 1.47431639e+03
7.62937242e-07 1.92081104e+03 1.52398188e+03
7.63368273e-07 1.82405069e+03 1.15800982e+03
7.63799303e-07 1.65194253e+03 1.13885450e+03
7.64230333e-07 2.20235778e+03 1.13681417e+03
7.64661364e-07 2.78905549e+03 1.18901405e+03
7.65092394e-07 2.87090098e+03 1.25989357e+03
7.65523424e-07 2.86989722e+03 1.50633582e+03
7.65954455e-07 2.88648591e+03 1.58552066e+03
7.66385485e-07 3.34556012e+03 1.63415089e+03
7.66816515e-07 3.02427681e+03 1.40833417e+03
7.67247545e-07 3.24386095e+03 1.25092419e+03
7.67678576e-07 3.09567156e+03 1.34142971e+03
7.68109606e-07 3.18501111e+03 1.61556098e+03
7.68540636e-07 3.63384382e+03 1.62668911e+03
7.68971667e-07 3.28792524e+03 1.67930744e+03
7.69402697e-07 3.20874676e+03 1.78747881e+03
7.69833727e-07 3.48790574e+03 1.70470010e+03
7.70264758e-07 3.83495658e+03 1.76783260e+03
7.70695788e-07 3.90509338e+03 2.86939187e+03
7.71126818e-07 3.05016035e+03 5.90445006e+03
7.71557848e-07 3.44651563e+03 7.26873479e+03
7.71988879e-07 3.94888467e+03 4.98733887e+03
7.72419909e-07 3.80288197e+03 3.04994841e+03
7.72850939e-07 3.07264619e+03 2.46416832e+03
7.73281970e-07 3.86869958e+03 1.86930427e+03
7.73713000e-07 3.41051478e+03 1.78079565e+03
7.74144030e-07 3.98158894e+03 2.00171843e+03
7.74575061e-07 3.12885100e+03 4.21358753e+03
7.75006091e-07 1.92707048e+03 6.58996075e+03
7.75437121e-07 3.99114962e+03 5.00550971e+03
7.75868152e-07 3.49903493e+03 3.45661268e+03
7.76299182e-07 3.47903584e+03 2.64337035e+03
7.76730212e-07 3.67411687e+03 2.20997020e+03
7.77161242e-07 3.12438405e+03 2.64245467e+03
7.77592273e-07 2.60144887e+03 3.04480824e+03
7.78023303e-07 3.55629932e+03 2.83060313e+03
7.78454333e-07 3.70903613e+03 2.48356784e+03
7.78885364e-07 3.36884165e+03 3.56773890e+03
7.79316394e-07 1.58072934e+03 5.36695688e+03
7.79747424e-07 2.84806987e+03 3.81504620e+03
7.80178455e-07 4.16074802e+03 2.29466220e+03
7.80609485e-07 3.03381277e+03 2.89671588e+03
7.81040515e-07 3.09085953e+03 3.05944518e+03
7.81471545e-07 4.50889890e+03 3.19261887e+03
7.81902576e-07 3.18349311e+03 5.23347842e+03
7.82333606e-07 2.25513196e+03 5.17455073e+03
7.82764636e-07 4.41100964e+03 2.48585619e+03
7.83195667e-07 3.92669525e+03 1.71757154e+03
7.83626697e-07 2.85973223e+03 2.19729329e+03
7.84057727e-07 1.91371841e+03 2.90586829e+03
7.84488758e-07 3.46162635e+03 2.97417232e+03
7.84919788e-07 3.34901746e+03 4.80114149e+03
7.85350818e-07 2.80257058e+03 6.35300015e+03
7.85781848e-07 4.17762644e+03 4.99834777e+03
7.86212879e-07 4.04588054e+03 3.64184954e+03
7.86643909e-07 3.39068755e+03 3.66542048e+03
7.87074939e-07 2.88429774e+03 3.77277982e+03
7.87505970e-07 3.41163816e+03 3.32276630e+03
7.87937000e-07 4.12632260e+03 3.32025043e+03
7.88368030e-07 3.71958470e+03 3.49380801e+03
7.88799061e-07 2.64624760e+03 3.88841776e+03
7.89230091e-07 2.17177903e+03 3.35859749e+03
7.89661121e-07 3.98809053e+03 2.04273303e+03
7.90092152e-07 3.12716448e+03 1.67308780e+03
7.90523182e-07 4.64075101e+03 2.41555680e+03
7.90954212e-07 2.44864287e+03 5.19706096e+03
7.91385242e-07 1.23252320e+03 7.46938570e+03
7.91816273e-07 3.84455144e+03 5.71645180e+03
7.92247303e-07 3.89206351e+03 3.80415059e+03
7.92678333e-07 3.38450107e+03 3.05922330e+03
7.93109364e-07 3.33992634e+03 3.06262062e+03
7.93540394e-07 3.34839328e+03 2.44726154e+03
7.93971424e-07 3.18521849e+03 1.82853183e+03
7.94402455e-07 3.59831533e+03 2.14536459e+03
7.94833485e-07 2.54306435e+03 2.72740601e+03
7.95264515e-07 3.76465357e+03 2.19617530e+03
7.95695545e-07 4.29376849e+03 2.20020327e+03
