1.83410000e-01
3.64693000e-07 8.74236434e+01 8.04775488e+02
3.65124055e-07 1.83893945e+02 8.49573860e+02
3.65555109e-07 1.01506029e+02 7.97148626e+02
3.65986164e-07 2.23636681e+02 5.68666545e+02
3.66417219e-07 1.03500854e+02 5.19842990e+02
3.66848274e-07 9.95902795e+00 4.68837736e+02
3.67279328e-07 8.22514298e+01 5.49754610e+02
3.67710383e-07 4.99390536e+01 4.94989362e+02
3.68141438e-07 9.14114265e+01 4.92233296e+02
3.69003547e-07 2.99176405e+01 4.66098568e+02
3.69434602e-07 3.58607091e+01 4.92313868e+02
3.69865657e-07 9.26188598e+01 5.62085557e+02
3.70296712e-07 1.06392293e+02 5.70915879e+02
3.70727766e-07 1.29328352e+02 5.92965926e+02
3.71158821e-07 1.19513648e+02 5.63271945e+02
3.71589876e-07 1.37512696e+02 5.85739637e+02
3.72020931e-07 8.19715990e+01 5.34947631e+02
3.72451985e-07 6.19128203e+01 5.29146055e+02
3.72883040e-07 6.56187160e+01 5.40091297e+02
3.73314095e-07 3.51812068e+00 5.51217253e+02
3.74176204e-07 7.99577134e+01 6.37135046e+02
3.74607259e-07 8.26294023e+01 6.28306401e+02
3.75038314e-07 3.46363127e+01 5.60544789e+02
3.75469369e-07 5.21753907e+01 5.62731954e+02
3.75900423e-07 9.49403519e+01 5.73552260e+02
3.76331478e-07 1.56261924e+02 6.06063175e+02
3.76762533e-07 1.31086417e+02 5.88960364e+02
3.77193587e-07 1.47871887e+02 6.20736136e+02
3.77624642e-07 1.89401101e+01 5.79020475e+02
3.78055697e-07 8.35208553e+01 5.73486037e+02
3.78486752e-07 1.24164220e+02 6.14024568e+02
3.78917806e-07 1.02581669e+02 6.25516944e+02
3.79348861e-07 1.21831373e+02 6.47905485e+02
3.79779916e-07 5.07336241e+01 5.76017029e+02
3.80210971e-07 1.47526020e+02 6.58176565e+02
3.80642025e-07 1.10257557e+02 6.05496541e+02
3.81073080e-07 1.96460071e+02 6.79984799e+02
3.81504135e-07 2.59894059e+02 7.13378875e+02
3.81935190e-07 9.44093590e+01 6.68541623e+02
3.82366244e-07 1.70410421e+02 7.07919474e+02
3.82797299e-07 1.64497962e+02 6.71395940e+02
3.83228354e-07 1.06801618e+02 6.97796810e+02
3.83659409e-07 2.32396163e+02 7.48663043e+02
3.84090463e-07 1.41890039e+02 6.78027299e+02
3.84521518e-07 2.65072537e+02 7.25505139e+02
3.84952573e-07 1.36690842e+02 6.73928598e+02
3.85383628e-07 1.36059307e+02 6.90146717e+02
3.85814682e-07 6.16249214e+01 6.53658641e+02
3.86245737e-07 9.10793661e+01 6.61862293e+02
3.86676792e-07 1.31364223e+02 6.85932897e+02
3.87107847e-07 1.14916916e+02 6.55153710e+02
3.87538901e-07 2.00975048e+02 7.03352272e+02
3.87969956e-07 1.41346562e+02 7.05427913e+02
3.88401011e-07 1.41528715e+02 6.58138976e+02
3.88832065e-07 1.35158811e+02 9.77371552e+02
3.89263120e-07 2.40492220e+02 1.07877139e+03
3.89694175e-07 3.07136737e+02 1.10998598e+03
3.90125230e-07 3.17941498e+02 7.97978596e+02
3.90556284e-07 1.82039846e+02 7.97027873e+02
3.90987339e-07 1.66450473e+02 8.05896489e+02
3.91418394e-07 1.19105632e+02 7.42435499e+02
3.91849449e-07 6.65468754e+01 6.58611694e+02
3.92280503e-07 1.26014318e+02 6.78246550e+02
3.92711558e-07 1.55679528e+02 6.83703790e+02
3.93142613e-07 1.62634245e+02 6.49238162e+02
3.93573668e-07 7.13269998e+01 6.17165524e+02
3.94004722e-07 6.35468392e+01 6.87187804e+02
3.94435777e-07 1.24909485e+02 7.32709579e+02
3.94866832e-07 7.16700311e+01 7.13561710e+02
3.95297887e-07 9.79934010e+01 7.00238983e+02
3.95728941e-07 9.55909267e+01 6.74165628e+02
3.96159996e-07 1.12766904e+02 6.54360267e+02
3.96591051e-07 2.51222404e+02 6.58553964e+02
3.97022106e-07 1.12546822e+02 6.32297034e+02
3.97453160e-07 2.45735872e+02 7.60807677e+02
3.98315270e-07 2.08898141e+02 7.81691664e+02
3.98746325e-07 6.92667882e+01 7.19623836e+02
3.99177379e-07 1.77232494e+02 7.97793323e+02
3.99608434e-07 3.16984971e+02 8.30864163e+02
4.00039489e-07 2.08799541e+02 7.65439439e+02
4.00470543e-07 1.80544526e+02 7.94576162e+02
4.00901598e-07 8.93993642e+01 7.87144225e+02
4.01332653e-07 1.56560393e+02 7.87874167e+02
4.01763708e-07 2.60994587e+02 8.34337170e+02
4.02194762e-07 3.25292485e+02 8.44228176e+02
4.02625817e-07 1.72929065e+02 7.98412658e+02
4.03056872e-07 1.92179191e+02 7.76116010e+02
4.03487927e-07 2.77873402e+02 8.22415403e+02
4.03918981e-07 3.61224173e+02 8.86563230e+02
4.04350036e-07 3.72906142e+02 8.85768261e+02
4.04781091e-07 3.13672551e+02 8.82875244e+02
4.05212146e-07 2.62965683e+02 8.33099998e+02
4.05643200e-07 1.84553025e+02 7.88436715e+02
4.06074255e-07 2.15254890e+02 8.26280612e+02
4.06505310e-07 2.66812758e+02 8.75464558e+02
4.06936365e-07 2.69890604e+02 8.50103385e+02
4.07367419e-07 3.77872511e+02 8.95771256e+02
4.07798474e-07 2.28667907e+02 8.59725720e+02
4.08229529e-07 2.81476829e+02 8.78743503e+02
4.08660584e-07 2.20169659e+02 8.27113816e+02
4.09091638e-07 2.63166192e+02 8.16505824e+02
4.09522693e-07 3.12473759e+02 8.26729122e+02
4.09953748e-07 1.82524848e+02 7.51332138e+02
4.10384803e-07 2.08463816e+02 7.69380038e+02
4.10815857e-07 2.51546278e+02 7.93540718e+02
4.11246912e-07 2.17785501e+02 7.91773594e+02
4.11677967e-07 2.00868194e+02 8.08352461e+02
4.12109022e-07 1.72630559e+02 8.13022956e+02
4.12540076e-07 2.53764211e+02 8.31073840e+02
4.12971131e-07 3.94475407e+02 9.07000733e+02
4.13402186e-07 4.07487601e+02 8.98583686e+02
4.13833240e-07 3.14135537e+02 8.66280847e+02
4.14264295e-07 3.51234065e+02 8.90548494e+02
4.14695350e-07 2.39090260e+02 8.51563800e+02
4.15126405e-07 1.83627667e+02 8.40930677e+02
4.15557459e-07 2.52345117e+02 8.85465003e+02
4.15988514e-07 2.95467288e+02 9.05501728e+02
4.16419569e-07 3.12154556e+02 9.64708215e+02
4.16850624e-07 2.67815459e+02 9.37182834e+02
4.17281678e-07 2.81392284e+02 9.07086419e+02
4.17712733e-07 3.27355625e+02 9.06391234e+02
4.18143788e-07 2.61139304e+02 8.57718594e+02
4.18574843e-07 3.02030039e+02 8.67062318e+02
4.19005897e-07 3.72477436e+02 9.18519703e+02
4.19436952e-07 2.41824862e+02 8.38096889e+02
4.19868007e-07 1.38359726e+02 7.99166241e+02
4.20299062e-07 3.37390369e+02 8.49025734e+02
4.20730116e-07 2.48023785e+02 8.22200559e+02
4.21161171e-07 2.91939598e+02 8.60928979e+02
4.21592226e-07 2.76803719e+02 8.68069824e+02
4.22023281e-07 2.40907090e+02 8.46524087e+02
4.22454335e-07 3.68356797e+02 8.70604192e+02
4.22885390e-07 1.69181848e+02 7.64461002e+02
4.23316445e-07 3.29985250e+02 8.71978591e+02
4.23747500e-07 2.79963307e+02 8.32215010e+02
4.24178554e-07 4.47520927e+02 9.23085233e+02
4.24609609e-07 3.19706037e+02 8.83638371e+02
4.25040664e-07 2.77817584e+02 8.79587272e+02
4.25471718e-07 3.39026492e+02 8.95651828e+02
4.25902773e-07 3.30804159e+02 9.09303118e+02
4.26333828e-07 3.74448534e+02 9.08248437e+02
4.26764883e-07 3.54840275e+02 9.12430575e+02
4.27195937e-07 3.01287922e+02 8.88392005e+02
4.27626992e-07 2.88220914e+02 8.70026505e+02
4.28058047e-07 3.13843755e+02 9.05100885e+02
4.28489102e-07 4.05806201e+02 9.36002142e+02
4.28920156e-07 3.02470322e+02 8.90922729e+02
4.29351211e-07 2.63267900e+02 8.80260199e+02
4.29782266e-07 3.09446827e+02 8.61316422e+02
4.30213321e-07 4.28017129e+02 9.02487667e+02
4.30644375e-07 4.01138814e+02 9.20297969e+02
4.31075430e-07 4.69769023e+02 1.00529075e+03
4.31506485e-07 4.19051698e+02 9.96416739e+02
4.31937540e-07 3.85154826e+02 9.71560380e+02
4.32368594e-07 4.29286707e+02 9.45806448e+02
4.32799649e-07 4.22976951e+02 9.45615050e+02
4.33230704e-07 3.07968701e+02 9.21408087e+02
4.33661759e-07 3.54256322e+02 9.14370406e+02
4.34092813e-07 4.11674838e+02 9.78943070e+02
4.34523868e-07 3.94820395e+02 9.87144081e+02
4.34954923e-07 3.36090508e+02 9.53304079e+02
4.35385978e-07 4.80567734e+02 1.02547742e+03
4.35817032e-07 4.87465873e+02 1.05939382e+03
4.36248087e-07 4.60337655e+02 1.05408758e+03
4.36679142e-07 4.10847294e+02 1.01101649e+03
4.37110196e-07 4.13300579e+02 1.02014362e+03
4.37541251e-07 3.41694982e+02 9.93372026e+02
4.37972306e-07 3.75534549e+02 9.83480674e+02
4.38403361e-07 4.85643101e+02 1.03158547e+03
4.38834415e-07 3.14569946e+02 9.62591524e+02
4.39265470e-07 2.27868871e+02 9.28251802e+02
4.39696525e-07 3.35274712e+02 9.95962291e+02
4.40127580e-07 5.37150195e+02 1.11967510e+03
4.40558634e-07 9.26240876e+02 1.30255161e+03
4.40989689e-07 1.29185556e+03 1.48949943e+03
4.41420744e-07 1.15375820e+03 1.44500154e+03
4.41851799e-07 7.09532749e+02 1.22682610e+03
4.42282853e-07 4.24281557e+02 1.13189695e+03
4.42713908e-07 4.97200329e+02 1.13867208e+03
4.43144963e-07 5.13231380e+02 1.12133898e+03
4.43576018e-07 3.92991785e+02 1.07159990e+03
4.44007072e-07 3.32536064e+02 1.03906650e+03
4.44438127e-07 5.43579623e+02 1.11411914e+03
4.44869182e-07 5.08326753e+02 1.11549405e+03
4.45300237e-07 4.32676114e+02 1.06002549e+03
4.45731291e-07 5.71121341e+02 1.11132895e+03
4.46162346e-07 3.89493410e+02 1.05834397e+03
4.46593401e-07 4.85867863e+02 1.09121515e+03
4.47024456e-07 5.02901881e+02 1.11239039e+03
4.47455510e-07 5.58167567e+02 1.16453482e+03
4.47886565e-07 5.34272227e+02 1.14511175e+03
4.48317620e-07 6.14236154e+02 1.19405966e+03
4.48748674e-07 5.75223322e+02 1.16903644e+03
4.49179729e-07 5.23316375e+02 1.13786096e+03
4.49610784e-07 4.56727912e+02 1.14426085e+03
4.50041839e-07 4.78878279e+02 1.15734136e+03
4.50472893e-07 5.81164386e+02 1.19154446e+03
4.50903948e-07 4.24873033e+02 1.13599371e+03
4.51335003e-07 5.30424567e+02 1.20931150e+03
4.51766058e-07 7.02633634e+02 1.28110410e+03
4.52197112e-07 6.88581330e+02 1.28764771e+03
4.52628167e-07 7.52089113e+02 1.31744633e+03
4.53059222e-07 5.75851136e+02 1.22529043e+03
4.53490277e-07 5.11987432e+02 1.24271897e+03
4.53921331e-07 3.87344607e+02 1.19088122e+03
4.54352386e-07 6.17070537e+02 1.29103038e+03
4.54783441e-07 5.80042925e+02 1.28294624e+03
4.55214496e-07 6.10718431e+02 1.25875312e+03
4.55645550e-07 6.53771397e+02 1.24921894e+03
4.56076605e-07 5.75220582e+02 1.25785468e+03
4.56507660e-07 6.85891699e+02 1.30160352e+03
4.56938715e-07 6.56483067e+02 1.30196045e+03
4.57369769e-07 6.62352261e+02 1.31274378e+03
4.57800824e-07 6.04968847e+02 1.31175695e+03
4.58231879e-07 8.01069445e+02 1.35532481e+03
4.58662934e-07 7.37987125e+02 1.34208336e+03
4.59093988e-07 5.30902058e+02 1.23867302e+03
4.59525043e-07 4.58139426e+02 1.24949790e+03
4.59956098e-07 4.91987200e+02 1.21905287e+03
4.60387152e-07 5.21829482e+02 1.26198052e+03
4.60818207e-07 5.81392229e+02 1.28153412e+03
4.61249262e-07 6.90215583e+02 1.36096125e+03
4.61680317e-07 7.57141783e+02 1.35983769e+03
4.62111371e-07 5.29962080e+02 1.27140130e+03
4.62542426e-07 6.09286049e+02 1.30658402e+03
4.62973481e-07 8.40941301e+02 1.39745997e+03
4.63404536e-07 8.57900014e+02 1.43871386e+03
4.63835590e-07 9.74196895e+02 1.43408715e+03
4.64266645e-07 8.84003378e+02 1.39642233e+03
4.64697700e-07 7.62366076e+02 1.35847811e+03
4.65128755e-07 6.32167443e+02 1.35430919e+03
4.65559809e-07 7.07511088e+02 1.38635831e+03
4.65990864e-07 8.90773206e+02 1.45000143e+03
4.66421919e-07 8.22428055e+02 1.44848980e+03
4.66852974e-07 8.06677751e+02 1.43224279e+03
4.67284028e-07 8.61329043e+02 1.48247639e+03
4.67715083e-07 7.69325003e+02 1.43644105e+03
4.68146138e-07 5.69740959e+02 1.35970203e+03
4.68577193e-07 6.35872588e+02 1.39509335e+03
4.69008247e-07 7.41575565e+02 1.45112908e+03
4.69439302e-07 6.32181269e+02 1.38051279e+03
4.69870357e-07 5.52179344e+02 1.32807646e+03
4.70301412e-07 5.93817030e+02 1.32063166e+03
4.70732466e-07 7.56148869e+02 1.43466876e+03
4.71163521e-07 8.79638615e+02 1.47030302e+03
4.71594576e-07 8.57704514e+02 1.47874155e+03
4.72025630e-07 9.67151190e+02 1.54285338e+03
4.72456685e-07 9.30796517e+02 1.51212564e+03
4.72887740e-07 7.88714862e+02 1.43035150e+03
4.73318795e-07 9.31598922e+02 1.52964238e+03
4.73749849e-07 1.05072342e+03 1.57191628e+03
4.74180904e-07 1.09426187e+03 1.57456525e+03
4.74611959e-07 8.80417461e+02 1.53190433e+03
4.75043014e-07 1.09521174e+03 1.58986278e+03
4.75474068e-07 1.14496372e+03 1.58351802e+03
4.75905123e-07 1.06778898e+03 1.59079861e+03
4.76336178e-07 8.42272978e+02 1.50680175e+03
4.76767233e-07 1.00414802e+03 1.57662503e+03
4.77198287e-07 9.50499447e+02 1.55576087e+03
4.77629342e-07 9.98726543e+02 1.57309905e+03
4.78060397e-07 1.01929841e+03 1.57007322e+03
4.78491452e-07 9.66136203e+02 1.54298923e+03
4.78922506e-07 1.05341315e+03 1.61799350e+03
4.79353561e-07 8.90466931e+02 1.53355356e+03
4.79784616e-07 1.05721351e+03 1.60780020e+03
4.80215671e-07 1.07369600e+03 1.64207935e+03
4.80646725e-07 9.97535241e+02 1.58589323e+03
4.81077780e-07 1.18812119e+03 1.72180428e+03
4.81508835e-07 1.11754888e+03 1.73611592e+03
4.81939890e-07 1.03326640e+03 1.69605859e+03
4.82370944e-07 1.03937409e+03 1.68544329e+03
4.82801999e-07 1.00167071e+03 1.69361083e+03
4.83233054e-07 1.01866750e+03 1.69183264e+03
4.83664109e-07 1.14338485e+03 1.74749664e+03
4.84095163e-07 1.13986630e+03 1.72672927e+03
4.84526218e-07 9.08950735e+02 1.62813997e+03
4.84957273e-07 7.72659468e+02 1.52750528e+03
4.85388327e-07 8.71895970e+02 1.53041787e+03
4.85819382e-07 9.20510393e+02 1.54409967e+03
4.86250437e-07 9.07504595e+02 1.51447941e+03
4.86681492e-07 8.30152478e+02 1.49624891e+03
4.87112546e-07 9.73976181e+02 1.57812738e+03
4.87543601e-07 9.94561339e+02 1.63476197e+03
4.87974656e-07 8.32885374e+02 1.56950726e+03
4.88405711e-07 9.35181914e+02 1.61151512e+03
4.88836765e-07 1.18607813e+03 1.71123201e+03
4.89267820e-07 1.04825313e+03 1.69368343e+03
4.89698875e-07 1.02808961e+03 1.67242878e+03
4.90129930e-07 1.04814393e+03 1.71232523e+03
4.90560984e-07 1.06247326e+03 1.70124629e+03
4.90992039e-07 1.02739806e+03 1.66049466e+03
4.91423094e-07 1.03749891e+03 1.63643465e+03
4.91854149e-07 1.12647089e+03 1.68505909e+03
4.92285203e-07 9.79149319e+02 1.61250146e+03
4.92716258e-07 9.75653370e+02 1.65592383e+03
4.93147313e-07 1.14786130e+03 1.75281238e+03
4.93578368e-07 1.20452812e+03 1.76936953e+03
4.94009422e-07 1.07055702e+03 1.70483724e+03
4.94440477e-07 1.14932451e+03 1.75574517e+03
4.94871532e-07 1.21871088e+03 1.82592642e+03
4.95302587e-07 1.16446581e+03 1.77379327e+03
4.95733641e-07 1.04284070e+03 1.69660156e+03
4.96164696e-07 1.05592306e+03 1.73724417e+03
4.96595751e-07 1.23141086e+03 1.82326534e+03
4.97026805e-07 1.20303148e+03 1.84333136e+03
4.97457860e-07 1.21599146e+03 1.86058059e+03
4.97888915e-07 1.32685404e+03 1.86436965e+03
4.98319970e-07 1.27407712e+03 1.82892108e+03
4.98751024e-07 1.14331272e+03 1.77098877e+03
4.99182079e-07 1.23891739e+03 1.84234666e+03
4.99613134e-07 1.28161417e+03 1.87150380e+03
5.00044189e-07 1.03442233e+03 1.74815136e+03
5.00475243e-07 1.04194383e+03 1.76256429e+03
5.00906298e-07 1.20662603e+03 1.81568542e+03
5.01337353e-07 1.38211830e+03 1.87434508e+03
5.01768408e-07 1.28848176e+03 1.80242784e+03
5.02199462e-07 1.25320477e+03 1.82974740e+03
5.02630517e-07 1.20177938e+03 1.79570313e+03
5.03061572e-07 1.34557096e+03 1.86883254e+03
5.03492627e-07 1.36587845e+03 1.84976143e+03
5.03923681e-07 1.02278849e+03 1.73241103e+03
5.04354736e-07 1.11176307e+03 1.76982810e+03
5.04785791e-07 1.25707709e+03 1.83845132e+03
5.05216846e-07 1.51962456e+03 1.90154813e+03
5.05647900e-07 1.14818395e+03 1.78694428e+03
5.06078955e-07 1.19656926e+03 1.83778705e+03
5.06510010e-07 1.22198278e+03 1.85613491e+03
5.06941065e-07 1.29322313e+03 1.86071006e+03
5.07372119e-07 1.22144727e+03 1.80870467e+03
5.07803174e-07 1.33158417e+03 1.84147295e+03
5.08234229e-07 1.10271482e+03 1.76437020e+03
5.08665283e-07 1.13334449e+03 1.82994432e+03
5.09096338e-07 1.34423574e+03 1.86651848e+03
5.09527393e-07 1.17350109e+03 1.82582448e+03
5.09958448e-07 1.23440439e+03 1.84260428e+03
5.10389502e-07 1.25474340e+03 1.86839834e+03
5.10820557e-07 1.26843169e+03 1.88009667e+03
5.11251612e-07 1.17304320e+03 1.85235667e+03
5.11682667e-07 1.39202846e+03 1.94453295e+03
5.12113721e-07 1.24307255e+03 1.84151364e+03
5.12544776e-07 1.21024587e+03 1.83865475e+03
5.12975831e-07 1.20726625e+03 1.90497261e+03
5.13406886e-07 1.54643804e+03 1.98284895e+03
5.13837940e-07 1.40245490e+03 1.98892716e+03
5.14268995e-07 1.30170713e+03 1.92092260e+03
5.14700050e-07 1.23797740e+03 1.91734081e+03
5.15131105e-07 1.31118894e+03 1.96056228e+03
5.15562159e-07 1.44781045e+03 2.02610943e+03
5.15993214e-07 1.37982871e+03 1.97369988e+03
5.16424269e-07 1.42381550e+03 1.94444779e+03
5.16855324e-07 1.26275092e+03 1.83463213e+03
5.17286378e-07 1.44574156e+03 1.93062282e+03
5.17717433e-07 1.45158122e+03 1.95942705e+03
5.18148488e-07 1.10490638e+03 1.84671042e+03
5.18579543e-07 1.33104931e+03 1.97259173e+03
5.19010597e-07 1.10182640e+03 1.96989962e+03
5.19441652e-07 1.24134569e+03 2.22944082e+03
5.19872707e-07 1.71410696e+03 2.52307552e+03
5.20303761e-07 1.24629203e+03 2.17074888e+03
5.20734816e-07 1.29483071e+03 2.07210883e+03
5.21165871e-07 1.43496318e+03 2.09410756e+03
5.21596926e-07 1.62702210e+03 2.16458440e+03
5.22027980e-07 1.47014300e+03 2.13460283e+03
5.22459035e-07 1.55525826e+03 2.17362095e+03
5.22890090e-07 1.36988798e+03 2.05605324e+03
5.23321145e-07 1.28718162e+03 2.04803043e+03
5.23752199e-07 1.23134099e+03 2.06806061e+03
5.24183254e-07 1.29562387e+03 2.11847719e+03
5.24614309e-07 1.31911315e+03 2.03668513e+03
5.25045364e-07 1.20837963e+03 2.05957259e+03
5.25476418e-07 1.44674784e+03 2.18842465e+03
5.25907473e-07 1.48661936e+03 2.13191135e+03
5.26338528e-07 1.17108404e+03 1.91238879e+03
5.26769583e-07 1.50669366e+03 2.05849061e+03
5.27200637e-07 1.22674896e+03 2.01739407e+03
5.27631692e-07 1.60131191e+03 2.18802589e+03
5.28062747e-07 1.57367183e+03 2.12697490e+03
5.28493802e-07 1.23384210e+03 2.01247095e+03
5.28924856e-07 1.42385113e+03 2.13665629e+03
5.29355911e-07 1.31454970e+03 2.11238591e+03
5.29786966e-07 1.54163855e+03 2.16131748e+03
5.30218021e-07 1.49720411e+03 2.18444543e+03
5.30649075e-07 1.58709735e+03 2.25232254e+03
5.31080130e-07 1.49158618e+03 2.20623754e+03
5.31511185e-07 1.41260705e+03 2.18863360e+03
5.31942239e-07 1.39853355e+03 2.17278400e+03
5.32373294e-07 1.70642910e+03 2.27183711e+03
5.32804349e-07 1.23095023e+03 2.10042962e+03
5.33235404e-07 1.53864111e+03 2.26367006e+03
5.33666458e-07 1.76300486e+03 2.30274967e+03
5.34097513e-07 1.38044641e+03 2.12504001e+03
5.34528568e-07 1.59296331e+03 2.19185709e+03
5.34959623e-07 1.41515085e+03 2.17406901e+03
5.35390677e-07 1.25027908e+03 2.12127177e+03
5.35821732e-07 1.45429333e+03 2.22286648e+03
5.36252787e-07 1.63124680e+03 2.24719285e+03
5.36683842e-07 1.70654166e+03 2.24376010e+03
5.37114896e-07 1.72602462e+03 2.27040643e+03
5.37545951e-07 1.53619342e+03 2.24367416e+03
5.37977006e-07 1.47701022e+03 2.20193710e+03
5.38408061e-07 1.38867191e+03 2.17002806e+03
5.38839115e-07 1.48375169e+03 2.22278753e+03
5.39270170e-07 1.76017554e+03 2.32698576e+03
5.39701225e-07 1.56231202e+03 2.23906118e+03
5.40132280e-07 1.69846342e+03 2.22819960e+03
5.40563334e-07 1.68852774e+03 2.24399986e+03
5.40994389e-07 1.79769942e+03 2.34746958e+03
5.41425444e-07 1.61040637e+03 2.28115380e+03
5.41856499e-07 1.90695553e+03 2.39727172e+03
5.42287553e-07 1.62926032e+03 2.29420369e+03
5.42718608e-07 1.81041324e+03 2.37963806e+03
5.43149663e-07 1.60575519e+03 2.25689933e+03
5.43580717e-07 1.75447800e+03 2.33779926e+03
5.44011772e-07 1.91608594e+03 2.42388107e+03
5.44442827e-07 1.66026626e+03 2.32030407e+03
5.44873882e-07 1.51195821e+03 2.28106651e+03
5.45304936e-07 1.95356561e+03 2.46337787e+03
5.45735991e-07 1.66026970e+03 2.41140486e+03
5.46167046e-07 1.95507662e+03 2.55009240e+03
5.46598101e-07 1.66610016e+03 2.39069093e+03
5.47029155e-07 1.93374308e+03 2.46757503e+03
5.47460210e-07 1.66966342e+03 2.38473232e+03
5.47891265e-07 1.47526035e+03 2.29837613e+03
5.48322320e-07 1.45191459e+03 2.31934094e+03
5.48753374e-07 1.85596262e+03 2.47409602e+03
5.49184429e-07 1.65961148e+03 2.38394810e+03
5.49615484e-07 1.98391179e+03 2.51496184e+03
5.50046539e-07 1.71310858e+03 2.45782266e+03
5.50477593e-07 1.60002278e+03 2.42314117e+03
5.50908648e-07 1.93441839e+03 2.54952202e+03
5.51339703e-07 1.80335633e+03 2.48394393e+03
5.51770758e-07 1.79813566e+03 2.51123565e+03
5.52201812e-07 1.99863502e+03 2.56782403e+03
5.52632867e-07 1.63968905e+03 2.43109015e+03
5.53063922e-07 1.99030561e+03 2.57058200e+03
5.53494977e-07 1.60908955e+03 2.45930603e+03
5.53926031e-07 2.03587047e+03 2.72260502e+03
5.54357086e-07 1.97315926e+03 2.70915603e+03
5.54788141e-07 1.69078462e+03 2.60787269e+03
5.55219196e-07 1.76401709e+03 2.58725045e+03
5.55650250e-07 1.62174913e+03 2.56254727e+03
5.56081305e-07 1.91756129e+03 2.71610193e+03
5.56512360e-07 2.65430561e+03 3.21715589e+03
5.56943414e-07 3.01707759e+03 7.30204978e+03
5.57374469e-07 6.99960398e+03 2.01519479e+04
5.57805524e-07 5.24382275e+03 2.20705371e+04
5.58667633e-07 4.30580352e+02 3.43430203e+03
5.59098688e-07 1.62540519e+03 2.71650157e+03
5.59529743e-07 1.88452088e+03 2.69488719e+03
5.59960798e-07 1.84978033e+03 2.72919316e+03
5.60391852e-07 2.02347925e+03 2.85165768e+03
5.60822907e-07 1.86579054e+03 2.75478678e+03
5.61253962e-07 1.53328480e+03 2.57617326e+03
5.61685017e-07 1.73085983e+03 2.64868432e+03
5.62116071e-07 1.62623341e+03 2.67452142e+03
5.62547126e-07 1.86136778e+03 2.69882964e+03
5.62978181e-07 2.01798917e+03 2.69811087e+03
5.63409236e-07 1.85848684e+03 2.61175496e+03
5.63840290e-07 1.91336173e+03 2.68484925e+03
5.64271345e-07 1.85266527e+03 2.69219377e+03
5.64702400e-07 2.03889478e+03 2.71393155e+03
5.65133455e-07 1.89771759e+03 2.66926520e+03
5.65564509e-07 1.85520713e+03 2.63695518e+03
5.65995564e-07 1.72666127e+03 2.64752288e+03
5.66426619e-07 1.56510016e+03 2.60986108e+03
5.66857674e-07 1.99083159e+03 2.76700267e+03
5.67288728e-07 1.94507931e+03 2.79853599e+03
5.67719783e-07 1.97588468e+03 2.76170659e+03
5.68150838e-07 1.98423404e+03 2.76238551e+03
5.68581892e-07 2.01340512e+03 2.85799670e+03
5.69012947e-07 1.80971661e+03 2.74953970e+03
5.69444002e-07 1.68091085e+03 2.75765900e+03
5.69875057e-07 1.64893213e+03 2.76602021e+03
5.70306111e-07 1.97682223e+03 2.82699877e+03
5.70737166e-07 1.69601653e+03 2.66730642e+03
5.71168221e-07 2.05610621e+03 2.80362907e+03
5.71599276e-07 1.74328489e+03 2.74373205e+03
5.72030330e-07 2.04915185e+03 2.87596856e+03
5.72461385e-07 1.85382573e+03 2.83072040e+03
5.72892440e-07 1.61549901e+03 2.70854261e+03
5.73323495e-07 1.50472375e+03 2.62532521e+03
5.73754549e-07 1.88969671e+03 2.78000342e+03
5.74185604e-07 1.52501050e+03 2.65761939e+03
5.74616659e-07 2.25583973e+03 2.89883910e+03
5.75047714e-07 2.94154050e+03 3.16205867e+03
5.75478768e-07 2.52909266e+03 3.03965285e+03
5.75909823e-07 1.78153334e+03 2.74445018e+03
5.76340878e-07 1.65688098e+03 2.71591336e+03
5.76771933e-07 1.71327234e+03 2.80369549e+03
5.77202987e-07 1.51629220e+03 2.69863501e+03
5.77634042e-07 2.12372665e+03 2.88815263e+03
5.78065097e-07 1.35586748e+03 2.61790768e+03
5.78496152e-07 1.66075889e+03 2.69958328e+03
5.78927206e-07 1.50696418e+03 2.70067016e+03
5.79358261e-07 1.99750913e+03 2.91745577e+03
5.79789316e-07 1.83709402e+03 2.81756663e+03
5.80220370e-07 1.78201500e+03 2.82871711e+03
5.80651425e-07 1.51575706e+03 2.72761613e+03
5.81082480e-07 2.06728211e+03 2.94113905e+03
5.81513535e-07 2.18017169e+03 2.97357467e+03
5.81944589e-07 2.35460976e+03 3.06608909e+03
5.82375644e-07 1.66005604e+03 2.84717663e+03
5.82806699e-07 1.59427275e+03 2.83381651e+03
5.83237754e-07 1.77719526e+03 2.90671537e+03
5.83668808e-07 2.19150404e+03 3.00323998e+03
5.84099863e-07 2.37281632e+03 3.14036333e+03
5.84530918e-07 1.72316852e+03 2.93082742e+03
5.84961973e-07 2.17754171e+03 3.07584892e+03
5.85393027e-07 2.44045426e+03 3.15694684e+03
5.85824082e-07 2.24423208e+03 3.16606536e+03
5.86255137e-07 2.07080380e+03 3.48701117e+03
5.86686192e-07 2.21560740e+03 3.69503906e+03
5.87117246e-07 2.22399896e+03 3.51109318e+03
5.87548301e-07 2.33265563e+03 3.29597336e+03
5.87979356e-07 2.41200964e+03 3.65249490e+03
5.88410411e-07 2.81517910e+03 6.03008456e+03
5.88841465e-07 3.63092197e+03 9.26100912e+03
5.89272520e-07 2.02603637e+03 8.76305701e+03
5.89703575e-07 1.37816612e+03 6.11032069e+03
5.90134630e-07 1.48506982e+03 4.10237228e+03
5.90565684e-07 1.87202792e+03 3.42160738e+03
5.90996739e-07 1.94688184e+03 3.51958227e+03
5.91427794e-07 2.10475023e+03 3.66962271e+03
5.91858848e-07 2.20486906e+03 3.55646101e+03
5.92289903e-07 3.11252433e+03 3.85289073e+03
5.92720958e-07 2.98458485e+03 4.01191736e+03
5.93152013e-07 2.80331019e+03 4.02856049e+03
5.93583067e-07 2.03118157e+03 3.50789331e+03
5.94014122e-07 1.90879016e+03 3.27359968e+03
5.94445177e-07 2.22364703e+03 3.45130991e+03
5.94876232e-07 2.11570224e+03 3.62473838e+03
5.95307286e-07 2.29426598e+03 3.71690027e+03
5.95738341e-07 2.13884296e+03 3.43780057e+03
5.96169396e-07 2.16180697e+03 3.33054609e+03
5.96600451e-07 1.77966628e+03 3.21458345e+03
5.97031505e-07 2.08788233e+03 3.50645223e+03
5.97462560e-07 1.80914259e+03 3.41687448e+03
5.97893615e-07 2.22370216e+03 3.49702971e+03
5.98324670e-07 1.93611315e+03 3.24138558e+03
5.98755724e-07 2.11264043e+03 3.22320963e+03
5.99186779e-07 2.06259314e+03 3.15464005e+03
5.99617834e-07 1.90955133e+03 3.16698447e+03
6.00048889e-07 1.72376677e+03 3.17653322e+03
6.00479943e-07 2.01340397e+03 3.23134474e+03
6.00910998e-07 2.48679525e+03 3.29007335e+03
6.01342053e-07 1.81442846e+03 2.97684098e+03
6.01773108e-07 1.58160486e+03 2.92431915e+03
6.02204162e-07 1.70809394e+03 2.93584320e+03
6.02635217e-07 1.87779673e+03 2.99945792e+03
6.03066272e-07 2.57220570e+03 3.27536649e+03
6.03497326e-07 2.50681576e+03 3.23502633e+03
6.03928381e-07 1.70738733e+03 2.97600994e+03
6.04359436e-07 2.01541556e+03 3.02117929e+03
6.04790491e-07 1.72835833e+03 2.91798315e+03
6.05221545e-07 2.19745261e+03 3.08955488e+03
6.05652600e-07 2.16031499e+03 3.04912920e+03
6.06083655e-07 2.16872966e+03 3.10361985e+03
6.06514710e-07 2.32906211e+03 3.18358916e+03
6.06945764e-07 2.26927834e+03 3.09357558e+03
6.07376819e-07 2.12714674e+03 3.10031822e+03
6.07807874e-07 2.49227288e+03 3.19993765e+03
6.08238929e-07 2.40657695e+03 3.16307678e+03
6.08669983e-07 2.17048682e+03 3.03070987e+03
6.09101038e-07 1.91598409e+03 2.96186637e+03
6.09532093e-07 1.96174474e+03 2.99030746e+03
6.09963148e-07 1.90054105e+03 3.01682880e+03
6.10394202e-07 2.08444607e+03 3.03914397e+03
6.10825257e-07 2.03963077e+03 3.04429303e+03
6.11256312e-07 1.83644532e+03 2.93584111e+03
6.11687367e-07 1.89425240e+03 2.88902972e+03
6.12118421e-07 1.81624608e+03 2.90325648e+03
6.12549476e-07 2.11815594e+03 3.00387617e+03
6.12980531e-07 1.71814147e+03 2.88151401e+03
6.13411586e-07 1.86621461e+03 3.03377543e+03
6.13842640e-07 2.21226653e+03 3.27534090e+03
6.14273695e-07 2.12568953e+03 3.22186532e+03
6.14704750e-07 2.02927662e+03 3.09540334e+03
6.15135804e-07 2.04079435e+03 3.03619248e+03
6.15566859e-07 1.75131824e+03 2.87436489e+03
6.15997914e-07 1.97040643e+03 2.91956400e+03
6.16428969e-07 1.86891780e+03 2.98722730e+03
6.16860023e-07 1.78357275e+03 3.21414043e+03
6.17291078e-07 1.96399019e+03 3.28788797e+03
6.17722133e-07 1.88066027e+03 3.04376621e+03
6.18153188e-07 1.89456788e+03 2.95190950e+03
6.18584242e-07 2.19924172e+03 3.09580507e+03
6.19015297e-07 2.19408344e+03 3.09337230e+03
6.19446352e-07 2.23478734e+03 3.11258824e+03
6.19877407e-07 2.13138168e+03 3.24635853e+03
6.20308461e-07 2.28550930e+03 3.30808594e+03
6.20739516e-07 2.13109131e+03 3.16099830e+03
6.21170571e-07 1.93996912e+03 3.04629854e+03
6.21601626e-07 2.23944401e+03 3.24779955e+03
6.22032680e-07 2.25061312e+03 3.30035545e+03
6.22463735e-07 1.84587826e+03 3.21403780e+03
6.22894790e-07 1.78726751e+03 3.50716941e+03
6.23325845e-07 2.37050149e+03 4.41020825e+03
6.23756899e-07 2.22480352e+03 4.42027580e+03
6.24187954e-07 2.04510530e+03 3.73614943e+03
6.24619009e-07 1.92669340e+03 3.36315350e+03
6.25050064e-07 2.09997874e+03 3.51674662e+03
6.25481118e-07 2.54658751e+03 4.17256190e+03
6.25912173e-07 2.77312289e+03 4.42585044e+03
6.26343228e-07 2.61103353e+03 4.02380106e+03
6.26774283e-07 2.15995107e+03 3.54680587e+03
6.27205337e-07 1.75007407e+03 3.22648130e+03
6.27636392e-07 1.93977287e+03 3.21285348e+03
6.28067447e-07 2.65728617e+03 3.63850684e+03
6.28498501e-07 2.32221726e+03 3.92266140e+03
6.28929556e-07 2.21128930e+03 4.34845034e+03
6.29360611e-07 3.59246086e+03 8.72995568e+03
6.29791666e-07 4.74476732e+03 1.53865025e+04
6.30222720e-07 2.76636358e+03 1.31177323e+04
6.30653775e-07 1.94909247e+03 6.69181095e+03
6.31084830e-07 1.79411449e+03 3.72996977e+03
6.31515885e-07 1.84273488e+03 3.20758162e+03
6.31946939e-07 2.28665441e+03 3.52665721e+03
6.32377994e-07 2.39898910e+03 3.87653222e+03
6.32809049e-07 2.46609239e+03 4.13249638e+03
6.33240104e-07 2.18553234e+03 3.68939774e+03
6.33671158e-07 2.34836797e+03 3.36334898e+03
6.34102213e-07 1.99399867e+03 3.16666780e+03
6.34533268e-07 2.43662251e+03 3.48270695e+03
6.34964323e-07 2.53364932e+03 3.66868952e+03
6.35395377e-07 2.65217458e+03 4.28455951e+03
6.35826432e-07 3.09430935e+03 6.14181720e+03
6.36257487e-07 2.66930822e+03 7.35961000e+03
6.36688542e-07 2.13309317e+03 5.56477190e+03
6.37119596e-07 1.96944689e+03 3.60765930e+03
6.37550651e-07 2.12078836e+03 3.29694284e+03
6.37981706e-07 2.10373813e+03 3.37678545e+03
6.38412761e-07 2.06059438e+03 3.46181695e+03
6.38843815e-07 2.12491998e+03 3.30582564e+03
6.39274870e-07 2.02862483e+03 3.13479063e+03
6.39705925e-07 2.39859233e+03 3.18017087e+03
6.40136979e-07 2.12685909e+03 3.08497367e+03
6.40568034e-07 1.80833864e+03 2.92285398e+03
6.40999089e-07 2.13155240e+03 3.08379746e+03
6.41430144e-07 2.38267912e+03 3.22880319e+03
6.41861198e-07 2.19631463e+03 3.16969415e+03
6.42292253e-07 1.79647235e+03 2.99106653e+03
6.42723308e-07 2.01061239e+03 3.03050842e+03
6.43154363e-07 2.07888309e+03 3.01221194e+03
6.43585417e-07 2.23816633e+03 3.10402941e+03
6.44016472e-07 2.28481719e+03 3.06725501e+03
6.44447527e-07 2.28298807e+03 3.07379138e+03
6.44878582e-07 2.17522636e+03 3.09619246e+03
6.45309636e-07 2.28234754e+03 3.22000422e+03
6.45740691e-07 2.57160959e+03 3.49585924e+03
6.46171746e-07 2.73511742e+03 4.04451766e+03
6.46602801e-07 2.62812826e+03 4.30133749e+03
6.47033855e-07 2.31348734e+03 4.02196889e+03
6.47464910e-07 2.45127640e+03 3.61690902e+03
6.47895965e-07 2.14310008e+03 3.22983143e+03
6.48327020e-07 2.05361473e+03 3.02248440e+03
6.48758074e-07 2.67735817e+03 3.26670492e+03
6.49189129e-07 2.48578060e+03 3.71228478e+03
6.49620184e-07 2.27614821e+03 4.42583959e+03
6.50051239e-07 2.96446444e+03 4.68985493e+03
6.50482293e-07 2.41067954e+03 3.84248312e+03
6.50913348e-07 2.27630297e+03 3.34752737e+03
6.51344403e-07 2.62037375e+03 3.35087819e+03
6.51775457e-07 2.57377605e+03 3.43957464e+03
6.52206512e-07 2.10147707e+03 3.40473483e+03
6.52637567e-07 2.12814883e+03 3.68992099e+03
6.53068622e-07 2.78256100e+03 4.33036977e+03
6.53499676e-07 2.92490781e+03 4.19091953e+03
6.53930731e-07 2.88146044e+03 3.87749498e+03
6.54361786e-07 2.82632977e+03 3.88516452e+03
6.54792841e-07 2.80344114e+03 4.17135872e+03
6.55223895e-07 2.63381792e+03 4.44839742e+03
6.55654950e-07 2.81860046e+03 4.19573497e+03
6.56086005e-07 2.28887947e+03 3.74386106e+03
6.56517060e-07 2.24553748e+03 3.64496296e+03
6.56948114e-07 2.48975674e+03 3.79074195e+03
6.57379169e-07 2.43605914e+03 4.09038188e+03
6.57810224e-07 2.49353305e+03 4.01121886e+03
6.58241279e-07 2.37665067e+03 3.45041008e+03
6.58672333e-07 2.32037143e+03 3.20371036e+03
6.59103388e-07 2.29707768e+03 3.25938261e+03
6.59534443e-07 2.16717775e+03 3.32525013e+03
6.59965498e-07 2.34834872e+03 3.62012529e+03
6.60396552e-07 2.43384314e+03 3.59424298e+03
6.60827607e-07 2.14435920e+03 3.28453699e+03
6.61258662e-07 2.24697653e+03 3.10025436e+03
6.61689717e-07 2.22558147e+03 3.06959994e+03
6.62120771e-07 2.46193830e+03 3.17840966e+03
6.62551826e-07 2.36238786e+03 3.25068535e+03
6.62982881e-07 2.24300673e+03 3.28055871e+03
6.63413935e-07 2.32709844e+03 3.31988064e+03
6.63844990e-07 2.38468931e+03 3.20429372e+03
6.64276045e-07 2.27018338e+03 3.05201738e+03
6.64707100e-07 2.63492661e+03 3.20368917e+03
6.65138154e-07 2.34895589e+03 3.09171333e+03
6.65569209e-07 1.99466800e+03 3.08963464e+03
6.66000264e-07 2.44248805e+03 3.21673560e+03
6.66431319e-07 2.62900785e+03 3.27278525e+03
6.66862373e-07 2.40363092e+03 3.19416715e+03
6.67293428e-07 2.34686601e+03 3.11613222e+03
6.67724483e-07 2.45854262e+03 3.17509248e+03
6.68155538e-07 2.32702360e+03 3.05757456e+03
6.68586592e-07 2.35186116e+03 3.09057326e+03
6.69017647e-07 2.26844522e+03 3.05818570e+03
6.69448702e-07 2.30562403e+03 3.10929979e+03
6.69879757e-07 2.47413006e+03 3.22259082e+03
6.70310811e-07 2.05032526e+03 3.08437022e+03
6.70741866e-07 2.17486129e+03 3.09576457e+03
6.71172921e-07 2.57698913e+03 3.24228423e+03
6.71603976e-07 2.36427220e+03 3.17332934e+03
6.72035030e-07 2.68633663e+03 3.23291273e+03
6.72466085e-07 2.72184213e+03 3.23940190e+03
6.72897140e-07 2.46711277e+03 3.14441958e+03
6.73328195e-07 2.37523342e+03 3.14242699e+03
6.73759249e-07 2.61281026e+03 3.25194800e+03
6.74190304e-07 2.40448809e+03 3.14595914e+03
6.74621359e-07 2.24145278e+03 3.12558265e+03
6.75052413e-07 2.40075281e+03 3.15426562e+03
6.75483468e-07 2.20327826e+03 3.07127407e+03
6.75914523e-07 2.11855436e+03 3.01758939e+03
6.76345578e-07 2.21289449e+03 3.01217463e+03
6.76776632e-07 2.32841702e+03 3.07938283e+03
6.77207687e-07 2.55267894e+03 3.15569750e+03
6.77638742e-07 2.47538799e+03 3.08622861e+03
6.78069797e-07 2.08056901e+03 2.97515849e+03
6.78500851e-07 2.37648465e+03 3.08649911e+03
6.78931906e-07 2.25563114e+03 3.02384962e+03
6.79362961e-07 2.28470731e+03 3.01893794e+03
6.79794016e-07 2.53151275e+03 3.09526129e+03
6.80225070e-07 2.46165022e+03 3.07645646e+03
6.80656125e-07 2.61721411e+03 3.14370794e+03
6.81087180e-07 2.01403719e+03 2.88832975e+03
6.81518235e-07 2.38255055e+03 3.05268954e+03
6.81949289e-07 2.65836524e+03 3.51131112e+03
6.82380344e-07 2.40455498e+03 4.69819197e+03
6.82811399e-07 2.40096345e+03 6.20079803e+03
6.83242454e-07 2.88350900e+03 6.44777616e+03
6.83673508e-07 2.29035845e+03 4.89634952e+03
6.84104563e-07 1.98938481e+03 3.78056866e+03
6.84535618e-07 2.18107917e+03 3.37949733e+03
6.84966673e-07 2.09776702e+03 3.15747856e+03
6.85397727e-07 2.55881121e+03 3.58402373e+03
6.85828782e-07 3.04338964e+03 5.33135169e+03
6.86259837e-07 2.57309914e+03 6.59869725e+03
6.86690891e-07 1.42083804e+03 4.89079889e+03
6.87121946e-07 1.95971641e+03 3.32797855e+03
6.87553001e-07 1.76104031e+03 3.01726277e+03
6.87984056e-07 2.16167958e+03 3.46011504e+03
6.88415110e-07 2.41886949e+03 3.75681263e+03
6.88846165e-07 1.92278661e+03 3.61200529e+03
6.89277220e-07 1.65930891e+03 3.20686077e+03
6.89708275e-07 2.22761359e+03 3.49493752e+03
6.90139329e-07 2.33737861e+03 3.58001679e+03
6.90570384e-07 1.83092469e+03 3.42766570e+03
6.91001439e-07 2.04291721e+03 3.96320546e+03
6.91432494e-07 2.29122388e+03 4.17428956e+03
6.91863548e-07 1.42285481e+03 4.24586443e+03
6.92294603e-07 2.20834787e+03 4.83547548e+03
6.92725658e-07 2.07699797e+03 3.86527285e+03
6.93156713e-07 2.25085236e+03 3.36943829e+03
6.93587767e-07 2.27785517e+03 3.80900805e+03
6.94018822e-07 2.76496153e+03 4.38150402e+03
6.94449877e-07 2.25458341e+03 4.88672327e+03
6.94880932e-07 2.73849676e+03 5.29125392e+03
6.95311986e-07 2.48965990e+03 4.18082597e+03
6.95743041e-07 2.54344798e+03 3.43455162e+03
6.96174096e-07 2.17946143e+03 3.32117691e+03
6.96605151e-07 2.53564498e+03 3.75886855e+03
6.97036205e-07 2.18734400e+03 3.95480115e+03
6.97467260e-07 2.00339994e+03 4.33212484e+03
6.97898315e-07 2.25753467e+03 4.35209846e+03
6.98329370e-07 2.26183853e+03 3.55857041e+03
6.98760424e-07 1.81794448e+03 3.12439562e+03
6.99191479e-07 2.14062502e+03 3.14864922e+03
6.99622534e-07 2.78849787e+03 3.39144146e+03
7.00053588e-07 1.75823165e+03 3.22563630e+03
7.00484643e-07 2.08608318e+03 3.50419758e+03
7.00915698e-07 2.12091130e+03 3.61638281e+03
7.01346753e-07 1.76196382e+03 3.27842734e+03
7.01777807e-07 2.43985108e+03 3.17994664e+03
7.02208862e-07 1.77567441e+03 2.85632687e+03
7.02639917e-07 1.99859494e+03 3.06718422e+03
7.03070972e-07 2.12515118e+03 3.16072392e+03
7.03502026e-07 1.83023183e+03 3.07495006e+03
7.03933081e-07 2.11083866e+03 3.36550699e+03
7.04364136e-07 2.09482911e+03 3.60582112e+03
7.04795191e-07 2.37738255e+03 3.86617420e+03
7.05226245e-07 2.39024705e+03 3.63110211e+03
7.05657300e-07 2.47481709e+03 3.35510356e+03
7.06088355e-07 2.64040173e+03 3.44796021e+03
7.06519410e-07 2.24876030e+03 3.41822690e+03
7.06950464e-07 1.92391894e+03 3.27763998e+03
7.07381519e-07 2.13748944e+03 3.32177914e+03
7.07812574e-07 2.19517357e+03 3.39519945e+03
7.08243629e-07 1.83647478e+03 3.22085340e+03
7.08674683e-07 2.22952356e+03 3.37802491e+03
7.09105738e-07 2.02428497e+03 3.18384665e+03
7.09536793e-07 2.15669866e+03 3.12397150e+03
7.09967848e-07 2.06964048e+03 3.04414260e+03
7.10398902e-07 1.88221483e+03 3.02191356e+03
7.10829957e-07 2.23588166e+03 3.08771436e+03
7.11261012e-07 1.93649569e+03 2.99461191e+03
7.11692066e-07 1.80072712e+03 2.92109523e+03
7.12123121e-07 2.39295159e+03 3.14813221e+03
7.12554176e-07 2.06962199e+03 3.11419639e+03
7.12985231e-07 2.14056077e+03 3.19727087e+03
7.13416285e-07 2.29156326e+03 3.20585261e+03
7.13847340e-07 2.31474615e+03 3.33752846e+03
7.14278395e-07 1.93765263e+03 3.35416706e+03
7.14709450e-07 2.31301127e+03 3.41676795e+03
7.15140504e-07 2.01651062e+03 3.14488299e+03
7.15571559e-07 2.08518738e+03 3.13026233e+03
7.16002614e-07 1.89593454e+03 3.15302091e+03
7.16433669e-07 2.02650615e+03 3.15471742e+03
7.16864723e-07 1.95312105e+03 3.06874699e+03
7.17295778e-07 1.69358918e+03 2.93325719e+03
7.17726833e-07 1.84065821e+03 2.91578416e+03
7.18157888e-07 1.84177986e+03 2.79521493e+03
7.18588942e-07 1.22686703e+03 2.44072342e+03
7.19019997e-07 1.36609852e+03 2.48339887e+03
7.19451052e-07 1.48274830e+03 2.52841106e+03
7.19882107e-07 1.95228962e+03 2.67573557e+03
7.20313161e-07 1.34913663e+03 2.46921908e+03
7.20744216e-07 1.69825721e+03 2.69786566e+03
7.21175271e-07 1.96973969e+03 2.80639221e+03
7.21606326e-07 1.63069652e+03 2.67079041e+03
7.22037380e-07 1.91062913e+03 2.90216937e+03
7.22468435e-07 1.66980056e+03 2.92031758e+03
7.22899490e-07 1.83539773e+03 3.16307105e+03
7.23330544e-07 1.99096355e+03 4.83647099e+03
7.23761599e-07 1.87981548e+03 8.29924524e+03
7.24192654e-07 9.24180150e+02 9.54948454e+03
7.24623709e-07 1.67077844e+03 7.65496383e+03
7.25054763e-07 1.67373329e+03 4.98901849e+03
7.25485818e-07 1.75128845e+03 3.81330784e+03
7.25916873e-07 1.90392543e+03 3.34979604e+03
7.26347928e-07 1.93440430e+03 3.21407222e+03
7.26778982e-07 1.92397746e+03 4.39058537e+03
7.27210037e-07 1.29263073e+03 7.62743025e+03
7.27641092e-07 1.61721923e+03 9.42290444e+03
7.28072147e-07 1.67734880e+03 7.59035765e+03
7.28503201e-07 2.14335733e+03 5.73739299e+03
7.28934256e-07 1.80454389e+03 4.17395927e+03
7.29365311e-07 1.74989367e+03 3.89874196e+03
7.29796366e-07 1.64197722e+03 4.23247454e+03
7.30227420e-07 2.07764763e+03 4.60286843e+03
7.30658475e-07 2.34392536e+03 4.67748401e+03
7.31089530e-07 2.30019289e+03 6.47956760e+03
7.31520585e-07 2.07516623e+03 8.20087818e+03
7.31951639e-07 2.11056318e+03 5.98848464e+03
7.32382694e-07 2.05708488e+03 4.78949635e+03
7.32813749e-07 1.76283226e+03 5.15964618e+03
7.33244804e-07 1.67815573e+03 5.29107126e+03
7.33675858e-07 1.56633991e+03 7.72836942e+03
7.34106913e-07 2.08017160e+03 8.96655579e+03
7.34537968e-07 1.94394159e+03 5.52941591e+03
7.34969022e-07 1.92062788e+03 3.77958302e+03
7.35400077e-07 2.13953035e+03 4.61371807e+03
7.35831132e-07 2.14763362e+03 5.27752586e+03
7.36262187e-07 2.00490371e+03 5.75079287e+03
7.36693241e-07 1.58157952e+03 7.32559706e+03
7.37124296e-07 1.37408933e+03 6.25886560e+03
7.37555351e-07 2.42914551e+03 4.11158125e+03
7.37986406e-07 1.91162120e+03 3.17932366e+03
7.38417460e-07 1.64007208e+03 3.29861987e+03
7.38848515e-07 1.73731356e+03 4.12253149e+03
7.39279570e-07 1.23435068e+03 4.49867199e+03
7.39710625e-07 1.86522278e+03 5.46255458e+03
7.40141679e-07 1.32199618e+03 5.66686137e+03
7.40572734e-07 1.79061968e+03 4.29731282e+03
7.41003789e-07 1.85437773e+03 3.24520305e+03
7.41434844e-07 2.15747051e+03 3.21973893e+03
7.41865898e-07 2.07428779e+03 3.13654450e+03
7.42296953e-07 2.01260595e+03 3.27222082e+03
7.42728008e-07 1.85520042e+03 3.63607463e+03
7.43159063e-07 2.10890866e+03 4.10431886e+03
7.43590117e-07 2.04653264e+03 4.55811838e+03
7.44021172e-07 1.75695768e+03 4.12482235e+03
7.44452227e-07 1.78107247e+03 3.27545008e+03
7.44883282e-07 1.69827198e+03 2.91396224e+03
7.45314336e-07 1.86808663e+03 3.01145700e+03
7.45745391e-07 2.06219594e+03 3.35537678e+03
7.46176446e-07 1.85791572e+03 3.72698469e+03
7.46607500e-07 1.76962773e+03 4.37197857e+03
7.47038555e-07 1.80354294e+03 4.91882143e+03
7.47469610e-07 2.03184086e+03 5.20192201e+03
7.47900665e-07 1.55696785e+03 5.24108457e+03
7.48331719e-07 1.32091789e+03 4.76867476e+03
7.48762774e-07 1.90682513e+03 3.87389069e+03
7.49193829e-07 1.88284916e+03 3.52217801e+03
7.49624884e-07 1.93357601e+03 3.33998266e+03
7.50055938e-07 1.87705080e+03 3.15659397e+03
7.50486993e-07 1.47931645e+03 2.87155942e+03
7.50918048e-07 1.42163598e+03 2.81789906e+03
7.51349103e-07 1.79413597e+03 3.44900090e+03
7.51780157e-07 1.76371556e+03 5.12687950e+03
7.52211212e-07 1.64483534e+03 7.16376593e+03
7.52642267e-07 1.77504656e+03 6.60568463e+03
7.53073322e-07 2.47667534e+03 5.00919265e+03
7.53504376e-07 2.12858275e+03 3.79089637e+03
7.53935431e-07 1.51208137e+03 3.31930977e+03
7.54366486e-07 1.81436931e+03 3.22684392e+03
7.54797541e-07 2.18010646e+03 3.27262443e+03
7.55228595e-07 1.92191208e+03 3.61948110e+03
7.55659650e-07 1.63909178e+03 3.75819939e+03
7.56090705e-07 1.30835410e+03 3.50832559e+03
7.56521760e-07 1.54912659e+03 4.40189954e+03
7.56952814e-07 1.66940799e+03 5.93575064e+03
7.57383869e-07 1.87480190e+03 5.30834984e+03
7.57814924e-07 2.12540378e+03 3.91421257e+03
7.58245978e-07 2.10731484e+03 3.94871373e+03
7.58677033e-07 1.80881181e+03 3.83540563e+03
7.59108088e-07 1.26274122e+03 3.09537327e+03
7.59539143e-07 1.23466640e+03 2.90778017e+03
7.59970197e-07 8.28344173e+02 2.42272297e+03
7.60401252e-07 4.15174144e+02 1.76878672e+03
7.60832307e-07 3.25693237e+02 1.77832542e+03
7.61263362e-07 5.82539475e+02 2.40148424e+03
7.61694416e-07 1.07744989e+03 3.19211604e+03
7.62125471e-07 1.08677435e+03 3.18384375e+03
7.62556526e-07 1.19649671e+03 3.11630363e+03
7.62987581e-07 8.94321971e+02 2.78670817e+03
7.63418635e-07 7.62396285e+02 2.39168199e+03
7.63849690e-07 7.68429304e+02 2.20637428e+03
7.64280745e-07 6.65019966e+02 2.20656413e+03
7.64711800e-07 8.22871496e+02 2.57011212e+03
7.65142854e-07 1.12119669e+03 2.90871379e+03
7.65573909e-07 1.33816571e+03 3.17664095e+03
7.66004964e-07 1.30881608e+03 3.53464906e+03
7.66436019e-07 1.46041436e+03 3.41018692e+03
7.66867073e-07 1.45254177e+03 2.96227862e+03
7.67298128e-07 1.40504245e+03 2.87552233e+03
7.67729183e-07 1.31182124e+03 2.98475388e+03
7.68160238e-07 1.10132772e+03 3.16813060e+03
7.68591292e-07 1.35188171e+03 3.44592409e+03
7.69022347e-07 1.30723199e+03 3.50392613e+03
7.69453402e-07 1.54124499e+03 3.59763975e+03
7.69884457e-07 1.91830312e+03 3.64608309e+03
7.70315511e-07 1.58109382e+03 3.91894460e+03
7.70746566e-07 1.42151306e+03 7.01845882e+03
7.71177621e-07 2.03108397e+02 1.21594615e+04
7.71608675e-07 1.24660364e+03 1.25818772e+04
7.72039730e-07 2.66601053e+03 8.65793759e+03
7.72470785e-07 1.80303267e+03 5.68745925e+03
7.72901840e-07 1.25286265e+03 4.30859408e+03
7.73332894e-07 1.88555207e+03 3.88262929e+03
7.73763949e-07 2.07225148e+03 3.81612293e+03
7.74195004e-07 1.47375923e+03 4.83303767e+03
7.74626059e-07 1.49197814e+03 9.79888379e+03
7.75057113e-07 1.83926308e+03 1.25403483e+04
7.75488168e-07 3.09227839e+03 9.47118863e+03
7.75919223e-07 2.99085945e+03 7.21779248e+03
7.76350278e-07 7.16877649e+03 7.01197211e+03
7.76781332e-07 7.94950161e+03 6.43312339e+03
7.77212387e-07 3.46344420e+03 5.54174201e+03
7.77643442e-07 1.37888777e+03 5.39096777e+03
7.78074497e-07 1.37789759e+03 5.14393018e+03
7.78505551e-07 2.44874706e+03 5.43539006e+03
7.78936606e-07 2.77375586e+03 8.54094870e+03
7.79367661e-07 2.40255376e+03 1.01257699e+04
7.79798716e-07 2.44958142e+03 6.63442193e+03
7.80229770e-07 2.10642443e+03 5.01245870e+03
7.80660825e-07 1.33186525e+03 5.89436032e+03
7.81091880e-07 1.67426676e+03 5.68431923e+03
7.81522935e-07 1.82875676e+03 7.32135512e+03
7.81953989e-07 2.24772373e+01 1.03747284e+04
7.82385044e-07 1.50973935e+03 8.59847737e+03
7.82816099e-07 2.58437763e+03 4.70170205e+03
7.83247153e-07 1.28794176e+03 3.68160736e+03
7.83678208e-07 1.67914817e+03 4.97182137e+03
7.84109263e-07 1.74591397e+03 5.66150441e+03
7.84540318e-07 1.55914454e+03 6.47597362e+03
7.84971372e-07 8.96006402e+02 1.05983935e+04
7.85402427e-07 1.03372229e+03 1.23441674e+04
7.85833482e-07 2.23056800e+03 9.63991813e+03
7.86264537e-07 1.40960843e+03 7.27115551e+03
7.86695591e-07 2.27450730e+03 7.76644942e+03
7.87126646e-07 1.77401185e+03 7.84853015e+03
7.87557701e-07 2.93787660e+03 7.04613399e+03
