1.51210000e-01
3.61628030e-07 2.53833898e+02 2.46041197e+01
3.62490091e-07 1.50408539e+01 1.05394571e+02
3.62921121e-07 4.43451733e+01 1.17151318e+02
3.63352152e-07 5.31584505e+01 1.32237790e+02
3.63783182e-07 1.08778967e+01 1.16144522e+02
3.64214212e-07 4.78601741e+01 1.44410529e+02
3.65076273e-07 4.76520538e+01 9.60669661e+01
3.65507303e-07 5.79004803e+01 1.04842287e+02
3.66800394e-07 3.28046598e+01 9.21687202e+01
3.67662455e-07 3.18464142e+01 8.32201839e+01
3.68093485e-07 6.69780453e+01 9.62961429e+01
3.68955545e-07 7.33873863e+01 1.00268807e+02
3.69386576e-07 4.70210546e+01 9.48429360e+01
3.69817606e-07 4.63827120e+00 1.09020874e+02
3.71110697e-07 8.61690836e+00 1.43900983e+02
3.71541727e-07 9.35308123e+01 1.24487280e+02
3.71972758e-07 8.63309694e+01 1.04096852e+02
3.72403788e-07 5.19727228e+01 1.11744557e+02
3.72834818e-07 9.59581336e+00 1.49447198e+02
3.73265848e-07 5.16221979e+01 1.60026573e+02
3.73696879e-07 6.00664686e+01 2.04920096e+02
3.74127909e-07 5.84137204e+01 1.90981556e+02
3.75421000e-07 1.47051924e+01 1.52144379e+02
3.76714091e-07 1.20060834e+02 1.40915307e+02
3.77145121e-07 2.32851373e+01 1.44897528e+02
3.77576152e-07 8.89785121e+01 1.45658394e+02
3.78007182e-07 2.13163531e+02 1.35640285e+02
3.78438212e-07 3.73756753e+01 1.46916241e+02
3.79731303e-07 8.71847996e+01 1.65705145e+02
3.80162333e-07 1.02159708e+02 1.53612364e+02
3.80593364e-07 2.93205757e+01 1.19966281e+02
3.81024394e-07 8.51765132e+01 1.39479953e+02
3.81455424e-07 9.68232921e+01 1.59484623e+02
3.81886455e-07 5.78801239e+01 1.69430377e+02
3.82317485e-07 6.70449769e+01 1.62791325e+02
3.82748515e-07 6.03901493e+01 1.99108651e+02
3.83179545e-07 7.32954326e+01 2.47429959e+02
3.84041606e-07 3.64095312e+00 2.01020510e+02
3.84472636e-07 3.54823935e+01 2.04540134e+02
3.84903667e-07 1.00601192e+02 1.94268777e+02
3.85334697e-07 6.37646391e+01 1.89422489e+02
3.85765727e-07 1.05763315e+02 1.70522730e+02
3.86196758e-07 1.07696302e+02 1.49862125e+02
3.86627788e-07 1.29510030e+02 1.40871486e+02
3.87058818e-07 1.24746905e+02 1.42577823e+02
3.87489848e-07 1.45807259e+01 1.47804491e+02
3.87920879e-07 7.87700867e+01 1.35205495e+02
3.88351909e-07 1.69885044e+02 1.26798270e+02
3.88782939e-07 8.53955333e+01 1.25693362e+02
3.89213970e-07 4.03094589e+01 1.42143769e+02
3.89645000e-07 1.43765108e+02 1.47687988e+02
3.90076030e-07 2.62071866e+02 1.88290915e+02
3.90507061e-07 1.48064531e+02 2.02837214e+02
3.90938091e-07 1.41816800e+02 2.20064593e+02
3.91369121e-07 1.39981538e+02 2.54910103e+02
3.91800152e-07 1.37322917e+02 2.25459736e+02
3.92231182e-07 1.52470285e+02 1.72368076e+02
3.92662212e-07 1.27712575e+02 1.70655944e+02
3.93093242e-07 1.46848202e+02 1.43789879e+02
3.93524273e-07 1.11341284e+02 1.81902799e+02
3.93955303e-07 2.36111013e+02 1.90568483e+02
3.94386333e-07 1.78041999e+02 2.30155724e+02
3.95248394e-07 6.19961143e+01 2.24796392e+02
3.95679424e-07 2.02007714e+02 1.78040019e+02
3.96110455e-07 1.80421200e+02 1.66962674e+02
3.96541485e-07 1.80553275e+02 1.52511841e+02
3.96972515e-07 1.02158875e+02 1.53897986e+02
3.97403545e-07 1.11984996e+02 2.13350202e+02
3.97834576e-07 1.13621942e+02 1.97529279e+02
3.98265606e-07 2.46857382e+02 1.94376587e+02
3.98696636e-07 2.45084199e+02 2.00891048e+02
3.99127667e-07 2.37153141e+02 2.00167103e+02
3.99558697e-07 2.36343038e+02 2.02180364e+02
3.99989727e-07 1.87276859e+02 1.93534350e+02
4.00420758e-07 2.44828893e+02 2.05340716e+02
4.00851788e-07 3.64117102e+02 2.46467469e+02
4.01282818e-07 1.55843244e+02 2.82906728e+02
4.01713848e-07 2.43933330e+02 2.52763232e+02
4.02144879e-07 2.33874422e+02 2.28944780e+02
4.02575909e-07 1.52861975e+02 2.37986094e+02
4.03006939e-07 2.86248802e+02 2.47106123e+02
4.03437970e-07 1.87587801e+02 2.55123975e+02
4.03869000e-07 1.01088309e+02 2.86549075e+02
4.04300030e-07 2.92123232e+02 3.00838392e+02
4.04731061e-07 2.64385820e+02 3.39394669e+02
4.05162091e-07 2.81676379e+02 3.11781828e+02
4.05593121e-07 1.53124018e+02 3.04508517e+02
4.06024152e-07 2.02814084e+02 3.40675310e+02
4.06455182e-07 1.80352412e+02 3.49129817e+02
4.06886212e-07 3.68472351e+02 3.48164920e+02
4.07317242e-07 2.24534945e+02 3.30379265e+02
4.07748273e-07 2.36065695e+02 3.25391964e+02
4.08179303e-07 7.34484598e+01 3.43079576e+02
4.08610333e-07 2.12255589e+02 3.18069249e+02
4.09041364e-07 2.17150780e+02 2.87953266e+02
4.09472394e-07 9.83258642e+01 2.85065158e+02
4.09903424e-07 2.32745169e+02 2.84077158e+02
4.10334455e-07 4.61281641e+02 2.66967203e+02
4.10765485e-07 3.12570394e+02 2.69867119e+02
4.11196515e-07 2.61661751e+02 2.72993198e+02
4.11627545e-07 2.85585398e+02 2.69476696e+02
4.12058576e-07 2.02471828e+02 2.89197970e+02
4.12489606e-07 2.19444855e+02 3.30215354e+02
4.12920636e-07 1.61153526e+02 3.31558483e+02
4.13351667e-07 5.96042405e+01 3.02086448e+02
4.13782697e-07 3.42131601e+02 3.35197130e+02
4.14213727e-07 3.13107569e+02 2.92736001e+02
4.14644758e-07 2.99994644e+02 3.03535293e+02
4.15075788e-07 3.15130047e+02 2.58396550e+02
4.15506818e-07 1.27492372e+02 3.11142503e+02
4.15937848e-07 2.02336546e+02 3.63737264e+02
4.16368879e-07 3.21247694e+02 3.75933881e+02
4.16799909e-07 1.72397001e+02 4.47803895e+02
4.17230939e-07 2.12048198e+02 3.64259877e+02
4.17661970e-07 2.49354429e+02 3.69278760e+02
4.18093000e-07 4.93969575e+02 3.67594781e+02
4.18524030e-07 5.00864952e+02 3.40628803e+02
4.18955061e-07 3.75998287e+02 3.08580827e+02
4.19386091e-07 3.23913574e+02 3.23303460e+02
4.19817121e-07 3.85727957e+02 3.09086633e+02
4.20248152e-07 3.38135840e+02 2.76126521e+02
4.20679182e-07 2.32244362e+02 3.18583983e+02
4.21110212e-07 2.58984162e+02 2.96656164e+02
4.21541242e-07 4.60016584e+02 3.21027785e+02
4.21972273e-07 3.00882092e+02 2.97728053e+02
4.22403303e-07 3.62689250e+02 2.78155800e+02
4.22834333e-07 3.51401302e+02 2.87213456e+02
4.23265364e-07 3.60632484e+02 2.55036779e+02
4.23696394e-07 1.52553391e+02 3.10271409e+02
4.24127424e-07 1.84282692e+02 2.97041273e+02
4.24558455e-07 4.20462039e+02 3.17784800e+02
4.24989485e-07 2.72316898e+02 3.26133816e+02
4.25420515e-07 3.81288963e+02 3.37109508e+02
4.25851545e-07 2.33645260e+02 3.28719629e+02
4.26282576e-07 4.72146425e+02 3.54809772e+02
4.26713606e-07 4.04112837e+02 3.02375409e+02
4.27144636e-07 4.84967795e+02 3.57929617e+02
4.27575667e-07 3.83269759e+02 3.47375545e+02
4.28006697e-07 2.86201952e+02 3.39948806e+02
4.28437727e-07 2.92791819e+02 3.54652708e+02
4.28868758e-07 5.67633913e+02 3.51261724e+02
4.29299788e-07 5.69040008e+02 3.70072395e+02
4.29730818e-07 5.19281324e+02 3.33808777e+02
4.30161848e-07 3.91925723e+02 3.21992169e+02
4.30592879e-07 3.69709099e+02 3.43946873e+02
4.31023909e-07 2.49569980e+02 3.81557671e+02
4.31454939e-07 3.26436563e+02 3.95385565e+02
4.31885970e-07 3.73158471e+02 4.00011357e+02
4.32317000e-07 3.47100097e+02 3.92215255e+02
4.32748030e-07 6.07588291e+02 3.89287338e+02
4.33179061e-07 4.14015800e+02 3.78334832e+02
4.33610091e-07 2.62326057e+02 3.88590234e+02
4.34041121e-07 4.18833129e+02 3.53321721e+02
4.34472152e-07 4.47946462e+02 3.43423795e+02
4.34903182e-07 4.84790898e+02 4.12316130e+02
4.35334212e-07 7.87062110e+02 3.77248944e+02
4.35765242e-07 5.20942427e+02 3.66030280e+02
4.36196273e-07 5.32717450e+02 3.71210019e+02
4.36627303e-07 5.63648803e+02 3.27010843e+02
4.37058333e-07 5.89593010e+02 3.56256239e+02
4.37489364e-07 6.04064672e+02 3.81448954e+02
4.37920394e-07 7.12814592e+02 4.04863688e+02
4.38351424e-07 7.25810951e+02 4.09272469e+02
4.38782455e-07 6.19026713e+02 3.79438554e+02
4.39213485e-07 6.38590637e+02 3.77068029e+02
4.39644515e-07 5.46207142e+02 4.13916758e+02
4.40075545e-07 3.94703647e+02 4.34978209e+02
4.40506576e-07 4.86287776e+02 5.08011758e+02
4.40937606e-07 4.51515625e+02 5.48874623e+02
4.41368636e-07 1.75191462e+02 5.36094413e+02
4.41799667e-07 3.02242604e+02 5.26650681e+02
4.42230697e-07 5.13569241e+02 5.14331139e+02
4.42661727e-07 4.42518126e+02 5.23465657e+02
4.43092758e-07 4.15329675e+02 4.66336161e+02
4.43523788e-07 5.39809747e+02 4.75800967e+02
4.43954818e-07 4.25541914e+02 5.21035142e+02
4.44385848e-07 6.67618262e+02 4.91241026e+02
4.44816879e-07 7.28135293e+02 4.52654035e+02
4.45247909e-07 6.92012692e+02 3.99027149e+02
4.45678939e-07 7.75000403e+02 3.96643136e+02
4.46109970e-07 5.91278480e+02 4.30440580e+02
4.46541000e-07 5.54711307e+02 4.13198209e+02
4.46972030e-07 4.31746945e+02 4.15417478e+02
4.47403061e-07 4.46471150e+02 4.53816898e+02
4.47834091e-07 5.11643066e+02 4.06080818e+02
4.48265121e-07 4.50025296e+02 4.66507409e+02
4.48696152e-07 5.69877602e+02 4.46109141e+02
4.49127182e-07 7.59191357e+02 4.13150323e+02
4.49558212e-07 6.38468002e+02 4.19579737e+02
4.49989242e-07 7.66795256e+02 4.42026772e+02
4.50420273e-07 5.77057792e+02 5.05003179e+02
4.50851303e-07 5.94838076e+02 4.57458972e+02
4.51282333e-07 7.25300364e+02 4.62044177e+02
4.51713364e-07 6.27260326e+02 4.69490223e+02
4.52144394e-07 6.02188892e+02 5.26696655e+02
4.52575424e-07 5.85981800e+02 5.28147379e+02
4.53006455e-07 7.21995995e+02 5.52412343e+02
4.53437485e-07 6.62125164e+02 5.69478533e+02
4.53868515e-07 5.93851805e+02 5.82582645e+02
4.54299545e-07 9.45873550e+02 6.07214470e+02
4.54730576e-07 7.68724680e+02 5.56706555e+02
4.55161606e-07 9.39277390e+02 5.47976326e+02
4.55592636e-07 6.25802121e+02 5.50056036e+02
4.56023667e-07 4.25658289e+02 5.59264622e+02
4.56454697e-07 4.08943437e+02 5.41956370e+02
4.56885727e-07 4.91837453e+02 5.53987823e+02
4.57316758e-07 5.19038853e+02 5.39974574e+02
4.57747788e-07 6.33260872e+02 5.13428305e+02
4.58178818e-07 6.94864233e+02 5.41146404e+02
4.58609848e-07 8.94659902e+02 6.04446789e+02
4.59040879e-07 7.55800101e+02 5.17952076e+02
4.59471909e-07 1.15316579e+03 4.92923611e+02
4.59902939e-07 8.97153694e+02 5.67782625e+02
4.60333970e-07 6.56145368e+02 5.47179889e+02
4.60765000e-07 7.82181487e+02 5.48161601e+02
4.61196030e-07 8.16408220e+02 5.45369997e+02
4.61627061e-07 9.88007534e+02 5.39170578e+02
4.62058091e-07 7.52580569e+02 5.28485267e+02
4.62489121e-07 9.09255712e+02 5.21897754e+02
4.62920152e-07 8.52499429e+02 5.64600272e+02
4.63351182e-07 8.58289314e+02 5.44761169e+02
4.63782212e-07 1.13601935e+03 5.27551563e+02
4.64213242e-07 8.37017327e+02 5.50114064e+02
4.64644273e-07 8.21190012e+02 5.49196115e+02
4.65075303e-07 7.95325086e+02 5.08692522e+02
4.65506333e-07 8.65188859e+02 5.79412990e+02
4.65937364e-07 8.13344530e+02 5.97075838e+02
4.66368394e-07 1.05672789e+03 5.81917252e+02
4.66799424e-07 8.19367169e+02 6.20157147e+02
4.67230455e-07 1.07385411e+03 6.02585450e+02
4.67661485e-07 1.24967806e+03 5.98848296e+02
4.68092515e-07 1.20020137e+03 6.57298207e+02
4.68523545e-07 8.07404598e+02 6.24845010e+02
4.68954576e-07 9.74000299e+02 6.03772009e+02
4.69385606e-07 9.95090345e+02 6.42726193e+02
4.69816636e-07 1.03971515e+03 6.24862191e+02
4.70247667e-07 7.97130350e+02 5.71358324e+02
4.70678697e-07 1.05711372e+03 5.61486263e+02
4.71109727e-07 7.81691898e+02 6.48257336e+02
4.71540758e-07 7.36094565e+02 6.59836812e+02
4.71971788e-07 7.15528963e+02 6.12803019e+02
4.72402818e-07 8.79646520e+02 5.58982509e+02
4.72833848e-07 9.66879333e+02 6.23834231e+02
4.73264879e-07 8.92641902e+02 5.97578214e+02
4.73695909e-07 1.03630665e+03 6.25188690e+02
4.74126939e-07 1.13844899e+03 5.91096085e+02
4.74557970e-07 8.54544184e+02 5.76088859e+02
4.74989000e-07 9.23416434e+02 6.17747838e+02
4.75420030e-07 1.03595221e+03 6.30044426e+02
4.75851061e-07 1.02179484e+03 5.84811194e+02
4.76282091e-07 9.06378876e+02 5.99174459e+02
4.76713121e-07 9.84806805e+02 5.61365154e+02
4.77144152e-07 1.13911353e+03 6.28567996e+02
4.77575182e-07 1.12581150e+03 6.29653338e+02
4.78006212e-07 1.02522994e+03 5.89336819e+02
4.78437242e-07 1.00889578e+03 6.21149556e+02
4.78868273e-07 1.20664154e+03 6.25103566e+02
4.79299303e-07 1.29378765e+03 6.17378039e+02
4.79730333e-07 1.28327782e+03 6.36790454e+02
4.80161364e-07 1.09761190e+03 6.59811583e+02
4.80592394e-07 1.02989173e+03 6.13861794e+02
4.81023424e-07 1.14632895e+03 6.17702700e+02
4.81454455e-07 9.86403680e+02 7.13766219e+02
4.81885485e-07 9.39968688e+02 7.28194468e+02
4.82316515e-07 1.17136388e+03 7.76129009e+02
4.82747545e-07 1.39070615e+03 7.61589859e+02
4.83178576e-07 1.38901706e+03 7.66878778e+02
4.83609606e-07 1.04709420e+03 7.41093084e+02
4.84040636e-07 1.05074121e+03 7.85125157e+02
4.84471667e-07 1.22699609e+03 7.71409936e+02
4.84902697e-07 1.17808004e+03 7.83029125e+02
4.85333727e-07 1.14978110e+03 7.05937706e+02
4.85764758e-07 1.14521097e+03 6.42844578e+02
4.86195788e-07 1.15921455e+03 6.00864527e+02
4.86626818e-07 1.18494465e+03 7.08411140e+02
4.87057848e-07 1.35028965e+03 6.35237207e+02
4.87488879e-07 1.17416374e+03 6.74077762e+02
4.87919909e-07 1.20069056e+03 7.63600037e+02
4.88350939e-07 1.36667663e+03 7.73086671e+02
4.88781970e-07 1.03675441e+03 7.31256186e+02
4.89213000e-07 7.72378392e+02 7.48329387e+02
4.89644030e-07 9.55231859e+02 7.04964393e+02
4.90075061e-07 1.19164937e+03 6.85821608e+02
4.90506091e-07 1.26231628e+03 7.15708055e+02
4.90937121e-07 1.31641936e+03 6.79569111e+02
4.91368152e-07 1.20928181e+03 6.96234704e+02
4.91799182e-07 9.83315529e+02 6.44766613e+02
4.92230212e-07 1.13544257e+03 5.97957266e+02
4.92661242e-07 1.01508435e+03 6.66622611e+02
4.93092273e-07 1.04614329e+03 6.74513624e+02
4.93523303e-07 1.24106931e+03 7.08641853e+02
4.93954333e-07 1.14511593e+03 7.52637130e+02
4.94385364e-07 1.20603165e+03 6.78364833e+02
4.94816394e-07 9.45560530e+02 7.06577761e+02
4.95247424e-07 8.72734742e+02 6.98382804e+02
4.95678455e-07 1.00645259e+03 7.19234523e+02
4.96109485e-07 1.00972235e+03 7.76285903e+02
4.96540515e-07 1.06320140e+03 7.20486266e+02
4.96971545e-07 1.01029513e+03 7.70860336e+02
4.97402576e-07 1.24795043e+03 7.47155315e+02
4.97833606e-07 9.99707945e+02 6.65324970e+02
4.98264636e-07 1.19783382e+03 6.87833267e+02
4.98695667e-07 1.11962478e+03 6.96216017e+02
4.99126697e-07 1.35874581e+03 8.02475955e+02
4.99557727e-07 1.05276753e+03 7.13663016e+02
4.99988758e-07 1.44992767e+03 7.52995515e+02
5.00419788e-07 1.25299014e+03 7.72913460e+02
5.00850818e-07 1.19132103e+03 7.00737645e+02
5.01281848e-07 1.57033151e+03 7.11967528e+02
5.01712879e-07 1.51218741e+03 6.77079598e+02
5.02143909e-07 1.31871406e+03 7.70698573e+02
5.02574939e-07 1.20659717e+03 7.48875872e+02
5.03005970e-07 1.11858826e+03 7.67789765e+02
5.03437000e-07 9.82485284e+02 7.71237849e+02
5.03868030e-07 1.46329891e+03 6.87485747e+02
5.04299061e-07 9.50367199e+02 6.86933015e+02
5.04730091e-07 9.92046522e+02 7.13690828e+02
5.05161121e-07 1.18703466e+03 7.10270582e+02
5.05592152e-07 1.15081598e+03 8.06780942e+02
5.06023182e-07 1.11573370e+03 7.83804862e+02
5.06454212e-07 1.51527836e+03 7.27663000e+02
5.06885242e-07 1.48646583e+03 7.61670740e+02
5.07316273e-07 1.43111344e+03 7.09114161e+02
5.07747303e-07 1.54237564e+03 6.93665781e+02
5.08178333e-07 1.59221205e+03 7.87227398e+02
5.08609364e-07 1.64885262e+03 7.77494339e+02
5.09040394e-07 1.34024528e+03 7.92077276e+02
5.09471424e-07 1.79029270e+03 7.46974066e+02
5.09902455e-07 1.45205819e+03 7.60558961e+02
5.10333485e-07 1.38204673e+03 7.50299729e+02
5.10764515e-07 1.61511351e+03 7.91325174e+02
5.11195545e-07 1.28318672e+03 8.34691936e+02
5.11626576e-07 1.65306645e+03 7.98494903e+02
5.12057606e-07 1.88026677e+03 7.32729587e+02
5.12488636e-07 1.78889124e+03 7.31452554e+02
5.12919667e-07 1.78882967e+03 8.17472701e+02
5.13350697e-07 1.30494394e+03 8.69585782e+02
5.13781727e-07 1.72021735e+03 9.42853645e+02
5.14212758e-07 1.44691539e+03 9.03031721e+02
5.14643788e-07 1.72702173e+03 9.93882833e+02
5.15074818e-07 1.69820636e+03 8.38145137e+02
5.15505848e-07 1.56835572e+03 8.71786897e+02
5.15936879e-07 2.01419865e+03 8.18641900e+02
5.16367909e-07 1.51370589e+03 8.49051072e+02
5.16798939e-07 1.67423463e+03 8.36752910e+02
5.17229970e-07 1.33352962e+03 7.95578233e+02
5.17661000e-07 1.71631069e+03 8.41939216e+02
5.18092030e-07 1.65995924e+03 8.96613991e+02
5.18523061e-07 1.48814717e+03 8.08997951e+02
5.18954091e-07 1.81782415e+03 8.45257946e+02
5.19385121e-07 1.61206467e+03 9.74795972e+02
5.19816152e-07 1.40595135e+03 1.11826790e+03
5.20247182e-07 2.15253075e+03 1.05606638e+03
5.20678212e-07 1.64274233e+03 9.30885108e+02
5.21109242e-07 1.20557143e+03 9.17336189e+02
5.21540273e-07 1.70972469e+03 8.23171820e+02
5.21971303e-07 1.38641425e+03 8.67341063e+02
5.22402333e-07 1.69597394e+03 8.93619735e+02
5.22833364e-07 1.41145878e+03 9.48567163e+02
5.23264394e-07 1.59933831e+03 9.07473158e+02
5.23695424e-07 1.48596998e+03 9.35028289e+02
5.24126455e-07 1.32528581e+03 9.56267628e+02
5.24557485e-07 1.86084561e+03 8.84670406e+02
5.24988515e-07 1.77488283e+03 9.41870862e+02
5.25419545e-07 1.45608494e+03 9.90537342e+02
5.25850576e-07 1.35993458e+03 9.43299268e+02
5.26281606e-07 1.52544361e+03 8.54209327e+02
5.26712636e-07 1.68399276e+03 8.61355313e+02
5.27143667e-07 1.51292778e+03 9.10037682e+02
5.27574697e-07 2.10907781e+03 8.64156055e+02
5.28005727e-07 1.83180750e+03 8.30944736e+02
5.28436758e-07 1.73967042e+03 8.84043764e+02
5.28867788e-07 1.44330641e+03 9.17570827e+02
5.29298818e-07 2.00455434e+03 9.74142606e+02
5.29729848e-07 1.76413149e+03 9.34967272e+02
5.30160879e-07 1.33070128e+03 9.61770658e+02
5.30591909e-07 1.66401790e+03 1.08845872e+03
5.31022939e-07 1.82088525e+03 1.05442020e+03
5.31453970e-07 1.90393373e+03 1.01732843e+03
5.31885000e-07 1.69774231e+03 9.86852835e+02
5.32316030e-07 1.55689010e+03 1.04849349e+03
5.32747061e-07 1.62153503e+03 1.06603834e+03
5.33178091e-07 1.72711925e+03 1.06818864e+03
5.33609121e-07 1.11836572e+03 1.03736223e+03
5.34040152e-07 1.32165693e+03 1.04562719e+03
5.34471182e-07 1.77030179e+03 1.01637468e+03
5.34902212e-07 1.91002495e+03 1.04797278e+03
5.35333242e-07 1.35830501e+03 1.09946451e+03
5.35764273e-07 1.14995328e+03 1.02095408e+03
5.36195303e-07 1.37444978e+03 1.03172775e+03
5.36626333e-07 1.96847437e+03 1.00193030e+03
5.37057364e-07 1.78027798e+03 1.07286276e+03
5.37488394e-07 1.47825939e+03 1.07245561e+03
5.37919424e-07 1.61233074e+03 1.14783432e+03
5.38350455e-07 1.74546228e+03 1.09040728e+03
5.38781485e-07 1.56939593e+03 9.55191599e+02
5.39212515e-07 1.84371800e+03 9.73941752e+02
5.39643545e-07 1.94153598e+03 1.04061857e+03
5.40074576e-07 1.62135726e+03 1.06736991e+03
5.40505606e-07 1.68207360e+03 9.87961841e+02
5.40936636e-07 1.57576716e+03 1.05864400e+03
5.41367667e-07 1.67544480e+03 1.03816340e+03
5.41798697e-07 1.53696611e+03 1.04022533e+03
5.42229727e-07 1.67398058e+03 1.07378598e+03
5.42660758e-07 1.49249596e+03 1.00586312e+03
5.43091788e-07 2.01223226e+03 9.68139806e+02
5.43522818e-07 2.18223842e+03 1.02377302e+03
5.43953848e-07 1.47877881e+03 1.11810306e+03
5.44384879e-07 1.85097530e+03 1.01618378e+03
5.44815909e-07 1.72814733e+03 1.07854976e+03
5.45246939e-07 1.72869331e+03 1.09732285e+03
5.45677970e-07 1.92087737e+03 1.15628218e+03
5.46109000e-07 1.83419753e+03 1.09498069e+03
5.46540030e-07 1.80533951e+03 1.18671128e+03
5.46971061e-07 2.07672653e+03 1.10501912e+03
5.47402091e-07 1.74089135e+03 1.12671566e+03
5.47833121e-07 1.69269596e+03 1.13026735e+03
5.48264152e-07 1.68081956e+03 1.13890441e+03
5.48695182e-07 1.78561159e+03 1.06452672e+03
5.49126212e-07 1.79202123e+03 1.14754752e+03
5.49557242e-07 1.83533704e+03 1.20379207e+03
5.49988273e-07 1.57660662e+03 1.18739195e+03
5.50419303e-07 1.57281594e+03 1.23875895e+03
5.50850333e-07 1.85721136e+03 1.20752464e+03
5.51281364e-07 1.64321252e+03 1.28988367e+03
5.51712394e-07 1.40551837e+03 1.11738293e+03
5.52143424e-07 1.98004667e+03 1.17779765e+03
5.52574455e-07 1.88383255e+03 1.23261585e+03
5.53005485e-07 1.92053178e+03 1.19811430e+03
5.53436515e-07 1.60549727e+03 1.15411293e+03
5.53867545e-07 1.93439746e+03 1.22954302e+03
5.54298576e-07 1.25563710e+03 1.38985408e+03
5.54729606e-07 1.87477748e+03 1.37303518e+03
5.55160636e-07 1.48124881e+03 1.33284977e+03
5.55591667e-07 1.79891242e+03 1.31394382e+03
5.56022697e-07 2.03207141e+03 1.28529271e+03
5.56453727e-07 2.33183622e+03 1.17156213e+03
5.56884758e-07 3.26516609e+03 4.39152792e+03
5.57746818e-07 1.01322227e+04 4.89682149e+04
5.58177848e-07 1.52816176e+04 2.37223488e+04
5.58608879e-07 3.11310368e+03 2.68466328e+03
5.59039909e-07 2.38209686e+03 1.18981324e+03
5.59470939e-07 2.36239500e+03 1.39657221e+03
5.59901970e-07 1.84693361e+03 1.37644540e+03
5.60333000e-07 1.28622379e+03 1.45187250e+03
5.60764030e-07 2.03909638e+03 1.37718593e+03
5.61195061e-07 2.17606155e+03 1.29612934e+03
5.61626091e-07 2.13670920e+03 1.37131925e+03
5.62057121e-07 1.88060634e+03 1.38998165e+03
5.62488152e-07 1.92290385e+03 1.40358660e+03
5.62919182e-07 1.85301379e+03 1.33722581e+03
5.63350212e-07 1.81574311e+03 1.28004457e+03
5.63781242e-07 1.73646870e+03 1.31498132e+03
5.64212273e-07 2.02393305e+03 1.32727196e+03
5.64643303e-07 1.87947930e+03 1.25072348e+03
5.65074333e-07 1.65330304e+03 1.25290739e+03
5.65505364e-07 1.61891696e+03 1.25823059e+03
5.65936394e-07 1.79397764e+03 1.36227322e+03
5.66367424e-07 1.53654757e+03 1.35189863e+03
5.66798455e-07 1.61202885e+03 1.36214632e+03
5.67229485e-07 1.81809426e+03 1.37547101e+03
5.67660515e-07 1.94438577e+03 1.37723588e+03
5.68091545e-07 2.13338201e+03 1.34173600e+03
5.68522576e-07 1.52259464e+03 1.42652145e+03
5.68953606e-07 1.32532783e+03 1.48305605e+03
5.69384636e-07 1.99753647e+03 1.32935105e+03
5.69815667e-07 2.28201748e+03 1.43732534e+03
5.70246697e-07 2.03811323e+03 1.50934332e+03
5.70677727e-07 1.64332134e+03 1.47405791e+03
5.71108758e-07 1.78924914e+03 1.46157511e+03
5.71539788e-07 2.21530972e+03 1.45109914e+03
5.71970818e-07 1.69366354e+03 1.45949813e+03
5.72401848e-07 2.13883735e+03 1.35455407e+03
5.72832879e-07 2.05333354e+03 1.41552560e+03
5.73263909e-07 1.71111213e+03 1.44529968e+03
5.73694939e-07 1.80358701e+03 1.37936017e+03
5.74125970e-07 1.60980617e+03 1.49962582e+03
5.74557000e-07 1.68315543e+03 1.38661005e+03
5.74988030e-07 1.86284889e+03 1.37049908e+03
5.75419061e-07 1.55008553e+03 1.46056445e+03
5.75850091e-07 1.80324219e+03 1.51253269e+03
5.76281121e-07 2.14207310e+03 1.37808262e+03
5.76712152e-07 2.34095878e+03 1.40468575e+03
5.77143182e-07 1.69102038e+03 1.43426802e+03
5.77574212e-07 1.85810955e+03 1.46084822e+03
5.78005242e-07 1.33677053e+03 1.46713894e+03
5.78436273e-07 2.17645810e+03 1.47949415e+03
5.78867303e-07 1.85343778e+03 1.35977654e+03
5.79298333e-07 1.84431704e+03 1.45782018e+03
5.79729364e-07 1.44960411e+03 1.51803639e+03
5.80160394e-07 1.65457119e+03 1.43544648e+03
5.80591424e-07 1.75923430e+03 1.53475846e+03
5.81022455e-07 1.66835741e+03 1.51523218e+03
5.81453485e-07 1.64673649e+03 1.47150820e+03
5.81884515e-07 1.82617270e+03 1.49594384e+03
5.82315545e-07 1.66649274e+03 1.48111267e+03
5.82746576e-07 2.16318158e+03 1.43333859e+03
5.83177606e-07 1.90374083e+03 1.52037174e+03
5.83608636e-07 2.12443870e+03 1.53060280e+03
5.84039667e-07 2.08637474e+03 1.52327206e+03
5.84470697e-07 2.23854318e+03 1.40415271e+03
5.84901727e-07 1.72843694e+03 1.45487951e+03
5.85332758e-07 2.02220640e+03 1.49830263e+03
5.85763788e-07 2.06486030e+03 1.49333874e+03
5.86194818e-07 1.67338990e+03 1.73029028e+03
5.86625848e-07 1.66973568e+03 1.96787814e+03
5.87056879e-07 1.87187775e+03 1.86604635e+03
5.87487909e-07 1.64773973e+03 1.63362196e+03
5.87918939e-07 1.74210535e+03 1.60051470e+03
5.88349970e-07 2.53850039e+03 2.77413884e+03
5.88781000e-07 1.21033913e+03 6.04413601e+03
5.89212030e-07 3.08799196e+03 7.45612686e+03
5.89643061e-07 2.76679758e+03 5.26895966e+03
5.90074091e-07 2.42950611e+03 2.76031269e+03
5.90505121e-07 2.39632667e+03 1.73353625e+03
5.90936152e-07 2.35518466e+03 1.71052526e+03
5.91367182e-07 2.22345782e+03 1.88390570e+03
5.91798212e-07 2.02013424e+03 1.88578562e+03
5.92229242e-07 1.74581059e+03 1.83856119e+03
5.92660273e-07 1.59229574e+03 1.83628989e+03
5.93091303e-07 1.87879488e+03 2.05456761e+03
5.93522333e-07 2.41816626e+03 1.93384204e+03
5.93953364e-07 2.13502187e+03 1.62738622e+03
5.94384394e-07 1.89522558e+03 1.68982454e+03
5.94815424e-07 1.77386179e+03 1.87875074e+03
5.95246455e-07 1.83533253e+03 1.92714663e+03
5.95677485e-07 1.54937891e+03 1.81726934e+03
5.96108515e-07 1.64677637e+03 1.63441660e+03
5.96539545e-07 1.85339217e+03 1.56961307e+03
5.96970576e-07 2.28177374e+03 1.74473401e+03
5.97401606e-07 2.22191720e+03 1.77279198e+03
5.97832636e-07 1.52915201e+03 1.76332018e+03
5.98263667e-07 2.10083630e+03 1.67903251e+03
5.98694697e-07 2.43562053e+03 1.62079980e+03
5.99125727e-07 2.07377495e+03 1.69746416e+03
5.99556758e-07 1.89897587e+03 1.74526353e+03
5.99987788e-07 2.24893213e+03 1.73946190e+03
6.00418818e-07 2.18203752e+03 1.72747817e+03
6.00849848e-07 2.34894149e+03 1.57438544e+03
6.01280879e-07 2.16296692e+03 1.58472806e+03
6.01711909e-07 2.25826857e+03 1.48137640e+03
6.02142939e-07 1.80996277e+03 1.56207610e+03
6.02573970e-07 2.09317673e+03 1.61431200e+03
6.03005000e-07 1.92567456e+03 1.65508626e+03
6.03436030e-07 2.65216449e+03 1.57065315e+03
6.03867061e-07 2.20172102e+03 1.64766597e+03
6.04298091e-07 1.71300037e+03 1.58611889e+03
6.04729121e-07 2.60166960e+03 1.39357129e+03
6.05160152e-07 2.23772791e+03 1.56176858e+03
6.05591182e-07 2.21531829e+03 1.58380889e+03
6.06022212e-07 2.17295417e+03 1.52206326e+03
6.06453242e-07 2.08033707e+03 1.55420816e+03
6.06884273e-07 1.57472817e+03 1.59407763e+03
6.07315303e-07 2.03468557e+03 1.55713357e+03
6.07746333e-07 2.01923133e+03 1.54467265e+03
6.08177364e-07 2.34950276e+03 1.43673700e+03
6.08608394e-07 1.75043555e+03 1.53575531e+03
6.09039424e-07 2.20922636e+03 1.50824479e+03
6.09470455e-07 2.22030304e+03 1.52852214e+03
6.09901485e-07 2.32213069e+03 1.48046902e+03
6.10332515e-07 2.41301945e+03 1.47524683e+03
6.10763545e-07 1.83549241e+03 1.51781518e+03
6.11194576e-07 2.73648852e+03 1.49565170e+03
6.11625606e-07 2.37433075e+03 1.44290793e+03
6.12056636e-07 2.13396753e+03 1.43222461e+03
6.12487667e-07 2.84910222e+03 1.45801602e+03
6.12918697e-07 2.55387694e+03 1.50411029e+03
6.13349727e-07 2.36258370e+03 1.44032666e+03
6.13780758e-07 2.28666652e+03 1.59132313e+03
6.14211788e-07 2.27651929e+03 1.64456828e+03
6.14642818e-07 2.54644953e+03 1.52681239e+03
6.15073848e-07 2.80511416e+03 1.54565721e+03
6.15504879e-07 2.96916572e+03 1.41104998e+03
6.15935909e-07 2.99940460e+03 1.46651376e+03
6.16366939e-07 2.94082201e+03 1.51405065e+03
6.16797970e-07 2.93271187e+03 1.61621455e+03
6.17229000e-07 3.18962579e+03 1.68359263e+03
6.17660030e-07 2.24463888e+03 1.56269908e+03
6.18091061e-07 2.02051264e+03 1.57941021e+03
6.18522091e-07 2.67252776e+03 1.52750285e+03
6.18953121e-07 2.48749001e+03 1.58804693e+03
6.19384152e-07 2.07646832e+03 1.54249349e+03
6.19815182e-07 2.26155309e+03 1.57145955e+03
6.20246212e-07 2.37494708e+03 1.64366486e+03
6.20677242e-07 2.47313073e+03 1.49518860e+03
6.21108273e-07 2.45838023e+03 1.54513915e+03
6.21539303e-07 2.31307547e+03 1.47522209e+03
6.21970333e-07 2.13376707e+03 1.63055929e+03
6.22401364e-07 2.91324722e+03 1.56642344e+03
6.22832394e-07 2.56372415e+03 1.67492525e+03
6.23263424e-07 2.68662158e+03 2.24320594e+03
6.23694455e-07 3.08194270e+03 2.47092919e+03
6.24125485e-07 2.77899591e+03 2.10192660e+03
6.24556515e-07 2.96735587e+03 1.74527140e+03
6.24987545e-07 2.22243034e+03 1.61546835e+03
6.25418576e-07 2.48231730e+03 1.93521946e+03
6.25849606e-07 2.80836225e+03 2.30174515e+03
6.26280636e-07 2.62708473e+03 2.00745145e+03
6.26711667e-07 2.61211912e+03 1.84368277e+03
6.27142697e-07 2.69563469e+03 1.68091443e+03
6.27573727e-07 2.35147283e+03 1.75835469e+03
6.28004758e-07 2.46493895e+03 1.72428265e+03
6.28435788e-07 3.01165410e+03 2.10424039e+03
6.28866818e-07 3.02426999e+03 2.12592358e+03
6.29297848e-07 1.76525272e+03 3.05121269e+03
6.29728879e-07 2.91677030e+03 7.75318424e+03
6.30159909e-07 4.53258348e+03 9.37132097e+03
6.30590939e-07 4.35469135e+03 4.16867027e+03
6.31021970e-07 3.02823612e+03 2.01741178e+03
6.31453000e-07 3.23387731e+03 1.60357029e+03
6.31884030e-07 2.94435950e+03 1.76556584e+03
6.32315061e-07 3.15843783e+03 1.96033374e+03
6.32746091e-07 3.10271605e+03 2.12865476e+03
6.33177121e-07 2.95436850e+03 1.97182145e+03
6.33608152e-07 2.90361626e+03 1.75400065e+03
6.34039182e-07 3.12586185e+03 1.55152074e+03
6.34470212e-07 2.74058780e+03 1.75182244e+03
6.34901242e-07 2.45103937e+03 1.90229143e+03
6.35332273e-07 2.71390670e+03 2.00556362e+03
6.35763303e-07 2.86164547e+03 2.69734196e+03
6.36194333e-07 2.44234361e+03 4.08055649e+03
6.36625364e-07 3.63202214e+03 3.58153382e+03
6.37056394e-07 3.11961295e+03 1.87581833e+03
6.37487424e-07 2.87105361e+03 1.60910790e+03
6.37918455e-07 2.75648377e+03 1.69099035e+03
6.38349485e-07 2.67472600e+03 1.76783428e+03
6.38780515e-07 3.08063017e+03 1.79261210e+03
6.39211545e-07 2.72860657e+03 1.56126511e+03
6.39642576e-07 2.81835585e+03 1.43289215e+03
6.40073606e-07 2.65065543e+03 1.41757299e+03
6.40504636e-07 2.54374442e+03 1.53620545e+03
6.40935667e-07 2.79789824e+03 1.56229319e+03
6.41366697e-07 3.08667461e+03 1.42260372e+03
6.41797727e-07 2.69540834e+03 1.54907749e+03
6.42228758e-07 2.76655978e+03 1.68134865e+03
6.42659788e-07 2.99332348e+03 1.54205766e+03
6.43090818e-07 2.87310414e+03 1.41797066e+03
6.43521848e-07 3.08595356e+03 1.45593131e+03
6.43952879e-07 2.72078597e+03 1.51514738e+03
6.44383909e-07 2.75507634e+03 1.49433731e+03
6.44814939e-07 3.28688879e+03 1.61765601e+03
6.45245970e-07 3.11273091e+03 1.65362488e+03
6.45677000e-07 3.11761362e+03 1.62889300e+03
6.46108030e-07 3.01575459e+03 1.88492468e+03
6.46539061e-07 3.19201390e+03 2.18399015e+03
6.46970091e-07 2.94798051e+03 2.08246728e+03
6.47401121e-07 2.93439035e+03 1.76923245e+03
6.47832152e-07 2.41612373e+03 1.61993741e+03
6.48263182e-07 3.01405963e+03 1.52331804e+03
6.48694212e-07 2.76250000e+03 1.47651450e+03
6.49125242e-07 2.72408636e+03 1.59298592e+03
6.49556273e-07 3.36443893e+03 2.09293322e+03
6.49987303e-07 3.14853220e+03 2.34584214e+03
6.50418333e-07 3.28423264e+03 1.99504019e+03
6.50849364e-07 3.41799776e+03 1.64000095e+03
6.51280394e-07 3.22481870e+03 1.52713083e+03
6.51711424e-07 3.22565161e+03 1.54723622e+03
6.52142455e-07 3.35954116e+03 1.59616625e+03
6.52573485e-07 3.02616681e+03 1.74953870e+03
6.53004515e-07 3.25827976e+03 1.95692790e+03
6.53435545e-07 3.49006552e+03 2.10969765e+03
6.53866576e-07 3.26488131e+03 1.86835339e+03
6.54297606e-07 3.19974960e+03 1.73745358e+03
6.54728636e-07 2.84372433e+03 1.87865524e+03
6.55159667e-07 3.04247436e+03 2.09044067e+03
6.55590697e-07 3.61004211e+03 1.95487724e+03
6.56021727e-07 3.34957410e+03 1.73168358e+03
6.56452758e-07 3.00826416e+03 1.80564800e+03
6.56883788e-07 2.92014439e+03 1.77282110e+03
6.57314818e-07 3.26915541e+03 1.95316862e+03
6.57745848e-07 2.78254827e+03 2.13699720e+03
6.58176879e-07 3.23044208e+03 1.83246822e+03
6.58607909e-07 3.58331608e+03 1.50515101e+03
6.59038939e-07 2.96865043e+03 1.60509053e+03
6.59469970e-07 3.03992978e+03 1.66147770e+03
6.59901000e-07 3.71410057e+03 1.67703922e+03
6.60332030e-07 3.54451054e+03 1.89011646e+03
6.60763061e-07 3.18989684e+03 1.67997988e+03
6.61194091e-07 3.05978354e+03 1.55877879e+03
6.61625121e-07 3.16913328e+03 1.53810013e+03
6.62056152e-07 3.17655354e+03 1.48246777e+03
6.62487182e-07 3.14229896e+03 1.50526642e+03
6.62918212e-07 3.16871741e+03 1.59427656e+03
6.63349242e-07 2.89394907e+03 1.70500846e+03
6.63780273e-07 3.28298931e+03 1.55133201e+03
6.64211303e-07 2.91309613e+03 1.45177038e+03
6.64642333e-07 3.34757646e+03 1.46133832e+03
6.65073364e-07 3.56247408e+03 1.45331431e+03
6.65504394e-07 3.16673211e+03 1.40544114e+03
6.65935424e-07 2.69861124e+03 1.52993064e+03
6.66366455e-07 2.83642345e+03 1.50751971e+03
6.66797485e-07 3.17640537e+03 1.51795497e+03
6.67228515e-07 3.31230319e+03 1.46228083e+03
6.67659545e-07 3.57049172e+03 1.40165785e+03
6.68090576e-07 3.49512386e+03 1.47973744e+03
6.68521606e-07 3.63945717e+03 1.50286212e+03
6.68952636e-07 3.45491532e+03 1.46720741e+03
6.69383667e-07 3.13463989e+03 1.53468477e+03
6.69814697e-07 3.36486012e+03 1.56152437e+03
6.70245727e-07 3.22574529e+03 1.52075582e+03
6.70676758e-07 3.34809098e+03 1.59309662e+03
6.71107788e-07 3.46542455e+03 1.55661910e+03
6.71538818e-07 3.35422790e+03 1.49146066e+03
6.71969848e-07 3.37316560e+03 1.45224747e+03
6.72400879e-07 3.23169549e+03 1.44734394e+03
6.72831909e-07 3.02550255e+03 1.51285581e+03
6.73262939e-07 3.16160940e+03 1.47740667e+03
6.73693970e-07 3.65480556e+03 1.52022502e+03
6.74125000e-07 3.59889809e+03 1.58711987e+03
6.74556030e-07 3.13212299e+03 1.56101441e+03
6.74987061e-07 3.37197682e+03 1.47207037e+03
6.75418091e-07 3.65170204e+03 1.44734426e+03
6.75849121e-07 3.61387394e+03 1.51872671e+03
6.76280152e-07 3.40937416e+03 1.38714104e+03
6.76711182e-07 2.98076268e+03 1.45433428e+03
6.77142212e-07 3.09911498e+03 1.47355620e+03
6.77573242e-07 3.31575337e+03 1.44014250e+03
6.78004273e-07 2.71146508e+03 1.41438912e+03
6.78435303e-07 2.95141048e+03 1.39850729e+03
6.78866333e-07 2.94510475e+03 1.49864039e+03
6.79297364e-07 2.85125487e+03 1.39206807e+03
6.79728394e-07 3.01626883e+03 1.39374664e+03
6.80159424e-07 3.09396214e+03 1.41225598e+03
6.80590455e-07 3.03320482e+03 1.43007867e+03
6.81021485e-07 2.81226136e+03 1.42624552e+03
6.81452515e-07 3.29027334e+03 1.41697207e+03
6.81883545e-07 3.20536168e+03 1.43848091e+03
6.82314576e-07 2.78938619e+03 2.03300317e+03
6.82745606e-07 2.81535463e+03 3.31076637e+03
6.83176636e-07 3.38504466e+03 3.59918967e+03
6.83607667e-07 3.62949342e+03 2.82280167e+03
6.84038697e-07 3.49247110e+03 2.04818137e+03
6.84469727e-07 3.40359589e+03 1.67785520e+03
6.84900758e-07 3.67300508e+03 1.52353792e+03
6.85331788e-07 3.35512810e+03 1.52505732e+03
6.85762818e-07 3.17224276e+03 2.13384969e+03
6.86193848e-07 2.91294993e+03 3.53898290e+03
6.86624879e-07 3.33238685e+03 3.11046467e+03
6.87055909e-07 3.17869085e+03 1.69654168e+03
6.87486939e-07 2.65547990e+03 1.41988180e+03
6.87917970e-07 2.91275028e+03 1.63545984e+03
6.88349000e-07 3.21514743e+03 1.78570478e+03
6.88780030e-07 3.29306943e+03 1.84056170e+03
6.89211061e-07 2.81157131e+03 1.75343466e+03
6.89642091e-07 2.62323456e+03 1.61432384e+03
6.90073121e-07 3.15675442e+03 1.73073229e+03
6.90504152e-07 3.53173248e+03 1.63491589e+03
6.90935182e-07 3.22876453e+03 1.88243259e+03
6.91366212e-07 3.23145805e+03 2.05508037e+03
6.91797242e-07 3.05710790e+03 2.14329028e+03
6.92228273e-07 2.67181592e+03 2.59602570e+03
6.92659303e-07 3.51254567e+03 2.05774996e+03
6.93090333e-07 3.06246891e+03 1.54881541e+03
6.93521364e-07 2.83240644e+03 1.77637277e+03
6.93952394e-07 3.07136989e+03 2.01264658e+03
6.94383424e-07 3.10622768e+03 2.22337757e+03
6.94814455e-07 3.20239530e+03 2.71159850e+03
6.95245485e-07 3.82777305e+03 2.18932489e+03
6.95676515e-07 3.79752546e+03 1.69748902e+03
6.96107545e-07 3.73233582e+03 1.69180036e+03
6.96538576e-07 3.29360308e+03 1.86541718e+03
6.96969606e-07 3.17472465e+03 1.98808644e+03
6.97400636e-07 3.50257485e+03 2.19511720e+03
6.97831667e-07 3.42172703e+03 2.45350157e+03
6.98262697e-07 3.78193226e+03 1.81644436e+03
6.98693727e-07 3.63032429e+03 1.56206434e+03
6.99124758e-07 3.14456463e+03 1.56604484e+03
6.99555788e-07 3.17742343e+03 1.61623924e+03
6.99986818e-07 3.39081894e+03 1.68896508e+03
7.00417848e-07 3.41366158e+03 1.78848332e+03
7.00848879e-07 3.30287729e+03 1.91840158e+03
7.01279909e-07 3.32809317e+03 1.84422104e+03
7.01710939e-07 3.10813067e+03 1.52481291e+03
7.02141970e-07 3.17735350e+03 1.40911574e+03
7.02573000e-07 3.10905092e+03 1.33855993e+03
7.03004030e-07 2.74576834e+03 1.30285232e+03
7.03435061e-07 3.32370701e+03 1.44178684e+03
7.03866091e-07 3.45429756e+03 1.53792889e+03
7.04297121e-07 3.42228338e+03 1.80535942e+03
7.04728152e-07 3.43410827e+03 2.12932632e+03
7.05159182e-07 3.40440872e+03 2.05606415e+03
7.05590212e-07 3.29448916e+03 1.61545516e+03
7.06021242e-07 3.25156902e+03 1.62391331e+03
7.06452273e-07 2.85165558e+03 1.83659927e+03
7.06883303e-07 3.06969088e+03 1.84870882e+03
7.07314333e-07 3.52107756e+03 1.73361220e+03
7.07745364e-07 3.47959247e+03 1.60458200e+03
7.08176394e-07 3.21257513e+03 1.72487226e+03
7.08607424e-07 3.27729366e+03 1.88282008e+03
7.09038455e-07 3.28475333e+03 1.78415536e+03
7.09469485e-07 3.37255104e+03 1.63122463e+03
7.09900515e-07 2.78016649e+03 1.48577281e+03
7.10331545e-07 2.86355409e+03 1.54516242e+03
7.10762576e-07 2.98056739e+03 1.50336243e+03
7.11193606e-07 2.93921321e+03 1.52220291e+03
7.11624636e-07 3.27789784e+03 1.52660255e+03
7.12055667e-07 2.94136628e+03 1.51340779e+03
7.12486697e-07 2.94409387e+03 1.50573993e+03
7.12917727e-07 2.95248582e+03 1.58362674e+03
7.13348758e-07 2.75192371e+03 1.60191991e+03
7.13779788e-07 2.67051114e+03 1.62346737e+03
7.14210818e-07 2.84975913e+03 1.87736164e+03
7.14641848e-07 2.97101858e+03 1.90431910e+03
7.15072879e-07 3.37703214e+03 1.77559494e+03
7.15503909e-07 3.17441706e+03 1.64693060e+03
7.15934939e-07 2.77642583e+03 1.60514905e+03
7.16365970e-07 2.51993828e+03 1.63770282e+03
7.16797000e-07 2.77940177e+03 1.56193118e+03
7.17228030e-07 2.84032159e+03 1.46142230e+03
7.17659061e-07 2.84218700e+03 1.46258628e+03
7.18090091e-07 2.85431015e+03 1.36265958e+03
7.18521121e-07 2.84207610e+03 1.20645254e+03
7.18952152e-07 2.61075174e+03 1.18545111e+03
7.19383182e-07 2.25820352e+03 1.23122794e+03
7.19814212e-07 2.51800409e+03 1.16978898e+03
7.20245242e-07 2.74236406e+03 1.12347294e+03
7.20676273e-07 3.18609108e+03 1.16645147e+03
7.21107303e-07 3.11132637e+03 1.19259093e+03
7.21538333e-07 2.60253970e+03 1.31860285e+03
7.21969364e-07 2.91523369e+03 1.44641502e+03
7.22400394e-07 3.11606978e+03 1.46862103e+03
7.22831424e-07 2.49371593e+03 1.50170759e+03
7.23262455e-07 2.52596752e+03 2.05069003e+03
7.23693485e-07 2.17134196e+03 4.09763913e+03
7.24124515e-07 3.51088060e+03 5.92383949e+03
7.24555545e-07 3.50331346e+03 5.31847453e+03
7.24986576e-07 3.22017387e+03 3.10485868e+03
7.25417606e-07 2.40903538e+03 2.14442277e+03
7.25848636e-07 2.51061251e+03 1.80487468e+03
7.26279667e-07 2.61370294e+03 1.65310849e+03
7.26710697e-07 2.78042962e+03 1.98319239e+03
7.27141727e-07 2.89688596e+03 3.71524691e+03
7.27572758e-07 3.15327428e+03 5.42562515e+03
7.28003788e-07 3.16422998e+03 4.59620824e+03
7.28434818e-07 3.22723091e+03 3.49735296e+03
7.28865848e-07 3.60168959e+03 2.37719493e+03
7.29296879e-07 2.61785897e+03 1.98989385e+03
7.29727909e-07 2.32801031e+03 2.07865976e+03
7.30158939e-07 2.29656279e+03 2.39279735e+03
7.30589970e-07 2.57937558e+03 2.31153964e+03
7.31021000e-07 2.91395390e+03 2.80008445e+03
7.31452030e-07 2.46506478e+03 4.59344348e+03
7.31883061e-07 3.42250948e+03 3.93626463e+03
7.32314091e-07 3.23002805e+03 2.42610541e+03
7.32745121e-07 2.17282615e+03 2.85641769e+03
7.33176152e-07 2.52176212e+03 2.82463444e+03
7.33607182e-07 2.77383726e+03 3.83241598e+03
7.34038212e-07 2.96813066e+03 5.42861957e+03
7.34469242e-07 4.18314781e+03 3.75863663e+03
7.34900273e-07 3.38686559e+03 2.07271503e+03
7.35331303e-07 2.52962507e+03 2.37853133e+03
7.35762333e-07 2.82919423e+03 3.07953573e+03
7.36193364e-07 3.16369362e+03 3.14922200e+03
7.36624394e-07 2.32059781e+03 4.04278242e+03
7.37055424e-07 3.17969794e+03 4.35274980e+03
7.37486455e-07 4.35448752e+03 2.39771386e+03
7.37917485e-07 3.63324698e+03 1.64074180e+03
7.38348515e-07 3.52309643e+03 1.62948921e+03
7.38779545e-07 2.63297389e+03 2.10695725e+03
7.39210576e-07 2.76410107e+03 2.60554155e+03
7.39641606e-07 3.36898418e+03 2.82203496e+03
7.40072636e-07 2.81528952e+03 3.58641917e+03
7.40503667e-07 3.54269413e+03 2.85119840e+03
7.40934697e-07 3.53242762e+03 1.78976374e+03
7.41365727e-07 2.86942932e+03 1.59731933e+03
7.41796758e-07 3.23660875e+03 1.51198812e+03
7.42227788e-07 3.10615269e+03 1.63476331e+03
7.42658818e-07 3.18414640e+03 1.89465973e+03
7.43089848e-07 3.22739069e+03 2.14942583e+03
7.43520879e-07 2.79105104e+03 2.63097585e+03
7.43951909e-07 2.58783672e+03 2.56671472e+03
7.44382939e-07 2.85645670e+03 1.85485482e+03
7.44813970e-07 2.88879649e+03 1.50767756e+03
7.45245000e-07 2.42796987e+03 1.49344185e+03
7.45676030e-07 2.78096803e+03 1.48999611e+03
7.46107061e-07 3.00027665e+03 1.81732767e+03
7.46538091e-07 2.84184194e+03 2.12570084e+03
7.46969121e-07 2.68486001e+03 2.53471365e+03
7.47400152e-07 2.94277359e+03 2.72767290e+03
7.47831182e-07 2.98165763e+03 2.96322357e+03
7.48262212e-07 2.75413336e+03 2.85465430e+03
7.48693242e-07 2.80816108e+03 2.13920575e+03
7.49124273e-07 2.36437875e+03 1.84558003e+03
7.49555303e-07 2.56256676e+03 1.67448415e+03
7.49986333e-07 3.57230328e+03 1.62214647e+03
7.50417364e-07 3.06748091e+03 1.57288330e+03
7.50848394e-07 2.83344091e+03 1.46570953e+03
7.51279424e-07 3.06777165e+03 1.67393873e+03
7.51710455e-07 3.17757684e+03 2.47697086e+03
7.52141485e-07 2.51452503e+03 3.73450355e+03
7.52572515e-07 2.80822350e+03 3.72779898e+03
7.53003545e-07 2.98504060e+03 2.71221513e+03
7.53434576e-07 3.53457911e+03 1.99734755e+03
7.53865606e-07 3.96128582e+03 1.69722969e+03
7.54296636e-07 3.25153297e+03 1.68987529e+03
7.54727667e-07 3.43777726e+03 1.56525154e+03
7.55158697e-07 5.28920586e+03 1.73633171e+03
7.55589727e-07 6.70918101e+03 1.98161237e+03
7.56020758e-07 5.34718256e+03 1.89508422e+03
7.56451788e-07 3.24392682e+03 1.98119817e+03
7.56882818e-07 2.71452233e+03 2.93784372e+03
7.57313848e-07 4.09681322e+03 2.92906498e+03
7.57744879e-07 4.82488831e+03 2.02074690e+03
7.58175909e-07 4.60708417e+03 1.80266899e+03
7.58606939e-07 3.49369969e+03 1.91529470e+03
7.59037970e-07 2.66403755e+03 1.72213579e+03
7.59469000e-07 1.45582582e+03 1.33432735e+03
7.59900030e-07 1.05970469e+03 1.22613712e+03
7.60331061e-07 1.03708685e+03 9.64899867e+02
7.60762091e-07 1.02411337e+03 9.38254838e+02
7.61193121e-07 1.24886695e+03 1.24315069e+03
7.61624152e-07 1.92721144e+03 1.66634853e+03
7.62055182e-07 2.48193238e+03 1.77718784e+03
7.62486212e-07 1.69289812e+03 1.68769071e+03
7.62917242e-07 1.72568851e+03 1.71513150e+03
7.63348273e-07 1.76575915e+03 1.47941836e+03
7.63779303e-07 1.61570052e+03 1.28712249e+03
7.64210333e-07 1.77480503e+03 1.34389479e+03
7.64641364e-07 2.24215129e+03 1.24772944e+03
7.65072394e-07 2.18331286e+03 1.41180875e+03
7.65503424e-07 2.42919733e+03 1.66108447e+03
7.65934455e-07 2.16048151e+03 1.84093776e+03
7.66365485e-07 2.41735531e+03 1.84214566e+03
7.66796515e-07 2.43548259e+03 1.52766062e+03
7.67227545e-07 2.88093665e+03 1.32556132e+03
7.67658576e-07 2.97610041e+03 1.37119422e+03
7.68089606e-07 2.70642533e+03 1.72374751e+03
7.68520636e-07 3.33860586e+03 1.76759141e+03
7.68951667e-07 3.03395309e+03 1.93366511e+03
7.69382697e-07 3.37283780e+03 1.94685731e+03
7.69813727e-07 3.60282756e+03 1.88815453e+03
7.70244758e-07 3.41978340e+03 1.92676424e+03
7.70675788e-07 3.13643098e+03 3.38865811e+03
7.71106818e-07 2.07226558e+03 7.52823810e+03
7.71537848e-07 3.69799176e+03 8.90633565e+03
7.71968879e-07 4.80375940e+03 6.26365153e+03
7.72399909e-07 3.59363020e+03 3.88855697e+03
7.72830939e-07 3.96728713e+03 2.82488180e+03
7.73261970e-07 4.14642470e+03 2.15573940e+03
7.73693000e-07 3.45903355e+03 2.10093395e+03
7.74124030e-07 3.45535947e+03 2.34579405e+03
7.74555061e-07 3.80014835e+03 4.89805254e+03
7.74986091e-07 3.61524213e+03 7.69044468e+03
7.75417121e-07 5.00371323e+03 5.98072563e+03
7.75848152e-07 3.52577176e+03 4.20341482e+03
7.76279182e-07 2.80758104e+03 3.11975156e+03
7.76710212e-07 3.41594719e+03 2.36976233e+03
7.77141242e-07 3.11804269e+03 2.98346872e+03
7.77572273e-07 3.36012024e+03 3.40552968e+03
7.78003303e-07 3.31636678e+03 3.12628879e+03
7.78434333e-07 3.08641433e+03 2.97031083e+03
7.78865364e-07 3.17045578e+03 4.23413608e+03
7.79296394e-07 3.57266961e+03 6.01703061e+03
7.79727424e-07 4.59051043e+03 4.37320939e+03
7.80158455e-07 3.76479266e+03 2.60540528e+03
7.80589485e-07 2.57570212e+03 3.42801012e+03
7.81020515e-07 3.13703865e+03 3.56225632e+03
7.81451545e-07 2.74831148e+03 4.02308188e+03
7.81882576e-07 2.31285571e+03 6.54323179e+03
7.82313606e-07 3.65315844e+03 6.38070272e+03
7.82744636e-07 3.98665978e+03 3.23150437e+03
7.83175667e-07 2.95330359e+03 1.97217634e+03
7.83606697e-07 3.14986394e+03 2.46276223e+03
7.84037727e-07 2.85861527e+03 3.16942305e+03
7.84468758e-07 3.18350340e+03 3.65196484e+03
7.84899788e-07 2.49306694e+03 5.94257638e+03
7.85330818e-07 3.56525139e+03 7.75196772e+03
7.85761848e-07 4.17101057e+03 6.04807385e+03
7.86192879e-07 3.01883923e+03 4.22928578e+03
7.86623909e-07 2.72045016e+03 4.04723855e+03
7.87054939e-07 3.00321504e+03 4.28505604e+03
7.87485970e-07 3.76377348e+03 3.86213865e+03
7.87917000e-07 3.49430858e+03 3.97225529e+03
7.88348030e-07 2.53580545e+03 4.28539814e+03
7.88779061e-07 2.31228039e+03 4.93126410e+03
7.89210091e-07 3.16625212e+03 4.19620275e+03
7.89641121e-07 3.21466884e+03 2.60848232e+03
7.90072152e-07 2.62243794e+03 1.86855145e+03
7.90503182e-07 3.01385505e+03 2.67356065e+03
7.90934212e-07 2.29725744e+03 5.64594378e+03
7.91365242e-07 2.72527088e+03 7.97551382e+03
7.91796273e-07 4.34558313e+03 6.51851006e+03
7.92227303e-07 3.67483251e+03 4.73855174e+03
7.92658333e-07 3.32330419e+03 3.76942859e+03
7.93089364e-07 2.72835962e+03 3.75272534e+03
7.93520394e-07 2.97983340e+03 2.75204010e+03
7.93951424e-07 2.83892590e+03 2.04015537e+03
7.94382455e-07 2.98186759e+03 2.46918600e+03
7.94813485e-07 3.06969599e+03 2.97774243e+03
7.95244515e-07 3.06977431e+03 2.45499174e+03
7.95675545e-07 2.62989633e+03 2.47575413e+03
7.96106576e-07 2.18805554e+03 4.62864248e+03
7.96537606e-07 3.14449807e+03 5.34548344e+03
7.96968636e-07 3.25500803e+03 3.71599291e+03
7.97399667e-07 2.99777105e+03 3.12392318e+03
7.97830697e-07 2.66472730e+03 3.88299488e+03
7.98261727e-07 2.45451085e+03 3.17809309e+03
7.98692758e-07 3.44076308e+03 3.75818118e+03
7.99123788e-07 3.01509444e+03 6.03365653e+03
7.99554818e-07 3.27578637e+03 5.35253464e+03
7.99985848e-07 4.27001885e+03 2.54236529e+03
8.00416879e-07 4.14789344e+03 1.85333856e+03
