5.78800000e-02
3.61197000e-07 2.95430056e+01 3.48562712e+02
3.62059061e-07 2.01785330e+01 3.84509838e+02
3.63352152e-07 3.85788671e+01 4.30109044e+02
3.63783182e-07 1.21319031e+02 4.95173925e+02
3.64214212e-07 6.06190974e+01 4.66475635e+02
3.65507303e-07 4.01096449e+01 4.16361740e+02
3.65938333e-07 3.05780194e+00 3.88421297e+02
3.66369364e-07 6.30586796e+01 4.29579178e+02
3.67231424e-07 1.00331000e+01 3.92813470e+02
3.68093485e-07 3.56415870e+01 3.89232203e+02
3.68524515e-07 5.53376681e+01 3.97548462e+02
3.68955545e-07 1.22955472e+02 4.46939941e+02
3.69386576e-07 1.53312108e+02 4.60474333e+02
3.69817606e-07 5.49382759e+01 4.43001365e+02
3.70248636e-07 1.11166120e+02 4.84590885e+02
3.70679667e-07 3.31333351e+01 4.62638881e+02
3.71110697e-07 6.23841086e+00 4.23820247e+02
3.71541727e-07 3.97687769e+01 4.58235599e+02
3.71972758e-07 1.06433043e+02 4.64539123e+02
3.72403788e-07 7.12420766e+01 4.22731847e+02
3.72834818e-07 7.57914201e+01 4.39131225e+02
3.73696879e-07 9.92615528e+01 5.24626370e+02
3.74127909e-07 8.99477312e+01 5.36977732e+02
3.74558939e-07 1.02889802e+02 5.23199500e+02
3.74989970e-07 5.01917139e+01 4.84064230e+02
3.75421000e-07 9.69884936e+01 4.88648979e+02
3.75852030e-07 7.29424413e+01 4.60873189e+02
3.76283061e-07 7.35870974e+01 4.52002179e+02
3.76714091e-07 9.58088590e+01 4.74585579e+02
3.77145121e-07 6.78477843e+01 4.74487413e+02
3.77576152e-07 9.37023756e+01 4.80503170e+02
3.78007182e-07 8.45598826e+01 6.60016993e+02
3.78438212e-07 1.34883680e+02 6.75678148e+02
3.78869242e-07 1.05527452e+02 7.13741319e+02
3.79300273e-07 5.88765750e+00 6.80285162e+02
3.80162333e-07 4.23721526e+00 4.52672754e+02
3.80593364e-07 1.17403112e+02 4.99311724e+02
3.81024394e-07 1.28835679e+02 5.17608306e+02
3.81455424e-07 1.35685733e+02 5.44811641e+02
3.81886455e-07 4.21292925e+01 4.87054649e+02
3.82748515e-07 1.16266049e+02 5.97287860e+02
3.83179545e-07 5.71140729e+01 5.97711101e+02
3.83610576e-07 1.52090424e+02 5.87680383e+02
3.84041606e-07 1.53196270e+02 5.69528871e+02
3.84472636e-07 1.50357003e+02 6.02909716e+02
3.84903667e-07 1.15377129e+02 5.39054145e+02
3.85334697e-07 9.22763028e+01 5.18719401e+02
3.85765727e-07 5.97260408e+01 5.11082384e+02
3.86196758e-07 1.78296669e+01 4.93116493e+02
3.86627788e-07 1.03997662e+02 4.86331241e+02
3.87058818e-07 1.14475674e+02 4.87724518e+02
3.87489848e-07 5.24476467e+01 4.66509035e+02
3.87920879e-07 1.04060125e+02 4.89989246e+02
3.88351909e-07 1.17036255e+02 4.97473974e+02
3.88782939e-07 3.74956257e+01 4.75293125e+02
3.89213970e-07 1.36173557e+02 5.21256957e+02
3.89645000e-07 9.75575696e+01 5.39855594e+02
3.90076030e-07 9.17362183e+01 5.49256194e+02
3.90507061e-07 1.11846273e+02 6.35291864e+02
3.90938091e-07 7.51631785e+01 6.44133542e+02
3.91369121e-07 1.77803198e+02 6.48876395e+02
3.91800152e-07 2.29778575e+02 6.44749177e+02
3.92231182e-07 1.57531529e+02 5.63618667e+02
3.92662212e-07 1.02360127e+02 5.25774095e+02
3.93093242e-07 1.04459621e+02 5.31472002e+02
3.93524273e-07 1.18110896e+02 5.26263079e+02
3.93955303e-07 7.75070596e+01 5.82535491e+02
3.94386333e-07 1.86622886e+02 6.49567597e+02
3.94817364e-07 1.69926850e+02 6.29936370e+02
3.95248394e-07 1.35017896e+02 6.16294701e+02
3.95679424e-07 1.56652509e+02 6.02408423e+02
3.96110455e-07 1.37594564e+02 5.71063096e+02
3.96541485e-07 1.49026445e+02 5.38670808e+02
3.96972515e-07 1.70739882e+02 5.68176887e+02
3.97403545e-07 7.67200521e+01 5.66808322e+02
3.97834576e-07 9.37465192e+01 6.01697806e+02
3.98265606e-07 2.05726048e+02 6.69428448e+02
3.98696636e-07 1.09206075e+02 6.31103110e+02
3.99127667e-07 1.41966179e+01 5.85722820e+02
3.99558697e-07 1.66424663e+02 6.50986420e+02
3.99989727e-07 2.59289192e+02 6.87053414e+02
4.00420758e-07 2.53971469e+02 7.08257125e+02
4.00851788e-07 1.29235880e+02 7.07487354e+02
4.01282818e-07 1.72554461e+02 7.39616835e+02
4.01713848e-07 2.28574838e+02 7.28391245e+02
4.02144879e-07 2.19294218e+02 7.33178848e+02
4.02575909e-07 2.45985186e+02 7.34415135e+02
4.03006939e-07 1.98535438e+02 7.06014687e+02
4.03437970e-07 1.45462493e+02 7.01525858e+02
4.03869000e-07 4.41690442e+01 6.98513691e+02
4.04300030e-07 1.82799355e+02 7.90724079e+02
4.04731061e-07 2.99652577e+02 8.25046538e+02
4.05162091e-07 1.14229572e+02 7.22496877e+02
4.05593121e-07 6.74764416e+01 7.01328048e+02
4.06024152e-07 7.05761046e+01 7.63332094e+02
4.06455182e-07 1.04756150e+02 8.12167307e+02
4.06886212e-07 1.45607120e+02 8.44998186e+02
4.07317242e-07 1.54666928e+02 8.33178814e+02
4.07748273e-07 2.58333449e+02 8.50566227e+02
4.08179303e-07 2.37691720e+02 8.18110869e+02
4.08610333e-07 1.89760274e+02 7.71328892e+02
4.09041364e-07 3.10577422e+02 8.10147772e+02
4.09472394e-07 2.80063817e+02 7.87068620e+02
4.09903424e-07 2.64175812e+02 7.34529861e+02
4.10334455e-07 2.49720581e+02 7.30930734e+02
4.10765485e-07 2.39852149e+02 7.27748426e+02
4.11196515e-07 3.53197018e+02 7.84085177e+02
4.11627545e-07 2.40191920e+02 7.51385388e+02
4.12058576e-07 3.25341936e+02 8.23925176e+02
4.12489606e-07 2.74509165e+02 8.20705677e+02
4.12920636e-07 1.50380907e+02 7.78463929e+02
4.13351667e-07 2.11475320e+02 8.16662188e+02
4.13782697e-07 2.04889286e+02 8.04041292e+02
4.14213727e-07 2.67259122e+02 8.34613586e+02
4.14644758e-07 1.85397548e+02 7.60026295e+02
4.15075788e-07 2.31091955e+02 8.08540199e+02
4.15506818e-07 2.86884280e+02 8.75013984e+02
4.15937848e-07 3.15154162e+02 9.23177321e+02
4.16368879e-07 9.70386271e+01 8.93536023e+02
4.16799909e-07 2.85807036e+02 1.01403086e+03
4.17230939e-07 2.53033109e+02 9.54085471e+02
4.17661970e-07 3.72342298e+02 9.96341120e+02
4.18093000e-07 5.53267858e+02 9.90508169e+02
4.18524030e-07 3.73426198e+02 9.31110716e+02
4.18955061e-07 2.18398130e+02 8.40059282e+02
4.19386091e-07 6.00368449e+01 7.82233593e+02
4.19817121e-07 1.67177624e+02 8.02922687e+02
4.20248152e-07 1.70791759e+02 8.14911622e+02
4.20679182e-07 2.19545456e+02 8.29730115e+02
4.21110212e-07 4.47254834e+02 9.08075242e+02
4.21541242e-07 3.79701070e+02 9.02341464e+02
4.21972273e-07 3.32800805e+02 8.67921706e+02
4.22403303e-07 4.90174733e+02 9.18473879e+02
4.22834333e-07 4.29820063e+02 8.77002037e+02
4.23265364e-07 5.30982780e+02 9.28893864e+02
4.23696394e-07 5.55085235e+02 9.48725686e+02
4.24127424e-07 5.10870883e+02 9.29969672e+02
4.24558455e-07 4.40874737e+02 9.61657155e+02
4.24989485e-07 4.77631133e+02 1.02693104e+03
4.25420515e-07 4.79988386e+02 1.02387282e+03
4.25851545e-07 4.37324143e+02 9.87509338e+02
4.26282576e-07 3.75305113e+02 9.70472781e+02
4.26713606e-07 4.97713752e+02 1.02484018e+03
4.27144636e-07 5.01875241e+02 1.01319346e+03
4.27575667e-07 3.86904108e+02 9.84334154e+02
4.28006697e-07 4.63692954e+02 1.00369344e+03
4.28437727e-07 3.67508776e+02 9.72026592e+02
4.28868758e-07 4.72022114e+02 1.01369039e+03
4.29299788e-07 3.97456735e+02 1.00299860e+03
4.29730818e-07 4.37340983e+02 9.99439393e+02
4.30161848e-07 5.67251858e+02 1.04826003e+03
4.30592879e-07 4.01808353e+02 9.99885628e+02
4.31023909e-07 3.30366195e+02 1.01747805e+03
4.31454939e-07 3.73337088e+02 1.54268286e+03
4.31885970e-07 5.08121392e+02 1.59730117e+03
4.32317000e-07 5.74530698e+02 1.57245120e+03
4.32748030e-07 4.08346445e+02 1.48108666e+03
4.33179061e-07 6.66064826e+02 1.14768759e+03
4.33610091e-07 5.13037999e+02 1.05152918e+03
4.34041121e-07 4.56513385e+02 1.05664564e+03
4.34472152e-07 4.26071901e+02 1.08365767e+03
4.34903182e-07 4.89042111e+02 1.11002263e+03
4.35334212e-07 6.26239948e+02 1.14151940e+03
4.35765242e-07 5.50960651e+02 1.11990471e+03
4.36196273e-07 7.14165300e+02 1.18521696e+03
4.36627303e-07 6.23388399e+02 1.16057545e+03
4.37058333e-07 5.78737181e+02 1.12412155e+03
4.37489364e-07 5.62375275e+02 1.16173139e+03
4.37920394e-07 4.27393663e+02 1.11840516e+03
4.38351424e-07 4.22092813e+02 1.08170932e+03
4.38782455e-07 4.38459390e+02 1.08867617e+03
4.39213485e-07 5.40025722e+02 1.13757852e+03
4.39644515e-07 3.66756207e+02 1.10334195e+03
4.40075545e-07 5.74432894e+02 1.21207050e+03
4.40506576e-07 5.80724050e+02 1.30309911e+03
4.40937606e-07 5.14077004e+02 1.32918002e+03
4.41368636e-07 6.05483149e+02 1.37462584e+03
4.41799667e-07 7.78294840e+02 1.40579027e+03
4.42230697e-07 6.94045039e+02 1.37524121e+03
4.42661727e-07 5.16619617e+02 1.28062825e+03
4.43092758e-07 5.47066539e+02 1.25619948e+03
4.43523788e-07 5.13465388e+02 1.25390583e+03
4.43954818e-07 6.35781580e+02 1.29611463e+03
4.44385848e-07 5.42546056e+02 1.22170691e+03
4.44816879e-07 6.20907027e+02 1.27243896e+03
4.45247909e-07 4.00668861e+02 1.16806131e+03
4.45678939e-07 5.82114397e+02 1.21903028e+03
4.46109970e-07 6.18544277e+02 1.22726164e+03
4.46541000e-07 5.18024626e+02 1.18354050e+03
4.46972030e-07 6.38109166e+02 1.23645338e+03
4.47403061e-07 6.25449914e+02 1.26601924e+03
4.47834091e-07 6.60790518e+02 1.27036499e+03
4.48265121e-07 5.37394806e+02 1.21336930e+03
4.48696152e-07 6.60026383e+02 1.29003970e+03
4.49127182e-07 5.17163045e+02 1.26618974e+03
4.49558212e-07 7.16405909e+02 1.36641745e+03
4.49989242e-07 6.30372234e+02 1.29772948e+03
4.50420273e-07 5.76344651e+02 1.28491040e+03
4.50851303e-07 7.74015260e+02 1.38537182e+03
4.51282333e-07 5.96127590e+02 1.29575626e+03
4.51713364e-07 6.39775525e+02 1.34381025e+03
4.52144394e-07 7.04148972e+02 1.41230328e+03
4.52575424e-07 6.36441694e+02 1.43170708e+03
4.53006455e-07 7.02188818e+02 1.47514611e+03
4.53437485e-07 7.57738627e+02 1.50851017e+03
4.53868515e-07 7.38237884e+02 1.51072367e+03
4.54299545e-07 5.84242763e+02 1.46443357e+03
4.54730576e-07 5.08061775e+02 1.41932941e+03
4.55161606e-07 7.45005139e+02 1.50706345e+03
4.55592636e-07 5.65160870e+02 1.39794541e+03
4.56023667e-07 6.76865986e+02 1.40282944e+03
4.56454697e-07 8.29494492e+02 1.48066695e+03
4.56885727e-07 8.43549775e+02 1.50235698e+03
4.57316758e-07 8.82388106e+02 1.51530208e+03
4.57747788e-07 6.30841003e+02 1.48710693e+03
4.58178818e-07 7.29406367e+02 1.51280160e+03
4.58609848e-07 6.34535446e+02 1.47072050e+03
4.59040879e-07 8.25312575e+02 1.52379533e+03
4.59471909e-07 6.67774336e+02 1.43909663e+03
4.59902939e-07 7.73735975e+02 1.46761506e+03
4.60333970e-07 8.87855995e+02 1.54616206e+03
4.60765000e-07 8.71852468e+02 1.54180801e+03
4.61196030e-07 9.53877379e+02 1.57375223e+03
4.61627061e-07 7.09501829e+02 1.46635655e+03
4.62058091e-07 8.81968743e+02 1.56940199e+03
4.62489121e-07 7.90526399e+02 1.52440025e+03
4.62920152e-07 7.90741581e+02 1.53439455e+03
4.63351182e-07 6.99784907e+02 1.47232235e+03
4.63782212e-07 7.98377620e+02 1.52138024e+03
4.64213242e-07 8.68662738e+02 1.51318616e+03
4.64644273e-07 9.91865905e+02 1.60580511e+03
4.65075303e-07 9.57844941e+02 1.61567590e+03
4.65506333e-07 9.19253560e+02 1.64290944e+03
4.65937364e-07 1.06310381e+03 1.75111473e+03
4.66368394e-07 1.03238996e+03 1.68902979e+03
4.66799424e-07 8.99460574e+02 1.67676983e+03
4.67230455e-07 8.39945738e+02 1.67246499e+03
4.67661485e-07 9.28574960e+02 1.72193292e+03
4.68092515e-07 1.06629915e+03 1.72464623e+03
4.68523545e-07 9.58260788e+02 1.69985547e+03
4.68954576e-07 7.83168788e+02 1.62755864e+03
4.69385606e-07 9.08642752e+02 1.66600977e+03
4.69816636e-07 1.05132870e+03 1.70980867e+03
4.70247667e-07 1.12756190e+03 1.77245910e+03
4.70678697e-07 1.14192422e+03 1.78476801e+03
4.71109727e-07 1.11892248e+03 1.77276128e+03
4.71540758e-07 1.01025142e+03 1.71107385e+03
4.71971788e-07 9.83619124e+02 1.74107700e+03
4.72402818e-07 1.15444967e+03 1.77142254e+03
4.72833848e-07 1.20391953e+03 1.77529736e+03
4.73264879e-07 1.16839605e+03 1.75745017e+03
4.73695909e-07 1.11225438e+03 1.74092705e+03
4.74126939e-07 1.13150826e+03 1.78554196e+03
4.74557970e-07 1.16456637e+03 1.76772778e+03
4.74989000e-07 1.10363381e+03 1.74531791e+03
4.75420030e-07 1.09010131e+03 1.76147855e+03
4.75851061e-07 1.11878870e+03 1.78407159e+03
4.76282091e-07 1.25351619e+03 1.84721769e+03
4.76713121e-07 1.25958925e+03 1.83403747e+03
4.77144152e-07 1.04791351e+03 1.77002885e+03
4.77575182e-07 1.11947453e+03 1.79411519e+03
4.78006212e-07 1.34735941e+03 1.88951887e+03
4.78437242e-07 1.17673213e+03 1.87515812e+03
4.78868273e-07 1.04329287e+03 1.80249326e+03
4.79299303e-07 1.19751621e+03 1.88706798e+03
4.79730333e-07 1.25046495e+03 1.89451860e+03
4.80161364e-07 1.44401750e+03 2.00949790e+03
4.80592394e-07 1.45400496e+03 2.00104593e+03
4.81023424e-07 1.32158084e+03 1.92014475e+03
4.81454455e-07 1.26098205e+03 2.00096312e+03
4.81885485e-07 1.23504497e+03 2.12034960e+03
4.82316515e-07 1.05293711e+03 2.02192026e+03
4.82747545e-07 1.23929339e+03 2.08050489e+03
4.83178576e-07 1.29683901e+03 2.11606578e+03
4.83609606e-07 1.29401082e+03 2.11943981e+03
4.84040636e-07 1.48896279e+03 2.15754512e+03
4.84471667e-07 1.30107422e+03 2.02458744e+03
4.84902697e-07 1.11387932e+03 1.96171006e+03
4.85333727e-07 1.31421409e+03 2.00336417e+03
4.85764758e-07 1.30075769e+03 1.97505655e+03
4.86195788e-07 1.24034923e+03 1.94448220e+03
4.86626818e-07 1.30185131e+03 1.99619759e+03
4.87057848e-07 1.23630486e+03 1.97456124e+03
4.87488879e-07 1.27748669e+03 2.00827388e+03
4.87919909e-07 1.42515511e+03 2.12560337e+03
4.88350939e-07 1.40401101e+03 2.13605999e+03
4.88781970e-07 1.39720157e+03 2.10111480e+03
4.89213000e-07 1.41944107e+03 2.14292534e+03
4.89644030e-07 1.53899679e+03 2.15349199e+03
4.90075061e-07 1.55721763e+03 2.11614328e+03
4.90506091e-07 1.30330457e+03 2.05178108e+03
4.90937121e-07 1.36682478e+03 2.07832207e+03
4.91368152e-07 1.60486448e+03 2.13479728e+03
4.91799182e-07 1.51807762e+03 2.10245248e+03
4.92230212e-07 1.29169195e+03 2.02043034e+03
4.92661242e-07 1.56561720e+03 2.14621168e+03
4.93092273e-07 1.51482503e+03 2.16672570e+03
4.93523303e-07 1.50435586e+03 2.14147804e+03
4.93954333e-07 1.45349669e+03 2.13655562e+03
4.94385364e-07 1.44099138e+03 2.12334809e+03
4.94816394e-07 1.70722485e+03 2.28190938e+03
4.95247424e-07 1.86551516e+03 2.33369935e+03
4.95678455e-07 1.66102210e+03 2.22089296e+03
4.96109485e-07 1.43757394e+03 2.16615480e+03
4.96540515e-07 1.59608360e+03 2.31987718e+03
4.96971545e-07 1.47751646e+03 2.28396539e+03
4.97402576e-07 1.61522708e+03 2.24804052e+03
4.97833606e-07 1.66375476e+03 2.29544392e+03
4.98264636e-07 1.58881003e+03 2.22137746e+03
4.98695667e-07 1.69756724e+03 2.32604217e+03
4.99126697e-07 1.68708726e+03 2.33307471e+03
4.99557727e-07 1.74198927e+03 2.34409206e+03
4.99988758e-07 1.65053714e+03 2.28427634e+03
5.00419788e-07 1.76608053e+03 2.33134073e+03
5.00850818e-07 1.86781408e+03 2.38735140e+03
5.01281848e-07 1.82933981e+03 2.39080123e+03
5.01712879e-07 1.85340298e+03 2.37898483e+03
5.02143909e-07 1.80337430e+03 2.35328627e+03
5.02574939e-07 1.70775193e+03 2.36150510e+03
5.03005970e-07 1.68579484e+03 2.31757205e+03
5.03437000e-07 1.61509214e+03 2.27379789e+03
5.03868030e-07 1.55705333e+03 2.25169529e+03
5.04299061e-07 1.62737253e+03 2.29481198e+03
5.04730091e-07 1.63978539e+03 2.28786315e+03
5.05161121e-07 1.66511765e+03 2.32555239e+03
5.05592152e-07 1.60832130e+03 2.34280074e+03
5.06023182e-07 1.68828970e+03 2.38560032e+03
5.06454212e-07 2.01352897e+03 2.44654252e+03
5.06885242e-07 1.79377457e+03 2.37336595e+03
5.07316273e-07 1.72080265e+03 2.34697203e+03
5.07747303e-07 1.86461499e+03 2.40294133e+03
5.08178333e-07 2.01456936e+03 2.44997463e+03
5.08609364e-07 1.99619054e+03 2.47924111e+03
5.09040394e-07 1.84744263e+03 2.46210247e+03
5.09471424e-07 1.88281733e+03 2.44918070e+03
5.09902455e-07 2.03759163e+03 2.48584892e+03
5.10333485e-07 1.85807998e+03 2.39283919e+03
5.10764515e-07 1.83433846e+03 2.42433872e+03
5.11195545e-07 1.82932342e+03 2.43480121e+03
5.11626576e-07 1.99910687e+03 2.50287788e+03
5.12057606e-07 1.86343471e+03 2.47467943e+03
5.12488636e-07 1.86271916e+03 2.43612941e+03
5.12919667e-07 1.85452718e+03 2.47409965e+03
5.13350697e-07 1.85121412e+03 2.55502865e+03
5.13781727e-07 2.08833852e+03 2.70630944e+03
5.14212758e-07 2.09831647e+03 2.69983114e+03
5.14643788e-07 2.19297745e+03 2.72269754e+03
5.15074818e-07 2.07496868e+03 2.67667128e+03
5.15505848e-07 1.49225873e+03 2.44459490e+03
5.15936879e-07 1.72439656e+03 2.49984019e+03
5.16367909e-07 2.04228799e+03 2.63628326e+03
5.16798939e-07 1.86737520e+03 2.52575451e+03
5.17229970e-07 1.84073048e+03 2.48058973e+03
5.17661000e-07 1.97201392e+03 2.55109044e+03
5.18092030e-07 2.07810653e+03 2.57138853e+03
5.18523061e-07 2.16429809e+03 2.65083347e+03
5.18954091e-07 2.06029684e+03 2.71023076e+03
5.19385121e-07 1.81975153e+03 2.81242537e+03
5.19816152e-07 2.01480383e+03 3.07144683e+03
5.20247182e-07 2.04328044e+03 2.99110903e+03
5.20678212e-07 2.10279539e+03 2.75805199e+03
5.21109242e-07 2.12971700e+03 2.69280339e+03
5.21540273e-07 2.22946148e+03 2.77870067e+03
5.21971303e-07 2.05109205e+03 2.76700770e+03
5.22402333e-07 1.98179850e+03 2.72148092e+03
5.22833364e-07 2.10507901e+03 2.75575900e+03
5.23264394e-07 2.21375681e+03 2.77187615e+03
5.23695424e-07 1.95377127e+03 2.71121234e+03
5.24126455e-07 2.16654215e+03 2.77341807e+03
5.24557485e-07 2.41609547e+03 2.89300909e+03
5.24988515e-07 2.36126475e+03 2.89072006e+03
5.25419545e-07 2.21380910e+03 2.80280317e+03
5.25850576e-07 2.22924332e+03 2.79560411e+03
5.26281606e-07 1.93233885e+03 2.61835491e+03
5.26712636e-07 1.92459869e+03 2.58239136e+03
5.27143667e-07 2.06279448e+03 2.71088170e+03
5.27574697e-07 2.07412340e+03 2.81002552e+03
5.28005727e-07 2.28409461e+03 2.83646781e+03
5.28436758e-07 2.01180715e+03 2.71045669e+03
5.28867788e-07 2.27671701e+03 2.85968919e+03
5.29298818e-07 2.59255737e+03 3.00673889e+03
5.29729848e-07 2.70202597e+03 3.02796280e+03
5.30160879e-07 2.16155951e+03 2.86971998e+03
5.30591909e-07 2.00998327e+03 2.85493231e+03
5.31022939e-07 2.08401895e+03 2.89830231e+03
5.31453970e-07 2.10106770e+03 2.86463738e+03
5.31885000e-07 2.15592189e+03 2.93118563e+03
5.32316030e-07 2.31344329e+03 2.92822967e+03
5.32747061e-07 2.10248502e+03 2.99060462e+03
5.33178091e-07 2.10913793e+03 2.97260379e+03
5.33609121e-07 2.25634618e+03 2.92915402e+03
5.34040152e-07 2.21879170e+03 2.88475839e+03
5.34471182e-07 2.28722409e+03 2.95620475e+03
5.34902212e-07 2.57720810e+03 3.05298423e+03
5.35333242e-07 2.63783651e+03 3.08204482e+03
5.35764273e-07 2.35127779e+03 2.95818174e+03
5.36195303e-07 2.22832641e+03 2.90039354e+03
5.36626333e-07 2.20574083e+03 2.89400074e+03
5.37057364e-07 2.30521647e+03 2.97216708e+03
5.37488394e-07 2.41962362e+03 3.00541714e+03
5.37919424e-07 2.39344550e+03 3.04249801e+03
5.38350455e-07 2.42860529e+03 3.00170504e+03
5.38781485e-07 2.36481254e+03 2.98328461e+03
5.39212515e-07 2.39420451e+03 2.96741534e+03
5.39643545e-07 2.25284002e+03 2.91578494e+03
5.40074576e-07 2.47839986e+03 3.01695643e+03
5.40505606e-07 2.56826634e+03 3.01640411e+03
5.40936636e-07 2.82709390e+03 3.14021547e+03
5.41367667e-07 2.64051660e+03 3.13884533e+03
5.41798697e-07 2.40167512e+03 3.03976583e+03
5.42229727e-07 2.29877003e+03 2.96823225e+03
5.42660758e-07 2.08422950e+03 2.89041744e+03
5.43091788e-07 2.34487434e+03 2.98436174e+03
5.43522818e-07 2.59043559e+03 3.17097800e+03
5.43953848e-07 2.54944658e+03 3.18937364e+03
5.44384879e-07 2.42587347e+03 3.09437212e+03
5.44815909e-07 2.44567113e+03 3.10186726e+03
5.45246939e-07 2.46835468e+03 3.15509696e+03
5.45677970e-07 2.41651899e+03 3.15018513e+03
5.46109000e-07 2.30744906e+03 3.16913138e+03
5.46540030e-07 2.13758036e+03 3.04189240e+03
5.46971061e-07 2.19371822e+03 3.05146158e+03
5.47402091e-07 2.51887285e+03 3.14571117e+03
5.47833121e-07 2.45030749e+03 3.13225905e+03
5.48264152e-07 2.44635928e+03 3.17977242e+03
5.48695182e-07 2.59254636e+03 3.31191602e+03
5.49126212e-07 2.77308026e+03 3.33553088e+03
5.49557242e-07 2.91719879e+03 3.36511893e+03
5.49988273e-07 2.77605087e+03 3.38326978e+03
5.50419303e-07 2.67210890e+03 3.30584972e+03
5.50850333e-07 2.39175247e+03 3.26144872e+03
5.51281364e-07 2.61170361e+03 3.27978750e+03
5.51712394e-07 2.83665620e+03 3.43557262e+03
5.52143424e-07 2.91130871e+03 3.43047625e+03
5.52574455e-07 2.39118064e+03 3.27296320e+03
5.53005485e-07 2.45234867e+03 3.26824795e+03
5.53436515e-07 2.75081876e+03 3.43266519e+03
5.53867545e-07 2.89177365e+03 3.55647283e+03
5.54298576e-07 2.85904246e+03 3.65941685e+03
5.54729606e-07 3.31563946e+03 3.79024281e+03
5.55160636e-07 3.19398402e+03 3.69988594e+03
5.55591667e-07 2.76564893e+03 3.53307740e+03
5.56022697e-07 2.84078779e+03 3.65256594e+03
5.56453727e-07 3.30863130e+03 3.93649577e+03
5.56884758e-07 4.55668710e+03 8.86976874e+03
5.57315788e-07 1.77043548e+03 3.54554199e+04
5.58177848e-07 1.17571744e+04 3.04259580e+04
5.58608879e-07 4.21149280e+03 5.96452271e+03
5.59039909e-07 2.67847116e+03 3.41824929e+03
5.59470939e-07 3.12558522e+03 3.78681533e+03
5.59901970e-07 3.27667337e+03 3.84660378e+03
5.60333000e-07 2.84675082e+03 3.79476846e+03
5.60764030e-07 3.10528953e+03 3.79697215e+03
5.61195061e-07 3.23590107e+03 3.73668543e+03
5.61626091e-07 3.14501217e+03 3.72796844e+03
5.62057121e-07 3.26736637e+03 3.86539838e+03
5.62488152e-07 3.12473767e+03 3.77791119e+03
5.62919182e-07 2.94535663e+03 3.63375011e+03
5.63350212e-07 2.79508222e+03 3.55332469e+03
5.63781242e-07 2.97817645e+03 3.64148961e+03
5.64212273e-07 3.11763958e+03 3.75987230e+03
5.64643303e-07 3.24255111e+03 3.80455997e+03
5.65074333e-07 3.03260139e+03 3.66353875e+03
5.65505364e-07 2.93432867e+03 3.61136457e+03
5.65936394e-07 3.17490509e+03 3.83236340e+03
5.66367424e-07 3.59482026e+03 4.02682293e+03
5.66798455e-07 3.01860608e+03 3.78148896e+03
5.67229485e-07 3.00979433e+03 3.76759796e+03
5.67660515e-07 3.28638485e+03 3.85314810e+03
5.68091545e-07 3.02593682e+03 6.32107300e+03
5.68522576e-07 2.86976998e+03 6.38166794e+03
5.68953606e-07 3.32462230e+03 6.64737488e+03
5.69384636e-07 2.96731928e+03 6.49021167e+03
5.69815667e-07 3.31411626e+03 3.97162486e+03
5.70246697e-07 3.36392879e+03 3.94453439e+03
5.70677727e-07 3.22858977e+03 3.85649900e+03
5.71108758e-07 3.20987360e+03 3.85028538e+03
5.71539788e-07 3.05810836e+03 3.82634218e+03
5.71970818e-07 3.15525328e+03 3.86774336e+03
5.72401848e-07 3.07604586e+03 3.86539049e+03
5.72832879e-07 2.97634311e+03 3.79215122e+03
5.73263909e-07 2.99853821e+03 3.81971682e+03
5.73694939e-07 3.25866029e+03 3.91617783e+03
5.74125970e-07 3.03654924e+03 3.78556604e+03
5.74557000e-07 3.27982238e+03 3.86584230e+03
5.74988030e-07 3.26210820e+03 3.84878037e+03
5.75419061e-07 3.28823694e+03 3.88815265e+03
5.75850091e-07 3.09515228e+03 3.79194935e+03
5.76281121e-07 2.87669336e+03 3.74659930e+03
5.76712152e-07 3.17553886e+03 3.92378513e+03
5.77143182e-07 3.29335896e+03 3.95722132e+03
5.77574212e-07 3.45042295e+03 3.98006909e+03
5.78005242e-07 3.19458259e+03 3.92362104e+03
5.78436273e-07 3.29051018e+03 3.90472572e+03
5.78867303e-07 3.34979606e+03 3.92834362e+03
5.79298333e-07 3.35179092e+03 3.95915193e+03
5.79729364e-07 3.43693133e+03 4.05306361e+03
5.80160394e-07 3.39839296e+03 3.97323258e+03
5.80591424e-07 3.46829963e+03 3.93875434e+03
5.81022455e-07 3.31665136e+03 3.95674642e+03
5.81453485e-07 3.42272608e+03 4.02033535e+03
5.81884515e-07 3.49739514e+03 4.05275660e+03
5.82315545e-07 3.54373653e+03 4.12814901e+03
5.82746576e-07 3.23798760e+03 3.98100434e+03
5.83177606e-07 3.24332182e+03 3.98888736e+03
5.83608636e-07 3.22127024e+03 3.95786798e+03
5.84039667e-07 3.51022038e+03 4.06736633e+03
5.84470697e-07 3.50643348e+03 4.08560792e+03
5.84901727e-07 3.33476263e+03 4.02728139e+03
5.85332758e-07 3.06880508e+03 3.95545133e+03
5.85763788e-07 3.56036831e+03 4.10039085e+03
5.86194818e-07 3.79378651e+03 4.61597240e+03
5.86625848e-07 3.61845518e+03 4.89152502e+03
5.87056879e-07 3.27622753e+03 4.62210625e+03
5.87487909e-07 3.59125134e+03 4.39406752e+03
5.87918939e-07 3.89246108e+03 4.59106213e+03
5.88349970e-07 3.45802397e+03 6.24592062e+03
5.88781000e-07 3.59977912e+03 1.06412513e+04
5.89212030e-07 3.81672682e+03 1.19370834e+04
5.89643061e-07 3.24160707e+03 8.79420390e+03
5.90074091e-07 3.64996870e+03 5.78098566e+03
5.90505121e-07 3.58860045e+03 4.54329597e+03
5.90936152e-07 3.41900936e+03 4.55274230e+03
5.91367182e-07 3.72946882e+03 4.80501293e+03
5.91798212e-07 3.62061895e+03 4.68723515e+03
5.92229242e-07 3.16757191e+03 4.34031298e+03
5.92660273e-07 3.15606665e+03 4.49123490e+03
5.93091303e-07 3.46343243e+03 4.87377543e+03
5.93522333e-07 4.01156156e+03 4.91334902e+03
5.93953364e-07 3.52166505e+03 4.44655247e+03
5.94384394e-07 3.58794679e+03 4.52191254e+03
5.94815424e-07 4.00511990e+03 4.89996962e+03
5.95246455e-07 4.25703158e+03 5.16684549e+03
5.95677485e-07 3.57392739e+03 4.65442706e+03
5.96108515e-07 3.52592903e+03 4.35006827e+03
5.96539545e-07 3.90817413e+03 4.57070348e+03
5.96970576e-07 3.67944418e+03 4.65415448e+03
5.97401606e-07 3.35297320e+03 4.60421902e+03
5.97832636e-07 3.49746422e+03 4.66052795e+03
5.98263667e-07 3.40589101e+03 4.41295334e+03
5.98694697e-07 3.60005427e+03 4.39473653e+03
5.99125727e-07 3.79115135e+03 4.42999208e+03
5.99556758e-07 3.79316511e+03 4.53297125e+03
5.99987788e-07 3.31315053e+03 4.34377996e+03
6.00418818e-07 4.10605247e+03 4.65895465e+03
6.00849848e-07 3.75903383e+03 4.37066992e+03
6.01280879e-07 4.06718344e+03 4.38790597e+03
6.01711909e-07 3.87223115e+03 4.39092239e+03
6.02142939e-07 4.19132668e+03 4.49986235e+03
6.02573970e-07 3.68950738e+03 4.32874201e+03
6.03005000e-07 3.94159225e+03 4.53929075e+03
6.03436030e-07 3.93653229e+03 4.49426112e+03
6.03867061e-07 3.66133872e+03 4.28382064e+03
6.04298091e-07 3.88609175e+03 4.35754288e+03
6.04729121e-07 4.12693380e+03 4.46448658e+03
6.05160152e-07 3.79892446e+03 4.26760548e+03
6.05591182e-07 3.93192537e+03 4.31722842e+03
6.06022212e-07 3.71302014e+03 4.36266575e+03
6.06453242e-07 4.06944271e+03 4.46301896e+03
6.06884273e-07 4.03754057e+03 4.46198144e+03
6.07315303e-07 3.88851917e+03 4.29135049e+03
6.07746333e-07 3.97741364e+03 4.39464413e+03
6.08177364e-07 3.93700156e+03 4.32119800e+03
6.08608394e-07 3.88578451e+03 4.31654515e+03
6.09039424e-07 3.97398766e+03 4.27378045e+03
6.09470455e-07 4.20546622e+03 4.46725863e+03
6.09901485e-07 4.54330570e+03 4.58931315e+03
6.10332515e-07 4.07083178e+03 4.51847305e+03
6.10763545e-07 3.60528186e+03 4.24038929e+03
6.11194576e-07 3.89201243e+03 4.28859376e+03
6.11625606e-07 4.22316110e+03 4.46206020e+03
6.12056636e-07 4.33238917e+03 4.49819398e+03
6.12487667e-07 4.09336823e+03 4.39186120e+03
6.12918697e-07 4.02709312e+03 4.35974987e+03
6.13349727e-07 4.31137077e+03 4.57878109e+03
6.13780758e-07 3.89262842e+03 4.59756100e+03
6.14211788e-07 4.21413361e+03 4.77822791e+03
6.14642818e-07 3.93815788e+03 4.55403589e+03
6.15073848e-07 4.14854852e+03 4.58063805e+03
6.15504879e-07 4.31971481e+03 4.60128209e+03
6.15935909e-07 4.35044790e+03 4.55471773e+03
6.16366939e-07 4.31250612e+03 4.58798053e+03
6.16797970e-07 4.24395688e+03 4.68390611e+03
6.17229000e-07 4.55649892e+03 4.89157252e+03
6.17660030e-07 4.42842628e+03 4.72161039e+03
6.18091061e-07 4.14017120e+03 4.45334254e+03
6.18522091e-07 4.34438569e+03 4.57191037e+03
6.18953121e-07 4.35619764e+03 4.55450245e+03
6.19384152e-07 4.19929509e+03 4.56200632e+03
6.19815182e-07 4.19515173e+03 4.60336961e+03
6.20246212e-07 3.90654866e+03 4.59667261e+03
6.20677242e-07 3.89384166e+03 4.49599233e+03
6.21108273e-07 4.17223621e+03 4.52331372e+03
6.21539303e-07 4.64411898e+03 4.82004293e+03
6.21970333e-07 4.62035109e+03 4.95818747e+03
6.22401364e-07 4.23215284e+03 4.76413164e+03
6.22832394e-07 3.59641368e+03 4.62041738e+03
6.23263424e-07 3.36704877e+03 5.49321191e+03
6.23694455e-07 4.04859138e+03 6.28005596e+03
6.24125485e-07 4.28278999e+03 5.62983963e+03
6.24556515e-07 4.13353273e+03 4.95087725e+03
6.24987545e-07 4.26016041e+03 4.85043943e+03
6.25418576e-07 4.72948640e+03 5.75350823e+03
6.25849606e-07 4.42375877e+03 6.07412783e+03
6.26280636e-07 4.35540390e+03 5.58157707e+03
6.26711667e-07 4.38020800e+03 5.19061583e+03
6.27142697e-07 4.28402608e+03 4.85133073e+03
6.27573727e-07 4.19974278e+03 4.76084188e+03
6.28004758e-07 4.39841711e+03 4.92502145e+03
6.28435788e-07 4.39316664e+03 5.46628977e+03
6.28866818e-07 4.26886630e+03 5.70288690e+03
6.29297848e-07 3.85145450e+03 8.76327204e+03
6.29728879e-07 5.66687664e+03 2.01940506e+04
6.30159909e-07 4.47169490e+03 2.13532241e+04
6.30590939e-07 5.07046073e+03 1.05562206e+04
6.31021970e-07 4.88026493e+03 5.62080142e+03
6.31453000e-07 4.54895805e+03 4.90703766e+03
6.31884030e-07 4.55551362e+03 5.11110485e+03
6.32315061e-07 4.83119510e+03 5.55995452e+03
6.32746091e-07 4.42548680e+03 5.83555105e+03
6.33177121e-07 3.82893295e+03 5.36254406e+03
6.33608152e-07 4.26188584e+03 4.83570097e+03
6.34039182e-07 4.48782929e+03 4.79333913e+03
6.34470212e-07 4.47372077e+03 4.94841277e+03
6.34901242e-07 4.49466169e+03 5.21078305e+03
6.35332273e-07 4.76764033e+03 5.70824434e+03
6.35763303e-07 5.22432987e+03 7.83909893e+03
6.36194333e-07 4.93006437e+03 1.08031108e+04
6.36625364e-07 4.33237713e+03 9.11598694e+03
6.37056394e-07 4.79644154e+03 5.66249585e+03
6.37487424e-07 4.65006002e+03 4.90019563e+03
6.37918455e-07 4.93679299e+03 5.16276753e+03
6.38349485e-07 4.95410822e+03 5.36253966e+03
6.38780515e-07 4.75062402e+03 5.13889429e+03
6.39211545e-07 4.56488375e+03 4.82081117e+03
6.39642576e-07 4.94322445e+03 4.87475974e+03
6.40073606e-07 4.83483608e+03 4.78959859e+03
6.40504636e-07 4.66928888e+03 4.76191019e+03
6.40935667e-07 4.68519558e+03 4.76006778e+03
6.41366697e-07 4.56448607e+03 4.80082976e+03
6.41797727e-07 4.32286807e+03 4.81466643e+03
6.42228758e-07 4.65474361e+03 6.91053277e+03
6.42659788e-07 4.72940593e+03 6.87380684e+03
6.43090818e-07 5.10597936e+03 7.00481534e+03
6.43521848e-07 4.82005417e+03 6.87156723e+03
6.43952879e-07 4.57971346e+03 6.59184711e+03
6.44383909e-07 4.25538567e+03 4.62016508e+03
6.44814939e-07 4.79254116e+03 4.96081568e+03
6.45245970e-07 4.77964199e+03 4.98893424e+03
6.45677000e-07 4.61435041e+03 4.98987230e+03
6.46108030e-07 4.78121773e+03 5.56730218e+03
6.46539061e-07 5.12366686e+03 6.27137645e+03
6.46970091e-07 4.98838724e+03 6.00419132e+03
6.47401121e-07 4.16831329e+03 5.08334593e+03
6.47832152e-07 4.68128558e+03 4.94818252e+03
6.48263182e-07 4.80167108e+03 4.84057958e+03
6.48694212e-07 4.62777454e+03 4.63377900e+03
6.49125242e-07 5.19757960e+03 5.17656329e+03
6.49556273e-07 5.11500687e+03 6.10301458e+03
6.49987303e-07 4.81050303e+03 6.45524729e+03
6.50418333e-07 4.62992671e+03 5.60722920e+03
6.50849364e-07 4.71831103e+03 5.00554655e+03
6.51280394e-07 4.71412929e+03 4.83688739e+03
6.51711424e-07 4.46684492e+03 4.80110764e+03
6.52142455e-07 4.21104416e+03 4.94119937e+03
6.52573485e-07 4.72436923e+03 5.25260716e+03
6.53004515e-07 5.22862855e+03 5.89700042e+03
6.53435545e-07 4.98366526e+03 5.91823432e+03
6.53866576e-07 4.60807528e+03 5.32605786e+03
6.54297606e-07 4.55536039e+03 5.33956872e+03
6.54728636e-07 4.65698156e+03 5.54425879e+03
6.55159667e-07 5.11112409e+03 6.22202998e+03
6.55590697e-07 5.23396822e+03 6.19503700e+03
6.56021727e-07 4.44860765e+03 5.57801416e+03
6.56452758e-07 4.75482255e+03 5.63239706e+03
6.56883788e-07 4.81192304e+03 5.58123298e+03
6.57314818e-07 4.78131050e+03 5.80484841e+03
6.57745848e-07 4.76832381e+03 5.94294460e+03
6.58176879e-07 4.56513477e+03 5.30179805e+03
6.58607909e-07 4.73049521e+03 4.94900384e+03
6.59038939e-07 4.88682229e+03 4.95075359e+03
6.59469970e-07 4.83816522e+03 5.13668383e+03
6.59901000e-07 4.67674232e+03 5.36323467e+03
6.60332030e-07 5.23077293e+03 5.62780987e+03
6.60763061e-07 4.96921606e+03 5.18668765e+03
6.61194091e-07 4.40626430e+03 4.69898395e+03
6.61625121e-07 4.55514829e+03 4.73932797e+03
6.62056152e-07 4.83982127e+03 4.90511735e+03
6.62487182e-07 5.12970045e+03 5.12531486e+03
6.62918212e-07 5.23542570e+03 5.29699372e+03
6.63349242e-07 4.86104491e+03 5.14914551e+03
6.63780273e-07 4.82192103e+03 5.03286193e+03
6.64211303e-07 4.94060902e+03 4.93227009e+03
6.64642333e-07 4.49563360e+03 4.73385852e+03
6.65073364e-07 4.96398116e+03 4.90814145e+03
6.65504394e-07 4.71076705e+03 4.85906993e+03
6.65935424e-07 5.00361626e+03 4.97819243e+03
6.66366455e-07 5.05666820e+03 5.07994773e+03
6.66797485e-07 5.07048436e+03 5.10173803e+03
6.67228515e-07 5.18897293e+03 4.96696653e+03
6.67659545e-07 4.90737667e+03 4.81353495e+03
6.68090576e-07 4.45437653e+03 4.70734306e+03
6.68521606e-07 5.28415960e+03 5.01773088e+03
6.68952636e-07 5.20124177e+03 4.95177313e+03
6.69383667e-07 4.78886269e+03 4.82872512e+03
6.69814697e-07 4.82025769e+03 4.94921996e+03
6.70245727e-07 5.09054697e+03 5.08038191e+03
6.70676758e-07 4.82523172e+03 4.92857429e+03
6.71107788e-07 4.53385393e+03 4.78892862e+03
6.71538818e-07 4.55892633e+03 4.80184541e+03
6.71969848e-07 4.81403664e+03 4.85898658e+03
6.72400879e-07 4.98832746e+03 4.85340484e+03
6.72831909e-07 4.55443199e+03 4.72414764e+03
6.73262939e-07 5.00414844e+03 4.93217713e+03
6.73693970e-07 5.20338806e+03 5.01273803e+03
6.74125000e-07 5.07020775e+03 5.00818021e+03
6.74556030e-07 5.14328058e+03 5.05413293e+03
6.74987061e-07 5.21072194e+03 5.02569256e+03
6.75418091e-07 4.65356501e+03 4.76351754e+03
6.75849121e-07 5.03788181e+03 4.89084112e+03
6.76280152e-07 4.63263972e+03 4.75142245e+03
6.76711182e-07 4.86156759e+03 4.77939691e+03
6.77142212e-07 4.46212848e+03 4.56466755e+03
6.77573242e-07 4.61994150e+03 4.73751069e+03
6.78004273e-07 5.19105158e+03 4.95665440e+03
6.78435303e-07 5.16884370e+03 4.98292473e+03
6.78866333e-07 4.98657816e+03 4.93749135e+03
6.79297364e-07 4.90971111e+03 4.82895309e+03
6.79728394e-07 4.95281493e+03 4.85401206e+03
6.80159424e-07 5.03372622e+03 4.80116695e+03
6.80590455e-07 5.61312916e+03 5.09298849e+03
6.81021485e-07 4.99395686e+03 4.88069804e+03
6.81452515e-07 5.08979106e+03 4.85463569e+03
6.81883545e-07 5.06867658e+03 5.01750033e+03
6.82314576e-07 4.38333209e+03 5.96165559e+03
6.82745606e-07 5.83233218e+03 8.70411539e+03
6.83176636e-07 5.18664462e+03 9.07722572e+03
6.83607667e-07 4.66399625e+03 7.29329277e+03
6.84038697e-07 5.04004098e+03 5.96559289e+03
6.84469727e-07 4.65608054e+03 5.23663417e+03
6.84900758e-07 5.11051149e+03 5.12647800e+03
6.85331788e-07 5.32993867e+03 5.22971655e+03
6.85762818e-07 5.12768941e+03 6.45067816e+03
6.86193848e-07 5.58277300e+03 9.05515750e+03
6.86624879e-07 4.08701566e+03 7.45799516e+03
6.87055909e-07 3.13388457e+03 4.74202595e+03
6.87486939e-07 3.67990119e+03 4.37051279e+03
6.87917970e-07 4.31505832e+03 4.95343318e+03
6.88349000e-07 4.75688766e+03 5.48744109e+03
6.88780030e-07 5.20326397e+03 5.79279379e+03
6.89211061e-07 4.26246000e+03 5.11410281e+03
6.89642091e-07 4.71183449e+03 5.17003413e+03
6.90073121e-07 4.56947677e+03 5.30752909e+03
6.90504152e-07 4.48126626e+03 5.20900582e+03
6.90935182e-07 5.17123199e+03 5.93724942e+03
6.91366212e-07 5.06873220e+03 6.13988087e+03
6.91797242e-07 4.84790297e+03 6.24509793e+03
6.92228273e-07 5.99961034e+03 7.30402994e+03
6.92659303e-07 6.24518445e+03 6.64972242e+03
6.93090333e-07 6.24472497e+03 5.64510602e+03
6.93521364e-07 7.00344212e+03 6.39346102e+03
6.93952394e-07 1.10710488e+04 8.59941508e+03
6.94383424e-07 1.31500487e+04 9.95238145e+03
6.94814455e-07 8.72996520e+03 8.87524518e+03
6.95245485e-07 5.12476240e+03 6.45553856e+03
6.95676515e-07 5.58440445e+03 5.51688239e+03
6.96107545e-07 9.29242992e+03 7.04717143e+03
6.96538576e-07 1.13330439e+04 8.21389314e+03
6.96969606e-07 7.40226190e+03 6.98942104e+03
6.97400636e-07 5.54941459e+03 6.76011895e+03
6.97831667e-07 5.51303646e+03 6.88058802e+03
6.98262697e-07 5.35213004e+03 8.72004275e+03
6.98693727e-07 5.54877327e+03 7.83747418e+03
6.99124758e-07 4.60920687e+03 7.14564227e+03
6.99555788e-07 4.84068588e+03 5.05269704e+03
6.99986818e-07 5.00088761e+03 5.44227224e+03
7.00417848e-07 5.01975108e+03 5.55110955e+03
7.00848879e-07 4.78488556e+03 5.58378694e+03
7.01279909e-07 5.27315216e+03 5.75132660e+03
7.01710939e-07 5.21788012e+03 5.13270069e+03
7.02141970e-07 4.98668190e+03 4.87449736e+03
7.02573000e-07 5.34024147e+03 4.93929779e+03
7.03004030e-07 5.30735091e+03 4.97162741e+03
7.03435061e-07 4.95604260e+03 4.97589101e+03
7.03866091e-07 4.99154469e+03 5.19442381e+03
7.04297121e-07 5.49033987e+03 5.89404703e+03
7.04728152e-07 5.20715333e+03 6.16788264e+03
7.05159182e-07 4.59702088e+03 5.61230077e+03
7.05590212e-07 4.74876558e+03 5.23335067e+03
7.06021242e-07 5.22673875e+03 5.32695778e+03
7.06452273e-07 5.27025521e+03 5.54462858e+03
7.06883303e-07 5.12802742e+03 5.49618501e+03
7.07314333e-07 5.21798698e+03 5.46169179e+03
7.07745364e-07 5.13153124e+03 5.47287824e+03
7.08176394e-07 5.07534481e+03 5.57580665e+03
7.08607424e-07 5.57656117e+03 5.81245507e+03
7.09038455e-07 5.33901921e+03 5.55441549e+03
7.09469485e-07 5.35665988e+03 5.26641237e+03
7.09900515e-07 5.83840436e+03 5.36985715e+03
7.10331545e-07 7.09877071e+03 5.89292714e+03
7.10762576e-07 7.21453228e+03 5.96107568e+03
7.11193606e-07 6.00412481e+03 5.41394006e+03
7.11624636e-07 6.52959274e+03 5.66212054e+03
7.12055667e-07 7.26705609e+03 5.95105775e+03
7.12486697e-07 6.06862558e+03 5.61382121e+03
7.12917727e-07 5.27250116e+03 5.32392659e+03
7.13348758e-07 5.22740391e+03 5.25848750e+03
7.13779788e-07 4.96853746e+03 5.22496833e+03
7.14210818e-07 4.68552698e+03 5.47515265e+03
7.14641848e-07 4.95392154e+03 5.57501208e+03
7.15072879e-07 5.23834744e+03 5.38245319e+03
7.15503909e-07 5.25652363e+03 5.31396286e+03
7.15934939e-07 5.58383673e+03 5.53617085e+03
7.16365970e-07 5.00438608e+03 5.32141831e+03
7.16797000e-07 4.48406249e+03 4.89616707e+03
7.17228030e-07 4.41660588e+03 4.78119428e+03
7.17659061e-07 4.20697558e+03 4.69133877e+03
7.18090091e-07 4.28096873e+03 4.60437227e+03
7.18521121e-07 3.79998277e+03 4.21370171e+03
7.18952152e-07 4.06342288e+03 4.25748302e+03
7.19383182e-07 4.46861571e+03 4.37951853e+03
7.19814212e-07 3.86403805e+03 4.23315423e+03
7.20245242e-07 3.79746568e+03 4.19525932e+03
7.20676273e-07 4.21531854e+03 4.36919923e+03
7.21107303e-07 4.41777918e+03 4.55210348e+03
7.21538333e-07 4.47957193e+03 4.60647405e+03
7.21969364e-07 4.58564848e+03 4.83097381e+03
7.22400394e-07 4.76807429e+03 4.95336239e+03
7.22831424e-07 4.75251545e+03 4.94318027e+03
7.23262455e-07 4.17513564e+03 5.99073624e+03
7.23693485e-07 4.15046948e+03 9.81247850e+03
7.24124515e-07 4.73327319e+03 1.31979669e+04
7.24555545e-07 4.37007400e+03 1.13067342e+04
7.24986576e-07 4.17186481e+03 7.53599715e+03
7.25417606e-07 4.00505841e+03 5.74016449e+03
7.25848636e-07 4.26124490e+03 7.49046866e+03
7.26279667e-07 4.48762912e+03 7.13098952e+03
7.26710697e-07 4.15089154e+03 8.20139821e+03
7.27141727e-07 4.88149843e+03 1.27121752e+04
7.27572758e-07 4.88324007e+03 1.18594055e+04
7.28003788e-07 4.49019470e+03 1.02547041e+04
7.28434818e-07 3.73380163e+03 8.01188378e+03
7.28865848e-07 3.95338569e+03 6.41150389e+03
7.29296879e-07 4.12534263e+03 5.62090290e+03
7.29727909e-07 4.70078425e+03 6.11710233e+03
7.30158939e-07 4.13809065e+03 6.31603313e+03
7.30589970e-07 3.98422429e+03 6.27292225e+03
7.31021000e-07 4.49706730e+03 7.83454527e+03
7.31452030e-07 5.12657210e+03 1.10208647e+04
7.31883061e-07 5.08212759e+03 9.45168393e+03
7.32314091e-07 4.43135063e+03 6.88230986e+03
7.32745121e-07 4.76014587e+03 7.60575332e+03
7.33176152e-07 4.16236618e+03 7.50562787e+03
7.33607182e-07 4.19470088e+03 9.56441495e+03
7.34038212e-07 6.49629177e+03 1.31362898e+04
7.34469242e-07 5.04848566e+03 9.40316233e+03
7.34900273e-07 4.15371826e+03 5.77120733e+03
7.35331303e-07 5.42838143e+03 6.93994255e+03
7.35762333e-07 5.52431682e+03 8.18020250e+03
7.36193364e-07 4.91501662e+03 8.10327039e+03
7.36624394e-07 3.77456602e+03 9.12807061e+03
7.37055424e-07 5.39185547e+03 9.97367366e+03
7.37486455e-07 4.40643152e+03 6.58177522e+03
7.37917485e-07 4.39829643e+03 5.12572580e+03
7.38348515e-07 4.55749902e+03 5.24595632e+03
7.38779545e-07 4.84130806e+03 6.41938157e+03
7.39210576e-07 4.56538207e+03 7.13401732e+03
7.39641606e-07 4.25000937e+03 7.63348280e+03
7.40072636e-07 5.07333245e+03 8.93707952e+03
7.40503667e-07 4.89485370e+03 7.49372964e+03
7.40934697e-07 4.12488119e+03 5.31836901e+03
7.41365727e-07 4.57605910e+03 5.10907820e+03
7.41796758e-07 4.69079857e+03 5.10807868e+03
7.42227788e-07 4.61044003e+03 5.24452131e+03
7.42658818e-07 5.00287932e+03 6.08673836e+03
7.43089848e-07 5.09604467e+03 6.64651460e+03
7.43520879e-07 4.80754831e+03 7.05363589e+03
7.43951909e-07 5.58544285e+03 7.23185263e+03
7.44382939e-07 4.64965043e+03 5.69943897e+03
7.44813970e-07 4.88381432e+03 7.31573331e+03
7.45245000e-07 5.10119296e+03 7.33358279e+03
7.45676030e-07 5.12227177e+03 7.63779389e+03
7.46107061e-07 4.85803727e+03 8.34482901e+03
7.46538091e-07 4.17681949e+03 6.18399548e+03
7.46969121e-07 4.24094093e+03 6.97921335e+03
7.47400152e-07 4.70246770e+03 7.52448907e+03
7.47831182e-07 4.73848319e+03 7.76514451e+03
7.48262212e-07 4.89258578e+03 7.55628076e+03
7.48693242e-07 4.98179953e+03 6.35761707e+03
7.49124273e-07 4.22983302e+03 5.44123270e+03
7.49555303e-07 4.16290853e+03 5.15856324e+03
7.49986333e-07 4.44893539e+03 5.05651756e+03
7.50417364e-07 4.49254501e+03 5.03064177e+03
7.50848394e-07 4.73037889e+03 5.11550413e+03
7.51279424e-07 4.42975255e+03 5.33188044e+03
7.51710455e-07 4.18798416e+03 6.73047847e+03
7.52141485e-07 4.93557822e+03 9.19082650e+03
7.52572515e-07 5.01311840e+03 9.43088137e+03
7.53003545e-07 4.99260210e+03 7.35530258e+03
7.53434576e-07 4.96792379e+03 5.91572761e+03
7.53865606e-07 4.61409578e+03 5.38632357e+03
7.54296636e-07 4.06317690e+03 5.07860215e+03
7.54727667e-07 4.31696422e+03 5.03214934e+03
7.55158697e-07 4.21312166e+03 5.26119964e+03
7.55589727e-07 4.65826355e+03 5.76202952e+03
7.56020758e-07 5.07631483e+03 5.92094251e+03
7.56451788e-07 3.70095690e+03 5.86079839e+03
7.56882818e-07 4.58226680e+03 7.72388366e+03
7.57313848e-07 5.13957180e+03 7.98681838e+03
7.57744879e-07 3.91197245e+03 5.83343205e+03
7.58175909e-07 4.34091593e+03 5.54264711e+03
7.58606939e-07 4.75127327e+03 5.93628548e+03
7.59037970e-07 3.86184932e+03 5.07169387e+03
7.59469000e-07 2.47953995e+03 4.03325276e+03
7.59900030e-07 1.32877844e+03 3.43433155e+03
7.60331061e-07 6.14225150e+02 2.58866986e+03
7.60762091e-07 1.49142823e+03 2.73953708e+03
7.61193121e-07 2.32140087e+03 3.60765005e+03
7.61624152e-07 3.28954045e+03 4.73610607e+03
7.62055182e-07 3.29039234e+03 5.07078587e+03
7.62486212e-07 2.12210811e+03 4.45329555e+03
7.62917242e-07 2.32137863e+03 4.34977788e+03
7.63348273e-07 1.97810041e+03 3.62232786e+03
7.63779303e-07 1.82339392e+03 3.33699893e+03
7.64210333e-07 2.57629045e+03 3.74533379e+03
7.64641364e-07 2.78587927e+03 4.02783073e+03
7.65072394e-07 3.46782862e+03 4.59710169e+03
7.65503424e-07 3.21339848e+03 4.71629534e+03
7.65934455e-07 3.88856353e+03 5.31942066e+03
7.66365485e-07 4.62064622e+03 5.70136954e+03
7.66796515e-07 4.27138144e+03 5.02026366e+03
7.67227545e-07 4.45717949e+03 4.82115052e+03
7.67658576e-07 4.18632105e+03 4.82532282e+03
7.68089606e-07 4.81199228e+03 5.41027126e+03
7.68520636e-07 4.29458288e+03 5.44682563e+03
7.68951667e-07 4.36504641e+03 5.63620748e+03
7.69382697e-07 4.46555333e+03 5.78835841e+03
7.69813727e-07 4.51084792e+03 5.81989855e+03
7.70244758e-07 3.99339553e+03 5.88961389e+03
7.70675788e-07 3.90139336e+03 8.88611671e+03
7.71106818e-07 5.91835810e+03 1.65387347e+04
7.71537848e-07 7.81014545e+03 1.97910960e+04
7.71968879e-07 4.19929094e+03 1.31777889e+04
7.72399909e-07 4.20944731e+03 8.96175269e+03
7.72830939e-07 3.82531272e+03 6.98475317e+03
7.73261970e-07 4.52132870e+03 6.20617115e+03
7.73693000e-07 4.96959311e+03 6.15359722e+03
7.74124030e-07 4.45371247e+03 6.91577076e+03
7.74555061e-07 4.18300394e+03 1.14239508e+04
7.74986091e-07 8.64766130e+03 1.75317674e+04
7.75417121e-07 4.13887503e+03 1.33002276e+04
7.75848152e-07 4.35710788e+03 9.62289255e+03
7.76279182e-07 4.71610150e+03 8.06927255e+03
7.76710212e-07 4.03137756e+03 6.66794671e+03
7.77141242e-07 4.90845722e+03 8.05304246e+03
7.77572273e-07 4.86691927e+03 8.82277436e+03
7.78003303e-07 4.09727283e+03 8.26600629e+03
7.78434333e-07 3.25413576e+03 7.40900582e+03
7.78865364e-07 3.36398950e+03 9.80483933e+03
7.79296394e-07 7.12254744e+03 1.41288743e+04
7.79727424e-07 3.97150001e+03 1.03020141e+04
7.80158455e-07 3.45674642e+03 7.05024591e+03
7.80589485e-07 5.74542145e+03 8.93760800e+03
7.81020515e-07 4.50343604e+03 8.96794333e+03
7.81451545e-07 2.56823524e+03 9.12888548e+03
7.81882576e-07 5.93151892e+03 1.45300736e+04
7.82313606e-07 6.21982352e+03 1.40058824e+04
7.82744636e-07 2.65863495e+03 7.32516256e+03
7.83175667e-07 3.66289520e+03 5.66261424e+03
7.83606697e-07 3.32091350e+03 6.57014347e+03
7.84037727e-07 4.63631292e+03 8.58041221e+03
7.84468758e-07 3.75583528e+03 9.15763802e+03
7.84899788e-07 4.30950790e+03 1.32553945e+04
7.85330818e-07 5.97062425e+03 1.74576448e+04
7.85761848e-07 3.70526777e+03 1.34128241e+04
7.86192879e-07 3.36126768e+03 9.95906934e+03
7.86623909e-07 4.25557827e+03 1.00706042e+04
7.87054939e-07 4.99310517e+03 1.07378093e+04
7.87485970e-07 3.19952861e+03 9.31739011e+03
7.87917000e-07 4.37908453e+03 9.76255974e+03
7.88348030e-07 3.69531744e+03 1.02680103e+04
7.88779061e-07 4.59231862e+03 1.12990722e+04
7.89210091e-07 5.34818252e+03 1.04970375e+04
7.89641121e-07 3.39561167e+03 6.56136592e+03
7.90072152e-07 4.30513327e+03 5.87528605e+03
7.90503182e-07 4.09908394e+03 7.69497093e+03
7.90934212e-07 4.67717200e+03 1.31810441e+04
7.91365242e-07 6.67647245e+03 1.82737588e+04
7.91796273e-07 4.29340339e+03 1.47473677e+04
7.92227303e-07 3.21583323e+03 1.06404567e+04
7.92658333e-07 3.48072038e+03 9.18470078e+03
7.93089364e-07 4.49222807e+03 9.24612355e+03
7.93520394e-07 4.13480982e+03 7.70841344e+03
7.93951424e-07 4.11442728e+03 6.16229846e+03
7.94382455e-07 4.02460525e+03 6.80993518e+03
7.94813485e-07 5.57539130e+03 8.22600649e+03
7.95244515e-07 4.11775108e+03 6.99062592e+03
7.95675545e-07 2.76569115e+03 6.76507764e+03
7.96106576e-07 4.88019003e+03 1.13472239e+04
7.96537606e-07 5.33863651e+03 1.29735215e+04
7.96968636e-07 2.83692339e+03 8.84132499e+03
7.97399667e-07 4.46906065e+03 8.23402108e+03
7.97830697e-07 4.82924095e+03 9.90035557e+03
7.98261727e-07 7.51374159e+03 8.49046755e+03
7.98692758e-07 1.81552281e+04 8.99968510e+03
7.99123788e-07 1.12002026e+04 1.40335406e+04
