1.05590000e-01
3.61637030e-07 5.98903951e+00 2.56953365e+01
3.62068061e-07 3.31044530e+01 2.39403404e+01
3.62930121e-07 4.67381238e+01 4.38477380e+01
3.63792182e-07 2.53967179e+01 4.45041647e+01
3.64223212e-07 3.20052103e+01 4.58380945e+01
3.65516303e-07 1.49361462e+01 3.20738609e+01
3.65947333e-07 7.47674881e+00 3.48018480e+01
3.66378364e-07 5.98707007e+01 3.49200793e+01
3.66809394e-07 7.75929556e+01 2.55618469e+01
3.67240424e-07 1.44359569e+01 2.41817954e+01
3.67671455e-07 1.25127117e+01 2.95694733e+01
3.68102485e-07 4.18905041e+01 2.65253158e+01
3.68533515e-07 4.32920031e+01 2.87780853e+01
3.68964545e-07 3.91311530e+01 3.94062375e+01
3.69395576e-07 2.97357516e+01 4.83680413e+01
3.69826606e-07 4.09036277e+01 4.11650860e+01
3.70257636e-07 4.21770304e+01 5.25599397e+01
3.71119697e-07 1.94579426e+01 5.56605959e+01
3.71550727e-07 2.34135109e+01 5.48898267e+01
3.72843818e-07 3.84166191e+01 3.82391043e+01
3.73705879e-07 4.96654159e+01 7.96845296e+01
3.74567939e-07 1.11490821e+02 8.08316130e+01
3.74998970e-07 1.13112666e+02 7.50424404e+01
3.75430000e-07 1.00119370e+02 6.69687896e+01
3.75861030e-07 1.72995662e+01 6.74988316e+01
3.76292061e-07 3.80037950e+01 6.25178115e+01
3.76723091e-07 5.00623745e+01 5.58775039e+01
3.77154121e-07 4.66322491e+01 6.31223523e+01
3.77585152e-07 9.11639909e+01 6.68624351e+01
3.78016182e-07 4.40950267e+01 4.89666288e+01
3.78447212e-07 5.21576371e+01 5.11772126e+01
3.78878242e-07 6.95809105e+01 6.55569321e+01
3.79740303e-07 5.51000494e+00 7.21241776e+01
3.80171333e-07 5.77475490e+01 6.31566453e+01
3.80602364e-07 1.06704857e+02 6.03411728e+01
3.81033394e-07 1.58364653e+01 7.46118682e+01
3.81464424e-07 5.20123501e+01 7.80843017e+01
3.81895455e-07 7.14366994e+01 8.34353179e+01
3.82326485e-07 4.81238492e+01 8.82462681e+01
3.82757515e-07 5.64082343e+01 7.48229694e+01
3.83188545e-07 1.98519995e+01 9.57382148e+01
3.83619576e-07 6.12826719e+01 9.41364091e+01
3.84050606e-07 6.41550781e+01 6.88958118e+01
3.84481636e-07 8.80111257e+01 7.76942677e+01
3.84912667e-07 9.43603233e+01 9.32048566e+01
3.85343697e-07 1.27527485e+01 8.08075457e+01
3.85774727e-07 7.03398980e+01 6.38669850e+01
3.86205758e-07 8.12708287e+01 8.81000769e+01
3.86636788e-07 8.33575090e+01 7.85455797e+01
3.87067818e-07 8.20859035e+01 6.23899078e+01
3.87498848e-07 8.61267083e+01 6.98680689e+01
3.87929879e-07 8.36228247e+01 6.20087756e+01
3.88360909e-07 7.03656669e+01 5.85108718e+01
3.88791939e-07 1.00635467e+02 6.70224539e+01
3.89222970e-07 8.86059323e+01 7.17562479e+01
3.89654000e-07 5.41058173e+01 8.50756478e+01
3.90085030e-07 3.72202440e+00 9.07813628e+01
3.90516061e-07 1.93984450e+01 1.34794981e+02
3.90947091e-07 1.20265574e+01 1.27171535e+02
3.91378121e-07 1.25273061e+02 1.32410687e+02
3.91809152e-07 1.05825345e+02 1.12859070e+02
3.92240182e-07 1.12476005e+02 8.00343203e+01
3.92671212e-07 1.54862787e+02 7.60457140e+01
3.93102242e-07 1.25076623e+02 6.10239497e+01
3.93533273e-07 1.07863988e+02 7.64525157e+01
3.93964303e-07 8.61183321e+01 8.01268593e+01
3.94395333e-07 9.62632636e+01 9.84376977e+01
3.94826364e-07 7.10043023e+01 1.07273916e+02
3.95257394e-07 1.23296376e+02 1.07177445e+02
3.95688424e-07 1.83154492e+02 1.04405514e+02
3.96119455e-07 1.38177615e+02 9.10582490e+01
3.96981515e-07 1.76420768e+02 6.02150842e+01
3.97412545e-07 6.09292314e+01 9.34777706e+01
3.97843576e-07 1.45929542e+02 1.22723135e+02
3.98274606e-07 2.39881701e+02 1.16273607e+02
3.98705636e-07 6.73454749e+01 1.21737906e+02
3.99136667e-07 1.40346225e+02 1.27676444e+02
3.99567697e-07 6.58267269e+01 1.16324195e+02
3.99998727e-07 8.64928883e+01 1.50742378e+02
4.00429758e-07 1.11579626e+02 1.59205297e+02
4.00860788e-07 2.00410642e+02 1.50457927e+02
4.01291818e-07 1.12087362e+02 1.79961386e+02
4.01722848e-07 1.27308771e+02 1.77826423e+02
4.02153879e-07 1.23007585e+02 1.79767651e+02
4.02584909e-07 1.67976345e+02 1.67036778e+02
4.03015939e-07 2.08625286e+02 1.54903007e+02
4.03446970e-07 1.86890789e+02 1.57973480e+02
4.03878000e-07 1.98185224e+02 1.48051582e+02
4.04309030e-07 1.86646705e+02 1.92986359e+02
4.04740061e-07 2.32249954e+02 2.16556229e+02
4.05171091e-07 2.25089256e+02 2.03691325e+02
4.05602121e-07 1.63750910e+02 1.78373622e+02
4.06033152e-07 2.11598503e+02 1.82259695e+02
4.06464182e-07 2.79667370e+02 1.97202587e+02
4.06895212e-07 2.03732955e+02 2.00362889e+02
4.07326242e-07 1.70099265e+02 1.94369521e+02
4.07757273e-07 2.14884978e+02 1.67527198e+02
4.08188303e-07 3.15198098e+02 1.85433580e+02
4.08619333e-07 2.26561547e+02 2.03120936e+02
4.09050364e-07 2.41345155e+02 1.65963560e+02
4.09481394e-07 2.32360734e+02 1.81397003e+02
4.09912424e-07 2.06544208e+02 1.58350516e+02
4.10343455e-07 1.92147320e+02 1.57490096e+02
4.10774485e-07 2.35065539e+02 1.53790379e+02
4.11205515e-07 2.57644688e+02 1.66677660e+02
4.11636545e-07 4.08842821e+02 1.61793337e+02
4.12067576e-07 3.57990432e+02 1.91303346e+02
4.12498606e-07 3.78568701e+02 1.99736239e+02
4.12929636e-07 2.75453245e+02 1.70197217e+02
4.13360667e-07 2.01724103e+02 2.13898341e+02
4.13791697e-07 2.39376398e+02 2.08944410e+02
4.14222727e-07 1.41182474e+02 1.82900805e+02
4.14653758e-07 1.88642612e+02 1.94288538e+02
4.15084788e-07 1.91287589e+02 2.18464195e+02
4.15515818e-07 2.76861133e+02 2.00378154e+02
4.15946848e-07 2.29208974e+02 2.24521500e+02
4.16377879e-07 1.86778144e+02 2.42432033e+02
4.16808909e-07 2.86456016e+02 2.41170772e+02
4.17239939e-07 2.86671884e+02 2.37761150e+02
4.17670970e-07 3.59165131e+02 2.32625448e+02
4.18102000e-07 1.88007157e+02 2.42329866e+02
4.18533030e-07 2.07387285e+02 2.15374787e+02
4.18964061e-07 3.37786156e+02 2.19451750e+02
4.19395091e-07 1.57496550e+02 2.07232665e+02
4.19826121e-07 1.20798938e+02 2.10818224e+02
4.20257152e-07 2.85322167e+02 2.09490053e+02
4.20688182e-07 2.02498584e+02 1.98122481e+02
4.21119212e-07 3.42022443e+02 2.14188767e+02
4.21550242e-07 1.82470496e+02 2.33945646e+02
4.21981273e-07 2.53398074e+02 2.14056024e+02
4.22412303e-07 2.75575410e+02 1.89719457e+02
4.22843333e-07 2.00785648e+02 1.96022452e+02
4.23274364e-07 2.68129254e+02 2.25475044e+02
4.23705394e-07 1.78418638e+02 2.22231273e+02
4.24136424e-07 1.60716269e+02 2.22965439e+02
4.24567455e-07 2.55106277e+02 2.22879611e+02
4.24998485e-07 3.09593005e+02 2.21300887e+02
4.25429515e-07 2.91692459e+02 2.31006639e+02
4.25860545e-07 2.96047847e+02 2.33363002e+02
4.26291576e-07 3.37176265e+02 2.19015729e+02
4.26722606e-07 3.05027560e+02 2.42505173e+02
4.27153636e-07 2.21036979e+02 2.43572661e+02
4.27584667e-07 1.26436755e+02 2.72597254e+02
4.28015697e-07 2.09877297e+02 2.26909027e+02
4.28446727e-07 3.20319526e+02 2.17708900e+02
4.28877758e-07 3.38969316e+02 2.17545045e+02
4.29308788e-07 3.25563387e+02 2.41536988e+02
4.29739818e-07 3.77905672e+02 2.27352956e+02
4.30170848e-07 3.63491888e+02 2.42059527e+02
4.30601879e-07 4.05496909e+02 2.31073906e+02
4.31032909e-07 3.97307817e+02 2.28970362e+02
4.31463939e-07 4.18018699e+02 2.81395316e+02
4.31894970e-07 5.14407783e+02 2.72303885e+02
4.32326000e-07 4.62499331e+02 2.45214457e+02
4.32757030e-07 4.27287424e+02 2.57274909e+02
4.33188061e-07 4.55668221e+02 2.75995071e+02
4.33619091e-07 3.86362631e+02 2.58372936e+02
4.34050121e-07 4.27564197e+02 2.68970128e+02
4.34481152e-07 3.59489558e+02 2.62192829e+02
4.34912182e-07 2.95649224e+02 2.58058888e+02
4.35343212e-07 2.88018653e+02 2.88537725e+02
4.35774242e-07 4.91320256e+02 2.94239020e+02
4.36205273e-07 5.90239014e+02 3.11519585e+02
4.36636303e-07 5.36403473e+02 2.84857564e+02
4.37067333e-07 5.02850015e+02 2.73393434e+02
4.37498364e-07 5.33130294e+02 2.62759890e+02
4.37929394e-07 6.13745325e+02 2.65572578e+02
4.38360424e-07 4.17554061e+02 2.75367072e+02
4.38791455e-07 2.28285547e+02 2.76355692e+02
4.39222485e-07 2.49039113e+02 2.81134468e+02
4.39653515e-07 4.19259675e+02 3.07866338e+02
4.40084545e-07 6.56546665e+02 2.91101648e+02
4.40515576e-07 6.39872760e+02 3.37049892e+02
4.40946606e-07 7.82644795e+02 3.31978658e+02
4.41377636e-07 7.03723754e+02 3.57575146e+02
4.41808667e-07 8.71159293e+02 3.51460745e+02
4.42239697e-07 8.75598186e+02 3.68970624e+02
4.42670727e-07 8.00944116e+02 3.69512950e+02
4.43101758e-07 6.97429363e+02 3.76435101e+02
4.43532788e-07 8.92253540e+02 3.48459828e+02
4.43963818e-07 8.09466247e+02 3.11568040e+02
4.44394848e-07 8.19093773e+02 3.53974700e+02
4.44825879e-07 1.02750467e+03 3.48490405e+02
4.45256909e-07 8.97037659e+02 3.12847767e+02
4.45687939e-07 6.45200753e+02 3.30335693e+02
4.46118970e-07 8.97635807e+02 3.37179760e+02
4.46550000e-07 9.12365182e+02 3.21772518e+02
4.46981030e-07 8.83205856e+02 3.30364419e+02
4.47412061e-07 7.93508436e+02 3.15915661e+02
4.47843091e-07 1.03447552e+03 3.24365510e+02
4.48274121e-07 1.00675673e+03 3.74539364e+02
4.48705152e-07 6.27227058e+02 3.33983153e+02
4.49136182e-07 7.42595063e+02 3.68184619e+02
4.49567212e-07 8.49342143e+02 3.71514785e+02
4.49998242e-07 7.37269366e+02 3.74817200e+02
4.50429273e-07 7.99590851e+02 3.80627737e+02
4.50860303e-07 7.10038799e+02 3.71097866e+02
4.51291333e-07 8.02888352e+02 3.53890520e+02
4.51722364e-07 9.80196199e+02 3.53887019e+02
4.52153394e-07 9.25802062e+02 3.70944324e+02
4.52584424e-07 7.63625460e+02 4.05867685e+02
4.53015455e-07 9.02748124e+02 3.88591400e+02
4.53446485e-07 7.97532269e+02 4.31856569e+02
4.53877515e-07 8.77362575e+02 4.10623889e+02
4.54308545e-07 1.11158515e+03 3.91772389e+02
4.54739576e-07 8.13333271e+02 3.98329292e+02
4.55170606e-07 9.15461532e+02 4.20026411e+02
4.55601636e-07 9.29031671e+02 4.04474638e+02
4.56032667e-07 1.06499921e+03 3.90796013e+02
4.56463697e-07 9.27568414e+02 3.85360940e+02
4.56894727e-07 9.67398054e+02 4.01200090e+02
4.57325758e-07 1.13434518e+03 3.83536336e+02
4.57756788e-07 9.42288603e+02 4.00556331e+02
4.58187818e-07 1.04445900e+03 4.10455579e+02
4.58618848e-07 9.53812649e+02 4.25037604e+02
4.59049879e-07 1.01358431e+03 4.04365739e+02
4.59480909e-07 9.37214698e+02 4.19742136e+02
4.59911939e-07 8.27524162e+02 4.26760798e+02
4.60342970e-07 1.07050828e+03 3.99345205e+02
4.60774000e-07 1.21975766e+03 3.89329919e+02
4.61205030e-07 1.01817954e+03 4.57186187e+02
4.61636061e-07 1.04911729e+03 4.30251636e+02
4.62067091e-07 9.33581489e+02 4.23470908e+02
4.62498121e-07 1.07006600e+03 4.28130929e+02
4.62929152e-07 1.18864920e+03 4.16114242e+02
4.63360182e-07 9.72040272e+02 4.42900101e+02
4.63791212e-07 8.74741812e+02 4.48460285e+02
4.64222242e-07 1.06138331e+03 4.37711460e+02
4.64653273e-07 1.13451179e+03 4.42278377e+02
4.65084303e-07 1.16353462e+03 4.54327758e+02
4.65515333e-07 1.26717180e+03 4.53646430e+02
4.65946364e-07 1.25268838e+03 4.80157730e+02
4.66377394e-07 1.12725208e+03 4.79803785e+02
4.66808424e-07 1.09448256e+03 4.57287361e+02
4.67239455e-07 1.06873724e+03 4.82839092e+02
4.67670485e-07 1.09248454e+03 4.67013015e+02
4.68101515e-07 1.14967410e+03 4.56998552e+02
4.68532545e-07 1.19596999e+03 4.56625355e+02
4.68963576e-07 1.21990275e+03 4.82617688e+02
4.69394606e-07 1.28678137e+03 4.90650266e+02
4.69825636e-07 1.15226520e+03 4.73879067e+02
4.70256667e-07 1.20942088e+03 4.32865026e+02
4.70687697e-07 1.39902735e+03 4.66610779e+02
4.71118727e-07 1.38984496e+03 4.75438441e+02
4.71549758e-07 1.22659447e+03 5.00738139e+02
4.71980788e-07 1.30316762e+03 4.95424096e+02
4.72411818e-07 1.10484753e+03 4.99228872e+02
4.72842848e-07 1.22870240e+03 5.12080025e+02
4.73273879e-07 1.44173116e+03 4.73712330e+02
4.73704909e-07 1.16239252e+03 4.84570287e+02
4.74135939e-07 1.18186704e+03 5.05826036e+02
4.74566970e-07 1.27610792e+03 4.89449191e+02
4.74998000e-07 1.22987082e+03 4.87004744e+02
4.75429030e-07 1.20221049e+03 4.51576517e+02
4.75860061e-07 9.72457492e+02 4.75226130e+02
4.76291091e-07 9.49217353e+02 4.93432198e+02
4.76722121e-07 1.15694090e+03 4.90446636e+02
4.77153152e-07 1.48066514e+03 5.27393710e+02
4.77584182e-07 1.57711255e+03 4.73995413e+02
4.78015212e-07 1.49350996e+03 4.91224682e+02
4.78446242e-07 1.57328304e+03 4.78411222e+02
4.78877273e-07 1.82943275e+03 4.82937734e+02
4.79308303e-07 1.63137511e+03 5.46103035e+02
4.79739333e-07 1.41524047e+03 5.30837649e+02
4.80170364e-07 1.66517721e+03 4.92555059e+02
4.80601394e-07 1.71041108e+03 5.22926156e+02
4.81032424e-07 1.69756388e+03 5.45892879e+02
4.81463455e-07 1.74135514e+03 5.65372743e+02
4.81894485e-07 1.80457315e+03 5.62429138e+02
4.82325515e-07 1.85677084e+03 5.96154090e+02
4.82756545e-07 1.66285310e+03 5.84143034e+02
4.83187576e-07 1.55146152e+03 5.94167898e+02
4.83618606e-07 1.83372760e+03 6.02968396e+02
4.84049636e-07 1.46403600e+03 5.64604797e+02
4.84480667e-07 1.43649859e+03 5.53030697e+02
4.84911697e-07 1.60071610e+03 5.71658276e+02
4.85342727e-07 1.72758579e+03 5.61435974e+02
4.85773758e-07 1.61490016e+03 5.46637258e+02
4.86204788e-07 1.76073466e+03 5.37446489e+02
4.86635818e-07 1.71614920e+03 5.41094293e+02
4.87066848e-07 1.65787175e+03 5.12117719e+02
4.87497879e-07 1.73877877e+03 5.12000386e+02
4.87928909e-07 1.75322690e+03 5.40697653e+02
4.88359939e-07 2.05756678e+03 5.51865432e+02
4.88790970e-07 2.11313436e+03 5.56441125e+02
4.89222000e-07 1.84374481e+03 5.48664922e+02
4.89653030e-07 1.69947878e+03 5.84201383e+02
4.90084061e-07 1.93228347e+03 5.87761145e+02
4.90515091e-07 1.90363122e+03 5.53444860e+02
4.90946121e-07 1.81853924e+03 5.94150961e+02
4.91377152e-07 1.89491229e+03 5.60697460e+02
4.91808182e-07 2.09925551e+03 5.76195153e+02
4.92239212e-07 2.06764483e+03 5.62217572e+02
4.92670242e-07 1.98708990e+03 5.66174815e+02
4.93101273e-07 1.66878235e+03 5.59387581e+02
4.93532303e-07 1.95500689e+03 5.76808397e+02
4.93963333e-07 2.19471349e+03 6.17419036e+02
4.94394364e-07 2.14264797e+03 5.82562049e+02
4.94825394e-07 2.33121414e+03 6.03859592e+02
4.95256424e-07 2.29514445e+03 5.73785676e+02
4.95687455e-07 2.16339975e+03 5.68352587e+02
4.96118485e-07 2.23787161e+03 5.67241201e+02
4.96549515e-07 2.13911220e+03 6.12784288e+02
4.96980545e-07 2.28775582e+03 6.02208216e+02
4.97411576e-07 2.16272552e+03 6.31429667e+02
4.97842606e-07 2.55679192e+03 6.06547829e+02
4.98273636e-07 2.66965579e+03 5.82991779e+02
4.98704667e-07 2.55005190e+03 6.01695912e+02
4.99135697e-07 2.34409886e+03 6.29428891e+02
4.99566727e-07 2.33724021e+03 6.35991024e+02
4.99997758e-07 2.20581441e+03 6.50296736e+02
5.00428788e-07 2.29833313e+03 6.69379020e+02
5.00859818e-07 2.10398358e+03 6.31080532e+02
5.01290848e-07 2.17404631e+03 6.60010380e+02
5.01721879e-07 2.50895952e+03 6.11715517e+02
5.02152909e-07 2.42686502e+03 6.08535281e+02
5.02583939e-07 2.47036829e+03 6.71716597e+02
5.03014970e-07 2.30172284e+03 6.14348950e+02
5.03446000e-07 2.46984030e+03 6.98045700e+02
5.03877030e-07 2.56946184e+03 6.31422137e+02
5.04308061e-07 2.76280634e+03 6.16603189e+02
5.04739091e-07 2.48798584e+03 6.49703956e+02
5.05170121e-07 2.55574543e+03 6.78612466e+02
5.05601152e-07 2.70497302e+03 6.98388634e+02
5.06032182e-07 2.50900623e+03 6.78759750e+02
5.06463212e-07 2.60097370e+03 7.41516736e+02
5.06894242e-07 2.69702765e+03 6.80276044e+02
5.07325273e-07 2.68680785e+03 6.74226098e+02
5.07756303e-07 2.94276365e+03 6.34316778e+02
5.08187333e-07 2.65437932e+03 6.44380949e+02
5.08618364e-07 2.72991892e+03 6.44551815e+02
5.09049394e-07 2.61968460e+03 6.78105537e+02
5.09480424e-07 2.80722415e+03 7.17034114e+02
5.09911455e-07 2.62245314e+03 7.26234981e+02
5.10342485e-07 2.69322018e+03 6.93411428e+02
5.10773515e-07 2.97467469e+03 6.71475527e+02
5.11204545e-07 2.88506912e+03 6.68714355e+02
5.11635576e-07 2.95133632e+03 6.91015865e+02
5.12066606e-07 2.66423118e+03 6.97032985e+02
5.12497636e-07 3.04380394e+03 6.99119634e+02
5.12928667e-07 3.16253060e+03 6.16888888e+02
5.13359697e-07 3.00597216e+03 6.91627404e+02
5.13790727e-07 2.98882494e+03 7.30669699e+02
5.14221758e-07 2.76888559e+03 7.42189048e+02
5.14652788e-07 2.99102391e+03 7.62266988e+02
5.15083818e-07 3.27094844e+03 7.46104140e+02
5.15514848e-07 2.95672848e+03 7.51967606e+02
5.15945879e-07 2.85816434e+03 7.48576422e+02
5.16376909e-07 2.95498005e+03 6.72449847e+02
5.16807939e-07 2.72034163e+03 6.95111621e+02
5.17238970e-07 2.89116378e+03 6.40417113e+02
5.17670000e-07 2.98118562e+03 6.68839866e+02
5.18101030e-07 2.98925986e+03 6.78378773e+02
5.18532061e-07 3.10480852e+03 7.37021412e+02
5.18963091e-07 2.82490006e+03 8.01621093e+02
5.19394121e-07 2.78721678e+03 9.49935406e+02
5.19825152e-07 2.65097061e+03 1.21176230e+03
5.20256182e-07 2.92326202e+03 1.12442526e+03
5.20687212e-07 3.19012490e+03 8.60458206e+02
5.21118242e-07 3.12947793e+03 7.74592510e+02
5.21549273e-07 3.33686340e+03 7.49870563e+02
5.21980303e-07 3.14226613e+03 7.85590229e+02
5.22411333e-07 2.87095120e+03 7.96283191e+02
5.22842364e-07 3.33898704e+03 7.74810984e+02
5.23273394e-07 3.33004430e+03 7.30357219e+02
5.23704424e-07 3.49607928e+03 8.08229689e+02
5.24135455e-07 3.38733238e+03 7.89569582e+02
5.24566485e-07 3.15258479e+03 7.85146882e+02
5.24997515e-07 3.53727065e+03 7.58752450e+02
5.25428545e-07 3.23103446e+03 8.16211002e+02
5.25859576e-07 3.22322244e+03 8.19143971e+02
5.26290606e-07 3.25590356e+03 7.37324154e+02
5.26721636e-07 3.18832087e+03 6.66165889e+02
5.27152667e-07 3.25585977e+03 6.78581161e+02
5.27583697e-07 3.73427182e+03 7.94398577e+02
5.28014727e-07 3.43903547e+03 8.46202614e+02
5.28445758e-07 3.53865445e+03 7.69770371e+02
5.28876788e-07 3.23432235e+03 7.63518273e+02
5.29307818e-07 3.39406516e+03 8.09792934e+02
5.29738848e-07 3.45351975e+03 8.13366090e+02
5.30169879e-07 3.17580140e+03 8.64591869e+02
5.30600909e-07 3.18369386e+03 8.87935741e+02
5.31031939e-07 3.37951165e+03 8.32816594e+02
5.31462970e-07 3.45677064e+03 8.71945863e+02
5.31894000e-07 3.49527721e+03 8.62559146e+02
5.32325030e-07 3.65558375e+03 8.74395186e+02
5.32756061e-07 3.51855535e+03 8.30635282e+02
5.33187091e-07 3.63825335e+03 8.45110345e+02
5.33618121e-07 3.43368579e+03 8.78507840e+02
5.34049152e-07 3.77594939e+03 8.13538566e+02
5.34480182e-07 3.68400051e+03 7.89610927e+02
5.34911212e-07 3.40807340e+03 8.00524832e+02
5.35342242e-07 3.86029326e+03 8.33453081e+02
5.35773273e-07 3.72017406e+03 8.54101302e+02
5.36204303e-07 3.75567564e+03 8.38559107e+02
5.36635333e-07 3.55438719e+03 7.66341710e+02
5.37066364e-07 3.19772744e+03 8.20806381e+02
5.37497394e-07 3.34432691e+03 8.26470569e+02
5.37928424e-07 3.06060166e+03 8.01354992e+02
5.38359455e-07 3.07900519e+03 8.52820221e+02
5.38790485e-07 3.53071964e+03 7.90582562e+02
5.39221515e-07 3.76694691e+03 8.09099955e+02
5.39652545e-07 3.84656760e+03 8.27374480e+02
5.40083576e-07 3.35220703e+03 7.84969331e+02
5.40514606e-07 3.77824503e+03 7.88421206e+02
5.40945636e-07 3.67490018e+03 8.00224507e+02
5.41376667e-07 3.65644843e+03 8.07530851e+02
5.41807697e-07 3.93244074e+03 8.18412049e+02
5.42238727e-07 3.66998789e+03 8.00072827e+02
5.42669758e-07 4.11495455e+03 8.16311056e+02
5.43100788e-07 3.93757100e+03 8.34240021e+02
5.43531818e-07 3.57228038e+03 8.16156533e+02
5.43962848e-07 3.76226065e+03 8.22933020e+02
5.44393879e-07 3.60010931e+03 8.83233132e+02
5.44824909e-07 3.83625870e+03 8.35741433e+02
5.45255939e-07 4.10795223e+03 8.50282173e+02
5.45686970e-07 4.18307994e+03 9.05324696e+02
5.46118000e-07 4.12191254e+03 9.52205696e+02
5.46549030e-07 4.23168835e+03 8.84068716e+02
5.46980061e-07 4.10450435e+03 8.84014836e+02
5.47411091e-07 4.17919003e+03 8.23209985e+02
5.47842121e-07 4.20581875e+03 9.03960887e+02
5.48273152e-07 4.21306540e+03 8.84883666e+02
5.48704182e-07 4.00005429e+03 8.58750456e+02
5.49135212e-07 4.01065749e+03 8.77333252e+02
5.49566242e-07 3.83667994e+03 9.51082133e+02
5.49997273e-07 4.26874212e+03 8.97344454e+02
5.50428303e-07 3.85580251e+03 8.32964089e+02
5.50859333e-07 3.98435217e+03 8.65001384e+02
5.51290364e-07 3.90101812e+03 9.05831256e+02
5.51721394e-07 4.03772954e+03 9.37666245e+02
5.52152424e-07 4.01434578e+03 9.16582516e+02
5.52583455e-07 4.07812574e+03 9.34971521e+02
5.53014485e-07 4.29325018e+03 9.26661338e+02
5.53445515e-07 4.11168475e+03 9.46350505e+02
5.53876545e-07 4.09056665e+03 8.99247781e+02
5.54307576e-07 4.03450480e+03 1.01357946e+03
5.54738606e-07 3.55749194e+03 9.91388675e+02
5.55169636e-07 3.94834394e+03 9.38963395e+02
5.55600667e-07 4.04521962e+03 9.49264244e+02
5.56031697e-07 3.78397283e+03 9.71115888e+02
5.56462727e-07 4.10862002e+03 1.04722747e+03
5.56893758e-07 5.36295105e+03 1.92551927e+03
5.57324788e-07 5.13532169e+03 8.81619411e+03
5.57755818e-07 3.87827184e+03 1.57858330e+04
5.58186848e-07 3.18698468e+03 1.06630814e+04
5.58617879e-07 3.34887735e+03 3.70047449e+03
5.59048909e-07 4.11871250e+03 1.38519796e+03
5.59479939e-07 4.23976888e+03 1.05580072e+03
5.59910970e-07 4.08265695e+03 1.01944632e+03
5.60342000e-07 3.98781574e+03 1.05426639e+03
5.60773030e-07 3.93042235e+03 9.68166554e+02
5.61204061e-07 4.05693908e+03 9.48452948e+02
5.61635091e-07 4.50660024e+03 8.89344425e+02
5.62066121e-07 4.31371329e+03 9.65947578e+02
5.62497152e-07 3.83046306e+03 9.71113845e+02
5.62928182e-07 4.32679993e+03 9.84234493e+02
5.63359212e-07 4.27219917e+03 9.38465741e+02
5.63790242e-07 4.15593163e+03 8.98545518e+02
5.64221273e-07 3.89125996e+03 9.79399586e+02
5.64652303e-07 4.15773124e+03 9.57260150e+02
5.65083333e-07 4.19743176e+03 9.20284264e+02
5.65514364e-07 4.44011519e+03 9.19799416e+02
5.65945394e-07 3.89109348e+03 9.04489543e+02
5.66376424e-07 3.92378429e+03 9.64353446e+02
5.66807455e-07 4.16292811e+03 9.82333652e+02
5.67238485e-07 4.39416333e+03 9.84644815e+02
5.67669515e-07 4.24598037e+03 9.92082257e+02
5.68100545e-07 4.12160200e+03 9.57235388e+02
5.68531576e-07 4.25152047e+03 9.25754262e+02
5.68962606e-07 4.21061826e+03 9.14965473e+02
5.69393636e-07 4.06298456e+03 9.62997434e+02
5.69824667e-07 3.84174805e+03 9.96812849e+02
5.70255697e-07 3.87917268e+03 9.87138607e+02
5.70686727e-07 3.89092433e+03 9.64797637e+02
5.71117758e-07 3.53612737e+03 9.83679046e+02
5.71548788e-07 3.35513814e+03 9.75151583e+02
5.71979818e-07 3.38442745e+03 9.40591118e+02
5.72410848e-07 3.41083188e+03 9.86020881e+02
5.72841879e-07 3.78024691e+03 9.76317954e+02
5.73272909e-07 3.93976274e+03 1.00441527e+03
5.73703939e-07 4.18841798e+03 1.00820163e+03
5.74134970e-07 4.05608781e+03 9.82016776e+02
5.74566000e-07 4.51045548e+03 1.00454104e+03
5.74997030e-07 4.25160813e+03 9.51567642e+02
5.75428061e-07 4.29836694e+03 9.71211254e+02
5.75859091e-07 4.13083409e+03 9.97980316e+02
5.76290121e-07 4.53495262e+03 1.00217174e+03
5.76721152e-07 4.55340539e+03 1.00508783e+03
5.77152182e-07 4.65678452e+03 1.06187473e+03
5.77583212e-07 4.39966254e+03 9.94593882e+02
5.78014242e-07 4.61633216e+03 9.19567822e+02
5.78445273e-07 4.61553742e+03 9.79569148e+02
5.78876303e-07 4.72408607e+03 9.95458365e+02
5.79307333e-07 4.70872095e+03 1.02577634e+03
5.79738364e-07 4.98985111e+03 9.98783232e+02
5.80169394e-07 4.87965288e+03 9.65159310e+02
5.80600424e-07 4.49477455e+03 1.00426522e+03
5.81031455e-07 4.67249483e+03 1.01391968e+03
5.81462485e-07 5.05178201e+03 1.01299812e+03
5.81893515e-07 4.80260225e+03 9.90478809e+02
5.82324545e-07 4.33902038e+03 1.00401246e+03
5.82755576e-07 4.58249637e+03 1.01061693e+03
5.83186606e-07 4.80889355e+03 1.06412487e+03
5.83617636e-07 5.50087881e+03 1.06622466e+03
5.84048667e-07 6.03938307e+03 1.02479384e+03
5.84479697e-07 4.92422499e+03 1.02981564e+03
5.84910727e-07 5.71973378e+03 1.07107620e+03
5.85341758e-07 5.15354921e+03 1.03466667e+03
5.85772788e-07 4.86884388e+03 1.00163093e+03
5.86203818e-07 5.16654524e+03 1.21546607e+03
5.86634848e-07 5.34505452e+03 1.33078220e+03
5.87065879e-07 5.49128097e+03 1.25077666e+03
5.87496909e-07 5.86646921e+03 1.13793864e+03
5.87927939e-07 5.84665356e+03 1.09391738e+03
5.88358970e-07 5.27003859e+03 1.27556942e+03
5.88790000e-07 4.75791442e+03 1.88848013e+03
5.89221030e-07 5.09373251e+03 2.05116398e+03
5.89652061e-07 5.24845203e+03 1.76789159e+03
5.90083091e-07 5.01090097e+03 1.33023530e+03
5.90514121e-07 5.34207811e+03 1.17651537e+03
5.90945152e-07 5.42820561e+03 1.18580683e+03
5.91376182e-07 5.50258329e+03 1.25647449e+03
5.91807212e-07 5.08406755e+03 1.24899248e+03
5.92238242e-07 5.79988978e+03 1.16999431e+03
5.92669273e-07 5.96682345e+03 1.15892335e+03
5.93100303e-07 5.42145171e+03 1.32126483e+03
5.93531333e-07 4.97747159e+03 1.27741945e+03
5.93962364e-07 5.74904133e+03 1.13493346e+03
5.94393394e-07 5.33951812e+03 1.07100292e+03
5.94824424e-07 5.93467258e+03 1.14831074e+03
5.95255455e-07 5.63116004e+03 1.24760113e+03
5.95686485e-07 5.16206914e+03 1.25441823e+03
5.96117515e-07 5.39316853e+03 1.09443677e+03
5.96548545e-07 5.35276495e+03 1.09008987e+03
5.96979576e-07 5.31093412e+03 1.13483733e+03
5.97410606e-07 5.27222556e+03 1.17063106e+03
5.97841636e-07 5.35026137e+03 1.18955153e+03
5.98272667e-07 5.94741212e+03 1.11377706e+03
5.98703697e-07 6.23960017e+03 1.03348791e+03
5.99134727e-07 5.89110413e+03 1.00237857e+03
5.99565758e-07 5.80349683e+03 1.06671914e+03
5.99996788e-07 6.03250328e+03 1.15745871e+03
6.00427818e-07 5.35758239e+03 1.12215339e+03
6.00858848e-07 5.44926414e+03 1.07533221e+03
6.01289879e-07 5.77883341e+03 1.06288429e+03
6.01720909e-07 6.12407482e+03 9.78845496e+02
6.02151939e-07 5.60652813e+03 9.96932664e+02
6.02582970e-07 5.59880162e+03 1.07209310e+03
6.03014000e-07 5.68217600e+03 1.10866685e+03
6.03445030e-07 5.75168575e+03 1.10919469e+03
6.03876061e-07 5.73256168e+03 1.07277584e+03
6.04307091e-07 5.33814369e+03 1.01737523e+03
6.04738121e-07 5.92488310e+03 1.06330586e+03
6.05169152e-07 6.10264590e+03 1.04130822e+03
6.05600182e-07 5.91348347e+03 1.07851841e+03
6.06031212e-07 5.67429288e+03 1.05257032e+03
6.06462242e-07 5.58607772e+03 1.07971319e+03
6.06893273e-07 6.04638684e+03 1.03876966e+03
6.07324303e-07 5.91821052e+03 1.04861074e+03
6.07755333e-07 5.87073187e+03 1.01776708e+03
6.08186364e-07 5.64622971e+03 1.03599626e+03
6.08617394e-07 5.80839256e+03 1.01524113e+03
6.09048424e-07 5.91120582e+03 1.03383898e+03
6.09479455e-07 5.90477960e+03 1.04807354e+03
6.09910485e-07 6.01333965e+03 9.77009026e+02
6.10341515e-07 6.04921693e+03 1.03126085e+03
6.10772545e-07 6.18201759e+03 1.04745747e+03
6.11203576e-07 5.66574572e+03 1.05726130e+03
6.11634606e-07 6.23191862e+03 1.03358756e+03
6.12065636e-07 6.05985781e+03 1.07190593e+03
6.12496667e-07 5.74004110e+03 1.08576984e+03
6.12927697e-07 6.32120960e+03 1.10368909e+03
6.13358727e-07 6.88030730e+03 1.04406187e+03
6.13789758e-07 6.26668973e+03 1.15001117e+03
6.14220788e-07 6.25455472e+03 1.16136226e+03
6.14651818e-07 6.29187800e+03 1.16265077e+03
6.15082848e-07 5.84929565e+03 1.20696364e+03
6.15513879e-07 5.81924427e+03 1.14655168e+03
6.15944909e-07 6.17544337e+03 1.08770773e+03
6.16375939e-07 5.87994487e+03 1.09997205e+03
6.16806970e-07 6.36212884e+03 1.11127026e+03
6.17238000e-07 6.09531084e+03 1.17511634e+03
6.17669030e-07 5.91816421e+03 1.11896406e+03
6.18100061e-07 6.12288273e+03 1.09037792e+03
6.18531091e-07 6.31559165e+03 1.08697800e+03
6.18962121e-07 6.09592520e+03 1.09023632e+03
6.19393152e-07 6.32654877e+03 1.07966969e+03
6.19824182e-07 6.37291543e+03 1.14556833e+03
6.20255212e-07 6.55887087e+03 1.17830698e+03
6.20686242e-07 6.47684066e+03 1.10945658e+03
6.21117273e-07 5.98578561e+03 1.12568459e+03
6.21548303e-07 5.90154029e+03 1.18821162e+03
6.21979333e-07 6.48176258e+03 1.15300213e+03
6.22410364e-07 6.66792104e+03 1.11285760e+03
6.22841394e-07 6.27215513e+03 1.22778568e+03
6.23272424e-07 6.19975580e+03 1.61870921e+03
6.23703455e-07 6.16626110e+03 1.79242357e+03
6.24134485e-07 6.42575501e+03 1.57149734e+03
6.24565515e-07 6.49263223e+03 1.30743200e+03
6.24996545e-07 6.20312032e+03 1.16730294e+03
6.25427576e-07 6.37786522e+03 1.41614903e+03
6.25858606e-07 6.47936337e+03 1.63874164e+03
6.26289636e-07 5.83868888e+03 1.56393773e+03
6.26720667e-07 6.09459525e+03 1.32904583e+03
6.27151697e-07 6.33527028e+03 1.20381302e+03
6.27582727e-07 6.36954853e+03 1.14756161e+03
6.28013758e-07 6.32116075e+03 1.20092490e+03
6.28444788e-07 6.23177788e+03 1.40624769e+03
6.28875818e-07 6.51813527e+03 1.44707781e+03
6.29306848e-07 6.80460657e+03 4.12103545e+03
6.29737879e-07 7.81331329e+03 1.41351185e+04
6.30168909e-07 5.97975795e+03 1.83778387e+04
6.30599939e-07 5.67861053e+03 1.00862921e+04
6.31030970e-07 6.11866366e+03 2.87992285e+03
6.31462000e-07 6.24195836e+03 1.36495415e+03
6.31893030e-07 6.78074872e+03 1.24033826e+03
6.32324061e-07 6.72406477e+03 1.36081366e+03
6.32755091e-07 6.47019217e+03 1.58007147e+03
6.33186121e-07 6.18831689e+03 1.53339216e+03
6.33617152e-07 6.78267676e+03 1.19796635e+03
6.34048182e-07 7.07150053e+03 1.08902348e+03
6.34479212e-07 6.90106287e+03 1.16059141e+03
6.34910242e-07 6.96578411e+03 1.22310992e+03
6.35341273e-07 7.20652025e+03 1.37428794e+03
6.35772303e-07 7.66917376e+03 3.06853668e+03
6.36203333e-07 6.85534631e+03 6.43215607e+03
6.36634364e-07 7.05683681e+03 6.47936164e+03
6.37065394e-07 7.69569876e+03 2.92573284e+03
6.37496424e-07 7.06852447e+03 1.38672216e+03
6.37927455e-07 6.81002704e+03 1.30200605e+03
6.38358485e-07 6.66947694e+03 1.31059718e+03
6.38789515e-07 6.77469129e+03 1.33448977e+03
6.39220545e-07 6.69782852e+03 1.17744123e+03
6.39651576e-07 6.64599859e+03 1.07862783e+03
6.40082606e-07 6.72747549e+03 1.05055729e+03
6.40513636e-07 6.95715777e+03 1.04512052e+03
6.40944667e-07 7.35104127e+03 1.13558838e+03
6.41375697e-07 7.26657395e+03 1.14577324e+03
6.41806727e-07 7.26987019e+03 1.16018540e+03
6.42237758e-07 7.42832504e+03 1.23247851e+03
6.42668788e-07 6.94689184e+03 1.16323999e+03
6.43099818e-07 7.17038850e+03 1.05366172e+03
6.43530848e-07 7.36578738e+03 1.08431332e+03
6.43961879e-07 7.64913410e+03 1.08863759e+03
6.44392909e-07 7.54358983e+03 1.08421035e+03
6.44823939e-07 7.18969594e+03 1.22160813e+03
6.45254970e-07 7.46341947e+03 1.19056424e+03
6.45686000e-07 7.54798605e+03 1.17040651e+03
6.46117030e-07 7.42413618e+03 1.32471853e+03
6.46548061e-07 7.16513560e+03 1.61714811e+03
6.46979091e-07 7.05843639e+03 1.63604633e+03
6.47410121e-07 7.43056648e+03 1.40395002e+03
6.47841152e-07 7.72043095e+03 1.24698520e+03
6.48272182e-07 7.94332162e+03 1.19277275e+03
6.48703212e-07 7.65164323e+03 1.15041194e+03
6.49134242e-07 7.39100633e+03 1.16673024e+03
6.49565273e-07 7.49382201e+03 1.56464628e+03
6.49996303e-07 7.16931761e+03 1.86024629e+03
6.50427333e-07 6.50719028e+03 1.68529943e+03
6.50858364e-07 5.93683311e+03 1.38298451e+03
6.51289394e-07 6.12232396e+03 1.21122052e+03
6.51720424e-07 6.30431579e+03 1.26512287e+03
6.52151455e-07 6.09253512e+03 1.30715754e+03
6.52582485e-07 7.13468630e+03 1.37622511e+03
6.53013515e-07 7.39224550e+03 1.55432165e+03
6.53444545e-07 7.31662510e+03 1.68560994e+03
6.53875576e-07 7.68874944e+03 1.50386939e+03
6.54306606e-07 7.27588171e+03 1.47869485e+03
6.54737636e-07 7.65423272e+03 1.49720722e+03
6.55168667e-07 7.62762564e+03 1.70192272e+03
6.55599697e-07 7.42549419e+03 1.85211955e+03
6.56030727e-07 7.74167941e+03 2.02332294e+03
6.56461758e-07 7.42017189e+03 1.94524889e+03
6.56892788e-07 7.76750988e+03 1.62774618e+03
6.57323818e-07 7.47807984e+03 1.53262537e+03
6.57754848e-07 7.56639901e+03 1.67172573e+03
6.58185879e-07 8.01612277e+03 1.52864475e+03
6.58616909e-07 8.45498203e+03 1.26363583e+03
6.59047939e-07 7.92142103e+03 1.17939122e+03
6.59478970e-07 8.42813144e+03 1.25588077e+03
6.59910000e-07 7.71126453e+03 1.42631580e+03
6.60341030e-07 8.22742468e+03 1.45812162e+03
6.60772061e-07 7.67086086e+03 1.25872087e+03
6.61203091e-07 7.99026658e+03 1.21164560e+03
6.61634121e-07 8.69256194e+03 1.14708494e+03
6.62065152e-07 8.68755211e+03 1.22095517e+03
6.62496182e-07 7.98908928e+03 1.24013104e+03
6.62927212e-07 7.78676278e+03 1.24156365e+03
6.63358242e-07 8.11207779e+03 1.25661348e+03
6.63789273e-07 8.26922363e+03 1.31535549e+03
6.64220303e-07 7.69417606e+03 1.15336181e+03
6.64651333e-07 8.02279569e+03 1.12880352e+03
6.65082364e-07 7.89027303e+03 1.18163596e+03
6.65513394e-07 8.21033820e+03 1.25641669e+03
6.65944424e-07 8.14763152e+03 1.17617800e+03
6.66375455e-07 8.44441812e+03 1.19748412e+03
6.66806485e-07 8.32812958e+03 1.28384489e+03
6.67237515e-07 8.55624658e+03 1.27997829e+03
6.67668545e-07 8.51030414e+03 1.10764649e+03
6.68099576e-07 8.75361811e+03 1.15592360e+03
6.68530606e-07 8.58314551e+03 1.17207922e+03
6.68961636e-07 8.08716220e+03 1.14931342e+03
6.69392667e-07 7.97314629e+03 1.22744861e+03
6.69823697e-07 8.15422149e+03 1.18701703e+03
6.70254727e-07 8.50629797e+03 1.21881990e+03
6.70685758e-07 8.07512829e+03 1.29312114e+03
6.71116788e-07 8.16164933e+03 1.26886531e+03
6.71547818e-07 7.98519299e+03 1.23721060e+03
6.71978848e-07 8.40480593e+03 1.22554867e+03
6.72409879e-07 8.51215052e+03 1.19542976e+03
6.72840909e-07 8.36959783e+03 1.18274459e+03
6.73271939e-07 7.89394814e+03 1.19325795e+03
6.73702970e-07 7.74433801e+03 1.17251740e+03
6.74134000e-07 8.25581639e+03 1.21805144e+03
6.74565030e-07 8.36442331e+03 1.13984945e+03
6.74996061e-07 8.30227641e+03 1.08144544e+03
6.75427091e-07 8.31006135e+03 1.13728906e+03
6.75858121e-07 8.42671964e+03 1.17792313e+03
6.76289152e-07 8.17023477e+03 1.14513888e+03
6.76720182e-07 8.42625861e+03 1.15985041e+03
6.77151212e-07 8.06943954e+03 1.10921509e+03
6.77582242e-07 7.95192278e+03 1.10454365e+03
6.78013273e-07 8.44205421e+03 1.12369803e+03
6.78444303e-07 8.05653008e+03 1.16530245e+03
6.78875333e-07 8.47491444e+03 1.14168598e+03
6.79306364e-07 8.74507557e+03 1.11093996e+03
6.79737394e-07 8.09973599e+03 1.11946577e+03
6.80168424e-07 7.60073741e+03 1.12566477e+03
6.80599455e-07 8.08923822e+03 1.07605769e+03
6.81030485e-07 7.81777309e+03 1.03834224e+03
6.81461515e-07 7.81563625e+03 1.05738553e+03
6.81892545e-07 7.13249781e+03 1.13753687e+03
6.82323576e-07 8.69200924e+03 1.53793600e+03
6.82754606e-07 7.76942956e+03 2.37945309e+03
6.83185636e-07 8.12968832e+03 2.70495824e+03
6.83616667e-07 7.64776158e+03 2.27419951e+03
6.84047697e-07 7.56666610e+03 1.72783792e+03
6.84478727e-07 7.55897124e+03 1.38537703e+03
6.84909758e-07 7.68800150e+03 1.23612083e+03
6.85340788e-07 8.06335362e+03 1.20203804e+03
6.85771818e-07 7.34724597e+03 1.75692704e+03
6.86202848e-07 7.55015913e+03 2.63458399e+03
6.86633879e-07 6.46893825e+03 2.48910294e+03
6.87064909e-07 5.71870520e+03 1.46805948e+03
6.87495939e-07 5.95042880e+03 1.12219543e+03
6.87926970e-07 6.70285287e+03 1.14911427e+03
6.88358000e-07 6.48265185e+03 1.30999778e+03
6.88789030e-07 7.06466739e+03 1.41461006e+03
6.89220061e-07 6.75960331e+03 1.37741775e+03
6.89651091e-07 6.59953745e+03 1.30980137e+03
6.90082121e-07 6.61647669e+03 1.32722873e+03
6.90513152e-07 6.89879067e+03 1.24653565e+03
6.90944182e-07 7.50862052e+03 1.38950996e+03
6.91375212e-07 6.95793590e+03 1.54683934e+03
6.91806242e-07 6.99165753e+03 1.71125923e+03
6.92237273e-07 7.05435775e+03 1.94775027e+03
6.92668303e-07 7.25217087e+03 1.75679434e+03
6.93099333e-07 8.22504260e+03 1.28611655e+03
6.93530364e-07 7.57106107e+03 1.31064448e+03
6.93961394e-07 7.48576765e+03 1.56379982e+03
6.94392424e-07 8.24699536e+03 1.79190275e+03
6.94823455e-07 8.42294876e+03 2.08878731e+03
6.95254485e-07 8.00670483e+03 1.86603337e+03
6.95685515e-07 7.90176163e+03 1.37057494e+03
6.96116545e-07 8.00398606e+03 1.22036718e+03
6.96547576e-07 7.99208776e+03 1.25796700e+03
6.96978606e-07 7.67435431e+03 1.45403543e+03
6.97409636e-07 7.67573109e+03 1.59843375e+03
6.97840667e-07 8.18188775e+03 1.76997802e+03
6.98271697e-07 7.78455279e+03 1.53917654e+03
6.98702727e-07 7.82640160e+03 1.28932292e+03
6.99133758e-07 8.21880354e+03 1.21818245e+03
6.99564788e-07 8.21963576e+03 1.19062179e+03
6.99995818e-07 8.19000411e+03 1.20421130e+03
7.00426848e-07 8.10491331e+03 1.34026394e+03
7.00857879e-07 7.81912074e+03 1.34370596e+03
7.01288909e-07 7.87582417e+03 1.27175016e+03
7.01719939e-07 8.25057450e+03 1.10492579e+03
7.02150970e-07 8.32379182e+03 1.02513982e+03
7.02582000e-07 7.43319191e+03 1.01993612e+03
7.03013030e-07 7.79211934e+03 1.01341079e+03
7.03444061e-07 8.01923559e+03 1.04909139e+03
7.03875091e-07 7.92047131e+03 1.14061909e+03
7.04306121e-07 8.16012789e+03 1.30560393e+03
7.04737152e-07 8.46095148e+03 1.56737338e+03
7.05168182e-07 8.77926711e+03 1.50990901e+03
7.05599212e-07 8.78139415e+03 1.32423362e+03
7.06030242e-07 8.49515992e+03 1.24474246e+03
7.06461273e-07 8.19884742e+03 1.34393472e+03
7.06892303e-07 8.57097107e+03 1.31564757e+03
7.07323333e-07 8.59531757e+03 1.30457587e+03
7.07754364e-07 8.35800126e+03 1.33672684e+03
7.08185394e-07 8.58647088e+03 1.28023575e+03
7.08616424e-07 8.68735117e+03 1.25731848e+03
7.09047455e-07 8.35033032e+03 1.25140299e+03
7.09478485e-07 8.47863068e+03 1.13966283e+03
7.09909515e-07 8.19564305e+03 1.09261681e+03
7.10340545e-07 7.90952130e+03 1.10543847e+03
7.10771576e-07 8.06228363e+03 1.12949675e+03
7.11202606e-07 7.98510945e+03 1.09348336e+03
7.11633636e-07 8.18649913e+03 1.06725634e+03
7.12064667e-07 8.42258154e+03 1.07986801e+03
7.12495697e-07 8.18815411e+03 1.15894659e+03
7.12926727e-07 7.99110389e+03 1.17268230e+03
7.13357758e-07 8.21718456e+03 1.19324853e+03
7.13788788e-07 8.47984615e+03 1.19141280e+03
7.14219818e-07 8.27720279e+03 1.31101433e+03
7.14650848e-07 8.35361659e+03 1.38357701e+03
7.15081879e-07 8.93811872e+03 1.24564237e+03
7.15512909e-07 8.75255265e+03 1.09872014e+03
7.15943939e-07 7.72078291e+03 1.10642086e+03
7.16374970e-07 7.87744252e+03 1.18007710e+03
7.16806000e-07 7.50677357e+03 1.04580935e+03
7.17237030e-07 6.88183429e+03 1.14687243e+03
7.17668061e-07 6.65189822e+03 1.13379165e+03
7.18099091e-07 6.45634734e+03 1.01932923e+03
7.18530121e-07 6.50411847e+03 9.15514391e+02
7.18961152e-07 6.55757560e+03 8.60984185e+02
7.19392182e-07 6.99161400e+03 8.47653542e+02
7.19823212e-07 7.10880186e+03 8.50833947e+02
7.20254242e-07 6.64645096e+03 8.62818495e+02
7.20685273e-07 6.92540865e+03 7.94516780e+02
7.21116303e-07 7.69974203e+03 8.91813385e+02
7.21547333e-07 7.68551197e+03 9.01416587e+02
7.21978364e-07 7.74184104e+03 9.89086970e+02
7.22409394e-07 7.47659569e+03 1.00413932e+03
7.22840424e-07 7.18945811e+03 9.73936760e+02
7.23271455e-07 7.37208781e+03 1.31272675e+03
7.23702485e-07 6.68780812e+03 2.61555399e+03
7.24133515e-07 6.07819414e+03 4.28282228e+03
7.24564545e-07 6.63051647e+03 4.18080718e+03
7.24995576e-07 6.62416671e+03 2.54445480e+03
7.25426606e-07 6.45978509e+03 1.63369034e+03
7.25857636e-07 6.81068461e+03 1.25896837e+03
7.26288667e-07 6.95735318e+03 1.07266794e+03
7.26719697e-07 7.00354869e+03 1.23642615e+03
7.27150727e-07 6.87506725e+03 2.46980112e+03
7.27581758e-07 6.44298920e+03 4.24127668e+03
7.28012788e-07 7.39673584e+03 3.92813142e+03
7.28443818e-07 7.35130916e+03 2.68065835e+03
7.28874848e-07 7.28301077e+03 1.90803322e+03
7.29305879e-07 7.18910534e+03 1.45989903e+03
7.29736909e-07 7.08650333e+03 1.43058504e+03
7.30167939e-07 6.85314022e+03 1.66681220e+03
7.30598970e-07 7.32979561e+03 1.69370241e+03
7.31030000e-07 7.08527538e+03 2.00851129e+03
7.31461030e-07 6.95050256e+03 3.38478965e+03
7.31892061e-07 8.15765071e+03 3.28553930e+03
7.32323091e-07 7.72576128e+03 1.91925410e+03
7.32754121e-07 7.20929496e+03 1.95017396e+03
7.33185152e-07 8.03631844e+03 2.11273091e+03
7.33616182e-07 7.76146757e+03 2.69868979e+03
7.34047212e-07 7.02742947e+03 4.26329795e+03
7.34478242e-07 7.62221076e+03 3.33640854e+03
7.34909273e-07 8.11714979e+03 1.60975345e+03
7.35340303e-07 7.29756191e+03 1.59079452e+03
7.35771333e-07 7.47661221e+03 1.98488664e+03
7.36202364e-07 8.03247241e+03 2.07158918e+03
7.36633394e-07 7.47331570e+03 2.74776380e+03
7.37064424e-07 7.87007912e+03 3.19768931e+03
7.37495455e-07 8.11827613e+03 2.11158843e+03
7.37926485e-07 7.69685448e+03 1.18914235e+03
7.38357515e-07 7.88272733e+03 9.87892041e+02
7.38788545e-07 7.14605062e+03 1.33847401e+03
7.39219576e-07 8.01751245e+03 1.67049969e+03
7.39650606e-07 7.63278982e+03 1.93632851e+03
7.40081636e-07 7.33845397e+03 2.44433485e+03
7.40512667e-07 7.79602245e+03 2.11792079e+03
7.40943697e-07 8.08790509e+03 1.25349878e+03
7.41374727e-07 7.48155821e+03 1.09932029e+03
7.41805758e-07 7.54804184e+03 1.00439975e+03
7.42236788e-07 7.92193988e+03 9.62251249e+02
7.42667818e-07 8.32843064e+03 1.15956162e+03
7.43098848e-07 7.86623010e+03 1.45130150e+03
7.43529879e-07 8.03818033e+03 1.59004867e+03
7.43960909e-07 7.75181729e+03 1.73723064e+03
7.44391939e-07 8.21449313e+03 1.30088220e+03
7.44822970e-07 7.66422393e+03 9.79669643e+02
7.45254000e-07 7.35825261e+03 1.02549379e+03
7.45685030e-07 7.05159064e+03 1.04451935e+03
7.46116061e-07 7.73734360e+03 1.13463857e+03
7.46547091e-07 7.71039411e+03 1.36319400e+03
7.46978121e-07 7.55417706e+03 1.63970235e+03
7.47409152e-07 6.69812865e+03 1.80463855e+03
7.47840182e-07 7.67832688e+03 1.96463627e+03
7.48271212e-07 7.28995005e+03 1.97007726e+03
7.48702242e-07 8.52773847e+03 1.50630181e+03
7.49133273e-07 7.61224932e+03 1.12392957e+03
7.49564303e-07 8.31365973e+03 1.15209511e+03
7.49995333e-07 7.34386155e+03 1.10124796e+03
7.50426364e-07 7.39282781e+03 1.04887087e+03
7.50857394e-07 8.02857870e+03 9.49232496e+02
7.51288424e-07 8.00841685e+03 9.61144551e+02
7.51719455e-07 7.61168066e+03 1.42038840e+03
7.52150485e-07 7.58492564e+03 2.52024314e+03
7.52581515e-07 7.48129283e+03 2.88777004e+03
7.53012545e-07 8.15454913e+03 2.10859475e+03
7.53443576e-07 7.97834116e+03 1.40096446e+03
7.53874606e-07 8.40495415e+03 1.13205856e+03
7.54305636e-07 7.91528873e+03 1.03530325e+03
7.54736667e-07 8.19317374e+03 1.00703150e+03
7.55167697e-07 7.63611186e+03 1.04117216e+03
7.55598727e-07 8.91451861e+03 1.21538548e+03
7.56029758e-07 8.31031169e+03 1.22006412e+03
7.56460788e-07 7.98127843e+03 1.28317284e+03
7.56891818e-07 8.04939056e+03 1.95400168e+03
7.57322848e-07 8.25865050e+03 2.23134197e+03
7.57753879e-07 7.99069659e+03 1.48567788e+03
7.58184909e-07 7.85970366e+03 1.15077907e+03
7.58615939e-07 7.75310755e+03 1.30863348e+03
7.59046970e-07 6.92775729e+03 1.14472365e+03
7.59478000e-07 4.62161399e+03 8.10199389e+02
7.59909030e-07 2.48180575e+03 7.01404182e+02
7.60340061e-07 2.05264059e+03 3.92301560e+02
7.60771091e-07 1.67260595e+03 3.05176264e+02
7.61202121e-07 2.75587136e+03 4.87719762e+02
7.61633152e-07 4.64741608e+03 8.31431203e+02
7.62064182e-07 5.22012600e+03 9.26819137e+02
7.62495212e-07 4.31739789e+03 8.95393060e+02
7.62926242e-07 3.79600646e+03 8.28902439e+02
7.63357273e-07 3.85229540e+03 6.68808420e+02
7.63788303e-07 4.30583869e+03 6.19981198e+02
7.64219333e-07 4.37199514e+03 5.62212118e+02
7.64650364e-07 4.69719667e+03 6.87460686e+02
7.65081394e-07 5.43101408e+03 7.91910421e+02
7.65512424e-07 5.54532316e+03 8.74738986e+02
7.65943455e-07 6.00919072e+03 9.96644691e+02
7.66374485e-07 6.40412272e+03 1.06421377e+03
7.66805515e-07 6.92603923e+03 8.75424206e+02
7.67236545e-07 7.95959859e+03 7.54549792e+02
7.67667576e-07 7.35866216e+03 8.52809778e+02
7.68098606e-07 7.00830349e+03 1.02467652e+03
7.68529636e-07 7.37969501e+03 1.32519235e+03
7.68960667e-07 7.44767421e+03 1.31990286e+03
7.69391697e-07 7.50423980e+03 1.21351406e+03
7.69822727e-07 7.72386947e+03 1.28255217e+03
7.70253758e-07 7.80636874e+03 1.12691366e+03
7.70684788e-07 7.43029577e+03 1.96698169e+03
7.71115818e-07 7.35725322e+03 4.96123272e+03
7.71546848e-07 7.83708107e+03 6.73697581e+03
7.71977879e-07 7.26374073e+03 4.96219605e+03
7.72408909e-07 8.88072074e+03 2.73958433e+03
7.72839939e-07 7.64791578e+03 1.92284638e+03
7.73270970e-07 7.86069071e+03 1.34843662e+03
7.73702000e-07 8.16205998e+03 1.26217107e+03
7.74133030e-07 7.54981134e+03 1.31433308e+03
7.74564061e-07 6.98985640e+03 3.20031128e+03
7.74995091e-07 7.90930878e+03 5.93776802e+03
7.75426121e-07 7.96036926e+03 5.09428983e+03
7.75857152e-07 7.62961608e+03 3.15068564e+03
7.76288182e-07 7.53145416e+03 2.41936269e+03
7.76719212e-07 7.93110732e+03 1.68463991e+03
7.77150242e-07 7.89345945e+03 2.23918541e+03
7.77581273e-07 7.44216764e+03 2.80168382e+03
7.78012303e-07 7.77535422e+03 2.47698486e+03
7.78443333e-07 8.05169306e+03 1.87680303e+03
7.78874364e-07 7.01089929e+03 2.60699642e+03
7.79305394e-07 8.21579959e+03 4.65402536e+03
7.79736424e-07 8.35270754e+03 3.84482715e+03
7.80167455e-07 7.83083659e+03 1.80099160e+03
7.80598485e-07 7.26753580e+03 2.08773940e+03
7.81029515e-07 7.49677099e+03 2.44056440e+03
7.81460545e-07 6.80932892e+03 2.38039973e+03
7.81891576e-07 7.26135883e+03 4.35633849e+03
7.82322606e-07 7.69851728e+03 5.02796542e+03
7.82753636e-07 7.52061334e+03 2.42970538e+03
7.83184667e-07 7.94637464e+03 1.17124914e+03
7.83615697e-07 6.78891293e+03 1.44571341e+03
7.84046727e-07 6.79616401e+03 2.20504250e+03
7.84477758e-07 7.16292353e+03 2.23404103e+03
7.84908788e-07 6.10244182e+03 3.57653587e+03
7.85339818e-07 7.26819905e+03 5.44600242e+03
7.85770848e-07 7.39702993e+03 4.58257612e+03
7.86201879e-07 7.36844122e+03 2.91867713e+03
7.86632909e-07 7.05373966e+03 2.74592714e+03
7.87063939e-07 6.64883177e+03 3.04559531e+03
7.87494970e-07 6.74517667e+03 2.67887688e+03
7.87926000e-07 6.68467092e+03 2.51593274e+03
7.88357030e-07 6.85963734e+03 2.66875607e+03
7.88788061e-07 6.50668300e+03 3.11350078e+03
7.89219091e-07 6.40201787e+03 2.97998798e+03
7.89650121e-07 6.55103994e+03 1.75330612e+03
7.90081152e-07 7.37212747e+03 1.07100441e+03
7.90512182e-07 6.03692629e+03 1.41487519e+03
7.90943212e-07 6.53917773e+03 3.67516736e+03
7.91374242e-07 7.44986440e+03 6.11826810e+03
7.91805273e-07 9.40514191e+03 5.13687597e+03
7.92236303e-07 8.04853938e+03 3.43413168e+03
7.92667333e-07 7.35093397e+03 2.46715675e+03
7.93098364e-07 6.60684462e+03 2.38947970e+03
7.93529394e-07 6.61743564e+03 1.64173282e+03
7.93960424e-07 7.02084001e+03 1.01809651e+03
7.94391455e-07 6.82222932e+03 1.29269607e+03
7.94822485e-07 6.22737247e+03 2.01056041e+03
7.95253515e-07 1.02444888e+04 3.88956358e+02
7.95684545e-07 7.13269101e+03 1.16592663e+03
