9.36700000e-02
3.61197000e-07 3.49141113e+01 3.03159724e+02
3.61628030e-07 4.47163882e+01 3.09139124e+02
3.62059061e-07 1.47793541e+01 2.96266966e+02
3.62490091e-07 3.98970663e+01 3.53826377e+02
3.62921121e-07 4.67421114e+01 3.45481982e+02
3.63352152e-07 7.68456738e+01 3.50713199e+02
3.64214212e-07 1.56430716e+01 3.08912025e+02
3.64645242e-07 2.07417025e+01 3.00962321e+02
3.65076273e-07 2.94698059e+01 3.27062746e+02
3.65507303e-07 1.21242396e+01 3.08381723e+02
3.65938333e-07 9.34567336e+01 3.50391546e+02
3.66369364e-07 6.29353350e+01 3.43282075e+02
3.66800394e-07 7.02590641e+01 3.36282177e+02
3.67231424e-07 5.41483171e+01 3.17191733e+02
3.67662455e-07 1.26708044e+02 3.58436391e+02
3.68093485e-07 6.22529731e+01 3.23180938e+02
3.68524515e-07 2.71944045e+01 3.29936948e+02
3.69386576e-07 4.70701683e+01 3.42142258e+02
3.69817606e-07 6.44803811e+01 3.59411157e+02
3.70248636e-07 8.16276345e+01 3.60445270e+02
3.70679667e-07 5.90003887e+01 3.20930847e+02
3.71110697e-07 3.78249145e+01 3.31538669e+02
3.71541727e-07 1.60219116e+01 3.22106265e+02
3.71972758e-07 2.30491861e+01 2.96978524e+02
3.72834818e-07 5.01279526e+01 3.51712931e+02
3.73265848e-07 4.91284648e+01 3.35654168e+02
3.73696879e-07 2.63914226e+01 3.42059916e+02
3.74127909e-07 3.99581608e+01 3.35870266e+02
3.74558939e-07 4.34924598e+01 3.39959957e+02
3.74989970e-07 1.31398780e+02 3.76765587e+02
3.75421000e-07 1.32901080e+02 3.90976697e+02
3.75852030e-07 1.19082963e+02 3.67459496e+02
3.76283061e-07 4.72251382e+01 3.30901209e+02
3.76714091e-07 2.90598611e+00 3.12213431e+02
3.77145121e-07 3.91138806e+01 3.25026322e+02
3.77576152e-07 6.91157203e+01 3.70164840e+02
3.78007182e-07 1.13917860e+02 3.74516307e+02
3.78438212e-07 1.02411965e+02 3.63890848e+02
3.78869242e-07 8.35448510e+01 3.48057976e+02
3.79300273e-07 2.07395603e+01 3.28871703e+02
3.79731303e-07 9.76124096e+01 3.53367837e+02
3.80162333e-07 5.39997823e+01 3.43165155e+02
3.80593364e-07 9.84670694e+01 3.47308839e+02
3.81024394e-07 5.74091114e+01 3.57178318e+02
3.81455424e-07 1.81029210e+01 3.38970116e+02
3.81886455e-07 1.15914269e+01 3.25157246e+02
3.82317485e-07 5.22278047e+01 3.33997782e+02
3.83610576e-07 9.55074450e+01 3.50000467e+02
3.84041606e-07 6.40425991e+01 3.43687639e+02
3.84472636e-07 1.00047456e+02 3.45972831e+02
3.85334697e-07 1.07289961e+02 3.68764493e+02
3.85765727e-07 5.56326777e+01 3.32277377e+02
3.86196758e-07 1.04786594e+02 3.50351465e+02
3.86627788e-07 1.83008571e+00 3.26591962e+02
3.87058818e-07 5.31745785e+01 3.46319721e+02
3.87489848e-07 5.13411398e+01 3.39202630e+02
3.87920879e-07 1.20863013e+02 3.67338473e+02
3.88351909e-07 4.32994131e+01 3.33141075e+02
3.88782939e-07 3.03437318e+01 3.26968788e+02
3.89213970e-07 3.27248764e+01 3.77124648e+02
3.89645000e-07 9.02773495e+01 4.14915839e+02
3.90076030e-07 6.48511261e+01 3.94755112e+02
3.90507061e-07 5.14918305e+01 4.17190259e+02
3.90938091e-07 4.56595848e+01 4.23337485e+02
3.91369121e-07 4.48297109e+01 4.20030837e+02
3.91800152e-07 1.05120095e+02 4.31389189e+02
3.92231182e-07 7.69068435e+01 3.92600047e+02
3.92662212e-07 5.97260936e+01 3.46389545e+02
3.93093242e-07 1.85073017e+01 3.06788551e+02
3.93524273e-07 4.15510279e+01 3.01784022e+02
3.93955303e-07 7.66471897e+01 3.50269567e+02
3.94386333e-07 8.02790709e+01 3.97206115e+02
3.94817364e-07 4.75305647e+01 4.10737548e+02
3.95248394e-07 1.05449939e+02 4.32773378e+02
3.95679424e-07 7.60255019e+01 4.27399503e+02
3.96110455e-07 4.11429072e+01 3.74229130e+02
3.96541485e-07 9.65556601e+01 3.38105303e+02
3.96972515e-07 7.02178408e+01 3.28467828e+02
3.97403545e-07 3.10778791e+01 3.71568355e+02
3.98696636e-07 1.66758173e+02 4.65832975e+02
3.99127667e-07 1.30020956e+02 4.78987944e+02
3.99558697e-07 8.80587117e+01 4.71487960e+02
3.99989727e-07 4.85044767e+01 4.55092021e+02
4.00420758e-07 1.03831590e+02 4.87710580e+02
4.01713848e-07 1.26177834e+02 5.14963464e+02
4.02144879e-07 1.27980469e+02 5.13654788e+02
4.02575909e-07 8.57187140e+01 6.32237552e+02
4.03006939e-07 1.32465303e+02 5.69922207e+02
4.03437970e-07 9.10579658e+01 4.77268671e+02
4.03869000e-07 5.83228541e+01 4.95146069e+02
4.04300030e-07 1.48285530e+02 5.44675400e+02
4.04731061e-07 8.35247029e+01 5.05379277e+02
4.05162091e-07 1.34607089e+02 5.04739145e+02
4.05593121e-07 5.62482546e+01 5.06063449e+02
4.06024152e-07 8.01443110e+01 5.06630194e+02
4.06455182e-07 4.77241356e+00 4.62991884e+02
4.06886212e-07 1.56228170e+02 5.35152011e+02
4.07317242e-07 4.03668106e+02 6.19656406e+02
4.07748273e-07 5.04700440e+02 6.59438328e+02
4.08179303e-07 2.87045865e+02 5.75177534e+02
4.08610333e-07 2.25613524e+02 5.48729422e+02
4.09041364e-07 1.83419065e+02 5.51152092e+02
4.09472394e-07 3.52293218e+01 4.85488466e+02
4.09903424e-07 1.14216476e+02 4.84077761e+02
4.10334455e-07 1.00200915e+02 4.77405528e+02
4.10765485e-07 4.58866032e+00 4.80225524e+02
4.11196515e-07 5.48110656e+01 5.21656652e+02
4.11627545e-07 7.01451633e+01 5.13392378e+02
4.12058576e-07 7.70027727e+01 5.22795855e+02
4.12489606e-07 1.21795205e+02 5.32058343e+02
4.12920636e-07 1.43679813e+02 5.48947609e+02
4.13351667e-07 1.33210392e+02 5.22893660e+02
4.13782697e-07 2.05615967e+02 5.56615675e+02
4.14213727e-07 6.35022842e+01 5.10476267e+02
4.14644758e-07 5.43179565e+01 5.10392513e+02
4.15075788e-07 1.38806352e+02 5.41210893e+02
4.15506818e-07 1.60773853e+02 5.55979333e+02
4.15937848e-07 1.55069556e+02 5.79006279e+02
4.16368879e-07 1.48687370e+02 5.87054053e+02
4.16799909e-07 1.24310204e+02 5.86702721e+02
4.17230939e-07 1.28660910e+02 5.63746527e+02
4.17661970e-07 1.21820651e+02 5.58336994e+02
4.18093000e-07 8.91994027e+01 5.65489302e+02
4.18524030e-07 1.17346269e+02 5.61800354e+02
4.18955061e-07 1.05723982e+02 5.30751126e+02
4.19817121e-07 1.40386794e+02 5.46926042e+02
4.20248152e-07 1.56962937e+02 5.35989955e+02
4.20679182e-07 8.85789814e+01 5.40497770e+02
4.21110212e-07 1.12876619e+02 5.72637499e+02
4.21541242e-07 6.35153324e+01 5.37787183e+02
4.21972273e-07 1.45170427e+02 5.58708329e+02
4.22403303e-07 2.25934597e+02 5.71158895e+02
4.22834333e-07 2.02326662e+02 5.49498474e+02
4.23265364e-07 1.47238889e+02 5.65627812e+02
4.23696394e-07 1.23919862e+02 5.71795493e+02
4.24127424e-07 1.59567377e+02 5.81645981e+02
4.24558455e-07 2.03146369e+02 5.96013192e+02
4.24989485e-07 1.25118374e+02 5.76352535e+02
4.25420515e-07 1.52691274e+02 5.85535159e+02
4.25851545e-07 9.36018461e+01 5.89212269e+02
4.26282576e-07 9.76830924e+01 5.76510308e+02
4.26713606e-07 1.12082910e+02 5.71358287e+02
4.27144636e-07 1.97418863e+02 5.80032419e+02
4.27575667e-07 2.12290726e+02 5.98945650e+02
4.28006697e-07 2.91242702e+02 6.34000482e+02
4.28437727e-07 1.72190474e+02 5.67292030e+02
4.28868758e-07 1.42237637e+02 5.58871475e+02
4.29299788e-07 2.12540593e+02 5.78170136e+02
4.29730818e-07 9.60020667e+01 5.36725971e+02
4.30161848e-07 3.60837612e+01 5.02686388e+02
4.30592879e-07 8.48489932e+01 4.91869640e+02
4.31023909e-07 2.78447852e+02 5.78073756e+02
4.31454939e-07 2.54552735e+02 6.36573107e+02
4.31885970e-07 2.04912091e+02 6.68230408e+02
4.32317000e-07 1.12738083e+02 5.87681279e+02
4.32748030e-07 1.34821066e+02 6.00499482e+02
4.33179061e-07 1.20501633e+02 6.15641631e+02
4.34041121e-07 1.58809893e+02 5.79982299e+02
4.34472152e-07 1.84192764e+02 6.20821861e+02
4.34903182e-07 3.72383142e+01 6.01137661e+02
4.35334212e-07 1.40291576e+02 6.42375952e+02
4.35765242e-07 1.88560785e+02 6.68912377e+02
4.36196273e-07 1.26945656e+02 6.96732947e+02
4.36627303e-07 2.07783301e+02 6.89741531e+02
4.37058333e-07 2.09691576e+02 6.65985556e+02
4.37489364e-07 1.57389252e+02 6.61732677e+02
4.37920394e-07 1.98323265e+02 6.78390268e+02
4.38351424e-07 1.55424108e+02 6.34953888e+02
4.38782455e-07 2.59849164e+02 6.54386658e+02
4.39213485e-07 2.67509593e+02 6.81378864e+02
4.39644515e-07 1.47108225e+02 6.71645544e+02
4.40075545e-07 2.10129905e+02 6.95066395e+02
4.40506576e-07 1.93921130e+02 6.90628599e+02
4.40937606e-07 1.96083470e+02 7.24489659e+02
4.41368636e-07 2.20819680e+02 7.34681072e+02
4.41799667e-07 2.06258043e+02 7.54614594e+02
4.42230697e-07 2.31723767e+02 7.40286233e+02
4.42661727e-07 3.61544021e+01 6.97827270e+02
4.43092758e-07 3.35544464e+02 7.74385141e+02
4.43523788e-07 2.48892845e+02 7.65185647e+02
4.43954818e-07 2.57413538e+02 7.68631980e+02
4.44816879e-07 2.34192846e+02 7.58748269e+02
4.45247909e-07 2.52657015e+02 7.39513192e+02
4.45678939e-07 1.71803218e+02 7.05694839e+02
4.46109970e-07 1.91615505e+02 7.16278546e+02
4.46541000e-07 2.64897788e+02 7.44471414e+02
4.46972030e-07 1.22504916e+02 7.34390261e+02
4.47403061e-07 1.80404749e+02 7.44343773e+02
4.47834091e-07 1.20094347e+02 7.41218519e+02
4.48265121e-07 1.95372168e+02 7.33976803e+02
4.48696152e-07 2.17961358e+02 7.66168997e+02
4.49127182e-07 2.64160758e+02 7.78310074e+02
4.49558212e-07 2.52639566e+02 7.61738008e+02
4.49989242e-07 2.23227403e+02 7.74144758e+02
4.50420273e-07 2.87029323e+02 8.08073357e+02
4.50851303e-07 2.46829817e+02 8.06059923e+02
4.51282333e-07 2.82815588e+02 8.26946497e+02
4.51713364e-07 3.93980210e+02 8.30564799e+02
4.52144394e-07 1.21022306e+02 7.86790097e+02
4.52575424e-07 2.05789292e+02 7.86363544e+02
4.53006455e-07 2.12736877e+02 7.93209382e+02
4.53437485e-07 1.11523179e+02 7.68313392e+02
4.53868515e-07 1.81973747e+02 8.34252977e+02
4.54299545e-07 1.89299294e+02 8.07094606e+02
4.54730576e-07 2.74323311e+02 8.29548730e+02
4.55161606e-07 3.29434367e+02 8.35828700e+02
4.55592636e-07 2.72964755e+02 8.37931002e+02
4.56023667e-07 2.21822481e+02 8.52035250e+02
4.56454697e-07 1.94340896e+02 8.31854187e+02
4.56885727e-07 2.70686069e+02 8.23844070e+02
4.57316758e-07 3.55923858e+02 8.76705905e+02
4.57747788e-07 2.10355562e+02 8.22540371e+02
4.58178818e-07 3.43758876e+02 8.74380139e+02
4.58609848e-07 4.00844524e+02 8.59034552e+02
4.59040879e-07 2.50787529e+02 8.47249239e+02
4.59471909e-07 1.46634901e+02 8.22885430e+02
4.59902939e-07 2.76413621e+02 8.50158324e+02
4.60333970e-07 2.14645678e+02 8.70303644e+02
4.60765000e-07 2.07656690e+02 8.39181438e+02
4.61196030e-07 2.62861681e+02 8.64025353e+02
4.61627061e-07 3.00100043e+02 8.65221073e+02
4.62058091e-07 3.68748753e+02 8.91428228e+02
4.62489121e-07 3.07330775e+02 8.62149931e+02
4.62920152e-07 2.12917533e+02 8.60809347e+02
4.63351182e-07 2.26314188e+02 8.80307308e+02
4.63782212e-07 2.26455534e+02 8.60226864e+02
4.64213242e-07 2.12729112e+02 8.44911362e+02
4.64644273e-07 2.76019267e+02 8.59347009e+02
4.65075303e-07 3.18671806e+02 8.89583915e+02
4.65506333e-07 3.46056884e+02 9.12365636e+02
4.65937364e-07 3.47727330e+02 9.32170113e+02
4.66368394e-07 2.64902424e+02 8.88998919e+02
4.66799424e-07 2.55835227e+02 8.92972665e+02
4.67230455e-07 1.95990295e+02 8.78256806e+02
4.67661485e-07 1.27735516e+02 8.90339566e+02
4.68092515e-07 2.80354595e+02 9.02423514e+02
4.68523545e-07 2.13132090e+02 8.87812400e+02
4.68954576e-07 3.31908817e+02 9.45977057e+02
4.69385606e-07 3.94492373e+02 9.30817580e+02
4.69816636e-07 2.89875548e+02 9.04984016e+02
4.70247667e-07 1.96619724e+02 8.86638616e+02
4.70678697e-07 9.90526031e+01 8.42412950e+02
4.71109727e-07 1.66558962e+02 8.76560735e+02
4.71540758e-07 3.48671498e+02 9.40236591e+02
4.71971788e-07 2.60235677e+02 9.32575432e+02
4.72402818e-07 2.07334241e+02 9.14003702e+02
4.72833848e-07 1.98453192e+02 9.11768215e+02
4.73264879e-07 2.88730341e+02 9.13060929e+02
4.73695909e-07 2.72496385e+02 9.18185023e+02
4.74126939e-07 2.99934280e+02 9.51267963e+02
4.74557970e-07 4.20062752e+02 9.82031294e+02
4.74989000e-07 4.29974171e+02 9.59312762e+02
4.75420030e-07 2.73560990e+02 9.28824139e+02
4.75851061e-07 3.85107264e+02 9.46140376e+02
4.76282091e-07 3.18241412e+02 9.33571779e+02
4.76713121e-07 2.91253540e+02 9.20035987e+02
4.77144152e-07 1.90944893e+02 9.47095672e+02
4.77575182e-07 2.89398857e+02 9.60440181e+02
4.78006212e-07 2.92101808e+02 9.76549738e+02
4.78437242e-07 3.30921970e+02 9.81106373e+02
4.78868273e-07 4.81308961e+02 9.79045457e+02
4.79299303e-07 4.49818101e+02 1.03356756e+03
4.79730333e-07 3.17329755e+02 9.93485892e+02
4.80161364e-07 2.31284419e+02 9.84412863e+02
4.80592394e-07 3.71000937e+02 1.00606588e+03
4.81023424e-07 4.08299589e+02 1.03025670e+03
4.81454455e-07 3.78087584e+02 1.01259294e+03
4.81885485e-07 2.80312099e+02 1.00392765e+03
4.82316515e-07 3.36566295e+02 1.02571752e+03
4.82747545e-07 2.73651043e+02 1.01410918e+03
4.83178576e-07 2.59749738e+02 1.00946620e+03
4.83609606e-07 3.24855419e+02 1.02358600e+03
4.84040636e-07 4.06345936e+02 1.05419174e+03
4.84471667e-07 4.30930738e+02 1.04435065e+03
4.84902697e-07 3.57549735e+02 1.03882583e+03
4.85333727e-07 3.40067149e+02 9.65703765e+02
4.85764758e-07 3.95891938e+02 9.41920367e+02
4.86195788e-07 4.60494384e+02 9.35653985e+02
4.86626818e-07 3.69962593e+02 9.41878289e+02
4.87057848e-07 3.51749972e+02 9.78826887e+02
4.87488879e-07 2.69613185e+02 9.81787938e+02
4.87919909e-07 4.57311466e+02 1.01341999e+03
4.88350939e-07 5.08699567e+02 1.04888913e+03
4.88781970e-07 4.46090666e+02 1.01500089e+03
4.89213000e-07 4.31126233e+02 1.03028947e+03
4.89644030e-07 4.46001663e+02 1.07078172e+03
4.90075061e-07 5.30311155e+02 1.08112028e+03
4.90506091e-07 4.49246249e+02 1.04964142e+03
4.90937121e-07 5.35930054e+02 1.08992111e+03
4.91368152e-07 4.29882278e+02 1.04552023e+03
4.91799182e-07 5.52533506e+02 1.06035233e+03
4.92230212e-07 4.31019501e+02 1.04501764e+03
4.92661242e-07 4.70075329e+02 1.06997697e+03
4.93092273e-07 4.24131456e+02 1.08314557e+03
4.93523303e-07 4.13164101e+02 1.09087322e+03
4.93954333e-07 4.61520599e+02 1.08420235e+03
4.94385364e-07 3.12131099e+02 1.08852823e+03
4.94816394e-07 4.46896397e+02 1.10254450e+03
4.95247424e-07 5.13149167e+02 1.09855349e+03
4.95678455e-07 4.95818441e+02 1.09870586e+03
4.96109485e-07 3.46028498e+02 1.10212912e+03
4.96540515e-07 3.48646421e+02 1.12589617e+03
4.96971545e-07 3.33788174e+02 1.12866211e+03
4.97402576e-07 4.28360328e+02 1.14875943e+03
4.97833606e-07 5.35320037e+02 1.11021242e+03
4.98264636e-07 4.08272825e+02 1.10354495e+03
4.98695667e-07 2.61327733e+02 1.08306016e+03
4.99126697e-07 5.18779855e+02 1.13631217e+03
4.99557727e-07 6.29307430e+02 1.20397951e+03
4.99988758e-07 4.96229585e+02 1.12441423e+03
5.00419788e-07 4.83459598e+02 1.11720308e+03
5.00850818e-07 4.18339233e+02 1.11012729e+03
5.01281848e-07 4.64047117e+02 1.09384365e+03
5.01712879e-07 5.36006148e+02 1.12849312e+03
5.02143909e-07 4.29869321e+02 1.10686651e+03
5.02574939e-07 3.21666659e+02 1.09747327e+03
5.03005970e-07 3.52621165e+02 1.14038167e+03
5.03437000e-07 5.15531841e+02 1.14998364e+03
5.03868030e-07 5.49149165e+02 1.11836899e+03
5.04299061e-07 4.47170905e+02 1.14748774e+03
5.04730091e-07 4.09973784e+02 1.11255178e+03
5.05161121e-07 3.92082373e+02 1.13741070e+03
5.05592152e-07 4.39573853e+02 1.15794454e+03
5.06023182e-07 6.18052309e+02 1.20253523e+03
5.06454212e-07 4.14482546e+02 1.13632909e+03
5.06885242e-07 5.18865872e+02 1.16376476e+03
5.07316273e-07 4.93104367e+02 1.13321491e+03
5.07747303e-07 3.84296927e+02 1.12595494e+03
5.08178333e-07 4.69015969e+02 1.14830750e+03
5.08609364e-07 5.78384118e+02 1.17640712e+03
5.09040394e-07 5.03307965e+02 1.16649397e+03
5.09471424e-07 3.35597138e+02 1.15310279e+03
5.09902455e-07 4.24398026e+02 1.14799269e+03
5.10333485e-07 5.60024197e+02 1.17342151e+03
5.10764515e-07 4.70028253e+02 1.14132809e+03
5.11195545e-07 5.22402459e+02 1.19180363e+03
5.11626576e-07 5.48627547e+02 1.22400487e+03
5.12057606e-07 5.67854359e+02 1.17813160e+03
5.12488636e-07 5.87078910e+02 1.19353261e+03
5.12919667e-07 6.16477310e+02 1.19087305e+03
5.13350697e-07 5.58856087e+02 1.20637486e+03
5.13781727e-07 3.05628953e+02 1.11934260e+03
5.14212758e-07 5.46531274e+02 1.22183698e+03
5.14643788e-07 5.12566305e+02 1.18979336e+03
5.15074818e-07 5.52641462e+02 1.22742742e+03
5.15505848e-07 3.93544629e+02 1.20208628e+03
5.15936879e-07 3.96308896e+02 1.17061997e+03
5.16367909e-07 3.07330674e+02 1.11914122e+03
5.16798939e-07 4.70355755e+02 1.10037335e+03
5.17229970e-07 6.07287550e+02 1.15712734e+03
5.17661000e-07 4.49672448e+02 1.12237645e+03
5.18092030e-07 4.21011660e+02 1.12232876e+03
5.18523061e-07 5.45111420e+02 1.17957481e+03
5.18954091e-07 5.22012959e+02 1.23901961e+03
5.19385121e-07 4.38314270e+02 1.30747488e+03
5.19816152e-07 6.13124451e+02 1.37781876e+03
5.20247182e-07 3.70639429e+02 1.32772666e+03
5.20678212e-07 3.45506526e+02 1.24732565e+03
5.21109242e-07 4.91067889e+02 1.21073270e+03
5.21540273e-07 4.12116511e+02 1.20355215e+03
5.21971303e-07 5.09634896e+02 1.24147363e+03
5.22402333e-07 5.74602642e+02 1.29574471e+03
5.22833364e-07 3.19920533e+02 1.22145424e+03
5.23264394e-07 5.47877178e+02 1.24201325e+03
5.23695424e-07 5.45713308e+02 1.24945340e+03
5.24126455e-07 3.87459372e+02 1.27261322e+03
5.24557485e-07 5.38053626e+02 1.29253818e+03
5.24988515e-07 6.81568887e+02 1.32921297e+03
5.25419545e-07 5.43282455e+02 1.31179243e+03
5.25850576e-07 4.04846578e+02 1.27198633e+03
5.26281606e-07 5.77688293e+02 1.22148589e+03
5.26712636e-07 5.46831076e+02 1.19773451e+03
5.27143667e-07 4.65209366e+02 1.22546551e+03
5.27574697e-07 5.92828919e+02 1.27341546e+03
5.28005727e-07 5.48576473e+02 1.25561333e+03
5.28436758e-07 4.89097425e+02 1.23789125e+03
5.28867788e-07 4.33916072e+02 1.28470752e+03
5.29298818e-07 4.94017310e+02 1.28170569e+03
5.29729848e-07 3.89962935e+02 1.27483560e+03
5.30160879e-07 4.56748698e+02 1.28649837e+03
5.30591909e-07 5.89764015e+02 1.33857000e+03
5.31022939e-07 6.26891634e+02 1.34723524e+03
5.31453970e-07 1.02733694e+03 1.45785550e+03
5.31885000e-07 1.14334555e+03 1.48240147e+03
5.32316030e-07 6.09869507e+02 1.33196360e+03
5.32747061e-07 4.50844664e+02 1.27785711e+03
5.33178091e-07 5.92209343e+02 1.34626453e+03
5.33609121e-07 4.99189909e+02 1.28635826e+03
5.34040152e-07 3.94963710e+02 1.26231694e+03
5.34471182e-07 5.68254785e+02 1.34593011e+03
5.34902212e-07 5.07235313e+02 1.30492345e+03
5.35333242e-07 5.90334677e+02 1.37139511e+03
5.35764273e-07 4.82217523e+02 1.34369134e+03
5.36195303e-07 5.53467642e+02 1.31414308e+03
5.36626333e-07 5.83251720e+02 1.31852844e+03
5.37057364e-07 4.06615087e+02 1.23176000e+03
5.37488394e-07 3.12372785e+02 1.26510149e+03
5.37919424e-07 4.84331713e+02 1.33076015e+03
5.38350455e-07 5.66806380e+02 1.34101407e+03
5.38781485e-07 6.60423774e+02 1.35006361e+03
5.39212515e-07 4.25230356e+02 1.28521519e+03
5.39643545e-07 3.92392864e+02 1.25252719e+03
5.40074576e-07 4.72232806e+02 1.28045295e+03
5.40505606e-07 6.29894715e+02 1.31908232e+03
5.40936636e-07 5.94132239e+02 1.31138367e+03
5.41367667e-07 6.00373552e+02 1.34879507e+03
5.41798697e-07 7.64293179e+02 1.41447932e+03
5.42229727e-07 1.16948155e+03 1.51964585e+03
5.42660758e-07 9.64499325e+02 1.44754260e+03
5.43091788e-07 8.60497816e+02 1.43521488e+03
5.43522818e-07 4.97447201e+02 1.35740731e+03
5.43953848e-07 4.65628642e+02 1.37019841e+03
5.44384879e-07 5.88866380e+02 1.38712565e+03
5.44815909e-07 3.96287217e+02 1.37246836e+03
5.45246939e-07 4.28185081e+02 1.38231517e+03
5.45677970e-07 5.22684035e+02 1.41847832e+03
5.46109000e-07 6.24183118e+02 1.45527499e+03
5.46540030e-07 4.84550553e+02 1.42582998e+03
5.46971061e-07 9.16206260e+02 1.54744416e+03
5.47402091e-07 1.75771522e+03 1.74341099e+03
5.47833121e-07 1.89438014e+03 1.76980670e+03
5.48264152e-07 1.02005507e+03 1.54593926e+03
5.48695182e-07 5.41065440e+02 1.44103613e+03
5.49126212e-07 6.56161960e+02 1.49024421e+03
5.49557242e-07 6.55111017e+02 1.51198796e+03
5.49988273e-07 4.38955464e+02 1.45305551e+03
5.50419303e-07 4.50906693e+02 1.47089900e+03
5.50850333e-07 4.78485854e+02 1.46643877e+03
5.51281364e-07 5.67601567e+02 1.49642029e+03
5.51712394e-07 5.60757098e+02 1.49681747e+03
5.52143424e-07 6.03325005e+02 1.47706146e+03
5.52574455e-07 3.09181176e+02 1.41406536e+03
5.53005485e-07 4.68199486e+02 1.46813941e+03
5.53436515e-07 5.83194400e+02 1.52467764e+03
5.53867545e-07 4.88580145e+02 1.53768184e+03
5.54298576e-07 5.27268239e+02 1.60011087e+03
5.54729606e-07 5.11687673e+02 1.62386008e+03
5.55160636e-07 5.93692878e+02 1.57935914e+03
5.55591667e-07 6.30108594e+02 1.59193363e+03
5.56022697e-07 8.64801862e+02 3.49226434e+03
5.56453727e-07 6.66884073e+02 3.58411059e+03
5.56884758e-07 1.26402456e+03 5.14858077e+03
5.57315788e-07 3.00327494e+03 7.56855474e+03
5.58177848e-07 7.42549631e+02 6.33906927e+03
5.58608879e-07 7.08353716e+02 2.06215711e+03
5.59039909e-07 1.30582398e+02 1.51453799e+03
5.59470939e-07 3.47368923e+02 1.56655349e+03
5.59901970e-07 5.61707560e+02 1.60157101e+03
5.60333000e-07 6.19080157e+02 1.66220721e+03
5.60764030e-07 6.15762627e+02 1.67964699e+03
5.61195061e-07 6.82483107e+02 1.62846038e+03
5.61626091e-07 5.81989183e+02 1.61438388e+03
5.62057121e-07 4.01756506e+02 1.64358328e+03
5.62488152e-07 4.03669840e+02 1.68984521e+03
5.62919182e-07 3.86746400e+02 1.59995558e+03
5.63350212e-07 4.09687249e+02 1.60495891e+03
5.63781242e-07 5.37862453e+02 1.63361954e+03
5.64212273e-07 6.41386150e+02 1.70267178e+03
5.64643303e-07 5.09265003e+02 1.66512267e+03
5.65074333e-07 3.25408453e+02 1.60539338e+03
5.65505364e-07 4.40758621e+02 1.61732585e+03
5.65936394e-07 4.04920982e+02 1.61812737e+03
5.66367424e-07 3.61616624e+02 1.62520007e+03
5.66798455e-07 5.25811063e+02 1.68888100e+03
5.67229485e-07 7.11218400e+02 1.74016635e+03
5.67660515e-07 2.40778897e+02 1.63920345e+03
5.68091545e-07 3.05439839e+02 1.63895705e+03
5.68522576e-07 6.40320964e+02 1.70620898e+03
5.68953606e-07 5.39726852e+02 1.70429288e+03
5.69384636e-07 5.32053451e+02 1.76230118e+03
5.69815667e-07 7.14990736e+02 1.84865916e+03
5.70246697e-07 5.17952162e+02 1.76949464e+03
5.70677727e-07 3.01764217e+02 1.68598593e+03
5.71108758e-07 5.31544177e+02 1.72204940e+03
5.71539788e-07 6.46250069e+02 1.79998015e+03
5.71970818e-07 5.51801054e+02 1.82082178e+03
5.72401848e-07 4.52770955e+02 1.76176809e+03
5.72832879e-07 3.23314595e+02 1.71753435e+03
5.73263909e-07 3.46885131e+02 1.72243391e+03
5.73694939e-07 3.84858472e+02 1.73131250e+03
5.74125970e-07 2.86000798e+02 1.73145789e+03
5.74557000e-07 3.59609280e+02 1.74255538e+03
5.74988030e-07 4.82073070e+02 1.73950548e+03
5.75419061e-07 4.93656297e+02 1.75308330e+03
5.75850091e-07 4.65416902e+02 1.72605631e+03
5.76281121e-07 7.67310160e+02 1.84343282e+03
5.76712152e-07 5.38209851e+02 1.80742315e+03
5.77143182e-07 2.40465183e+02 1.70629686e+03
5.77574212e-07 3.78823657e+02 1.71150150e+03
5.78005242e-07 1.73518505e+02 1.66878026e+03
5.78436273e-07 2.75023552e+02 1.71522532e+03
5.78867303e-07 6.71182998e+02 1.79694139e+03
5.79298333e-07 5.81143610e+02 1.80826327e+03
5.79729364e-07 5.03020172e+02 1.77642518e+03
5.80160394e-07 5.52814796e+02 1.81335735e+03
5.80591424e-07 5.08095111e+02 1.85983746e+03
5.81022455e-07 4.98721793e+02 1.85447692e+03
5.81453485e-07 5.77069955e+02 1.84055355e+03
5.81884515e-07 7.07568338e+02 1.92223214e+03
5.82315545e-07 6.21573517e+02 1.90048181e+03
5.82746576e-07 6.31843922e+02 1.87988968e+03
5.83177606e-07 4.92458777e+02 1.87100782e+03
5.83608636e-07 6.58116722e+02 1.86602879e+03
5.84039667e-07 7.30137047e+02 1.91029798e+03
5.84470697e-07 4.24797310e+02 1.83420934e+03
5.84901727e-07 4.45030541e+02 1.81248192e+03
5.85332758e-07 6.29586833e+02 1.88826163e+03
5.85763788e-07 8.39008662e+02 1.99015567e+03
5.86194818e-07 5.30609934e+02 2.07138843e+03
5.86625848e-07 2.08588354e+02 2.35715407e+03
5.87056879e-07 6.45573221e+02 2.32708330e+03
5.87487909e-07 5.41170358e+02 2.10260983e+03
5.87918939e-07 8.42558300e+02 2.21297151e+03
5.88349970e-07 1.51576798e+03 3.71751327e+03
5.88781000e-07 9.36212885e+02 7.01441879e+03
5.89212030e-07 8.12823510e+02 8.22781062e+03
5.90074091e-07 1.73739953e+02 3.24601616e+03
5.90505121e-07 3.87931283e+02 2.22571701e+03
5.90936152e-07 5.31986413e+02 2.24985943e+03
5.91367182e-07 4.94518359e+02 2.40906149e+03
5.91798212e-07 3.34686609e+02 2.28114519e+03
5.92229242e-07 4.55698251e+02 2.27263969e+03
5.92660273e-07 8.80632719e+02 2.46209243e+03
5.93091303e-07 4.49308629e+02 2.43087141e+03
5.93522333e-07 5.17952060e+02 2.38742552e+03
5.93953364e-07 7.69180956e+02 2.25055533e+03
5.94384394e-07 4.92940124e+02 2.19259564e+03
5.94815424e-07 7.49946477e+02 2.37349973e+03
5.95246455e-07 8.28785091e+02 2.53456737e+03
5.95677485e-07 4.89418479e+02 2.28825113e+03
5.96108515e-07 2.73325081e+02 2.09218944e+03
5.96539545e-07 4.90264429e+02 2.18482482e+03
5.96970576e-07 5.70717638e+02 2.25433280e+03
5.97401606e-07 3.49909643e+02 2.26469526e+03
5.97832636e-07 3.25504138e+02 2.22589975e+03
5.98263667e-07 5.36257203e+02 2.15097539e+03
5.98694697e-07 1.53782809e+02 2.01668410e+03
5.99125727e-07 6.91551755e+02 2.13255299e+03
5.99556758e-07 4.29261741e+02 2.09366172e+03
5.99987788e-07 3.69629118e+02 2.16455745e+03
6.00418818e-07 4.56630958e+02 2.10968319e+03
6.00849848e-07 7.38454544e+02 2.09121783e+03
6.01280879e-07 4.35253868e+02 1.93118132e+03
6.01711909e-07 4.95078740e+02 1.95272239e+03
6.02142939e-07 4.08498223e+02 1.88565954e+03
6.02573970e-07 4.38927943e+02 1.92469754e+03
6.03005000e-07 5.55993769e+02 1.96602549e+03
6.03436030e-07 5.35691787e+02 2.00459575e+03
6.03867061e-07 7.45886282e+02 2.01519679e+03
6.04298091e-07 3.91151579e+02 1.84727944e+03
6.04729121e-07 5.32314064e+02 1.92143741e+03
6.05160152e-07 5.23851896e+02 1.89937226e+03
6.05591182e-07 4.66706511e+02 1.83115609e+03
6.06022212e-07 6.91021435e+02 1.88917104e+03
6.06453242e-07 3.73727130e+02 1.85382220e+03
6.06884273e-07 6.58843272e+02 1.92530690e+03
6.07315303e-07 8.28518489e+02 1.94548929e+03
6.07746333e-07 7.57754090e+02 1.85355372e+03
6.08177364e-07 4.16615190e+02 1.79445801e+03
6.08608394e-07 5.70593695e+02 1.87196952e+03
6.09039424e-07 1.91949066e+02 1.79906291e+03
6.09470455e-07 4.95582114e+02 1.86878163e+03
6.09901485e-07 8.91934800e+02 1.97550444e+03
6.10332515e-07 8.78068202e+02 1.92133770e+03
6.10763545e-07 2.79867027e+02 1.83710003e+03
6.11194576e-07 6.10163726e+02 1.91528729e+03
6.11625606e-07 7.93061718e+02 1.88764389e+03
6.12056636e-07 3.11632070e+02 1.74535174e+03
6.12487667e-07 7.10565927e+02 1.85274156e+03
6.12918697e-07 6.80367846e+02 1.84453625e+03
6.13349727e-07 9.38426385e+02 1.93803104e+03
6.13780758e-07 4.88837096e+02 1.93018268e+03
6.14211788e-07 6.97943683e+02 1.98225441e+03
6.14642818e-07 5.90889913e+02 1.95007916e+03
6.15073848e-07 8.29786248e+02 1.90179004e+03
6.15504879e-07 5.74517202e+02 1.82260547e+03
6.15935909e-07 8.45854336e+02 1.86471358e+03
6.16366939e-07 6.20167371e+02 1.83875818e+03
6.16797970e-07 9.23612525e+02 2.04337187e+03
6.17229000e-07 3.76683290e+02 2.00434549e+03
6.17660030e-07 6.88827496e+02 1.96396161e+03
6.18091061e-07 4.51406067e+02 1.81478675e+03
6.18522091e-07 5.86777287e+02 1.88216865e+03
6.18953121e-07 5.93055066e+02 1.85537498e+03
6.19384152e-07 5.69263542e+02 1.86153201e+03
6.19815182e-07 6.43787105e+02 1.94331722e+03
6.20246212e-07 4.83217726e+02 2.01216551e+03
6.20677242e-07 4.81025612e+02 1.91814224e+03
6.21108273e-07 8.22621125e+02 1.99554579e+03
6.21539303e-07 3.33789694e+02 1.90139678e+03
6.21970333e-07 6.69513385e+02 2.04365917e+03
6.22401364e-07 4.97177570e+02 1.99637685e+03
6.22832394e-07 5.41726310e+02 2.04124868e+03
6.23263424e-07 1.06509560e+03 2.76870108e+03
6.23694455e-07 6.71198403e+02 3.01778986e+03
6.24125485e-07 2.95327019e+02 2.51764898e+03
6.24556515e-07 5.47713858e+02 2.19017492e+03
6.24987545e-07 4.94012416e+02 2.09297223e+03
6.25418576e-07 8.20017200e+02 2.53274196e+03
6.25849606e-07 6.72689329e+02 2.79845531e+03
6.26280636e-07 7.09592004e+02 2.53777942e+03
6.26711667e-07 6.75096981e+02 2.26539163e+03
6.27142697e-07 6.33005308e+02 2.11042485e+03
6.27573727e-07 5.45121328e+02 2.03515561e+03
6.28004758e-07 7.20025089e+02 2.12389758e+03
6.28435788e-07 8.07304744e+02 2.52084789e+03
6.28866818e-07 6.96222536e+02 2.66358671e+03
6.29297848e-07 1.31559429e+03 3.71459613e+03
6.29728879e-07 2.48664168e+03 8.78900846e+03
6.30590939e-07 6.19138609e+02 4.56321993e+03
6.31021970e-07 2.48743879e+02 2.39274609e+03
6.31453000e-07 3.59135773e+02 2.03426683e+03
6.31884030e-07 7.37187742e+02 2.15978549e+03
6.32315061e-07 5.40019183e+02 2.30957533e+03
6.32746091e-07 8.38442227e+02 2.62008784e+03
6.33177121e-07 2.59623472e+02 2.38975898e+03
6.33608152e-07 5.29384825e+02 2.07715916e+03
6.34039182e-07 7.91612114e+02 2.00012693e+03
6.34470212e-07 6.90438733e+02 2.08433280e+03
6.34901242e-07 4.38449071e+02 2.15719070e+03
6.35332273e-07 8.66555019e+02 2.43244637e+03
6.35763303e-07 8.19592495e+02 3.22530438e+03
6.36194333e-07 7.38440495e+02 4.49431364e+03
6.36625364e-07 3.60559405e+02 3.80417182e+03
6.37056394e-07 8.87736708e+02 2.26784402e+03
6.37487424e-07 6.55339156e+02 1.96060790e+03
6.37918455e-07 7.59328630e+02 2.11862369e+03
6.38349485e-07 8.26590585e+02 2.16865368e+03
6.38780515e-07 2.67054291e+02 2.11547921e+03
6.39211545e-07 6.53654019e+02 1.95639256e+03
6.39642576e-07 5.44816738e+02 1.84090583e+03
6.40073606e-07 3.59437976e+02 1.76798723e+03
6.40504636e-07 5.67804572e+02 1.80081484e+03
6.40935667e-07 6.63803352e+02 1.85050249e+03
6.41366697e-07 5.98473236e+02 1.90715535e+03
6.41797727e-07 6.09339200e+02 1.96772348e+03
6.42228758e-07 6.86747664e+02 1.90858979e+03
6.42659788e-07 5.46951740e+02 1.78618359e+03
6.43090818e-07 5.58196087e+02 1.79954952e+03
6.43521848e-07 5.80114271e+02 1.80313036e+03
6.43952879e-07 5.18665783e+02 1.75229477e+03
6.44383909e-07 4.99377507e+02 1.75625755e+03
6.44814939e-07 7.62675913e+02 2.11454706e+03
6.45245970e-07 6.73270416e+02 2.26185133e+03
6.45677000e-07 7.38805720e+02 2.08307620e+03
6.46108030e-07 7.56352563e+02 2.31798028e+03
6.46539061e-07 7.44553172e+02 2.67587228e+03
6.46970091e-07 7.31398096e+02 2.61708414e+03
6.47401121e-07 2.37814218e+02 2.10120164e+03
6.47832152e-07 3.67918561e+02 1.85011306e+03
6.48263182e-07 4.89716801e+02 1.77925156e+03
6.48694212e-07 6.27440216e+02 1.73840414e+03
6.49125242e-07 1.13258961e+03 2.03077666e+03
6.49556273e-07 8.11007176e+02 2.64745207e+03
6.49987303e-07 5.81789606e+02 2.79210021e+03
6.50418333e-07 7.98435748e+02 2.40495058e+03
6.50849364e-07 6.11773800e+02 2.01319213e+03
6.51280394e-07 5.88966280e+02 1.88229771e+03
6.51711424e-07 7.23885992e+02 1.95667756e+03
6.52142455e-07 6.54580109e+02 2.02200385e+03
6.52573485e-07 8.53739530e+02 2.15728291e+03
6.53004515e-07 6.81691636e+02 2.47449427e+03
6.53435545e-07 3.86047287e+02 2.48897247e+03
6.53866576e-07 3.62464328e+02 2.15285263e+03
6.54297606e-07 6.32382509e+02 2.11883083e+03
6.54728636e-07 1.11973228e+03 2.40023943e+03
6.55159667e-07 3.81569191e+02 2.68293353e+03
6.55590697e-07 3.17499517e+02 2.42049541e+03
6.56021727e-07 1.35895102e+02 2.00192344e+03
6.56452758e-07 6.56061993e+02 2.14129808e+03
6.56883788e-07 8.52465890e+02 2.26863957e+03
6.57314818e-07 3.46190795e+02 2.31920715e+03
6.57745848e-07 3.78344030e+02 2.50086306e+03
6.58176879e-07 6.37822351e+02 2.13506723e+03
6.58607909e-07 6.07971548e+02 1.83056254e+03
6.59038939e-07 4.41909551e+02 1.82158479e+03
6.59469970e-07 6.35592373e+02 1.99106113e+03
6.59901000e-07 6.40571800e+02 2.20315236e+03
6.60332030e-07 5.34568356e+02 2.22178956e+03
6.60763061e-07 6.39908780e+02 2.01016188e+03
6.61194091e-07 6.86645633e+02 1.79618148e+03
6.61625121e-07 7.93099221e+02 1.80248983e+03
6.62056152e-07 5.07782347e+02 1.80195005e+03
6.62487182e-07 3.72066937e+02 1.83208432e+03
6.62918212e-07 6.34673800e+02 1.95289263e+03
6.63349242e-07 5.58402390e+02 2.01928096e+03
6.63780273e-07 5.99489460e+02 1.91329003e+03
6.64211303e-07 6.96545612e+02 1.79857239e+03
6.64642333e-07 4.10357261e+02 1.69304298e+03
6.65073364e-07 7.47914830e+02 1.76679172e+03
6.65504394e-07 6.58987654e+02 1.75498593e+03
6.65935424e-07 4.62476845e+02 1.76876097e+03
6.66366455e-07 4.93390614e+02 1.81168126e+03
6.66797485e-07 6.84224905e+02 1.88332275e+03
6.67228515e-07 3.73674003e+02 1.72439664e+03
6.67659545e-07 5.35797847e+02 1.70302541e+03
6.68090576e-07 6.58759312e+02 1.78638238e+03
6.68521606e-07 4.19623034e+02 1.75250970e+03
6.68952636e-07 6.17355048e+02 1.74556043e+03
6.69383667e-07 4.65551963e+02 1.73253203e+03
6.69814697e-07 5.39486942e+02 1.81709780e+03
6.70245727e-07 1.24075832e+02 1.70579536e+03
6.70676758e-07 2.95976812e+02 1.72609862e+03
6.71107788e-07 4.19454292e+02 1.74077525e+03
6.71538818e-07 6.41354958e+02 1.80029045e+03
6.71969848e-07 6.76702063e+02 1.80788745e+03
6.72400879e-07 4.24450941e+02 1.72239000e+03
6.72831909e-07 4.10878951e+02 1.76444815e+03
6.73262939e-07 5.32090438e+02 1.73645969e+03
6.73693970e-07 6.36560455e+02 1.76644511e+03
6.74125000e-07 4.32431204e+02 1.71767490e+03
6.74556030e-07 5.59898256e+02 1.80409894e+03
6.74987061e-07 5.75094899e+02 1.70371606e+03
6.75418091e-07 5.49990985e+02 1.69646458e+03
6.75849121e-07 4.58798239e+02 1.73099300e+03
6.76280152e-07 4.11403398e+02 1.69780412e+03
6.76711182e-07 4.34357533e+02 1.66583155e+03
6.77142212e-07 8.06345247e+02 1.76757224e+03
6.77573242e-07 5.42801392e+02 1.72534914e+03
6.78004273e-07 3.89699610e+02 1.64887597e+03
6.78435303e-07 6.45483614e+02 1.72870976e+03
6.78866333e-07 9.01789510e+02 1.82538012e+03
6.79297364e-07 7.24164014e+02 1.77068370e+03
6.79728394e-07 7.97123377e+02 1.77067502e+03
6.80159424e-07 2.99731545e+02 1.69323310e+03
6.80590455e-07 1.01731918e+03 1.80647746e+03
6.81021485e-07 4.94408080e+02 1.67344263e+03
6.81452515e-07 6.73023006e+02 1.75783717e+03
6.81883545e-07 2.69961574e+02 1.72189320e+03
6.82314576e-07 9.42047007e+02 2.62359302e+03
6.82745606e-07 1.23221500e+03 4.15164442e+03
6.83176636e-07 3.76677553e+02 4.31859004e+03
6.84038697e-07 2.24170445e+02 2.33861153e+03
6.84469727e-07 4.06843799e+02 1.97269958e+03
6.84900758e-07 5.72830812e+02 1.77561876e+03
6.85331788e-07 6.49519755e+02 1.80374913e+03
6.85762818e-07 1.21340737e+01 2.53241679e+03
6.86193848e-07 4.53822115e+02 4.17415205e+03
6.87486939e-07 2.04219453e+02 1.63442621e+03
6.87917970e-07 5.59606863e+02 1.95858810e+03
6.88349000e-07 4.99972101e+02 2.11828701e+03
6.88780030e-07 3.98221210e+02 2.25133397e+03
6.89211061e-07 4.17133342e+02 2.05304443e+03
6.89642091e-07 9.05731470e+02 2.02928777e+03
6.90073121e-07 4.65370144e+02 2.10215547e+03
6.90504152e-07 3.72136278e+02 2.02318639e+03
6.90935182e-07 6.96440828e+02 2.37483610e+03
6.91366212e-07 3.76366419e+02 2.52730210e+03
6.91797242e-07 6.99800098e+02 2.71625474e+03
6.92228273e-07 7.07309421e+02 3.21713491e+03
6.93090333e-07 1.90318973e+02 1.80965007e+03
6.93521364e-07 3.33164210e+02 2.13774716e+03
6.93952394e-07 5.37000936e+02 2.60227177e+03
6.94383424e-07 5.88169447e+02 2.93404320e+03
6.94814455e-07 5.58503908e+02 3.59701877e+03
6.95676515e-07 8.37517133e+02 1.92683333e+03
6.96107545e-07 5.75860121e+02 1.86429270e+03
6.96538576e-07 7.82818941e+02 2.20116404e+03
6.96969606e-07 7.09565482e+02 2.48344855e+03
6.97400636e-07 9.83664145e+02 2.84226215e+03
6.97831667e-07 5.35818760e+02 2.95410048e+03
6.98262697e-07 2.40436274e+02 2.20899145e+03
6.98693727e-07 3.55653459e+02 1.76351873e+03
6.99124758e-07 2.39464483e+02 1.75665328e+03
6.99555788e-07 6.79156760e+02 1.88668094e+03
6.99986818e-07 7.65148321e+02 2.01760944e+03
7.00417848e-07 3.29056340e+02 2.06049773e+03
7.00848879e-07 4.66221531e+02 2.28339148e+03
7.01279909e-07 4.45400428e+02 2.16325209e+03
7.01710939e-07 6.84295824e+02 1.86128817e+03
7.02141970e-07 3.91515176e+02 1.71698292e+03
7.02573000e-07 2.81331959e+02 1.67288922e+03
7.03004030e-07 5.72827924e+02 1.77802391e+03
7.03435061e-07 5.31280854e+02 1.75838432e+03
7.03866091e-07 5.78445493e+02 1.85201801e+03
7.04297121e-07 4.82329140e+02 2.09366480e+03
7.04728152e-07 1.81707191e+02 2.16760053e+03
7.05159182e-07 3.30635472e+02 2.06987693e+03
7.05590212e-07 3.84385147e+02 1.85699209e+03
7.06021242e-07 4.49989994e+02 1.88617346e+03
7.06452273e-07 7.77248075e+02 2.02048093e+03
7.06883303e-07 7.57333569e+02 2.00350036e+03
7.07314333e-07 3.64274790e+02 1.90239741e+03
7.07745364e-07 4.68196418e+02 1.93501276e+03
7.08176394e-07 5.75388234e+02 1.99415521e+03
7.08607424e-07 6.64169242e+02 2.05296453e+03
7.09038455e-07 6.83135576e+02 1.98629732e+03
7.09469485e-07 4.54300237e+02 1.80305827e+03
7.09900515e-07 4.73736802e+02 1.73059900e+03
7.10331545e-07 4.62525703e+02 1.75064467e+03
7.10762576e-07 6.27705095e+02 1.81075969e+03
7.11193606e-07 8.33532673e+02 1.83174655e+03
7.11624636e-07 4.17467357e+02 1.74311682e+03
7.12055667e-07 5.47137729e+02 1.79822206e+03
7.12486697e-07 5.95788176e+02 1.87064141e+03
7.12917727e-07 4.81696002e+02 1.89484546e+03
7.13348758e-07 5.84546966e+02 1.90442495e+03
7.13779788e-07 3.18119660e+02 1.79850254e+03
7.14210818e-07 3.81677202e+02 1.95731793e+03
7.14641848e-07 5.85504635e+02 2.00614933e+03
7.15072879e-07 5.07879613e+02 1.87731423e+03
7.15503909e-07 5.74681330e+02 1.83886693e+03
7.15934939e-07 4.80360973e+02 1.88095581e+03
7.16365970e-07 5.53015108e+02 1.85406042e+03
7.16797000e-07 7.32618609e+02 1.89384852e+03
7.17228030e-07 2.84134593e+03 2.42175258e+03
7.17659061e-07 5.28788062e+03 3.14752377e+03
7.18090091e-07 3.90826749e+03 2.72497926e+03
7.18521121e-07 1.06615053e+03 1.84461093e+03
7.18952152e-07 2.85133614e+02 1.60989107e+03
7.19383182e-07 5.75250916e+02 1.62524057e+03
7.19814212e-07 8.99978177e+02 1.75517398e+03
7.20245242e-07 9.82019432e+02 1.78703301e+03
7.20676273e-07 8.92454642e+02 1.71819723e+03
7.21107303e-07 5.80671434e+02 3.47338367e+03
7.21538333e-07 3.89929471e+02 3.47719723e+03
7.21969364e-07 1.29020208e+02 3.42853216e+03
7.22400394e-07 4.39972628e+02 3.58132695e+03
7.22831424e-07 8.47660382e+02 1.90694659e+03
7.23262455e-07 1.03584900e+03 2.76689232e+03
7.23693485e-07 7.91797612e+02 5.55106808e+03
7.24124515e-07 3.64109416e+00 7.75099487e+03
7.24986576e-07 3.52001738e+01 3.47316191e+03
7.25417606e-07 4.46523529e+01 2.51438296e+03
7.25848636e-07 2.20852162e+02 2.08419225e+03
7.26279667e-07 3.76494452e+02 1.89689473e+03
7.26710697e-07 9.66004930e+02 2.40468367e+03
7.27141727e-07 1.41023401e+03 4.83245339e+03
7.27572758e-07 1.14877255e+02 7.06396547e+03
7.28003788e-07 1.56761912e+02 5.57035187e+03
7.28865848e-07 2.12285839e+02 2.76736990e+03
7.29296879e-07 2.43059458e+02 2.38462659e+03
7.29727909e-07 6.82426804e+02 2.71690790e+03
7.30158939e-07 4.50246970e+02 2.99842376e+03
7.31021000e-07 1.39703823e+03 3.68793633e+03
7.31452030e-07 7.08585459e+01 5.55809311e+03
7.31883061e-07 5.53753647e+01 4.58195829e+03
7.32314091e-07 1.98508732e+02 2.84893199e+03
7.32745121e-07 1.28808133e+02 3.47170154e+03
7.33176152e-07 3.68856127e+02 3.48417373e+03
7.33607182e-07 9.41190216e+02 4.79651929e+03
7.34038212e-07 4.64203121e+02 6.90178920e+03
7.34469242e-07 8.77516229e+02 4.61776645e+03
7.34900273e-07 7.53808767e+02 2.36795738e+03
7.35331303e-07 8.75343276e+02 2.81100890e+03
7.35762333e-07 5.17451298e+02 3.56541411e+03
7.36193364e-07 1.16805369e+03 3.84890105e+03
7.36624394e-07 4.90233223e+02 5.18260505e+03
7.37917485e-07 4.04305002e+02 1.86374837e+03
7.38348515e-07 5.60381483e+02 1.97066623e+03
7.38779545e-07 5.32954942e+02 2.56576164e+03
7.39210576e-07 3.27848352e+02 3.19461243e+03
7.39641606e-07 4.15077605e+02 3.45553621e+03
7.41365727e-07 4.05335116e+02 1.87359157e+03
7.41796758e-07 1.28277709e+02 1.76532790e+03
7.42227788e-07 3.26364158e+02 1.93413615e+03
7.42658818e-07 6.81539180e+02 2.43783452e+03
7.43089848e-07 5.56781271e+02 2.76795869e+03
7.43520879e-07 3.48133124e+02 3.02475391e+03
7.43951909e-07 1.98717548e+02 3.05658204e+03
7.44813970e-07 1.39282557e+02 1.73636573e+03
7.45676030e-07 3.44698451e+02 1.96916894e+03
7.46107061e-07 3.86193551e+02 2.44966407e+03
7.46538091e-07 2.27611182e+02 2.91602416e+03
7.46969121e-07 2.40310927e+02 3.48564632e+03
7.47831182e-07 1.06830748e+02 3.76235031e+03
7.48693242e-07 1.86512636e+02 2.74461975e+03
7.49124273e-07 1.94138636e+02 2.19626693e+03
7.49555303e-07 4.92819127e+01 2.02804499e+03
7.50848394e-07 3.29751994e+02 1.79840268e+03
7.51279424e-07 2.17459195e+02 1.94767052e+03
7.51710455e-07 8.69275112e+02 2.98373055e+03
7.52141485e-07 8.85609604e+02 5.22540450e+03
7.52572515e-07 3.00365953e+02 5.32807792e+03
7.53434576e-07 4.94856170e+01 2.38106997e+03
7.53865606e-07 2.75362396e+02 2.09659897e+03
7.54296636e-07 1.28967387e+02 1.97825536e+03
7.54727667e-07 8.13898101e+01 1.90810152e+03
7.55158697e-07 4.91904062e+02 2.21551944e+03
7.55589727e-07 8.91209746e+02 2.73374131e+03
7.56020758e-07 4.46795138e+02 2.40720098e+03
7.56451788e-07 5.07015955e+02 2.55515910e+03
7.56882818e-07 5.44540851e+02 3.94962404e+03
7.57313848e-07 5.23077478e+02 4.08193807e+03
7.57744879e-07 3.95108296e+01 2.48000946e+03
7.58175909e-07 6.11463054e+02 2.39013611e+03
7.58606939e-07 5.44959001e+02 2.77731036e+03
7.59469000e-07 1.69661574e+01 1.86422541e+03
7.61193121e-07 3.44987457e+02 1.48019588e+03
7.61624152e-07 1.25031314e+02 2.09362111e+03
7.62917242e-07 9.61769896e+01 2.06998756e+03
7.63348273e-07 1.26950076e+02 1.53782298e+03
7.63779303e-07 4.67824781e+01 1.23909533e+03
7.64210333e-07 5.04076338e+01 1.30108339e+03
7.64641364e-07 1.64072603e+02 1.51587623e+03
7.65072394e-07 1.18550315e+02 1.85463371e+03
7.65503424e-07 2.88072984e+02 2.11754208e+03
7.65934455e-07 4.16942824e+02 2.49672160e+03
7.66365485e-07 3.48073066e+02 2.50981783e+03
7.66796515e-07 9.65301827e+01 1.85109217e+03
7.67227545e-07 4.12926564e+02 1.77956562e+03
7.67658576e-07 2.08329907e+02 1.77646485e+03
7.68089606e-07 3.55486450e+02 1.93397716e+03
7.68520636e-07 5.13792580e+02 2.17163777e+03
7.68951667e-07 1.90250754e+02 2.27920081e+03
7.69382697e-07 2.18827814e+02 2.29521925e+03
7.69813727e-07 9.94939909e+01 2.32665762e+03
7.70244758e-07 4.29762576e+02 2.40478240e+03
7.70675788e-07 1.16641206e+03 4.03617476e+03
7.71106818e-07 9.57366086e+02 8.40992388e+03
7.72830939e-07 5.47495318e+02 3.11379964e+03
7.73261970e-07 1.72069894e+02 2.43259655e+03
7.73693000e-07 7.22312155e+01 2.26673797e+03
7.74124030e-07 5.95352290e+01 2.56098287e+03
7.74555061e-07 1.02117753e+02 5.37813493e+03
7.74986091e-07 1.00571773e+03 8.70411511e+03
7.77141242e-07 2.88700274e+02 3.07777669e+03
7.77572273e-07 4.95315126e+02 3.66087779e+03
7.78434333e-07 1.46413413e-01 3.15953680e+03
7.78865364e-07 7.36861621e+01 4.45935805e+03
7.79296394e-07 9.50764847e+02 6.83999259e+03
7.80589485e-07 6.78341912e+02 3.93335319e+03
7.81020515e-07 2.20578649e+01 3.95814090e+03
7.81882576e-07 7.67299427e+02 7.11266377e+03
7.84037727e-07 9.06117975e+01 3.86558372e+03
7.84899788e-07 6.94449307e+02 7.53049044e+03
7.85330818e-07 4.05396897e+02 9.85276369e+03
7.89210091e-07 4.49196711e+02 4.81001703e+03
7.90072152e-07 3.96236538e+02 2.21228999e+03
7.90503182e-07 5.95289489e+02 3.37700646e+03
7.90934212e-07 8.08620734e+02 7.92587653e+03
7.93089364e-07 1.60742087e+01 4.46882231e+03
7.94382455e-07 1.77355482e+02 3.18199780e+03
7.95675545e-07 1.41971341e+02 3.15931365e+03
7.96106576e-07 8.94800707e+02 6.62299653e+03
7.97399667e-07 6.38769514e+03 3.50193390e+03
7.97830697e-07 5.65228706e+02 4.85710032e+03
7.98261727e-07 7.75440287e+00 4.00976365e+03
7.98692758e-07 5.78355231e+02 4.81505564e+03
7.99123788e-07 1.73038982e+03 9.09599334e+03
7.99554818e-07 1.22316592e+04 6.86286403e+03
