4.74200000e-02
3.63519000e-07 1.67865452e+02 6.41680348e+02
3.63950054e-07 1.92985626e+02 6.80581274e+02
3.64381108e-07 1.67210796e+02 6.35814161e+02
3.64812161e-07 2.26071693e+02 6.03688203e+02
3.65243215e-07 2.58848081e+02 6.75301297e+02
3.65674269e-07 1.82880465e+02 6.04675609e+02
3.66105323e-07 2.48131186e+02 6.27946212e+02
3.66536376e-07 3.22958814e+02 6.42047294e+02
3.66967430e-07 2.45283499e+02 6.18901688e+02
3.67398484e-07 3.73979170e+02 6.72457650e+02
3.67829538e-07 3.47198508e+02 6.26146138e+02
3.68260591e-07 2.04910508e+02 5.75879642e+02
3.68691645e-07 3.12325170e+02 6.21210932e+02
3.69122699e-07 3.62665603e+02 6.63512587e+02
3.69553753e-07 2.64738948e+02 6.52961653e+02
3.69984806e-07 2.64506881e+02 6.78586215e+02
3.70415860e-07 4.09616813e+02 7.58993570e+02
3.70846914e-07 4.15426995e+02 7.72075087e+02
3.71277968e-07 3.67732613e+02 7.39862349e+02
3.71709022e-07 3.49559599e+02 6.96181816e+02
3.72140075e-07 3.88065368e+02 6.53880395e+02
3.72571129e-07 3.32660826e+02 6.83611180e+02
3.73002183e-07 2.73517226e+02 7.21790449e+02
3.73433237e-07 2.52378433e+02 7.71576509e+02
3.73864290e-07 2.05924065e+02 7.87329707e+02
3.74295344e-07 3.74025932e+02 8.68917525e+02
3.74726398e-07 3.31308816e+02 8.03771431e+02
3.75157452e-07 4.59282967e+02 8.56627382e+02
3.75588505e-07 3.17632818e+02 7.46608602e+02
3.76019559e-07 2.95138344e+02 7.22317616e+02
3.76450613e-07 3.87402658e+02 7.50974439e+02
3.76881667e-07 4.65421071e+02 7.80929940e+02
3.77312720e-07 3.94591392e+02 7.43393190e+02
3.77743774e-07 6.02815746e+02 9.25262877e+02
3.78174828e-07 3.35345305e+02 7.32697466e+02
3.78605882e-07 6.10911736e+02 8.38974016e+02
3.79036935e-07 4.26820559e+02 7.80317666e+02
3.79467989e-07 5.24956066e+02 8.41067169e+02
3.79899043e-07 4.68711274e+02 8.05343709e+02
3.80330097e-07 4.49005455e+02 8.15443943e+02
3.80761151e-07 4.33803259e+02 7.98990488e+02
3.81192204e-07 5.11139230e+02 8.58880324e+02
3.81623258e-07 4.98294511e+02 8.23304419e+02
3.82054312e-07 5.18206358e+02 8.80014229e+02
3.82485366e-07 4.88437064e+02 9.03225080e+02
3.82916419e-07 5.92610654e+02 1.04586455e+03
3.83347473e-07 5.82424416e+02 1.03237755e+03
3.83778527e-07 6.72531260e+02 1.02508691e+03
3.84209581e-07 8.23331410e+02 1.10419789e+03
3.84640634e-07 7.88961606e+02 1.07251202e+03
3.85071688e-07 7.71259039e+02 1.00694740e+03
3.85502742e-07 6.76392007e+02 9.14375500e+02
3.85933796e-07 6.45125833e+02 9.18643895e+02
3.86364849e-07 6.74343967e+02 9.34260659e+02
3.86795903e-07 7.32712929e+02 9.21035621e+02
3.87226957e-07 7.91499789e+02 9.13149655e+02
3.87658011e-07 6.92970867e+02 9.15600210e+02
3.88089065e-07 6.94233125e+02 8.82382474e+02
3.88520118e-07 7.35422708e+02 8.88802702e+02
3.88951172e-07 7.45906023e+02 9.19710745e+02
3.89382226e-07 7.52503214e+02 9.07844100e+02
3.89813280e-07 8.47207880e+02 1.00735109e+03
3.90244333e-07 9.52331213e+02 1.07466179e+03
3.90675387e-07 9.23940341e+02 1.13831958e+03
3.91106441e-07 6.58912513e+02 1.06817427e+03
3.91537495e-07 6.21517722e+02 1.00274308e+03
3.91968548e-07 6.74834057e+02 9.52989269e+02
3.92399602e-07 5.49820794e+02 8.65856239e+02
3.92830656e-07 6.25918302e+02 9.15321096e+02
3.93261710e-07 7.42091505e+02 9.41361105e+02
3.93692763e-07 7.20247088e+02 9.95690950e+02
3.94123817e-07 6.39206094e+02 1.01363538e+03
3.94554871e-07 8.10707476e+02 1.10959359e+03
3.94985925e-07 8.36273617e+02 1.10911865e+03
3.95416978e-07 8.53452870e+02 1.06024733e+03
3.95848032e-07 1.07480515e+03 1.13111965e+03
3.96279086e-07 8.23792205e+02 9.79404860e+02
3.96710140e-07 8.56965715e+02 9.73750222e+02
3.97141194e-07 8.12854796e+02 9.90203704e+02
3.97572247e-07 8.99866853e+02 1.08732260e+03
3.98003301e-07 8.92003796e+02 1.06113740e+03
3.98434355e-07 1.08616824e+03 1.14976026e+03
3.98865409e-07 9.60248363e+02 1.14743510e+03
3.99296462e-07 9.33175009e+02 1.09873164e+03
3.99727516e-07 9.29776880e+02 1.06626887e+03
4.00158570e-07 7.28053782e+02 1.03043083e+03
4.00589624e-07 6.85444861e+02 1.06920100e+03
4.01020677e-07 6.40748276e+02 1.04225823e+03
4.01451731e-07 6.28159115e+02 1.06537841e+03
4.01882785e-07 6.81137902e+02 1.02582134e+03
4.02313839e-07 6.71500657e+02 1.00451304e+03
4.02744892e-07 7.08512876e+02 1.03977123e+03
4.03175946e-07 7.27931595e+02 1.04504654e+03
4.03607000e-07 9.02956490e+02 1.15633223e+03
4.04038054e-07 8.72083117e+02 1.21827329e+03
4.04469108e-07 8.98203940e+02 1.21298710e+03
4.04900161e-07 9.27476485e+02 1.23061163e+03
4.05331215e-07 8.73971197e+02 1.73104827e+03
4.05762269e-07 9.01727525e+02 1.74577657e+03
4.06193323e-07 8.85129774e+02 1.85067921e+03
4.06624376e-07 8.73677994e+02 1.93049081e+03
4.07055430e-07 9.71274850e+02 1.28699755e+03
4.07486484e-07 1.18288464e+03 1.34774640e+03
4.07917538e-07 1.21730462e+03 1.32395279e+03
4.08348591e-07 1.16533596e+03 1.29328967e+03
4.08779645e-07 1.18194127e+03 1.28813435e+03
4.09210699e-07 1.37279922e+03 1.33769233e+03
4.09641753e-07 1.46459943e+03 1.35122199e+03
4.10072806e-07 1.34169521e+03 1.98169211e+03
4.10503860e-07 1.40192694e+03 1.98048900e+03
4.10934914e-07 1.29773519e+03 1.95146890e+03
4.11365968e-07 9.12406645e+02 1.65411487e+03
4.11797022e-07 7.38084845e+02 1.04369239e+03
4.12228075e-07 6.93992316e+02 1.12090702e+03
4.12659129e-07 9.04926775e+02 1.22322163e+03
4.13090183e-07 1.17401908e+03 1.34199706e+03
4.13521237e-07 1.35629984e+03 1.41001387e+03
4.13952290e-07 1.47335474e+03 1.41224275e+03
4.14383344e-07 1.49842052e+03 1.39933412e+03
4.14814398e-07 1.36876610e+03 1.36993983e+03
4.15245452e-07 1.01009934e+03 1.25113515e+03
4.15676505e-07 8.36087425e+02 1.24765457e+03
4.16107559e-07 1.03627469e+03 1.39166410e+03
4.16538613e-07 1.37574729e+03 1.56294626e+03
4.16969667e-07 1.61575435e+03 1.68534599e+03
4.17400720e-07 1.85505398e+03 1.77672861e+03
4.17831774e-07 1.84487408e+03 1.69299111e+03
4.18262828e-07 1.99114383e+03 1.70941730e+03
4.18693882e-07 1.96678174e+03 1.68190861e+03
4.19124935e-07 1.98441640e+03 1.63081142e+03
4.19555989e-07 2.31062543e+03 1.82085792e+03
4.19987043e-07 2.22628781e+03 1.73927574e+03
4.20418097e-07 2.45891040e+03 1.87279738e+03
4.20849151e-07 2.32505376e+03 1.77737034e+03
4.21280204e-07 2.36229314e+03 1.82269020e+03
4.21711258e-07 2.36921188e+03 1.82997709e+03
4.22142312e-07 2.45061879e+03 1.81343007e+03
4.22573366e-07 2.33745955e+03 1.71913102e+03
4.23004419e-07 2.49730776e+03 1.82257421e+03
4.23435473e-07 2.32904106e+03 1.72419181e+03
4.23866527e-07 2.33049143e+03 1.72732260e+03
4.24297581e-07 2.51945003e+03 1.86948774e+03
4.24728634e-07 2.38013329e+03 1.87579874e+03
4.25159688e-07 2.43209334e+03 1.89580570e+03
4.25590742e-07 2.18753791e+03 1.80352919e+03
4.26021796e-07 2.36222613e+03 1.85614828e+03
4.26452849e-07 2.52953245e+03 1.89122732e+03
4.26883903e-07 2.44414993e+03 1.91403127e+03
4.27314957e-07 2.65846403e+03 2.01282686e+03
4.27746011e-07 2.88856383e+03 2.08204448e+03
4.28177065e-07 2.83089623e+03 2.02986473e+03
4.28608118e-07 2.69135948e+03 1.98071872e+03
4.29039172e-07 2.65020890e+03 1.98431847e+03
4.29470226e-07 2.60465830e+03 1.95694610e+03
4.29901280e-07 2.66021746e+03 1.96796997e+03
4.30332333e-07 2.73714634e+03 2.01210648e+03
4.30763387e-07 2.65418828e+03 2.07104777e+03
4.31194441e-07 2.67922282e+03 2.08816477e+03
4.31625495e-07 2.73673703e+03 2.16907804e+03
4.32056548e-07 2.68518440e+03 2.11950395e+03
4.32487602e-07 2.64118790e+03 2.05785717e+03
4.32918656e-07 2.62982938e+03 2.03880144e+03
4.33349710e-07 2.84368401e+03 2.08618686e+03
4.33780763e-07 2.64064955e+03 1.95317960e+03
4.34211817e-07 2.52918864e+03 1.95173321e+03
4.34642871e-07 2.62947956e+03 1.98861086e+03
4.35073925e-07 2.63703780e+03 2.02376555e+03
4.35504978e-07 2.76597082e+03 2.06885430e+03
4.35936032e-07 2.82449216e+03 2.07594451e+03
4.36367086e-07 2.84997184e+03 2.11066877e+03
4.36798140e-07 2.77823075e+03 2.06969307e+03
4.37229194e-07 2.71234609e+03 2.09529515e+03
4.37660247e-07 2.85165600e+03 2.13505965e+03
4.38091301e-07 2.82089059e+03 2.14076796e+03
4.38522355e-07 2.91967695e+03 2.15899972e+03
4.38953409e-07 2.80559733e+03 2.10386832e+03
4.39384462e-07 2.84540653e+03 2.13005749e+03
4.39815516e-07 2.75516630e+03 2.13980938e+03
4.40246570e-07 2.83857168e+03 2.24870159e+03
4.40677624e-07 3.12682991e+03 2.43426589e+03
4.41108677e-07 3.06453951e+03 2.44343406e+03
4.41539731e-07 3.03612611e+03 2.41709136e+03
4.41970785e-07 3.28203901e+03 2.48934683e+03
4.42401839e-07 3.20218352e+03 2.41667312e+03
4.42832892e-07 2.72963678e+03 2.20892451e+03
4.43263946e-07 2.82204499e+03 2.24246912e+03
4.43695000e-07 3.06695573e+03 2.31127906e+03
4.44126054e-07 3.13739798e+03 2.38523265e+03
4.44557108e-07 3.28293345e+03 2.38673334e+03
4.44988161e-07 3.04024455e+03 2.27325455e+03
4.45419215e-07 3.02779517e+03 2.20585850e+03
4.45850269e-07 3.28809637e+03 2.30924905e+03
4.46281323e-07 3.24979008e+03 2.30862522e+03
4.46712376e-07 3.31956381e+03 2.35142142e+03
4.47143430e-07 3.38394808e+03 2.35069267e+03
4.47574484e-07 2.90355848e+03 2.18895134e+03
4.48005538e-07 3.40755710e+03 2.36298787e+03
4.48436591e-07 3.26092895e+03 2.32505401e+03
4.48867645e-07 3.21886775e+03 2.36697024e+03
4.49298699e-07 3.23976234e+03 2.35064795e+03
4.49729753e-07 3.09300729e+03 2.30815199e+03
4.50160806e-07 2.85202534e+03 2.21891880e+03
4.50591860e-07 2.87165949e+03 2.21390800e+03
4.51022914e-07 2.68023817e+03 2.17065514e+03
4.51453968e-07 2.78935108e+03 2.17172078e+03
4.51885022e-07 3.38142142e+03 2.45200616e+03
4.52316075e-07 3.97718438e+03 2.74536083e+03
4.52747129e-07 3.91446046e+03 2.75613538e+03
4.53178183e-07 4.01437129e+03 2.74750247e+03
4.53609237e-07 4.09986209e+03 2.86473100e+03
4.54040290e-07 3.95370687e+03 2.79350258e+03
4.54471344e-07 3.64717007e+03 2.65199907e+03
4.54902398e-07 4.21035494e+03 2.85751443e+03
4.55333452e-07 4.00677992e+03 2.73232496e+03
4.55764505e-07 4.23241710e+03 2.80422741e+03
4.56195559e-07 3.97694647e+03 2.74124654e+03
4.56626613e-07 4.37505892e+03 2.85601432e+03
4.57057667e-07 4.57156607e+03 2.92613763e+03
4.57488720e-07 4.47956565e+03 2.93223801e+03
4.57919774e-07 4.26804080e+03 2.84792805e+03
4.58350828e-07 4.16650775e+03 2.86187934e+03
4.58781882e-07 4.10665833e+03 2.81477002e+03
4.59212935e-07 4.22207897e+03 2.79693068e+03
4.59643989e-07 4.18779794e+03 2.78011539e+03
4.60075043e-07 4.36284130e+03 2.80242417e+03
4.60506097e-07 4.64848747e+03 2.94397659e+03
4.60937151e-07 4.55428645e+03 2.85329517e+03
4.61368204e-07 4.11741435e+03 2.75047453e+03
4.61799258e-07 4.70425671e+03 2.92881568e+03
4.62230312e-07 4.70315122e+03 2.95664048e+03
4.62661366e-07 5.12815136e+03 3.12258874e+03
4.63092419e-07 5.17063836e+03 3.15860409e+03
4.63523473e-07 5.24716575e+03 3.18286423e+03
4.63954527e-07 4.94028543e+03 3.04505850e+03
4.64385581e-07 4.97217661e+03 3.04949176e+03
4.64816634e-07 5.26604149e+03 3.15907513e+03
4.65247688e-07 5.50670942e+03 3.28534391e+03
4.65678742e-07 5.55687990e+03 3.35902441e+03
4.66109796e-07 5.29625465e+03 3.27214569e+03
4.66540849e-07 5.22252955e+03 3.22093831e+03
4.66971903e-07 5.05682355e+03 3.22579402e+03
4.67402957e-07 5.30845000e+03 3.31665419e+03
4.67834011e-07 5.65276365e+03 3.41076008e+03
4.68265065e-07 5.52669457e+03 3.36478258e+03
4.68696118e-07 5.67926772e+03 3.45090598e+03
4.69127172e-07 6.07727365e+03 3.57721455e+03
4.69558226e-07 5.85855483e+03 3.45367712e+03
4.69989280e-07 5.71684620e+03 3.38275444e+03
4.70420333e-07 6.00326326e+03 3.50434477e+03
4.70851387e-07 5.80960212e+03 3.48453558e+03
4.71282441e-07 6.11605483e+03 3.59863340e+03
4.71713495e-07 6.58245152e+03 3.77821265e+03
4.72144548e-07 6.70481175e+03 3.80976633e+03
4.72575602e-07 6.84061986e+03 3.80687990e+03
4.73006656e-07 6.69225719e+03 3.76118984e+03
4.73437710e-07 6.37223725e+03 3.66296003e+03
4.73868763e-07 6.05487285e+03 3.58001465e+03
4.74299817e-07 5.91737123e+03 3.49055896e+03
4.74730871e-07 5.92181712e+03 3.50403909e+03
4.75161925e-07 5.92622273e+03 3.47146565e+03
4.75592978e-07 6.23390354e+03 3.60204140e+03
4.76024032e-07 6.36861424e+03 3.63760123e+03
4.76455086e-07 6.38676296e+03 3.62495715e+03
4.76886140e-07 6.50043375e+03 3.68023283e+03
4.77317194e-07 6.68758266e+03 3.79114119e+03
4.77748247e-07 6.76845383e+03 3.84883957e+03
4.78179301e-07 6.93966016e+03 3.89613581e+03
4.78610355e-07 7.12319524e+03 3.91988807e+03
4.79041409e-07 6.94362094e+03 3.93623780e+03
4.79472462e-07 6.69966605e+03 3.87538311e+03
4.79903516e-07 6.84626514e+03 3.92322108e+03
4.80334570e-07 6.90599093e+03 3.95956700e+03
4.80765624e-07 6.93050590e+03 3.99231046e+03
4.81196677e-07 7.02052213e+03 4.06473609e+03
4.81627731e-07 6.89209115e+03 4.14464911e+03
4.82058785e-07 7.07717058e+03 4.18347428e+03
4.82489839e-07 7.27625293e+03 6.41169822e+03
4.82920892e-07 7.65763678e+03 6.67996921e+03
4.83351946e-07 7.51367445e+03 6.70359956e+03
4.83783000e-07 7.47351390e+03 6.63989839e+03
4.84214054e-07 8.20157714e+03 4.61670933e+03
4.84645108e-07 7.31778617e+03 4.21939522e+03
4.85076161e-07 7.13172185e+03 4.14778237e+03
4.85507215e-07 7.39720189e+03 4.24761661e+03
4.85938269e-07 7.14622571e+03 4.09634612e+03
4.86369323e-07 6.80808248e+03 3.93608571e+03
4.86800376e-07 6.96918539e+03 4.04047031e+03
4.87231430e-07 7.10296830e+03 4.10122462e+03
4.87662484e-07 7.34558810e+03 4.20621926e+03
4.88093538e-07 7.26142575e+03 4.26429315e+03
4.88524591e-07 7.11557825e+03 4.16944488e+03
4.88955645e-07 7.13185155e+03 4.20939173e+03
4.89386699e-07 7.18534812e+03 4.23293402e+03
4.89817753e-07 7.27444883e+03 4.27421942e+03
4.90248806e-07 7.41907689e+03 4.33209842e+03
4.90679860e-07 7.52391412e+03 4.39995165e+03
4.91110914e-07 7.22124181e+03 4.22146905e+03
4.91541968e-07 7.48406241e+03 4.23402550e+03
4.91973022e-07 7.46470256e+03 4.33026041e+03
4.92404075e-07 7.41844580e+03 4.33208826e+03
4.92835129e-07 7.36044027e+03 4.29267186e+03
4.93266183e-07 7.42019470e+03 4.30926139e+03
4.93697237e-07 7.55436956e+03 4.39669057e+03
4.94128290e-07 8.06405708e+03 4.59620911e+03
4.94559344e-07 7.93958546e+03 4.51677635e+03
4.94990398e-07 7.89165485e+03 4.50586046e+03
4.95421452e-07 8.01486283e+03 4.59531249e+03
4.95852505e-07 8.24291949e+03 4.66788981e+03
4.96283559e-07 8.09723904e+03 4.65179929e+03
4.96714613e-07 8.51461265e+03 4.85048185e+03
4.97145667e-07 8.63605669e+03 4.88227841e+03
4.97576720e-07 8.56206612e+03 4.90965217e+03
4.98007774e-07 8.62791035e+03 4.91078944e+03
4.98438828e-07 8.76085825e+03 4.90881718e+03
4.98869882e-07 8.31251848e+03 4.78252474e+03
4.99300935e-07 8.27328627e+03 4.77999469e+03
4.99731989e-07 8.10459443e+03 4.71993595e+03
5.00163043e-07 8.43578301e+03 4.83725607e+03
5.00594097e-07 8.37717994e+03 4.86068447e+03
5.01025151e-07 8.49439224e+03 4.90713017e+03
5.01456204e-07 8.60228943e+03 4.95023021e+03
5.01887258e-07 9.11909749e+03 5.12670282e+03
5.02318312e-07 8.72741594e+03 4.99511730e+03
5.02749366e-07 8.83081024e+03 4.97970480e+03
5.03180419e-07 8.92554636e+03 5.06075759e+03
5.03611473e-07 8.91759732e+03 4.98908504e+03
5.04042527e-07 9.05009669e+03 5.05469120e+03
5.04473581e-07 9.18578969e+03 5.13127264e+03
5.04904634e-07 9.27436507e+03 5.10176870e+03
5.05335688e-07 9.28029364e+03 5.13954917e+03
5.05766742e-07 9.03014063e+03 5.09972673e+03
5.06197796e-07 9.14974396e+03 5.12485189e+03
5.06628849e-07 9.10118521e+03 5.11445654e+03
5.07059903e-07 9.11451537e+03 5.09049729e+03
5.07490957e-07 9.18737138e+03 5.10893126e+03
5.07922011e-07 9.03120949e+03 5.05178130e+03
5.08353065e-07 8.90870569e+03 5.05078846e+03
5.08784118e-07 8.78513415e+03 4.94188048e+03
5.09215172e-07 8.42872219e+03 4.85096545e+03
5.09646226e-07 8.63718540e+03 4.94846176e+03
5.10077280e-07 8.72855038e+03 5.01245433e+03
5.10508333e-07 9.24118528e+03 5.15633673e+03
5.10939387e-07 9.26048157e+03 5.13450457e+03
5.11370441e-07 9.18621857e+03 5.15322583e+03
5.11801495e-07 9.23371590e+03 5.15758669e+03
5.12232548e-07 9.29912203e+03 5.22612601e+03
5.12663602e-07 9.17806624e+03 5.12508504e+03
5.13094656e-07 1.00011594e+04 5.53474555e+03
5.13525710e-07 9.83801640e+03 5.53159645e+03
5.13956763e-07 9.58819841e+03 5.48632224e+03
5.14387817e-07 9.92746309e+03 5.61232640e+03
5.14818871e-07 9.66199597e+03 5.47814652e+03
5.15249925e-07 9.27402286e+03 5.31235195e+03
5.15680978e-07 9.77016365e+03 5.54283965e+03
5.16112032e-07 1.02227364e+04 5.69983858e+03
5.16543086e-07 1.01712219e+04 5.57548502e+03
5.16974140e-07 1.02446803e+04 5.55261544e+03
5.17405194e-07 1.01136018e+04 5.51883543e+03
5.17836247e-07 1.01807653e+04 5.55413557e+03
5.18267301e-07 1.08526027e+04 5.85659846e+03
5.18698355e-07 1.08010712e+04 5.83138788e+03
5.19129409e-07 9.92830559e+03 5.61980691e+03
5.19560462e-07 1.02490496e+04 5.89710230e+03
5.19991516e-07 9.74179384e+03 5.71041829e+03
5.20422570e-07 1.00149364e+04 5.71515195e+03
5.20853624e-07 1.02114035e+04 5.73801775e+03
5.21284677e-07 9.95124941e+03 5.55012783e+03
5.21715731e-07 1.01025437e+04 5.67122782e+03
5.22146785e-07 9.36515883e+03 5.43356495e+03
5.22577839e-07 9.94824360e+03 5.58247343e+03
5.23008892e-07 1.01906786e+04 5.68062008e+03
5.23439946e-07 1.01477556e+04 5.69668298e+03
5.23871000e-07 9.97594854e+03 5.56020226e+03
5.24302054e-07 1.00507936e+04 5.58122892e+03
5.24733108e-07 1.01008363e+04 5.53395388e+03
5.25164161e-07 9.58460929e+03 5.42900823e+03
5.25595215e-07 9.84513192e+03 5.57064141e+03
5.26026269e-07 9.39001376e+03 5.27123860e+03
5.26457323e-07 1.00659147e+04 5.46973892e+03
5.26888376e-07 9.92292757e+03 5.41983938e+03
5.27319430e-07 9.90663430e+03 5.45683277e+03
5.27750484e-07 9.54089472e+03 5.34384944e+03
5.28181538e-07 1.01070278e+04 5.58283109e+03
5.28612591e-07 9.91913022e+03 5.47120370e+03
5.29043645e-07 1.03273324e+04 5.71130139e+03
5.29474699e-07 1.06847109e+04 5.80986262e+03
5.29905753e-07 1.05779660e+04 5.80025892e+03
5.30336806e-07 1.04218572e+04 5.77086274e+03
5.30767860e-07 1.06285951e+04 5.89351226e+03
5.31198914e-07 1.05697966e+04 5.89639384e+03
5.31629968e-07 9.82955167e+03 5.59826627e+03
5.32061022e-07 9.87217931e+03 5.60213538e+03
5.32492075e-07 1.00377771e+04 5.73235522e+03
5.32923129e-07 1.02049876e+04 5.77012707e+03
5.33354183e-07 1.01275140e+04 5.69550199e+03
5.33785237e-07 1.05142675e+04 5.82335247e+03
5.34216290e-07 9.86288616e+03 5.54882713e+03
5.34647344e-07 1.01848730e+04 5.67854369e+03
5.35078398e-07 9.84435775e+03 5.56964344e+03
5.35509452e-07 9.94564717e+03 5.56211652e+03
5.35940505e-07 1.00593386e+04 5.58377588e+03
5.36371559e-07 1.02880301e+04 5.68565521e+03
5.36802613e-07 9.80838990e+03 5.46955688e+03
5.37233667e-07 9.83251025e+03 5.51806267e+03
5.37664720e-07 1.02144419e+04 8.65436697e+03
5.38095774e-07 1.02174544e+04 8.57442681e+03
5.38526828e-07 9.51365888e+03 8.21949595e+03
5.38957882e-07 1.00048975e+04 5.54671464e+03
5.39388935e-07 9.59064816e+03 5.34295585e+03
5.39819989e-07 1.00989158e+04 5.49564014e+03
5.40251043e-07 9.95840069e+03 5.48092194e+03
5.40682097e-07 9.83968048e+03 5.43057257e+03
5.41113151e-07 9.00323463e+03 5.10620858e+03
5.41544204e-07 8.52527042e+03 4.97659838e+03
5.41975258e-07 8.20078028e+03 4.84079584e+03
5.42406312e-07 8.81201038e+03 5.07492472e+03
5.42837366e-07 8.83892878e+03 5.12011770e+03
5.43268419e-07 9.18431211e+03 5.25475962e+03
5.43699473e-07 9.43300528e+03 5.39712652e+03
5.44130527e-07 1.05304917e+04 5.75138019e+03
5.44561581e-07 1.06587897e+04 5.77575610e+03
5.44992634e-07 1.02376394e+04 5.69025709e+03
5.45423688e-07 1.04869070e+04 5.74689117e+03
5.45854742e-07 1.05093610e+04 5.79568424e+03
5.46285796e-07 1.08699316e+04 5.92360429e+03
5.46716849e-07 1.16905656e+04 6.19665612e+03
5.47147903e-07 1.08783862e+04 5.82814741e+03
5.47578957e-07 1.18612463e+04 6.23882269e+03
5.48010011e-07 1.15488068e+04 6.10479324e+03
5.48441065e-07 1.20943848e+04 6.34818499e+03
5.48872118e-07 1.19608868e+04 6.30745447e+03
5.49303172e-07 1.22305207e+04 6.36499140e+03
5.49734226e-07 1.18041356e+04 6.24672553e+03
5.50165280e-07 1.19280918e+04 6.35980216e+03
5.50596333e-07 1.18057036e+04 6.23555215e+03
5.51027387e-07 1.16145327e+04 6.20953997e+03
5.51458441e-07 1.12086687e+04 6.06608457e+03
5.51889495e-07 1.11875765e+04 6.10236560e+03
5.52320548e-07 1.14646293e+04 6.18087689e+03
5.52751602e-07 1.19946705e+04 6.40290796e+03
5.53182656e-07 1.25068208e+04 6.56753556e+03
5.53613710e-07 1.27696383e+04 6.65579102e+03
5.54044763e-07 1.30733646e+04 6.84419625e+03
5.54475817e-07 1.24881493e+04 6.68934221e+03
5.54906871e-07 1.28606598e+04 6.73044075e+03
5.55337925e-07 1.27280529e+04 6.70088994e+03
5.55768978e-07 1.31111108e+04 6.82786766e+03
5.56200032e-07 1.37202032e+04 7.07252626e+03
5.56631086e-07 1.52019986e+04 9.25057674e+03
5.57062140e-07 1.49549559e+04 2.80413834e+04
5.57493194e-07 1.50635939e+04 6.21933514e+04
5.57924247e-07 9.11202176e+03 5.55127713e+04
5.58355301e-07 7.88423966e+03 2.41643015e+04
5.58786355e-07 1.14068732e+04 1.00701924e+04
5.59217409e-07 1.31956366e+04 7.23055273e+03
5.59648462e-07 1.27836500e+04 6.80640612e+03
5.60079516e-07 1.31845776e+04 7.08063906e+03
5.60510570e-07 1.37993524e+04 7.25901819e+03
5.60941624e-07 1.41811341e+04 7.35772401e+03
5.61372677e-07 1.41341007e+04 7.20672286e+03
5.61803731e-07 1.34729081e+04 7.11822473e+03
5.62234785e-07 1.29641086e+04 6.94550566e+03
5.62665839e-07 1.33719924e+04 7.01671052e+03
5.63096892e-07 1.36971009e+04 7.06473731e+03
5.63527946e-07 1.42756611e+04 7.25860259e+03
5.63959000e-07 1.32474957e+04 6.88554357e+03
5.64390054e-07 1.36638651e+04 7.08562475e+03
5.64821108e-07 1.34429994e+04 7.03310001e+03
5.65252161e-07 1.33876656e+04 6.90063022e+03
5.65683215e-07 1.29243105e+04 6.77021338e+03
5.66114269e-07 1.26251686e+04 6.65437538e+03
5.66545323e-07 1.31929241e+04 6.93991332e+03
5.66976376e-07 1.30729248e+04 6.88971569e+03
5.67407430e-07 1.37468875e+04 7.16701199e+03
5.67838484e-07 1.38618392e+04 7.25684286e+03
5.68269538e-07 1.36627124e+04 7.18055475e+03
5.68700591e-07 1.36196965e+04 7.18045648e+03
5.69131645e-07 1.33842483e+04 7.08051926e+03
5.69562699e-07 1.38352454e+04 7.31176425e+03
5.69993753e-07 1.35400191e+04 7.21229867e+03
5.70424806e-07 1.37176917e+04 7.22720843e+03
5.70855860e-07 1.34269423e+04 7.16254636e+03
5.71286914e-07 1.35721494e+04 7.19412925e+03
5.71717968e-07 1.36388400e+04 7.29274264e+03
5.72149022e-07 1.36477923e+04 7.36757756e+03
5.72580075e-07 1.39295155e+04 7.39613473e+03
5.73011129e-07 1.35920687e+04 7.19893304e+03
5.73442183e-07 1.30312854e+04 6.95417559e+03
5.73873237e-07 1.33198626e+04 7.07100948e+03
5.74304290e-07 1.36655705e+04 7.20885147e+03
5.74735344e-07 1.37522664e+04 7.22777774e+03
5.75166398e-07 1.39364829e+04 7.31236936e+03
5.75597452e-07 1.39532830e+04 7.33013644e+03
5.76028505e-07 1.37177991e+04 7.27110479e+03
5.76459559e-07 1.40369514e+04 7.43378740e+03
5.76890613e-07 1.35406788e+04 7.30425522e+03
5.77321667e-07 1.39617296e+04 7.39826729e+03
5.77752720e-07 1.40069746e+04 7.42057615e+03
5.78183774e-07 1.43770079e+04 1.17799530e+04
5.78614828e-07 1.44784217e+04 1.17481890e+04
5.79045882e-07 1.42602603e+04 1.17285836e+04
5.79476935e-07 1.40894307e+04 1.16565741e+04
5.79907989e-07 1.40702898e+04 7.48646154e+03
5.80339043e-07 1.49981616e+04 7.85957622e+03
5.80770097e-07 1.47042081e+04 7.79775309e+03
5.81201151e-07 1.45942834e+04 7.66612093e+03
5.81632204e-07 1.48908931e+04 7.80461764e+03
5.82063258e-07 1.53136711e+04 8.00023347e+03
5.82494312e-07 1.50212717e+04 7.95580371e+03
5.82925366e-07 1.52235643e+04 7.99432901e+03
5.83356419e-07 1.42896186e+04 7.66490738e+03
5.83787473e-07 1.47479631e+04 7.81638061e+03
5.84218527e-07 1.48043090e+04 7.90926134e+03
5.84649581e-07 1.45546972e+04 7.78843707e+03
5.85080634e-07 1.44134999e+04 7.72811141e+03
5.85511688e-07 1.41181387e+04 7.61192105e+03
5.85942742e-07 1.43554772e+04 7.83151920e+03
5.86373796e-07 1.38243577e+04 8.00187494e+03
5.86804849e-07 1.48183879e+04 8.47143275e+03
5.87235903e-07 1.42011377e+04 8.11747026e+03
5.87666957e-07 1.45259912e+04 8.06742120e+03
5.88098011e-07 1.52276055e+04 9.16642113e+03
5.88529065e-07 1.44320782e+04 1.18769631e+04
5.88960118e-07 1.36089888e+04 1.46113652e+04
5.89391172e-07 1.39615219e+04 1.41749661e+04
5.89822226e-07 1.37977189e+04 1.12808710e+04
5.90253280e-07 1.44955136e+04 9.25645330e+03
5.90684333e-07 1.43821273e+04 8.33804468e+03
5.91115387e-07 1.44106711e+04 8.39782055e+03
5.91546441e-07 1.48689298e+04 8.63238601e+03
5.91977495e-07 1.45630847e+04 8.45957356e+03
5.92408548e-07 1.49676832e+04 8.62115497e+03
5.92839602e-07 1.43050837e+04 8.52123401e+03
5.93270656e-07 1.45407278e+04 8.61031993e+03
5.93701710e-07 1.48309954e+04 8.44854193e+03
5.94132763e-07 1.48852071e+04 8.39493259e+03
5.94563817e-07 1.49387325e+04 8.55488725e+03
5.94994871e-07 1.52445916e+04 8.85601548e+03
5.95425925e-07 1.56448454e+04 8.97684236e+03
5.95856978e-07 1.53734343e+04 8.73208397e+03
5.96288032e-07 1.53651134e+04 8.67629577e+03
5.96719086e-07 1.56921851e+04 8.77480209e+03
5.97150140e-07 1.51469712e+04 8.72716756e+03
5.97581194e-07 1.56128880e+04 8.82862235e+03
5.98012247e-07 1.48094472e+04 8.51680029e+03
5.98443301e-07 1.53316826e+04 8.52373971e+03
5.98874355e-07 1.54680254e+04 8.57007217e+03
5.99305409e-07 1.58742668e+04 8.70130658e+03
5.99736462e-07 1.59996954e+04 8.80183536e+03
6.00167516e-07 1.57160952e+04 8.73272308e+03
6.00598570e-07 1.59208932e+04 8.76945020e+03
6.01029624e-07 1.60657365e+04 8.75664967e+03
6.01460677e-07 1.60297906e+04 8.70365385e+03
6.01891731e-07 1.54360447e+04 8.45275347e+03
6.02322785e-07 1.55702299e+04 8.50713318e+03
6.02753839e-07 1.64428332e+04 8.85801790e+03
6.03184892e-07 1.60236203e+04 8.66083487e+03
6.03615946e-07 1.54298254e+04 8.43392863e+03
6.04047000e-07 1.64156554e+04 8.78275397e+03
6.04478054e-07 1.63670456e+04 8.74352405e+03
6.04909108e-07 1.62078858e+04 8.65215137e+03
6.05340161e-07 1.57892205e+04 8.55814683e+03
6.05771215e-07 1.55434227e+04 8.46296113e+03
6.06202269e-07 1.50009183e+04 8.25258069e+03
6.06633323e-07 1.55826060e+04 8.47688187e+03
6.07064376e-07 1.63858726e+04 8.77439828e+03
6.07495430e-07 1.66869901e+04 8.79902924e+03
6.07926484e-07 1.70607376e+04 8.91555211e+03
6.08357538e-07 1.63017946e+04 8.72407620e+03
6.08788591e-07 1.60755551e+04 8.62876575e+03
6.09219645e-07 1.70224011e+04 8.98172079e+03
6.09650699e-07 1.69603307e+04 8.89217130e+03
6.10081753e-07 1.67070964e+04 8.78222987e+03
6.10512806e-07 1.64678884e+04 8.75725811e+03
6.10943860e-07 1.71580374e+04 8.99183653e+03
6.11374914e-07 1.67646473e+04 8.80927631e+03
6.11805968e-07 1.63037655e+04 8.68406408e+03
6.12237022e-07 1.64240830e+04 8.59824456e+03
6.12668075e-07 1.65737779e+04 8.76624167e+03
6.13099129e-07 1.67168738e+04 8.83132008e+03
6.13530183e-07 1.60006700e+04 8.66295916e+03
6.13961237e-07 1.58157018e+04 8.66032430e+03
6.14392290e-07 1.58795866e+04 8.62166343e+03
6.14823344e-07 1.58654246e+04 8.53261196e+03
6.15254398e-07 1.56768800e+04 8.47175949e+03
6.15685452e-07 1.54599592e+04 8.35631733e+03
6.16116505e-07 1.55001125e+04 8.34320682e+03
6.16547559e-07 1.48799188e+04 8.23211916e+03
6.16978613e-07 1.32718740e+04 7.73883707e+03
6.17409667e-07 1.28246329e+04 7.49888189e+03
6.17840720e-07 1.34650620e+04 7.62142358e+03
6.18271774e-07 1.48250350e+04 8.09181211e+03
6.18702828e-07 1.55600868e+04 8.37343669e+03
6.19133882e-07 1.58589313e+04 8.45369497e+03
6.19564935e-07 1.61545771e+04 8.59131374e+03
6.19995989e-07 1.63485679e+04 8.79209151e+03
6.20427043e-07 1.64039108e+04 8.79994893e+03
6.20858097e-07 1.64455655e+04 8.70902891e+03
6.21289151e-07 1.69702268e+04 8.89346067e+03
6.21720204e-07 1.62703162e+04 8.70770119e+03
6.22151258e-07 1.55596798e+04 8.49095670e+03
6.22582312e-07 1.57481805e+04 8.53486171e+03
6.23013366e-07 1.58561195e+04 9.11722095e+03
6.23444419e-07 1.56140277e+04 9.60707329e+03
6.23875473e-07 1.58816467e+04 9.55560581e+03
6.24306527e-07 1.61941908e+04 9.11163192e+03
6.24737581e-07 1.57825875e+04 8.72016042e+03
6.25168634e-07 1.59501648e+04 8.97966371e+03
6.25599688e-07 1.62903302e+04 9.39970852e+03
6.26030742e-07 1.58977682e+04 9.35859142e+03
6.26461796e-07 1.58727724e+04 9.00889524e+03
6.26892849e-07 1.62013465e+04 8.81016885e+03
6.27323903e-07 1.54817461e+04 8.54992545e+03
6.27754957e-07 1.53016442e+04 8.42673353e+03
6.28186011e-07 1.54784540e+04 8.74356716e+03
6.28617065e-07 1.59458159e+04 9.18875154e+03
6.29048118e-07 1.58636981e+04 9.89198852e+03
6.29479172e-07 1.59081900e+04 1.39285741e+04
6.29910226e-07 1.50353800e+04 1.77608762e+04
6.30341280e-07 1.51848594e+04 1.52318112e+04
6.30772333e-07 1.53846827e+04 1.07397877e+04
6.31203387e-07 1.57175027e+04 8.88156271e+03
6.31634441e-07 1.63573766e+04 8.79082866e+03
6.32065495e-07 1.67619742e+04 9.19554869e+03
6.32496548e-07 1.67107789e+04 9.35336150e+03
6.32927602e-07 1.65193251e+04 9.43308467e+03
6.33358656e-07 1.68058804e+04 9.21450352e+03
6.33789710e-07 1.65227503e+04 8.83989057e+03
6.34220763e-07 1.66772460e+04 8.85241988e+03
6.34651817e-07 1.66426658e+04 8.94616270e+03
6.35082871e-07 1.68302513e+04 9.13778857e+03
6.35513925e-07 1.71550823e+04 1.00106850e+04
6.35944978e-07 1.67221140e+04 1.13539576e+04
6.36376032e-07 1.63107598e+04 1.16826405e+04
6.36807086e-07 1.64252482e+04 1.01916159e+04
6.37238140e-07 1.65963012e+04 9.04149070e+03
6.37669194e-07 1.65564794e+04 8.74023699e+03
6.38100247e-07 1.68377818e+04 8.97115346e+03
6.38531301e-07 1.68129541e+04 9.02143898e+03
6.38962355e-07 1.65365771e+04 8.76861639e+03
6.39393409e-07 1.66661993e+04 8.65341076e+03
6.39824462e-07 1.68276936e+04 8.58273912e+03
6.40255516e-07 1.68107685e+04 8.60599350e+03
6.40686570e-07 1.65415217e+04 8.52920861e+03
6.41117624e-07 1.66516501e+04 8.63233528e+03
6.41548677e-07 1.65493461e+04 8.67892403e+03
6.41979731e-07 1.64314661e+04 8.59684583e+03
6.42410785e-07 1.64668791e+04 8.46915707e+03
6.42841839e-07 1.67507912e+04 8.57295933e+03
6.43272892e-07 1.68099117e+04 8.58502434e+03
6.43703946e-07 1.69692154e+04 8.56140481e+03
6.44135000e-07 1.72579101e+04 8.65302815e+03
6.44566054e-07 1.69450240e+04 8.61471796e+03
6.44997108e-07 1.65580545e+04 8.53501675e+03
6.45428161e-07 1.63689858e+04 8.54766507e+03
6.45859215e-07 1.56635562e+04 8.47752465e+03
6.46290269e-07 1.57205603e+04 8.80720217e+03
6.46721323e-07 1.60454449e+04 9.13644601e+03
6.47152376e-07 1.59926283e+04 8.82517415e+03
6.47583430e-07 1.61897588e+04 8.55561955e+03
6.48014484e-07 1.64348214e+04 8.41509787e+03
6.48445538e-07 1.62079665e+04 8.24547920e+03
6.48876591e-07 1.60218491e+04 8.23059957e+03
6.49307645e-07 1.69533735e+04 9.04742300e+03
6.49738699e-07 1.74432026e+04 9.61463731e+03
6.50169753e-07 1.77566881e+04 9.64483838e+03
6.50600806e-07 1.69172589e+04 8.92156165e+03
6.51031860e-07 1.59813985e+04 8.29259476e+03
6.51462914e-07 1.57084973e+04 8.11804707e+03
6.51893968e-07 1.58093430e+04 8.29570623e+03
6.52325022e-07 1.62565990e+04 8.57430995e+03
6.52756075e-07 1.67098541e+04 8.90536501e+03
6.53187129e-07 1.66770085e+04 9.18091993e+03
6.53618183e-07 1.66413015e+04 1.33522081e+04
6.54049237e-07 1.67581441e+04 1.29883816e+04
6.54480290e-07 1.68566718e+04 1.32225100e+04
6.54911344e-07 1.71508450e+04 1.38287446e+04
6.55342398e-07 1.63632994e+04 1.36093074e+04
6.55773452e-07 1.62802520e+04 8.86647445e+03
6.56204505e-07 1.62703476e+04 8.60808956e+03
6.56635559e-07 1.69083304e+04 8.79054415e+03
6.57066613e-07 1.73046120e+04 9.09725321e+03
6.57497667e-07 1.75382301e+04 9.47616895e+03
6.57928720e-07 1.72371148e+04 9.18046873e+03
6.58359774e-07 1.71312434e+04 8.76548077e+03
6.58790828e-07 1.77889923e+04 8.81426890e+03
6.59221882e-07 1.75880711e+04 8.83033667e+03
6.59652935e-07 1.76725496e+04 9.02413781e+03
6.60083989e-07 1.75219082e+04 9.02912387e+03
6.60515043e-07 1.77482574e+04 9.08679395e+03
6.60946097e-07 1.78447752e+04 8.84579046e+03
6.61377151e-07 1.71175410e+04 8.46732458e+03
6.61808204e-07 1.77156177e+04 8.64694950e+03
6.62239258e-07 1.75667723e+04 8.66995565e+03
6.62670312e-07 1.75045200e+04 8.75669493e+03
6.63101366e-07 1.75338216e+04 8.76007711e+03
6.63532419e-07 1.77254079e+04 8.85649825e+03
6.63963473e-07 1.81227569e+04 8.88281151e+03
6.64394527e-07 1.80811387e+04 8.80599037e+03
6.64825581e-07 1.78593214e+04 8.73935062e+03
6.65256634e-07 1.79829692e+04 8.82465964e+03
6.65687688e-07 1.72057456e+04 8.51987597e+03
6.66118742e-07 1.76849385e+04 8.71602172e+03
6.66549796e-07 1.71900868e+04 8.52424755e+03
6.66980849e-07 1.77302433e+04 8.68264454e+03
6.67411903e-07 1.83733456e+04 8.86915456e+03
6.67842957e-07 1.81114094e+04 8.67182048e+03
6.68274011e-07 1.79894277e+04 8.65970581e+03
6.68705065e-07 1.81933249e+04 8.77156975e+03
6.69136118e-07 1.81994580e+04 8.79480693e+03
6.69567172e-07 1.80379778e+04 8.85529713e+03
6.69998226e-07 1.81626159e+04 8.89081689e+03
6.70429280e-07 1.79900689e+04 8.84476032e+03
6.70860333e-07 1.86125873e+04 8.91988226e+03
6.71291387e-07 1.74216918e+04 8.53169963e+03
6.71722441e-07 1.80961991e+04 8.76083071e+03
6.72153495e-07 1.87447080e+04 8.96273333e+03
6.72584548e-07 1.79253977e+04 8.62575169e+03
6.73015602e-07 1.88414557e+04 8.99047972e+03
6.73446656e-07 1.81744187e+04 8.78266064e+03
6.73877710e-07 1.81350743e+04 8.79735803e+03
6.74308763e-07 1.80919601e+04 8.81259874e+03
6.74739817e-07 1.91550291e+04 9.13586506e+03
6.75170871e-07 1.79657471e+04 8.64636833e+03
6.75601925e-07 1.77878178e+04 8.55959263e+03
6.76032978e-07 1.79395272e+04 8.60703511e+03
6.76464032e-07 1.79208279e+04 8.53516714e+03
6.76895086e-07 1.82332699e+04 8.62266148e+03
6.77326140e-07 1.80755674e+04 8.65885360e+03
6.77757194e-07 1.84622468e+04 8.77417599e+03
6.78188247e-07 1.88533678e+04 8.89908619e+03
6.78619301e-07 1.87476655e+04 8.90561822e+03
6.79050355e-07 1.85126712e+04 8.78720521e+03
6.79481409e-07 1.83689096e+04 8.73017198e+03
6.79912462e-07 1.78128293e+04 8.54178622e+03
6.80343516e-07 1.72362622e+04 8.33516351e+03
6.80774570e-07 1.72526339e+04 8.33300446e+03
6.81205624e-07 1.74042603e+04 8.44551973e+03
6.81636677e-07 1.84686071e+04 8.73064969e+03
6.82067731e-07 1.75137710e+04 8.94491520e+03
6.82498785e-07 1.79982376e+04 1.02529208e+04
6.82929839e-07 1.86077171e+04 1.15357005e+04
6.83360892e-07 1.87301933e+04 1.12262577e+04
6.83791946e-07 1.81560500e+04 9.90710051e+03
6.84223000e-07 1.82507303e+04 9.23041185e+03
6.84654054e-07 1.85519854e+04 9.05557515e+03
6.85085108e-07 1.83818014e+04 8.83813058e+03
6.85516161e-07 1.85432544e+04 9.37089506e+03
6.85947215e-07 1.77503049e+04 1.03645809e+04
6.86378269e-07 1.65263395e+04 1.05750758e+04
6.86809323e-07 1.31998155e+04 8.13023446e+03
6.87240376e-07 1.25467569e+04 6.92585339e+03
6.87671430e-07 1.43897959e+04 7.50185108e+03
6.88102484e-07 1.59416462e+04 8.25969740e+03
6.88533538e-07 1.62718510e+04 8.47901410e+03
6.88964591e-07 1.57945265e+04 8.31530450e+03
6.89395645e-07 1.59848324e+04 8.27933195e+03
6.89826699e-07 1.72551750e+04 8.63141068e+03
6.90257753e-07 1.71435806e+04 8.55466187e+03
6.90688806e-07 1.66303626e+04 8.54385850e+03
6.91119860e-07 1.72165811e+04 8.97848323e+03
6.91550914e-07 1.69483530e+04 9.02501668e+03
6.91981968e-07 1.73196215e+04 9.59677342e+03
6.92413022e-07 1.69964319e+04 9.51229796e+03
6.92844075e-07 1.73323974e+04 8.84914579e+03
6.93275129e-07 1.71433254e+04 8.57734690e+03
6.93706183e-07 1.69887011e+04 8.83632987e+03
6.94137237e-07 1.64427441e+04 8.93777870e+03
6.94568290e-07 1.71548865e+04 9.64997346e+03
6.94999344e-07 1.73280823e+04 9.78662995e+03
6.95430398e-07 1.67367478e+04 8.86870456e+03
6.95861452e-07 1.69143075e+04 8.45592229e+03
6.96292505e-07 1.71540966e+04 8.64616757e+03
6.96723559e-07 1.72175582e+04 8.95037508e+03
6.97154613e-07 1.71387810e+04 9.19096737e+03
6.97585667e-07 1.72690941e+04 9.54294287e+03
6.98016720e-07 1.68640315e+04 9.17813217e+03
6.98447774e-07 1.70654382e+04 8.65940268e+03
6.98878828e-07 1.67159699e+04 8.33905165e+03
6.99309882e-07 1.59558329e+04 7.99509660e+03
6.99740935e-07 1.67145935e+04 8.39376553e+03
7.00171989e-07 1.67194479e+04 8.51732175e+03
7.00603043e-07 1.61271858e+04 8.44685058e+03
7.01034097e-07 1.65823438e+04 8.62048917e+03
7.01465151e-07 1.66012478e+04 8.42756299e+03
7.01896204e-07 1.61519780e+04 7.99851248e+03
7.02327258e-07 1.59673892e+04 7.89007165e+03
7.02758312e-07 1.75068167e+04 8.41252181e+03
7.03189366e-07 1.73527324e+04 8.40283443e+03
7.03620419e-07 1.69255027e+04 8.37949086e+03
7.04051473e-07 1.68110500e+04 8.52888439e+03
7.04482527e-07 1.68885994e+04 9.02311136e+03
7.04913581e-07 1.73788159e+04 9.31036602e+03
7.05344634e-07 1.72991897e+04 8.86303411e+03
7.05775688e-07 1.69910059e+04 8.48440392e+03
7.06206742e-07 1.69507043e+04 8.55769068e+03
7.06637796e-07 1.62415517e+04 8.43345629e+03
7.07068849e-07 1.66212309e+04 8.54846430e+03
7.07499903e-07 1.62515402e+04 8.45017735e+03
7.07930957e-07 1.61585368e+04 8.39129109e+03
7.08362011e-07 1.65411224e+04 8.62992492e+03
7.08793065e-07 1.66787790e+04 8.61847414e+03
7.09224118e-07 1.69540075e+04 8.49296294e+03
7.09655172e-07 1.64421337e+04 8.22258170e+03
7.10086226e-07 1.67455699e+04 8.26121374e+03
7.10517280e-07 1.65833807e+04 8.16025785e+03
7.10948333e-07 1.65552752e+04 8.13786055e+03
7.11379387e-07 1.66204131e+04 8.21887326e+03
7.11810441e-07 1.60274187e+04 8.03453677e+03
7.12241495e-07 1.59847431e+04 8.06622978e+03
7.12672548e-07 1.63909044e+04 8.23526692e+03
7.13103602e-07 1.61276285e+04 8.13005324e+03
7.13534656e-07 1.60185604e+04 8.18712878e+03
7.13965710e-07 1.60904028e+04 8.35153500e+03
7.14396763e-07 1.62125509e+04 8.67668204e+03
7.14827817e-07 1.65721930e+04 8.60626131e+03
7.15258871e-07 1.60144250e+04 8.12971090e+03
7.15689925e-07 1.58798674e+04 8.09903653e+03
7.16120978e-07 1.53134872e+04 7.85044590e+03
7.16552032e-07 1.39731649e+04 7.37977164e+03
7.16983086e-07 1.38433404e+04 7.28660107e+03
7.17414140e-07 1.38913753e+04 7.21947007e+03
7.17845194e-07 1.25875708e+04 6.77946763e+03
7.18276247e-07 1.23270268e+04 6.58376965e+03
7.18707301e-07 1.25880103e+04 6.57050212e+03
7.19138355e-07 1.27835754e+04 6.52982489e+03
7.19569409e-07 1.24804732e+04 6.40177639e+03
7.20000462e-07 1.25419190e+04 6.51080682e+03
7.20431516e-07 1.34472425e+04 6.86045999e+03
7.20862570e-07 1.37183100e+04 6.98770717e+03
7.21293624e-07 1.42250931e+04 7.15694663e+03
7.21724677e-07 1.44946527e+04 7.36838117e+03
7.22155731e-07 1.42381394e+04 7.47716834e+03
7.22586785e-07 1.41650096e+04 7.48297837e+03
7.23017839e-07 1.34812880e+04 7.58303626e+03
7.23448892e-07 1.25637593e+04 8.87384916e+03
7.23879946e-07 1.26699615e+04 1.17767975e+04
7.24311000e-07 1.29210743e+04 1.25922841e+04
7.24742054e-07 1.26427153e+04 1.04074308e+04
7.25173108e-07 1.28368713e+04 8.48276712e+03
7.25604161e-07 1.33030007e+04 7.83678137e+03
7.26035215e-07 1.32660929e+04 7.56470388e+03
7.26466269e-07 1.31917512e+04 7.58781644e+03
7.26897323e-07 1.31713114e+04 8.89048056e+03
7.27328376e-07 1.35762273e+04 1.14290151e+04
7.27759430e-07 1.33178782e+04 1.20458358e+04
7.28190484e-07 1.39923704e+04 1.09653559e+04
7.28621538e-07 1.46361349e+04 9.85672562e+03
7.29052591e-07 1.41951966e+04 8.58829550e+03
7.29483645e-07 1.39044128e+04 8.46798241e+03
7.29914699e-07 1.40284403e+04 8.63976683e+03
7.30345753e-07 1.35891838e+04 8.68280318e+03
7.30776806e-07 1.40041158e+04 9.03811588e+03
7.31207860e-07 1.35472196e+04 1.05364247e+04
7.31638914e-07 1.39952242e+04 1.17465780e+04
7.32069968e-07 1.52804172e+04 1.03257603e+04
7.32501022e-07 1.47096206e+04 9.48783474e+03
7.32932075e-07 1.50357356e+04 1.01977749e+04
7.33363129e-07 1.52528095e+04 1.06172090e+04
7.33794183e-07 1.41240648e+04 1.25348469e+04
7.34225237e-07 1.55068050e+04 1.31085426e+04
7.34656290e-07 1.54211873e+04 1.02241754e+04
7.35087344e-07 1.52375383e+04 9.22194402e+03
7.35518398e-07 1.44507549e+04 9.72452983e+03
7.35949452e-07 1.48141484e+04 1.04949068e+04
7.36380505e-07 1.49282179e+04 1.09990654e+04
7.36811559e-07 1.58585508e+04 1.24819266e+04
7.37242613e-07 1.66989845e+04 1.15842185e+04
7.37673667e-07 1.64051712e+04 9.50908805e+03
7.38104720e-07 1.59041959e+04 9.00705441e+03
7.38535774e-07 1.53939389e+04 9.12759412e+03
7.38966828e-07 1.52186466e+04 9.93219173e+03
7.39397882e-07 1.43622167e+04 1.02354652e+04
7.39828935e-07 1.46776807e+04 1.09685583e+04
7.40259989e-07 1.59945710e+04 1.16619431e+04
7.40691043e-07 1.53257013e+04 9.79901771e+03
7.41122097e-07 1.58670854e+04 9.18566152e+03
7.41553151e-07 1.51092783e+04 8.75961971e+03
7.41984204e-07 1.49690177e+04 8.70051498e+03
7.42415258e-07 1.50362269e+04 8.93266909e+03
7.42846312e-07 1.42086215e+04 9.22735681e+03
7.43277366e-07 1.47920677e+04 9.95072706e+03
7.43708419e-07 1.48552202e+04 1.01756989e+04
7.44139473e-07 1.50620951e+04 9.65337292e+03
7.44570527e-07 1.49696915e+04 8.84902127e+03
7.45001581e-07 1.49364363e+04 8.60947961e+03
7.45432634e-07 1.47165394e+04 8.69408007e+03
7.45863688e-07 1.47544396e+04 8.91984878e+03
7.46294742e-07 1.45784019e+04 9.27604504e+03
7.46725796e-07 1.46930463e+04 1.00056366e+04
7.47156849e-07 1.37141898e+04 1.00443292e+04
7.47587903e-07 1.48163997e+04 1.07497448e+04
7.48018957e-07 1.42089254e+04 1.06243438e+04
7.48450011e-07 1.44263396e+04 1.01081059e+04
7.48881065e-07 1.39038872e+04 9.09133008e+03
7.49312118e-07 1.35496258e+04 8.61023747e+03
7.49743172e-07 1.45988294e+04 9.00388851e+03
7.50174226e-07 1.47981818e+04 8.99038708e+03
7.50605280e-07 1.43930826e+04 8.76436884e+03
7.51036333e-07 1.39834050e+04 8.61226288e+03
7.51467387e-07 1.47137315e+04 9.39389723e+03
7.51898441e-07 1.45971725e+04 1.09337120e+04
7.52329495e-07 1.40737893e+04 1.20179410e+04
7.52760548e-07 1.36814184e+04 1.07626486e+04
7.53191602e-07 1.39167337e+04 9.46803426e+03
7.53622656e-07 1.42109375e+04 9.07311103e+03
7.54053710e-07 1.39495612e+04 8.81043488e+03
7.54484763e-07 1.45548783e+04 8.88927795e+03
7.54915817e-07 1.36558257e+04 8.53053789e+03
7.55346871e-07 1.33606098e+04 8.77495136e+03
7.55777925e-07 1.39531157e+04 9.06208324e+03
7.56208978e-07 1.45684072e+04 9.26963665e+03
7.56640032e-07 1.43898936e+04 1.01064801e+04
7.57071086e-07 1.35655371e+04 1.06459868e+04
7.57502140e-07 1.46646815e+04 1.02666043e+04
7.57933194e-07 1.47719083e+04 9.32310392e+03
7.58364247e-07 1.46396499e+04 9.39548100e+03
7.58795301e-07 1.33203498e+04 8.58700877e+03
7.59226355e-07 1.10723458e+04 7.17807664e+03
7.59657409e-07 5.84070149e+03 5.05764369e+03
7.60088462e-07 3.26882497e+03 3.72324695e+03
7.60519516e-07 3.45353992e+03 3.49747929e+03
7.60950570e-07 4.91103871e+03 4.22658557e+03
7.61381624e-07 7.05927978e+03 5.58711368e+03
7.61812677e-07 9.38725890e+03 6.90664229e+03
7.62243731e-07 7.82185328e+03 6.36918980e+03
7.62674785e-07 6.66022902e+03 5.86265903e+03
7.63105839e-07 7.42751609e+03 5.90219801e+03
7.63536892e-07 7.41162077e+03 5.80582537e+03
7.63967946e-07 7.95011802e+03 5.85582657e+03
7.64399000e-07 9.12738561e+03 6.34351640e+03
7.64830054e-07 9.81845836e+03 6.80277581e+03
7.65261108e-07 1.08460536e+04 7.36591062e+03
7.65692161e-07 1.15535903e+04 7.83081206e+03
7.66123215e-07 1.21368375e+04 8.24392616e+03
7.66554269e-07 1.26064585e+04 8.19769791e+03
7.66985323e-07 1.31264308e+04 8.17894713e+03
7.67416376e-07 1.38995490e+04 8.23643554e+03
7.67847430e-07 1.36861814e+04 8.33310373e+03
7.68278484e-07 1.36792927e+04 8.72966447e+03
7.68709538e-07 1.42086445e+04 9.13275493e+03
7.69140591e-07 1.40808998e+04 9.30533489e+03
7.69571645e-07 1.46542200e+04 9.42035163e+03
7.70002699e-07 1.50326511e+04 9.75388073e+03
7.70433753e-07 1.34581233e+04 9.66972443e+03
7.70864806e-07 1.28851105e+04 1.34448693e+04
7.71295860e-07 1.36287036e+04 1.90274390e+04
7.71726914e-07 1.52324082e+04 1.84199964e+04
7.72157968e-07 1.55479278e+04 1.38017922e+04
7.72589022e-07 1.59746010e+04 1.18822013e+04
7.73020075e-07 1.48023421e+04 1.01566362e+04
7.73451129e-07 1.51065860e+04 9.80806782e+03
7.73882183e-07 1.41005078e+04 9.55547695e+03
7.74313237e-07 1.27509638e+04 1.06041507e+04
7.74744290e-07 1.28924859e+04 1.58345774e+04
7.75175344e-07 1.42215376e+04 1.69482988e+04
7.75606398e-07 1.50640235e+04 1.38726386e+04
7.76037452e-07 1.50751471e+04 1.22987537e+04
7.76468505e-07 1.38343416e+04 1.00665533e+04
7.76899559e-07 1.38813582e+04 1.03535965e+04
7.77330613e-07 1.36934502e+04 1.11759203e+04
7.77761667e-07 1.32151938e+04 1.10172452e+04
7.78192720e-07 1.39067887e+04 1.09297473e+04
7.78623774e-07 1.38133715e+04 1.10944168e+04
7.79054828e-07 1.34629412e+04 1.38954182e+04
7.79485882e-07 1.60063383e+04 1.55386884e+04
7.79916935e-07 1.45131415e+04 1.12249431e+04
7.80347989e-07 1.37019902e+04 1.06034179e+04
7.80779043e-07 1.45143631e+04 1.19780002e+04
7.81210097e-07 1.30927325e+04 1.10725178e+04
7.81641151e-07 1.27701424e+04 1.33617069e+04
7.82072204e-07 1.44993853e+04 1.67378568e+04
7.82503258e-07 1.38807403e+04 1.95514806e+04
7.82934312e-07 1.42911609e+04 1.44474916e+04
7.83365366e-07 1.35751974e+04 1.40748984e+04
7.83796419e-07 1.52094172e+04 1.15448841e+04
7.84227473e-07 1.47014819e+04 1.16190922e+04
7.84658527e-07 1.24680894e+04 1.21753954e+04
7.85089581e-07 1.25865159e+04 1.66878868e+04
7.85520634e-07 1.29388909e+04 1.65196151e+04
7.85951688e-07 1.40383280e+04 1.35703779e+04
7.86382742e-07 1.34423999e+04 1.19442346e+04
7.86813796e-07 1.31819560e+04 1.24302382e+04
7.87244849e-07 1.41004654e+04 1.23942039e+04
7.87675903e-07 1.32329017e+04 1.18268273e+04
7.88106957e-07 1.39454141e+04 1.24844500e+04
7.88538011e-07 1.24610017e+04 1.26070316e+04
7.88969065e-07 1.35698404e+04 1.36942006e+04
7.89400118e-07 1.42485087e+04 1.14835558e+04
7.89831172e-07 1.36500781e+04 9.49909979e+03
7.90262226e-07 1.25486479e+04 9.05979190e+03
7.90693280e-07 1.18864308e+04 1.09847786e+04
7.91124333e-07 1.19600580e+04 1.62844857e+04
7.91555387e-07 1.44889842e+04 2.65284062e+04
7.91986441e-07 2.11388693e+04 2.20992808e+04
7.92417495e-07 1.49647845e+03 2.81194990e+03
