1.06180000e-01
3.61217000e-07 7.97398471e+01 5.35552021e+02
3.61648030e-07 6.89971329e+01 5.09484744e+02
3.62079061e-07 4.43253965e+01 4.98256818e+02
3.62510091e-07 4.29137275e+01 5.07109964e+02
3.62941121e-07 7.67496666e+01 5.40077187e+02
3.63372152e-07 4.83292309e+01 4.87783235e+02
3.63803182e-07 8.66250054e+01 5.21803100e+02
3.64234212e-07 1.51797047e+02 5.94044677e+02
3.64665242e-07 1.19497770e+02 5.65009632e+02
3.65096273e-07 5.65978274e+01 5.28275191e+02
3.65527303e-07 6.19680733e+01 5.11303392e+02
3.65958333e-07 4.96734363e+01 5.11782973e+02
3.66389364e-07 6.27357000e+00 4.67628235e+02
3.66820394e-07 7.75139252e+01 5.26965026e+02
3.67251424e-07 5.57918107e+01 5.28813888e+02
3.67682455e-07 3.77207993e+01 5.16510405e+02
3.68113485e-07 9.54475205e+01 5.55208722e+02
3.68544515e-07 7.92664487e+01 5.37466182e+02
3.68975545e-07 9.18972031e+01 5.43127170e+02
3.69837606e-07 6.81120742e+01 5.42327728e+02
3.70268636e-07 9.84604353e+01 6.18617268e+02
3.70699667e-07 1.29533021e+02 6.29252929e+02
3.71130697e-07 7.85712667e+01 5.91429046e+02
3.71561727e-07 1.11340078e+02 5.85852290e+02
3.71992758e-07 1.44826794e+02 6.04951541e+02
3.72423788e-07 5.04633432e+01 5.25108895e+02
3.72854818e-07 7.10954812e+01 6.11552557e+02
3.73285848e-07 8.63175162e+01 6.68977321e+02
3.73716879e-07 4.33784672e+01 6.26442374e+02
3.74147909e-07 1.53910349e+02 6.90609603e+02
3.74578939e-07 1.21320197e+02 6.48716939e+02
3.75009970e-07 1.79943449e+02 6.55961367e+02
3.75441000e-07 6.43021118e+01 6.17733075e+02
3.75872030e-07 1.03241588e+02 6.00017125e+02
3.76303061e-07 1.56277614e+02 6.07684080e+02
3.76734091e-07 6.11483516e+01 5.72056843e+02
3.77165121e-07 1.14699550e+02 6.32595165e+02
3.77596152e-07 1.07484789e+02 6.42639765e+02
3.78027182e-07 8.88144714e+01 5.92537711e+02
3.78458212e-07 2.03216107e+02 6.50404972e+02
3.78889242e-07 1.45983054e+02 6.42253547e+02
3.79320273e-07 1.15815481e+02 6.41718413e+02
3.79751303e-07 1.33374135e+02 6.15181846e+02
3.80182333e-07 3.61893982e+01 5.79860001e+02
3.81044394e-07 7.37360468e+01 6.18404262e+02
3.81475424e-07 1.70326530e+02 6.48835272e+02
3.81906455e-07 1.16413976e+02 6.24559600e+02
3.82337485e-07 1.74714211e+02 6.69393680e+02
3.82768515e-07 1.11715497e+02 6.48659981e+02
3.83199545e-07 1.45848957e+02 7.10659995e+02
3.83630576e-07 1.62060556e+02 6.87251360e+02
3.84061606e-07 1.55234726e+02 6.80893297e+02
3.84492636e-07 1.79326058e+02 6.93447063e+02
3.84923667e-07 8.91814567e+01 6.57470987e+02
3.85354697e-07 1.76002778e+02 6.88831600e+02
3.85785727e-07 1.82110917e+02 6.82310926e+02
3.86216758e-07 1.21221671e+02 6.42420477e+02
3.86647788e-07 1.51784244e+02 6.40603062e+02
3.87078818e-07 6.88447652e+01 6.11264388e+02
3.87509848e-07 2.31331892e+02 6.97006182e+02
3.87940879e-07 2.12270040e+02 6.58287916e+02
3.88371909e-07 8.96634423e+01 6.06807566e+02
3.88802939e-07 9.39773855e+01 5.80199451e+02
3.89233970e-07 1.24883414e+02 6.20559081e+02
3.89665000e-07 1.87829093e+02 6.86557360e+02
3.90096030e-07 1.20178005e+02 6.88223520e+02
3.90527061e-07 1.55822080e+02 7.25044297e+02
3.90958091e-07 1.97212041e+02 7.87572562e+02
3.91389121e-07 1.49585285e+02 7.69009738e+02
3.91820152e-07 1.76007559e+02 7.21594712e+02
3.92251182e-07 1.70507704e+02 6.91039220e+02
3.92682212e-07 1.25912033e+02 6.36631320e+02
3.93113242e-07 1.26120129e+02 6.23132943e+02
3.93544273e-07 2.66475326e+02 7.06557265e+02
3.93975303e-07 1.78917519e+02 7.13992055e+02
3.94406333e-07 1.70721435e+02 7.61182392e+02
3.94837364e-07 3.09940742e+02 8.31359028e+02
3.95268394e-07 3.17920787e+02 8.01535008e+02
3.95699424e-07 1.56813619e+02 7.18511344e+02
3.96130455e-07 2.07433395e+02 7.05982737e+02
3.96561485e-07 4.79601322e+01 5.97218543e+02
3.96992515e-07 1.11540959e+02 6.08269419e+02
3.97423545e-07 1.54684065e+02 6.75317001e+02
3.97854576e-07 2.59166075e+02 7.81187537e+02
3.98285606e-07 2.54666902e+02 8.02343248e+02
3.98716636e-07 7.73559480e+01 7.34341020e+02
3.99147667e-07 1.58522338e+02 7.43985317e+02
3.99578697e-07 1.61650945e+02 7.50933304e+02
4.00009727e-07 2.52684897e+02 8.00629514e+02
4.00440758e-07 8.85053942e+01 7.64528187e+02
4.00871788e-07 1.65445419e+02 8.11852230e+02
4.01302818e-07 3.29615911e+02 8.75664693e+02
4.01733848e-07 3.14563873e+02 8.51640361e+02
4.02164879e-07 2.47350254e+02 8.45477184e+02
4.02595909e-07 2.47836990e+02 8.38094965e+02
4.03026939e-07 2.50203799e+02 8.27972405e+02
4.03457970e-07 2.78162467e+02 8.50052404e+02
4.03889000e-07 2.77408881e+02 8.61095551e+02
4.04320030e-07 2.18824560e+02 8.83381095e+02
4.04751061e-07 3.17083099e+02 9.12969024e+02
4.05182091e-07 2.75218343e+02 8.84764399e+02
4.05613121e-07 2.76582641e+02 8.90225562e+02
4.06044152e-07 2.52242329e+02 8.59186146e+02
4.06475182e-07 2.13815408e+02 8.73055393e+02
4.06906212e-07 3.13817395e+02 9.47952354e+02
4.07337242e-07 3.18842025e+02 9.25617263e+02
4.07768273e-07 2.85332889e+02 8.95022474e+02
4.08199303e-07 2.87826412e+02 9.05381553e+02
4.08630333e-07 3.05721403e+02 9.08625623e+02
4.09061364e-07 3.60057534e+02 9.58397682e+02
4.09492394e-07 3.69595896e+02 9.31323250e+02
4.09923424e-07 2.02006764e+02 8.18358872e+02
4.10354455e-07 2.10592899e+02 8.51272221e+02
4.10785485e-07 2.06390249e+02 8.41885652e+02
4.11216515e-07 1.97319133e+02 8.65526166e+02
4.11647545e-07 3.53604199e+02 9.21391575e+02
4.12078576e-07 4.14382138e+02 9.59445190e+02
4.12509606e-07 2.09008020e+02 8.80001373e+02
4.12940636e-07 2.51056782e+02 9.22907243e+02
4.13371667e-07 4.14656830e+02 9.95221379e+02
4.13802697e-07 2.48262836e+02 9.03267064e+02
4.14233727e-07 2.95607973e+02 9.35206242e+02
4.14664758e-07 2.42030307e+02 8.86253363e+02
4.15095788e-07 3.71302300e+02 9.55018850e+02
4.15526818e-07 3.55317862e+02 9.70758596e+02
4.15957848e-07 2.79340190e+02 9.74580474e+02
4.16388879e-07 3.02365638e+02 1.01101278e+03
4.16819909e-07 4.04069692e+02 1.08714058e+03
4.17250939e-07 2.08522281e+02 9.52967069e+02
4.17681970e-07 3.35316056e+02 9.81051125e+02
4.18113000e-07 3.31943357e+02 9.70214293e+02
4.18544030e-07 3.33311621e+02 9.46571628e+02
4.18975061e-07 3.46532863e+02 9.63966831e+02
4.19406091e-07 2.88815284e+02 9.44792318e+02
4.19837121e-07 3.01480391e+02 9.46959312e+02
4.20268152e-07 2.60108201e+02 9.15324728e+02
4.20699182e-07 3.35845061e+02 1.27514747e+03
4.21130212e-07 4.19100929e+02 1.34273555e+03
4.21561242e-07 1.94201800e+02 1.21226650e+03
4.21992273e-07 3.17124425e+02 1.27338594e+03
4.22423303e-07 3.50363602e+02 9.49135182e+02
4.22854333e-07 1.77086045e+02 8.44285480e+02
4.23285364e-07 3.25738215e+02 9.52596837e+02
4.23716394e-07 2.23968740e+02 8.97458662e+02
4.24147424e-07 2.66820448e+02 9.12691964e+02
4.24578455e-07 2.46675997e+02 9.45032036e+02
4.25009485e-07 1.45660201e+02 9.18760495e+02
4.25440515e-07 2.73091047e+02 9.81599040e+02
4.25871545e-07 2.84886950e+02 9.65645088e+02
4.26302576e-07 1.93990280e+02 9.49308502e+02
4.26733606e-07 2.56750405e+02 9.70108309e+02
4.27164636e-07 3.76767138e+02 9.73621650e+02
4.27595667e-07 3.37112103e+02 9.81056058e+02
4.28026697e-07 2.56713189e+02 9.55019304e+02
4.28457727e-07 3.36815687e+02 1.00461458e+03
4.28888758e-07 3.02180259e+02 9.94381245e+02
4.29319788e-07 2.97491221e+02 9.62827609e+02
4.29750818e-07 2.05733215e+02 9.39337366e+02
4.30181848e-07 2.86410200e+02 9.26014968e+02
4.30612879e-07 3.35310397e+02 9.61073344e+02
4.31043909e-07 3.76105764e+02 1.01082266e+03
4.31474939e-07 3.72749224e+02 1.05419409e+03
4.31905970e-07 3.40133160e+02 1.04985916e+03
4.32337000e-07 3.64578300e+02 1.07622029e+03
4.32768030e-07 4.53033882e+02 1.08956136e+03
4.33199061e-07 3.68186639e+02 1.03850108e+03
4.33630091e-07 3.47372118e+02 1.01850945e+03
4.34061121e-07 3.96626110e+02 1.03039212e+03
4.34492152e-07 2.75740683e+02 1.00918737e+03
4.34923182e-07 1.69512453e+02 9.76601039e+02
4.35354212e-07 1.88179667e+02 9.72059144e+02
4.35785242e-07 3.05394575e+02 1.06882841e+03
4.36216273e-07 2.63730671e+02 1.08661811e+03
4.36647303e-07 3.50251702e+02 1.09640327e+03
4.37078333e-07 4.48432204e+02 1.12557272e+03
4.37509364e-07 3.65118854e+02 1.11199040e+03
4.37940394e-07 5.06321816e+02 1.13673216e+03
4.38371424e-07 2.34125874e+02 9.96881070e+02
4.38802455e-07 1.16615669e+02 9.65312676e+02
4.39233485e-07 2.30529379e+02 1.04649746e+03
4.39664515e-07 3.86107898e+02 1.12315283e+03
4.40095545e-07 4.77857919e+02 1.15622874e+03
4.40526576e-07 3.79904930e+02 1.19171354e+03
4.40957606e-07 5.28668093e+02 1.26859423e+03
4.41388636e-07 6.20790650e+02 1.31751663e+03
4.41819667e-07 4.16206124e+02 1.27360251e+03
4.42250697e-07 6.29553292e+02 1.31875530e+03
4.42681727e-07 5.75524263e+02 1.27030850e+03
4.43112758e-07 4.37827083e+02 1.22713778e+03
4.43543788e-07 6.08792713e+02 1.28999913e+03
4.43974818e-07 7.08840279e+02 1.33819777e+03
4.44405848e-07 5.72081556e+02 1.30497864e+03
4.44836879e-07 5.65721204e+02 1.26093430e+03
4.45267909e-07 5.81414341e+02 1.24856297e+03
4.45698939e-07 5.84695104e+02 1.23771986e+03
4.46129970e-07 6.02257613e+02 1.25122600e+03
4.46561000e-07 5.18756434e+02 1.21344411e+03
4.46992030e-07 7.37923869e+02 1.30920207e+03
4.47423061e-07 8.11346251e+02 1.38567803e+03
4.47854091e-07 6.49553367e+02 1.32499933e+03
4.48285121e-07 5.24346884e+02 1.26638737e+03
4.48716152e-07 6.04762490e+02 1.34669770e+03
4.49147182e-07 5.85244396e+02 1.28709260e+03
4.49578212e-07 8.37214252e+02 1.40678776e+03
4.50009242e-07 7.73399814e+02 1.43886637e+03
4.50440273e-07 5.74103126e+02 1.32329679e+03
4.50871303e-07 7.24914090e+02 1.40500495e+03
4.51302333e-07 7.64394932e+02 1.42005216e+03
4.51733364e-07 5.98290280e+02 1.34243330e+03
4.52164394e-07 6.54942994e+02 1.40650922e+03
4.52595424e-07 7.49696914e+02 1.44928080e+03
4.53026455e-07 6.76448054e+02 1.40103694e+03
4.53457485e-07 4.74614709e+02 1.34319402e+03
4.53888515e-07 6.68277012e+02 1.46942449e+03
4.54319545e-07 5.60221928e+02 1.39495163e+03
4.54750576e-07 7.71508651e+02 1.47668483e+03
4.55181606e-07 7.66447175e+02 1.48391660e+03
4.55612636e-07 5.18099912e+02 1.40146652e+03
4.56043667e-07 7.74257734e+02 1.49805419e+03
4.56474697e-07 5.65714323e+02 1.38859987e+03
4.56905727e-07 8.75194061e+02 1.51983073e+03
4.57336758e-07 6.47352008e+02 1.43032388e+03
4.57767788e-07 8.59716784e+02 1.54302494e+03
4.58198818e-07 6.90804258e+02 1.49362561e+03
4.58629848e-07 7.67861160e+02 1.51798761e+03
4.59060879e-07 7.95757978e+02 1.50138126e+03
4.59491909e-07 7.79707745e+02 1.49772351e+03
4.59922939e-07 8.12656286e+02 1.48766351e+03
4.60353970e-07 8.24073323e+02 1.48810263e+03
4.60785000e-07 8.51094963e+02 1.55150043e+03
4.61216030e-07 7.68635426e+02 1.49463949e+03
4.61647061e-07 7.33166794e+02 1.51936930e+03
4.62078091e-07 6.14882520e+02 1.49575115e+03
4.62509121e-07 7.73681076e+02 1.51328560e+03
4.62940152e-07 8.01796412e+02 1.55081922e+03
4.63371182e-07 9.23594091e+02 1.56017279e+03
4.63802212e-07 8.56954696e+02 1.53374283e+03
4.64233242e-07 7.04920497e+02 1.48513653e+03
4.64664273e-07 6.06599154e+02 1.42460488e+03
4.65095303e-07 6.27498743e+02 1.47632839e+03
4.65526333e-07 8.87357015e+02 1.60903109e+03
4.65957364e-07 9.82984590e+02 1.65490459e+03
4.66388394e-07 8.09546540e+02 1.55152956e+03
4.66819424e-07 8.94567251e+02 1.57990897e+03
4.67250455e-07 7.53289594e+02 1.56106055e+03
4.67681485e-07 8.05849365e+02 1.58773297e+03
4.68112515e-07 9.59723769e+02 1.64175733e+03
4.68543545e-07 8.69295477e+02 1.64055121e+03
4.68974576e-07 9.38006708e+02 1.66051756e+03
4.69405606e-07 9.07040962e+02 1.60658280e+03
4.69836636e-07 7.71831681e+02 1.54450129e+03
4.70267667e-07 8.58440338e+02 1.60817600e+03
4.70698697e-07 7.59686126e+02 1.59016424e+03
4.71129727e-07 8.97130474e+02 1.65177246e+03
4.71560758e-07 8.17106523e+02 1.62555682e+03
4.71991788e-07 7.68001251e+02 1.61665385e+03
4.72422818e-07 8.79225105e+02 1.64443633e+03
4.72853848e-07 1.00813484e+03 1.65605176e+03
4.73284879e-07 9.81617753e+02 1.64384829e+03
4.73715909e-07 1.00507847e+03 1.66297729e+03
4.74146939e-07 1.06808363e+03 1.67509723e+03
4.74577970e-07 7.82674886e+02 1.61117199e+03
4.75009000e-07 8.39692018e+02 1.62352399e+03
4.75440030e-07 8.49101585e+02 1.63382613e+03
4.75871061e-07 5.78678869e+02 1.51033046e+03
4.76302091e-07 6.15997760e+02 1.53287122e+03
4.76733121e-07 7.45192950e+02 1.59126160e+03
4.77164152e-07 1.00258896e+03 1.72950944e+03
4.77595182e-07 1.02682958e+03 1.75150200e+03
4.78026212e-07 1.03339900e+03 1.73809111e+03
4.78457242e-07 1.10000154e+03 1.73849619e+03
4.78888273e-07 1.04080075e+03 1.71675416e+03
4.79319303e-07 9.95963644e+02 1.74475143e+03
4.79750333e-07 1.03786028e+03 1.76282205e+03
4.80181364e-07 8.91303961e+02 1.70273670e+03
4.80612394e-07 9.61629554e+02 1.74019543e+03
4.81043424e-07 1.08438803e+03 1.80255557e+03
4.81474455e-07 1.10247894e+03 1.85721549e+03
4.81905485e-07 1.13453438e+03 1.85530611e+03
4.82336515e-07 1.14509838e+03 1.90025632e+03
4.82767545e-07 1.06045036e+03 1.85353434e+03
4.83198576e-07 1.00843455e+03 1.84540195e+03
4.83629606e-07 1.10863080e+03 1.89027084e+03
4.84060636e-07 1.26830721e+03 1.91086648e+03
4.84491667e-07 1.01439370e+03 1.82416466e+03
4.84922697e-07 1.01512933e+03 1.80211082e+03
4.85353727e-07 1.05096255e+03 1.79626762e+03
4.85784758e-07 8.92207155e+02 1.70678128e+03
4.86215788e-07 1.04075207e+03 1.70311563e+03
4.86646818e-07 1.09239853e+03 1.75825587e+03
4.87077848e-07 9.70236668e+02 1.73916348e+03
4.87508879e-07 1.15284113e+03 1.85661021e+03
4.87939909e-07 1.27567191e+03 1.94836101e+03
4.88370939e-07 1.12484846e+03 1.88701306e+03
4.88801970e-07 1.03208229e+03 1.83731046e+03
4.89233000e-07 1.26010294e+03 1.94020314e+03
4.89664030e-07 1.31914280e+03 1.96841588e+03
4.90095061e-07 1.36605809e+03 1.97676334e+03
4.90526091e-07 1.40538180e+03 2.02447795e+03
4.90957121e-07 1.31567958e+03 1.97155148e+03
4.91388152e-07 1.25572268e+03 1.93894971e+03
4.91819182e-07 1.25138020e+03 1.93118021e+03
4.92250212e-07 1.42666199e+03 2.02441341e+03
4.92681242e-07 1.48023872e+03 2.05707946e+03
4.93112273e-07 1.38077226e+03 2.02109160e+03
4.93543303e-07 1.33611413e+03 1.95427076e+03
4.93974333e-07 1.42348775e+03 2.01058909e+03
4.94405364e-07 1.62259705e+03 2.10323422e+03
4.94836394e-07 1.44815348e+03 2.08469393e+03
4.95267424e-07 1.43511338e+03 2.09154549e+03
4.95698455e-07 1.55900928e+03 2.10394420e+03
4.96129485e-07 1.46756289e+03 2.12116716e+03
4.96560515e-07 1.42672228e+03 2.10457939e+03
4.96991545e-07 1.30762951e+03 2.08221774e+03
4.97422576e-07 1.47003623e+03 2.15934624e+03
4.97853606e-07 1.72037185e+03 2.24503053e+03
4.98284636e-07 1.80812883e+03 2.22721793e+03
4.98715667e-07 1.83547694e+03 2.25789928e+03
4.99146697e-07 1.66837154e+03 2.23293260e+03
4.99577727e-07 1.57055359e+03 2.21163589e+03
5.00008758e-07 1.59917762e+03 2.19336296e+03
5.00439788e-07 1.61800459e+03 2.18427691e+03
5.00870818e-07 1.55464813e+03 2.16664728e+03
5.01301848e-07 1.54684202e+03 2.16471477e+03
5.01732879e-07 1.55750066e+03 2.14293447e+03
5.02163909e-07 1.56589490e+03 2.15689310e+03
5.02594939e-07 1.63667031e+03 2.19036517e+03
5.03025970e-07 1.51796172e+03 2.17845061e+03
5.03457000e-07 1.61969223e+03 2.20492899e+03
5.03888030e-07 1.70356862e+03 2.24142208e+03
5.04319061e-07 1.67462992e+03 2.21224732e+03
5.04750091e-07 2.04190082e+03 2.35552019e+03
5.05181121e-07 2.07826368e+03 2.37699828e+03
5.05612152e-07 1.89253691e+03 2.30573360e+03
5.06043182e-07 1.82220151e+03 2.33968549e+03
5.06474212e-07 1.75076563e+03 2.30115456e+03
5.06905242e-07 1.63234048e+03 2.28039526e+03
5.07336273e-07 1.77913820e+03 2.32459094e+03
5.07767303e-07 1.81208353e+03 2.31440325e+03
5.08198333e-07 1.74401925e+03 2.27536848e+03
5.08629364e-07 1.85501822e+03 2.31481215e+03
5.09060394e-07 1.78461188e+03 2.30531709e+03
5.09491424e-07 2.10357393e+03 2.39244352e+03
5.09922455e-07 2.05177523e+03 2.38624123e+03
5.10353485e-07 2.05416158e+03 2.42218311e+03
5.10784515e-07 1.97466005e+03 2.38696039e+03
5.11215545e-07 1.94592050e+03 2.41879029e+03
5.11646576e-07 2.12042066e+03 2.50188774e+03
5.12077606e-07 1.88402101e+03 2.36757837e+03
5.12508636e-07 1.92442788e+03 2.30800873e+03
5.12939667e-07 2.12405295e+03 2.46507941e+03
5.13370697e-07 2.14603772e+03 2.48884091e+03
5.13801727e-07 2.16409890e+03 2.52418145e+03
5.14232758e-07 1.78925884e+03 2.41588697e+03
5.14663788e-07 2.01336865e+03 2.50093304e+03
5.15094818e-07 2.16973415e+03 2.54460809e+03
5.15525848e-07 2.20728976e+03 2.55092806e+03
5.15956879e-07 1.87649387e+03 2.42476042e+03
5.16387909e-07 1.87315946e+03 2.35144711e+03
5.16818939e-07 2.03033314e+03 2.37868019e+03
5.17249970e-07 2.02402222e+03 2.42073851e+03
5.17681000e-07 1.96157921e+03 2.42753981e+03
5.18112030e-07 1.98724478e+03 2.39962310e+03
5.18543061e-07 1.85729888e+03 2.36515388e+03
5.18974091e-07 1.82527243e+03 2.43010249e+03
5.19405121e-07 2.14455578e+03 2.66243677e+03
5.19836152e-07 2.01462997e+03 2.73029727e+03
5.20267182e-07 1.78132843e+03 2.64449077e+03
5.20698212e-07 2.06476563e+03 2.54601622e+03
5.21129242e-07 2.14252260e+03 2.53902078e+03
5.21560273e-07 1.86621174e+03 2.50051807e+03
5.21991303e-07 2.25158236e+03 2.65600239e+03
5.22422333e-07 2.36085315e+03 2.68973977e+03
5.22853364e-07 2.41299498e+03 2.69897765e+03
5.23284394e-07 2.08474519e+03 2.54969728e+03
5.23715424e-07 1.96617462e+03 2.58940367e+03
5.24146455e-07 2.01350536e+03 2.63141032e+03
5.24577485e-07 2.43612221e+03 2.77826980e+03
5.25008515e-07 2.32958921e+03 2.69800693e+03
5.25439545e-07 2.27132116e+03 2.73861430e+03
5.25870576e-07 2.42550811e+03 2.72122606e+03
5.26301606e-07 2.31409409e+03 2.64865988e+03
5.26732636e-07 1.99086522e+03 2.50137861e+03
5.27163667e-07 2.12771653e+03 2.56577287e+03
5.27594697e-07 2.10900935e+03 2.63230770e+03
5.28025727e-07 2.35548980e+03 2.69599969e+03
5.28456758e-07 2.24853175e+03 2.66111467e+03
5.28887788e-07 2.48792013e+03 2.80372627e+03
5.29318818e-07 2.32411233e+03 2.73739586e+03
5.29749848e-07 2.16981674e+03 2.67047844e+03
5.30180879e-07 2.28510442e+03 2.72155926e+03
5.30611909e-07 2.21164709e+03 2.72769409e+03
5.31042939e-07 2.28118195e+03 2.75233442e+03
5.31473970e-07 2.52127797e+03 2.83220480e+03
5.31905000e-07 2.32862445e+03 2.73158341e+03
5.32336030e-07 2.07601921e+03 2.65097127e+03
5.32767061e-07 2.10947919e+03 2.69158138e+03
5.33198091e-07 2.32175970e+03 2.80621573e+03
5.33629121e-07 2.28580574e+03 2.79789976e+03
5.34060152e-07 2.22957081e+03 2.75683019e+03
5.34491182e-07 2.42934206e+03 2.80514279e+03
5.34922212e-07 2.40417072e+03 2.83806189e+03
5.35353242e-07 2.42372109e+03 2.83021926e+03
5.35784273e-07 2.29625241e+03 2.79845211e+03
5.36215303e-07 2.39918437e+03 2.84744067e+03
5.36646333e-07 2.41483664e+03 2.84172222e+03
5.37077364e-07 2.14297204e+03 2.73007302e+03
5.37508394e-07 2.29233626e+03 2.76938092e+03
5.37939424e-07 2.18446865e+03 2.77277129e+03
5.38370455e-07 2.13491883e+03 2.74082930e+03
5.38801485e-07 2.19952678e+03 2.73269663e+03
5.39232515e-07 2.59468373e+03 2.89484464e+03
5.39663545e-07 2.26036837e+03 2.75111890e+03
5.40094576e-07 2.14596243e+03 2.71838577e+03
5.40525606e-07 2.28952511e+03 2.74540579e+03
5.40956636e-07 2.54109852e+03 2.85754663e+03
5.41387667e-07 2.63538811e+03 2.91844290e+03
5.41818697e-07 2.28354716e+03 2.79504427e+03
5.42249727e-07 2.51009061e+03 2.90892791e+03
5.42680758e-07 2.73249873e+03 2.98066757e+03
5.43111788e-07 2.33324646e+03 2.81206838e+03
5.43542818e-07 2.53391120e+03 2.91546074e+03
5.43973848e-07 2.40519431e+03 2.93224953e+03
5.44404879e-07 2.45220778e+03 2.88920253e+03
5.44835909e-07 2.69656256e+03 3.06798444e+03
5.45266939e-07 3.00751302e+03 3.16977473e+03
5.45697970e-07 2.68310116e+03 3.07837348e+03
5.46129000e-07 2.62207893e+03 3.06899550e+03
5.46560030e-07 2.69529576e+03 3.05194287e+03
5.46991061e-07 2.93911980e+03 3.10636475e+03
5.47422091e-07 2.86273578e+03 3.14827185e+03
5.47853121e-07 2.69441246e+03 3.04785697e+03
5.48284152e-07 2.56813882e+03 2.99472546e+03
5.48715182e-07 2.79708977e+03 3.07386232e+03
5.49146212e-07 2.58849912e+03 3.02198006e+03
5.49577242e-07 2.36415380e+03 3.01815710e+03
5.50008273e-07 2.55946489e+03 3.09375223e+03
5.50439303e-07 2.45646485e+03 3.02120344e+03
5.50870333e-07 2.22812532e+03 2.96277603e+03
5.51301364e-07 2.54182390e+03 3.09203762e+03
5.51732394e-07 2.68635820e+03 3.14420144e+03
5.52163424e-07 2.77571510e+03 3.14145145e+03
5.52594455e-07 2.28578542e+03 2.95107237e+03
5.53025485e-07 2.43165126e+03 3.02854789e+03
5.53456515e-07 2.52179971e+03 3.09218091e+03
5.53887545e-07 2.58241432e+03 3.15839925e+03
5.54318576e-07 2.64381410e+03 3.27241168e+03
5.54749606e-07 2.60861614e+03 3.24930143e+03
5.55180636e-07 2.71073551e+03 3.20288488e+03
5.55611667e-07 2.52864135e+03 3.16388080e+03
5.56042697e-07 2.49108791e+03 3.15216717e+03
5.56473727e-07 2.42253155e+03 3.31938875e+03
5.56904758e-07 2.52765020e+03 4.97508076e+03
5.57335788e-07 4.56371094e+03 1.63930372e+04
5.57766818e-07 4.96404437e+03 2.59856937e+04
5.58197848e-07 2.91070109e+03 1.50209933e+04
5.58628879e-07 2.57144343e+03 4.71253077e+03
5.59059909e-07 2.56405234e+03 3.13951307e+03
5.59490939e-07 2.36985502e+03 3.17258775e+03
5.59921970e-07 2.57892460e+03 3.24760815e+03
5.60353000e-07 2.88344567e+03 3.46158366e+03
5.60784030e-07 2.70467574e+03 3.42915982e+03
5.61215061e-07 2.45618933e+03 3.23972624e+03
5.61646091e-07 2.33576113e+03 3.13863035e+03
5.62077121e-07 2.56379311e+03 3.28241619e+03
5.62508152e-07 2.67313656e+03 3.35092215e+03
5.62939182e-07 2.94244443e+03 3.39746380e+03
5.63370212e-07 2.92028436e+03 3.34851104e+03
5.63801242e-07 2.85270899e+03 3.29118905e+03
5.64232273e-07 2.58251166e+03 3.25211092e+03
5.64663303e-07 2.53697135e+03 3.28852392e+03
5.65094333e-07 2.60649079e+03 3.25464537e+03
5.65525364e-07 2.77340512e+03 3.33880345e+03
5.65956394e-07 2.77570284e+03 3.29016247e+03
5.66387424e-07 2.83066908e+03 3.40325292e+03
5.66818455e-07 3.06062998e+03 3.46528061e+03
5.67249485e-07 2.54498971e+03 3.27317098e+03
5.67680515e-07 2.77734714e+03 3.39241935e+03
5.68111545e-07 2.73485753e+03 3.35688336e+03
5.68542576e-07 2.64105530e+03 3.35062337e+03
5.68973606e-07 2.96846218e+03 3.54356084e+03
5.69404636e-07 2.31672942e+03 3.33443672e+03
5.69835667e-07 2.44508250e+03 3.37467001e+03
5.70266697e-07 2.55842331e+03 3.37470649e+03
5.70697727e-07 2.49589809e+03 3.33065700e+03
5.71128758e-07 2.53141911e+03 3.34618365e+03
5.71559788e-07 2.42059970e+03 3.26352727e+03
5.71990818e-07 2.16867879e+03 3.19739105e+03
5.72421848e-07 2.43748260e+03 3.30741615e+03
5.72852879e-07 2.45430456e+03 3.32588904e+03
5.73283909e-07 2.33470526e+03 3.27734212e+03
5.73714939e-07 2.45723378e+03 3.31405703e+03
5.74145970e-07 2.45917344e+03 3.30121407e+03
5.74577000e-07 2.63080106e+03 3.37662194e+03
5.75008030e-07 2.53942120e+03 3.34053722e+03
5.75439061e-07 2.48866036e+03 3.36231700e+03
5.75870091e-07 2.64685227e+03 3.42054827e+03
5.76301121e-07 2.82021904e+03 3.47379443e+03
5.76732152e-07 2.83922534e+03 3.47750489e+03
5.77163182e-07 2.81281629e+03 3.47452594e+03
5.77594212e-07 2.92818699e+03 3.53367575e+03
5.78025242e-07 3.25914418e+03 3.64049999e+03
5.78456273e-07 3.06878417e+03 3.54128733e+03
5.78887303e-07 2.82965090e+03 3.45628427e+03
5.79318333e-07 2.91008603e+03 3.53107533e+03
5.79749364e-07 3.23734406e+03 3.68010614e+03
5.80180394e-07 3.17143860e+03 3.66465456e+03
5.80611424e-07 3.04455217e+03 3.58419780e+03
5.81042455e-07 3.09798659e+03 3.67456380e+03
5.81473485e-07 3.15009094e+03 3.69924030e+03
5.81904515e-07 3.05547269e+03 3.61080034e+03
5.82335545e-07 2.85380340e+03 3.57822846e+03
5.82766576e-07 2.87392788e+03 3.57673988e+03
5.83197606e-07 2.99703380e+03 3.61159287e+03
5.83628636e-07 3.17846070e+03 3.67542933e+03
5.84059667e-07 3.12815982e+03 3.67686333e+03
5.84490697e-07 3.51745676e+03 3.79871403e+03
5.84921727e-07 3.48771416e+03 3.85115366e+03
5.85352758e-07 3.54269706e+03 3.83728217e+03
5.85783788e-07 3.29288660e+03 3.76036016e+03
5.86214818e-07 3.13540106e+03 3.94285422e+03
5.86645848e-07 3.38842998e+03 4.38566424e+03
5.87076879e-07 3.50518125e+03 4.35006906e+03
5.87507909e-07 3.49688046e+03 4.02755423e+03
5.87938939e-07 3.47380409e+03 4.00345854e+03
5.88369970e-07 3.40376465e+03 4.93343669e+03
5.88801000e-07 3.40679379e+03 7.22699825e+03
5.89232030e-07 3.72435203e+03 8.24483677e+03
5.89663061e-07 3.58235467e+03 6.71249586e+03
5.90094091e-07 2.80655885e+03 4.65815183e+03
5.90525121e-07 3.20381956e+03 4.00523011e+03
5.90956152e-07 3.35644072e+03 4.09505629e+03
5.91387182e-07 3.45945764e+03 4.29125102e+03
5.91818212e-07 3.60174436e+03 4.32603652e+03
5.92249242e-07 3.83632953e+03 4.27863454e+03
5.92680273e-07 4.03966323e+03 4.42756699e+03
5.93111303e-07 3.60957334e+03 4.46333474e+03
5.93542333e-07 3.53082816e+03 4.37173836e+03
5.93973364e-07 3.41248887e+03 4.10714064e+03
5.94404394e-07 3.23371041e+03 3.96600417e+03
5.94835424e-07 3.42723357e+03 4.20480509e+03
5.95266455e-07 3.51374198e+03 4.39954221e+03
5.95697485e-07 3.63611224e+03 4.30452665e+03
5.96128515e-07 3.57888357e+03 4.13235853e+03
5.96559545e-07 3.37038318e+03 4.03667712e+03
5.96990576e-07 3.35569630e+03 4.10084291e+03
5.97421606e-07 3.33531396e+03 4.17073497e+03
5.97852636e-07 2.98952698e+03 4.00824068e+03
5.98283667e-07 3.46064844e+03 4.02867959e+03
5.98714697e-07 3.65680691e+03 4.07949891e+03
5.99145727e-07 3.57589787e+03 4.03420232e+03
5.99576758e-07 3.62927293e+03 4.04797188e+03
6.00007788e-07 3.68811307e+03 4.18595644e+03
6.00438818e-07 3.71819092e+03 4.19053879e+03
6.00869848e-07 3.47305937e+03 3.98645341e+03
6.01300879e-07 3.68264810e+03 3.98591187e+03
6.01731909e-07 3.54312477e+03 3.88202790e+03
6.02162939e-07 3.58530285e+03 3.87246906e+03
6.02593970e-07 3.45008509e+03 3.88966934e+03
6.03025000e-07 3.50244014e+03 3.92099285e+03
6.03456030e-07 3.55102692e+03 3.95859966e+03
6.03887061e-07 3.42772616e+03 3.86828458e+03
6.04318091e-07 3.60509672e+03 3.95703597e+03
6.04749121e-07 3.62103869e+03 3.92548703e+03
6.05180152e-07 3.36164883e+03 3.82039332e+03
6.05611182e-07 3.56751398e+03 3.94380394e+03
6.06042212e-07 3.78641441e+03 3.99924810e+03
6.06473242e-07 3.76365944e+03 4.00540091e+03
6.06904273e-07 3.47287461e+03 3.91853766e+03
6.07335303e-07 3.53058212e+03 3.89992195e+03
6.07766333e-07 4.00994694e+03 4.07617598e+03
6.08197364e-07 4.00454944e+03 4.03738941e+03
6.08628394e-07 3.44773490e+03 3.80440048e+03
6.09059424e-07 3.15851801e+03 3.76274592e+03
6.09490455e-07 3.39462428e+03 3.86361074e+03
6.09921485e-07 3.40181328e+03 3.87650540e+03
6.10352515e-07 3.77509048e+03 4.02854546e+03
6.10783545e-07 3.73344726e+03 3.98571354e+03
6.11214576e-07 3.85138063e+03 3.97328125e+03
6.11645606e-07 3.72987187e+03 3.92458362e+03
6.12076636e-07 3.85319582e+03 4.03637178e+03
6.12507667e-07 4.06325678e+03 4.11224806e+03
6.12938697e-07 3.77769136e+03 3.93257602e+03
6.13369727e-07 4.06291283e+03 4.07478536e+03
6.13800758e-07 3.88769211e+03 4.17898227e+03
6.14231788e-07 3.75245798e+03 4.19981445e+03
6.14662818e-07 3.88553440e+03 4.16862662e+03
6.15093848e-07 3.71081951e+03 4.04766697e+03
6.15524879e-07 3.64806744e+03 4.00567616e+03
6.15955909e-07 3.45746571e+03 3.94187132e+03
6.16386939e-07 4.03272812e+03 4.01201856e+03
6.16817970e-07 3.69964598e+03 4.07042655e+03
6.17249000e-07 3.60701251e+03 4.14810682e+03
6.17680030e-07 4.15323500e+03 4.22724854e+03
6.18111061e-07 3.69399946e+03 4.01892799e+03
6.18542091e-07 4.18025820e+03 4.11298739e+03
6.18973121e-07 3.80446018e+03 3.96711915e+03
6.19404152e-07 3.56502652e+03 3.87606733e+03
6.19835182e-07 3.78286628e+03 4.06200648e+03
6.20266212e-07 4.01465334e+03 4.23617258e+03
6.20697242e-07 3.86584556e+03 4.11762739e+03
6.21128273e-07 3.77507257e+03 4.02908957e+03
6.21559303e-07 3.92829684e+03 4.18547098e+03
6.21990333e-07 3.55510606e+03 4.09125850e+03
6.22421364e-07 3.71887862e+03 4.11665357e+03
6.22852394e-07 3.87613174e+03 4.26888867e+03
6.23283424e-07 4.33844593e+03 5.12875656e+03
6.23714455e-07 4.26307188e+03 5.41281226e+03
6.24145485e-07 3.91805238e+03 4.82267251e+03
6.24576515e-07 4.04601758e+03 4.37703434e+03
6.25007545e-07 3.81871821e+03 4.20781520e+03
6.25438576e-07 3.82685891e+03 4.68664298e+03
6.25869606e-07 3.98337819e+03 5.15506533e+03
6.26300636e-07 3.75375144e+03 4.74430828e+03
6.26731667e-07 3.77456993e+03 4.39452005e+03
6.27162697e-07 3.87913316e+03 4.22833507e+03
6.27593727e-07 3.98401769e+03 4.27310015e+03
6.28024758e-07 4.09079438e+03 4.38065963e+03
6.28455788e-07 3.73409915e+03 4.59742164e+03
6.28886818e-07 4.07598947e+03 4.99981093e+03
6.29317848e-07 4.59042423e+03 6.24301010e+03
6.29748879e-07 2.48568295e+03 1.11167822e+04
6.30179909e-07 4.70926827e+03 1.29654093e+04
6.30610939e-07 4.10383191e+03 7.64609388e+03
6.31041970e-07 4.02866886e+03 4.90254282e+03
6.31473000e-07 3.55335438e+03 4.10181477e+03
6.31904030e-07 4.06683654e+03 4.37607435e+03
6.32335061e-07 4.47933024e+03 4.79709123e+03
6.32766091e-07 4.41705441e+03 5.06106042e+03
6.33197121e-07 4.22070788e+03 4.87051480e+03
6.33628152e-07 3.92095177e+03 4.27743724e+03
6.34059182e-07 4.13297232e+03 4.16875040e+03
6.34490212e-07 4.47113411e+03 4.46586396e+03
6.34921242e-07 4.06554360e+03 4.45466558e+03
6.35352273e-07 4.03908503e+03 4.73759567e+03
6.35783303e-07 4.21363179e+03 5.67185289e+03
6.36214333e-07 4.00473364e+03 7.17139632e+03
6.36645364e-07 4.58277314e+03 6.73433299e+03
6.37076394e-07 4.04114448e+03 4.67303571e+03
6.37507424e-07 4.24658822e+03 4.26202188e+03
6.37938455e-07 3.95396117e+03 4.34996966e+03
6.38369485e-07 4.22631201e+03 4.57167095e+03
6.38800515e-07 4.00571603e+03 4.44125635e+03
6.39231545e-07 4.37246967e+03 4.38680103e+03
6.39662576e-07 4.32715820e+03 4.19421974e+03
6.40093606e-07 4.38590393e+03 4.22776851e+03
6.40524636e-07 3.96011459e+03 4.05604083e+03
6.40955667e-07 4.47985524e+03 4.29354007e+03
6.41386697e-07 4.84273095e+03 4.48601851e+03
6.41817727e-07 4.43540166e+03 4.30558949e+03
6.42248758e-07 4.86762716e+03 4.46071766e+03
6.42679788e-07 4.62666492e+03 4.36425068e+03
6.43110818e-07 4.85887579e+03 4.40634724e+03
6.43541848e-07 4.63694170e+03 4.29733843e+03
6.43972879e-07 4.66178733e+03 4.27071398e+03
6.44403909e-07 4.90784577e+03 4.43904122e+03
6.44834939e-07 4.74120499e+03 4.37618420e+03
6.45265970e-07 4.51477720e+03 4.40885838e+03
6.45697000e-07 4.65005562e+03 4.52828677e+03
6.46128030e-07 4.98076616e+03 4.96204778e+03
6.46559061e-07 4.79723682e+03 5.27134009e+03
6.46990091e-07 4.54267722e+03 5.14909663e+03
6.47421121e-07 4.60007478e+03 4.76658944e+03
6.47852152e-07 4.27439842e+03 4.33985681e+03
6.48283182e-07 4.63169482e+03 4.35842584e+03
6.48714212e-07 4.78305223e+03 4.33369415e+03
6.49145242e-07 4.77120011e+03 4.48836749e+03
6.49576273e-07 4.62825719e+03 5.21425529e+03
6.50007303e-07 4.62727022e+03 5.59166112e+03
6.50438333e-07 5.04127590e+03 5.28795700e+03
6.50869364e-07 5.26051411e+03 4.78627621e+03
6.51300394e-07 4.29201265e+03 4.21577939e+03
6.51731424e-07 3.79998411e+03 4.12820437e+03
6.52162455e-07 3.93108608e+03 4.30464835e+03
6.52593485e-07 3.64398495e+03 4.28203466e+03
6.53024515e-07 4.05327493e+03 4.90543990e+03
6.53455545e-07 4.87365876e+03 5.29022410e+03
6.53886576e-07 4.84207711e+03 4.89611633e+03
6.54317606e-07 4.83561288e+03 4.84795851e+03
6.54748636e-07 4.26529490e+03 4.80327749e+03
6.55179667e-07 5.09833747e+03 5.49441647e+03
6.55610697e-07 4.93797329e+03 5.28842063e+03
6.56041727e-07 4.76421026e+03 4.71024417e+03
6.56472758e-07 4.53128005e+03 4.52554370e+03
6.56903788e-07 4.38715464e+03 4.62460795e+03
6.57334818e-07 5.16909882e+03 5.18161043e+03
6.57765848e-07 4.60667811e+03 5.10398550e+03
6.58196879e-07 4.87288897e+03 4.86412482e+03
6.58627909e-07 5.06816353e+03 4.55026231e+03
6.59058939e-07 4.31893679e+03 4.29382189e+03
6.59489970e-07 4.78272835e+03 4.62341616e+03
6.59921000e-07 5.11325915e+03 4.86733236e+03
6.60352030e-07 5.49744579e+03 5.04759560e+03
6.60783061e-07 5.10677036e+03 4.72704816e+03
6.61214091e-07 4.75187601e+03 4.37637836e+03
6.61645121e-07 4.89803736e+03 4.40203214e+03
6.62076152e-07 4.31173480e+03 4.24481658e+03
6.62507182e-07 4.72540659e+03 4.48428599e+03
6.62938212e-07 4.88481092e+03 4.56594495e+03
6.63369242e-07 4.73545771e+03 4.47224971e+03
6.63800273e-07 4.63656388e+03 4.41224173e+03
6.64231303e-07 5.02705842e+03 4.50006059e+03
6.64662333e-07 5.05816103e+03 4.50552397e+03
6.65093364e-07 4.70125241e+03 4.30704038e+03
6.65524394e-07 5.03159695e+03 4.44702808e+03
6.65955424e-07 4.96298414e+03 4.41669432e+03
6.66386455e-07 4.72095745e+03 4.42356583e+03
6.66817485e-07 4.99042585e+03 4.56983721e+03
6.67248515e-07 5.46282718e+03 4.70538154e+03
6.67679545e-07 5.11451613e+03 4.48895016e+03
6.68110576e-07 4.96614081e+03 4.44072180e+03
6.68541606e-07 5.16440218e+03 4.50369278e+03
6.68972636e-07 5.00342318e+03 4.48456230e+03
6.69403667e-07 4.69245501e+03 4.40428018e+03
6.69834697e-07 4.89643303e+03 4.48860952e+03
6.70265727e-07 5.16042460e+03 4.56539237e+03
6.70696758e-07 5.10302019e+03 4.53417933e+03
6.71127788e-07 5.24416762e+03 4.57786235e+03
6.71558818e-07 4.79940357e+03 4.41789472e+03
6.71989848e-07 4.78194605e+03 4.37982225e+03
6.72420879e-07 4.83640586e+03 4.41958161e+03
6.72851909e-07 5.38114767e+03 4.59552092e+03
6.73282939e-07 5.28805865e+03 4.53175543e+03
6.73713970e-07 4.83917773e+03 4.41433503e+03
6.74145000e-07 5.22763653e+03 4.55947922e+03
6.74576030e-07 5.45108322e+03 4.65005990e+03
6.75007061e-07 5.03774834e+03 4.48600155e+03
6.75438091e-07 5.29933208e+03 4.58886974e+03
6.75869121e-07 5.21644054e+03 4.46763235e+03
6.76300152e-07 4.94581442e+03 4.34861941e+03
6.76731182e-07 5.04478057e+03 4.34915851e+03
6.77162212e-07 4.73193867e+03 4.26133669e+03
6.77593242e-07 4.89231653e+03 4.33620300e+03
6.78024273e-07 5.36328357e+03 4.52472763e+03
6.78455303e-07 4.90417443e+03 4.38178474e+03
6.78886333e-07 4.82654903e+03 4.31462371e+03
6.79317364e-07 5.02256431e+03 4.39945636e+03
6.79748394e-07 5.07699960e+03 4.38000637e+03
6.80179424e-07 4.69497256e+03 4.27033814e+03
6.80610455e-07 4.70966133e+03 4.28856133e+03
6.81041485e-07 4.90981949e+03 4.27903873e+03
6.81472515e-07 4.74991748e+03 4.31210221e+03
6.81903545e-07 4.45190297e+03 4.24672382e+03
6.82334576e-07 4.59914073e+03 5.05128339e+03
6.82765606e-07 4.20046398e+03 6.40825710e+03
6.83196636e-07 4.26480805e+03 7.01150756e+03
6.83627667e-07 4.85392057e+03 6.27738717e+03
6.84058697e-07 4.95039659e+03 5.22736552e+03
6.84489727e-07 4.88892234e+03 4.69381129e+03
6.84920758e-07 4.88742561e+03 4.48191743e+03
6.85351788e-07 4.77594056e+03 4.48348790e+03
6.85782818e-07 4.91057564e+03 5.32907079e+03
6.86213848e-07 4.25157834e+03 7.03033382e+03
6.86644879e-07 4.27876374e+03 6.45942707e+03
6.87075909e-07 4.01046955e+03 4.38873303e+03
6.87506939e-07 3.46756883e+03 3.80227905e+03
6.87937970e-07 3.86296025e+03 4.20271292e+03
6.88369000e-07 4.42695435e+03 4.61343133e+03
6.88800030e-07 4.22348661e+03 4.70107837e+03
6.89231061e-07 3.88664946e+03 4.37886116e+03
6.89662091e-07 3.93495354e+03 4.26506892e+03
6.90093121e-07 4.48956895e+03 4.61836342e+03
6.90524152e-07 4.50237962e+03 4.52948567e+03
6.90955182e-07 3.77844645e+03 4.59738716e+03
6.91386212e-07 3.97518662e+03 4.80157170e+03
6.91817242e-07 4.02501080e+03 4.89448690e+03
6.92248273e-07 3.36911866e+03 5.32847059e+03
6.92679303e-07 4.12469195e+03 4.97227258e+03
6.93110333e-07 4.59637833e+03 4.38272594e+03
6.93541364e-07 4.21836679e+03 4.44984444e+03
6.93972394e-07 3.91635639e+03 4.67658374e+03
6.94403424e-07 3.96011212e+03 5.05643186e+03
6.94834455e-07 3.92211200e+03 5.69502193e+03
6.95265485e-07 4.40004970e+03 5.25906064e+03
6.95696515e-07 4.02808292e+03 4.23927108e+03
6.96127545e-07 4.80918735e+03 4.39723599e+03
6.96558576e-07 4.95918073e+03 4.78771832e+03
6.96989606e-07 4.20551306e+03 4.78688758e+03
6.97420636e-07 4.29981944e+03 5.08133670e+03
6.97851667e-07 4.38418874e+03 5.31093843e+03
6.98282697e-07 4.54065301e+03 4.75639948e+03
6.98713727e-07 4.41232149e+03 4.24957694e+03
6.99144758e-07 4.45101224e+03 4.15447157e+03
6.99575788e-07 4.59954434e+03 4.24255914e+03
7.00006818e-07 4.38972717e+03 4.41469520e+03
7.00437848e-07 4.21926636e+03 4.43957765e+03
7.00868879e-07 4.42079826e+03 4.62285021e+03
7.01299909e-07 4.59084490e+03 4.52765365e+03
7.01730939e-07 4.79903864e+03 4.29300979e+03
7.02161970e-07 4.78657517e+03 4.18555845e+03
7.02593000e-07 4.42001288e+03 4.07639756e+03
7.03024030e-07 4.41800935e+03 4.07692129e+03
7.03455061e-07 4.64833950e+03 4.14544007e+03
7.03886091e-07 4.82667799e+03 4.32568488e+03
7.04317121e-07 4.72422729e+03 4.65717427e+03
7.04748152e-07 4.44086976e+03 4.79112555e+03
7.05179182e-07 4.39475370e+03 4.63062876e+03
7.05610212e-07 4.84250334e+03 4.50419436e+03
7.06041242e-07 5.05392294e+03 4.55780191e+03
7.06472273e-07 4.74649997e+03 4.52569418e+03
7.06903303e-07 4.76349114e+03 4.56908861e+03
7.07334333e-07 4.61422832e+03 4.45472783e+03
7.07765364e-07 4.52802732e+03 4.43610829e+03
7.08196394e-07 4.24754947e+03 4.34294396e+03
7.08627424e-07 4.51507488e+03 4.42724461e+03
7.09058455e-07 4.59274744e+03 4.45065363e+03
7.09489485e-07 4.83709260e+03 4.40001008e+03
7.09920515e-07 4.67918764e+03 4.26616571e+03
7.10351545e-07 4.74012810e+03 4.22946511e+03
7.10782576e-07 4.90473492e+03 4.26484408e+03
7.11213606e-07 5.01458309e+03 4.31908377e+03
7.11644636e-07 4.67534974e+03 4.23156394e+03
7.12075667e-07 4.40657190e+03 4.11508703e+03
7.12506697e-07 4.24869181e+03 4.14922900e+03
7.12937727e-07 4.65338375e+03 4.34451190e+03
7.13368758e-07 4.55643750e+03 4.27900163e+03
7.13799788e-07 4.13615705e+03 4.15054170e+03
7.14230818e-07 4.57864662e+03 4.45595004e+03
7.14661848e-07 4.37726619e+03 4.51405623e+03
7.15092879e-07 4.27934725e+03 4.20889328e+03
7.15523909e-07 4.49943392e+03 4.15508521e+03
7.15954939e-07 4.92745763e+03 4.36921087e+03
7.16385970e-07 4.36812970e+03 4.09897279e+03
7.16817000e-07 3.44842475e+03 3.64845668e+03
7.17248030e-07 3.64125470e+03 3.65896203e+03
7.17679061e-07 3.72678854e+03 3.73395878e+03
7.18110091e-07 3.12574440e+03 3.47661481e+03
7.18541121e-07 3.46900863e+03 3.43398612e+03
7.18972152e-07 3.28538961e+03 3.30922248e+03
7.19403182e-07 3.30672038e+03 3.32099456e+03
7.19834212e-07 2.99612942e+03 3.27120969e+03
7.20265242e-07 3.26278448e+03 3.36781984e+03
7.20696273e-07 3.90238393e+03 3.60378922e+03
7.21127303e-07 3.76807999e+03 3.68860860e+03
7.21558333e-07 4.23916456e+03 3.88737019e+03
7.21989364e-07 3.81271153e+03 3.77271997e+03
7.22420394e-07 3.85567131e+03 3.87934074e+03
7.22851424e-07 3.74446385e+03 3.93133002e+03
7.23282455e-07 3.30532795e+03 4.42920031e+03
7.23713485e-07 2.97458394e+03 6.81608208e+03
7.24144515e-07 2.41651896e+03 9.18476733e+03
7.24575545e-07 2.93361679e+03 8.31288357e+03
7.25006576e-07 3.26996264e+03 5.60708599e+03
7.25437606e-07 3.38260978e+03 4.41816192e+03
7.25868636e-07 3.81404853e+03 4.16812729e+03
7.26299667e-07 3.68422956e+03 3.97975529e+03
7.26730697e-07 3.57259552e+03 4.34726166e+03
7.27161727e-07 2.94073733e+03 6.27573433e+03
7.27592758e-07 2.54902675e+03 8.58628574e+03
7.28023788e-07 3.61981582e+03 8.01870307e+03
7.28454818e-07 3.34638657e+03 6.32793537e+03
7.28885848e-07 3.63881419e+03 5.14485581e+03
7.29316879e-07 3.29451817e+03 4.37467934e+03
7.29747909e-07 3.08907678e+03 4.53345502e+03
7.30178939e-07 3.11280708e+03 4.82285177e+03
7.30609970e-07 4.04376330e+03 5.13293593e+03
7.31041000e-07 3.28100368e+03 5.63755328e+03
7.31472030e-07 2.33147513e+03 7.75609112e+03
7.31903061e-07 4.72752577e+03 7.73691216e+03
7.32334091e-07 4.68055765e+03 5.52294159e+03
7.32765121e-07 3.75585826e+03 5.82373642e+03
7.33196152e-07 4.12198766e+03 6.07300725e+03
7.33627182e-07 3.62522806e+03 7.21441731e+03
7.34058212e-07 3.01407918e+03 9.39307813e+03
7.34489242e-07 4.39609360e+03 7.43060746e+03
7.34920273e-07 4.78625601e+03 5.01633587e+03
7.35351303e-07 4.59337945e+03 5.33483851e+03
7.35782333e-07 3.92714983e+03 6.03694860e+03
7.36213364e-07 3.92304992e+03 6.13328854e+03
7.36644394e-07 3.83092059e+03 7.30505697e+03
7.37075424e-07 4.58746323e+03 7.89426380e+03
7.37506455e-07 5.07223311e+03 5.93419055e+03
7.37937485e-07 4.53566407e+03 4.56810069e+03
7.38368515e-07 4.93366193e+03 4.74242739e+03
7.38799545e-07 4.18190422e+03 5.05618775e+03
7.39230576e-07 5.01139987e+03 6.02110520e+03
7.39661606e-07 4.37753898e+03 6.29646592e+03
7.40092636e-07 4.05952910e+03 7.08097145e+03
7.40523667e-07 4.81526386e+03 6.47275922e+03
7.40954697e-07 4.75679318e+03 4.87147936e+03
7.41385727e-07 4.96635993e+03 4.76289323e+03
7.41816758e-07 4.88779225e+03 4.70527848e+03
7.42247788e-07 4.93535990e+03 4.81564276e+03
7.42678818e-07 4.36818948e+03 5.04146267e+03
7.43109848e-07 4.44158678e+03 5.45169328e+03
7.43540879e-07 4.49120461e+03 5.82135004e+03
7.43971909e-07 4.61187991e+03 6.00583944e+03
7.44402939e-07 4.80265684e+03 5.17531740e+03
7.44833970e-07 4.68989907e+03 4.64349180e+03
7.45265000e-07 5.03516939e+03 4.86174191e+03
7.45696030e-07 4.22059206e+03 4.57499682e+03
7.46127061e-07 5.46901515e+03 5.43938637e+03
7.46558091e-07 4.82437638e+03 5.71582745e+03
7.46989121e-07 4.72243565e+03 6.23375938e+03
7.47420152e-07 5.05196830e+03 6.69464680e+03
7.47851182e-07 5.24712835e+03 6.92578779e+03
7.48282212e-07 5.13551166e+03 6.82732982e+03
7.48713242e-07 5.65937847e+03 6.05863912e+03
7.49144273e-07 4.64077576e+03 5.15827084e+03
7.49575303e-07 5.10578835e+03 5.12679363e+03
7.50006333e-07 5.37141526e+03 5.08022000e+03
7.50437364e-07 5.60844640e+03 5.08416298e+03
7.50868394e-07 5.36169789e+03 4.95423263e+03
7.51299424e-07 5.07126774e+03 5.13623953e+03
7.51730455e-07 4.54712550e+03 5.90241670e+03
7.52161485e-07 4.52274171e+03 8.00604722e+03
7.52592515e-07 5.58149676e+03 8.77353960e+03
7.53023545e-07 5.74414873e+03 6.98512320e+03
7.53454576e-07 5.34240034e+03 5.69964076e+03
7.53885606e-07 5.21578313e+03 5.25192785e+03
7.54316636e-07 5.79992660e+03 5.38522645e+03
7.54747667e-07 5.46846457e+03 5.07318478e+03
7.55178697e-07 5.53032747e+03 5.31449966e+03
7.55609727e-07 5.27173180e+03 5.67315211e+03
7.56040758e-07 5.06308193e+03 5.44823060e+03
7.56471788e-07 5.15410091e+03 5.65382094e+03
7.56902818e-07 4.91944286e+03 7.06030870e+03
7.57333848e-07 5.04843126e+03 7.28692944e+03
7.57764879e-07 6.11304704e+03 6.11737474e+03
7.58195909e-07 5.32688596e+03 5.43443615e+03
7.58626939e-07 4.65402718e+03 5.50395365e+03
7.59057970e-07 4.97504971e+03 5.12085966e+03
7.59489000e-07 3.13861181e+03 4.02060161e+03
7.59920030e-07 1.91372537e+03 3.40719894e+03
7.60351061e-07 1.43788977e+03 2.72053813e+03
7.60782091e-07 1.39360234e+03 2.48686732e+03
7.61213121e-07 1.87049527e+03 3.08046761e+03
7.61644152e-07 3.01957764e+03 4.13734911e+03
7.62075182e-07 3.49060225e+03 4.48400846e+03
7.62506212e-07 3.02233738e+03 4.24410500e+03
7.62937242e-07 2.57738203e+03 4.01971266e+03
7.63368273e-07 3.07387702e+03 3.82978516e+03
7.63799303e-07 2.93503032e+03 3.47645298e+03
7.64230333e-07 2.79888833e+03 3.49842074e+03
7.64661364e-07 3.62335144e+03 3.93174001e+03
7.65092394e-07 3.54841980e+03 4.16059670e+03
7.65523424e-07 3.97816522e+03 4.48750462e+03
7.65954455e-07 3.86876877e+03 4.79874080e+03
7.66385485e-07 4.02201470e+03 4.91120650e+03
7.66816515e-07 4.61459791e+03 4.65455746e+03
7.67247545e-07 4.85565736e+03 4.68364312e+03
7.67678576e-07 5.01267754e+03 4.72613344e+03
7.68109606e-07 4.55805984e+03 4.74902384e+03
7.68540636e-07 4.76799772e+03 4.97116656e+03
7.68971667e-07 4.85313472e+03 5.17548254e+03
7.69402697e-07 4.53107293e+03 5.09450945e+03
7.69833727e-07 4.84248461e+03 5.26788227e+03
7.70264758e-07 4.85996182e+03 5.31280685e+03
7.70695788e-07 5.12323989e+03 7.37095962e+03
7.71126818e-07 2.56863986e+03 1.14307629e+04
7.71557848e-07 4.05662610e+03 1.41860404e+04
7.71988879e-07 6.27423807e+03 1.11968517e+04
7.72419909e-07 5.92590996e+03 7.89719462e+03
7.72850939e-07 5.35060226e+03 6.49999492e+03
7.73281970e-07 5.27454600e+03 5.60142794e+03
7.73713000e-07 4.81808996e+03 5.17764020e+03
7.74144030e-07 4.70530964e+03 5.69194911e+03
7.74575061e-07 3.74438489e+03 8.77668071e+03
7.75006091e-07 4.01860667e+03 1.30077499e+04
7.75437121e-07 5.14524880e+03 1.11701059e+04
7.75868152e-07 5.13883472e+03 8.39355545e+03
7.76299182e-07 5.76982224e+03 7.32172492e+03
7.76730212e-07 5.06421655e+03 6.22672948e+03
7.77161242e-07 4.32398863e+03 7.06791788e+03
7.77592273e-07 4.46950097e+03 7.60335119e+03
7.78023303e-07 5.27383306e+03 7.35468673e+03
7.78454333e-07 5.02024159e+03 6.62152099e+03
7.78885364e-07 4.32171831e+03 8.03953279e+03
7.79316394e-07 3.48043602e+03 1.07142612e+04
7.79747424e-07 5.76678866e+03 9.37120737e+03
7.80178455e-07 5.47365698e+03 6.47028183e+03
7.80609485e-07 3.84721203e+03 6.80227602e+03
7.81040515e-07 5.24167513e+03 7.59279117e+03
7.81471545e-07 5.32431996e+03 7.91688124e+03
7.81902576e-07 2.55905603e+03 1.06196679e+04
7.82333606e-07 4.81458777e+03 1.13568877e+04
7.82764636e-07 5.63256063e+03 7.31813780e+03
7.83195667e-07 5.26629984e+03 5.46011119e+03
7.83626697e-07 4.34537859e+03 5.95863374e+03
7.84057727e-07 3.99080985e+03 7.08376610e+03
7.84488758e-07 4.44154462e+03 7.60119044e+03
7.84919788e-07 3.41170440e+03 1.01097356e+04
7.85350818e-07 3.38054515e+03 1.30015162e+04
7.85781848e-07 5.86404714e+03 1.16872561e+04
7.86212879e-07 5.78315325e+03 9.23220857e+03
7.86643909e-07 4.23385240e+03 8.52015662e+03
7.87074939e-07 3.73955260e+03 8.75795405e+03
7.87505970e-07 4.35785699e+03 8.22973271e+03
7.87937000e-07 4.33725722e+03 7.97578625e+03
7.88368030e-07 4.47142351e+03 8.25699678e+03
7.88799061e-07 4.33210234e+03 8.98734831e+03
7.89230091e-07 4.83403052e+03 8.34278228e+03
7.89661121e-07 5.47116483e+03 6.35036668e+03
7.90092152e-07 4.38294758e+03 5.17178444e+03
7.90523182e-07 4.33005610e+03 6.41322269e+03
7.90954212e-07 3.33654020e+03 1.09524011e+04
7.91385242e-07 3.36793021e+03 1.98614433e+04
7.91816273e-07 4.56380787e+03 1.75078590e+04
7.92247303e-07 5.12179134e+03 1.32904696e+04
7.92678333e-07 5.44932353e+03 8.22744914e+03
7.93109364e-07 4.61745769e+03 7.90378716e+03
7.93540394e-07 4.98872857e+03 6.74055418e+03
7.93971424e-07 4.90449791e+03 5.57720763e+03
7.94402455e-07 4.32648074e+03 6.00858064e+03
7.94833485e-07 4.38566103e+03 6.88332195e+03
7.95264515e-07 6.19432017e+03 7.01676522e+03
7.95695545e-07 1.04067198e+03 4.87259547e+03
