1.27410000e-01
3.61217000e-07 6.61817120e+01 1.35412896e+03
3.61648030e-07 1.05416566e+02 1.35407289e+03
3.62510091e-07 1.29175173e+02 1.17895016e+03
3.62941121e-07 2.71935230e+02 2.57207256e+03
3.63372152e-07 7.13277893e+01 6.40942279e+02
3.63803182e-07 1.08754835e+02 1.01212469e+03
3.64234212e-07 4.67771544e+01 8.64095098e+02
3.64665242e-07 3.10779249e+01 5.19970666e+02
3.65096273e-07 1.61732420e+02 1.07513076e+03
3.65527303e-07 1.43035547e+02 9.64698901e+02
3.65958333e-07 5.23103534e+01 5.07267531e+02
3.66389364e-07 2.13739739e+01 5.44981559e+02
3.66820394e-07 1.23908828e+02 1.06184349e+03
3.67682455e-07 4.44666953e+01 3.66721563e+02
3.68113485e-07 1.00663573e+02 5.18772049e+02
3.68975545e-07 1.13220996e+01 3.66386912e+02
3.69406576e-07 1.54752420e+01 4.60624805e+02
3.69837606e-07 1.01610774e+02 6.01701822e+02
3.70268636e-07 8.49313991e+01 7.02739758e+02
3.70699667e-07 1.43493869e+02 6.72771432e+02
3.71130697e-07 1.37863703e+02 7.64033792e+02
3.71561727e-07 1.02451886e+02 5.79010721e+02
3.71992758e-07 1.44618082e+02 6.81746997e+02
3.72423788e-07 2.00295329e+01 4.23932871e+02
3.72854818e-07 3.99356730e+00 4.46126582e+02
3.73285848e-07 3.25367406e+00 3.85339842e+02
3.73716879e-07 8.92906799e+01 5.61496426e+02
3.74147909e-07 1.03848198e+02 6.47811243e+02
3.74578939e-07 9.43797418e+01 5.83368433e+02
3.75009970e-07 1.54725088e+02 6.87016919e+02
3.75441000e-07 4.66315502e+01 5.27466188e+02
3.75872030e-07 1.62364088e+01 5.16462875e+02
3.76303061e-07 7.69330615e+01 4.73277396e+02
3.76734091e-07 5.54153581e+01 3.82943304e+02
3.77165121e-07 5.04849739e+01 5.07603645e+02
3.77596152e-07 1.11064299e+02 5.49685689e+02
3.78027182e-07 1.31496310e+02 5.01113629e+02
3.78458212e-07 4.53705411e+01 5.24894415e+02
3.78889242e-07 4.14471874e+01 4.34695865e+02
3.79320273e-07 6.89101272e+01 4.90833736e+02
3.79751303e-07 1.44961381e+02 5.71678971e+02
3.80182333e-07 9.00184972e+01 4.88146672e+02
3.80613364e-07 6.47440290e+01 4.95413656e+02
3.81044394e-07 6.50782573e+01 4.67404570e+02
3.81475424e-07 1.19531384e+02 4.97965371e+02
3.81906455e-07 1.77223154e+02 5.96026411e+02
3.82768515e-07 3.11431573e+00 4.87029161e+02
3.83199545e-07 5.48286088e+01 5.45492331e+02
3.83630576e-07 9.63252942e+01 5.43692940e+02
3.84061606e-07 1.08443153e+02 5.15753998e+02
3.84492636e-07 1.05707448e+02 5.13807903e+02
3.84923667e-07 9.77048225e+01 4.79961050e+02
3.85354697e-07 2.23832316e+02 5.31418802e+02
3.85785727e-07 3.27103430e+01 4.67764750e+02
3.86216758e-07 8.91001479e+01 4.31363484e+02
3.86647788e-07 1.60353304e+01 4.39038486e+02
3.87509848e-07 3.96317969e+01 4.03642729e+02
3.87940879e-07 9.30818099e+01 4.85551497e+02
3.88371909e-07 2.12645716e+02 5.30538021e+02
3.88802939e-07 1.60870025e+02 4.97808204e+02
3.89233970e-07 7.21658577e+01 4.60357023e+02
3.89665000e-07 1.89237059e+02 5.06615957e+02
3.90096030e-07 1.30153357e+02 5.37522694e+02
3.90527061e-07 1.18334982e+02 5.70446593e+02
3.90958091e-07 5.34960930e+01 5.55026982e+02
3.91389121e-07 1.93115684e+02 6.54724646e+02
3.91820152e-07 1.27889701e+02 5.79938583e+02
3.92251182e-07 1.61722802e+02 5.13619870e+02
3.92682212e-07 1.60017705e+02 5.10722738e+02
3.93113242e-07 1.02530312e+02 4.96551528e+02
3.93544273e-07 1.37417195e+02 5.00054551e+02
3.93975303e-07 1.03243318e+02 5.30577623e+02
3.94406333e-07 1.32442045e+02 5.66417579e+02
3.94837364e-07 6.44585362e+01 5.65589510e+02
3.95268394e-07 1.35903952e+02 5.73706953e+02
3.95699424e-07 1.04626167e+02 5.34987215e+02
3.96130455e-07 9.86916223e+01 5.18948126e+02
3.96561485e-07 1.85153108e+02 5.27996718e+02
3.96992515e-07 2.23845752e+02 5.37684519e+02
3.97423545e-07 1.73418179e+02 5.22992301e+02
3.97854576e-07 1.94571231e+02 5.98193019e+02
3.98285606e-07 1.70001752e+02 6.22044872e+02
3.98716636e-07 1.49935210e+02 5.96305351e+02
3.99147667e-07 2.23380081e+02 6.40030466e+02
3.99578697e-07 1.78184970e+02 6.29196701e+02
4.00009727e-07 1.52987360e+02 6.14423071e+02
4.00440758e-07 1.30916974e+02 6.36313764e+02
4.00871788e-07 1.43365274e+02 6.84812361e+02
4.01302818e-07 8.10101564e+01 6.57121953e+02
4.01733848e-07 4.83089217e+01 6.55256608e+02
4.02164879e-07 1.75863204e+02 6.81635225e+02
4.02595909e-07 1.58937920e+02 6.44741627e+02
4.03026939e-07 1.73755478e+02 6.53017438e+02
4.03457970e-07 1.39913886e+02 6.36008764e+02
4.03889000e-07 9.86423576e+01 6.75901979e+02
4.04320030e-07 1.36185045e+02 7.06976802e+02
4.04751061e-07 1.41631573e+02 7.29376354e+02
4.05182091e-07 1.40160558e+02 7.15912561e+02
4.05613121e-07 2.96473910e+02 7.43065948e+02
4.06044152e-07 2.38474538e+02 7.59983871e+02
4.06475182e-07 1.61218395e+02 7.25901963e+02
4.06906212e-07 8.73309638e+01 6.89146786e+02
4.07337242e-07 1.43820480e+02 7.23574221e+02
4.07768273e-07 1.58923189e+02 7.49971992e+02
4.08199303e-07 2.15565014e+02 7.74239834e+02
4.08630333e-07 2.04509858e+02 7.44091493e+02
4.09061364e-07 2.09591778e+02 7.34734165e+02
4.09492394e-07 1.78328271e+02 6.94662195e+02
4.09923424e-07 2.25980130e+02 7.02866534e+02
4.10354455e-07 2.36424801e+02 6.95721573e+02
4.10785485e-07 2.66090382e+02 7.55186669e+02
4.11216515e-07 1.77914197e+02 7.19289760e+02
4.11647545e-07 2.45343807e+02 7.44193051e+02
4.12078576e-07 2.71564925e+02 7.60522677e+02
4.12509606e-07 4.02316654e+02 8.47701528e+02
4.12940636e-07 3.19375894e+02 7.96947550e+02
4.13371667e-07 2.54946467e+02 7.64375810e+02
4.13802697e-07 1.56826143e+02 7.28916142e+02
4.14233727e-07 2.93252378e+02 7.79138952e+02
4.14664758e-07 4.17368935e+02 8.11840658e+02
4.15095788e-07 2.62851758e+02 7.71020805e+02
4.15526818e-07 1.70525189e+02 7.37242545e+02
4.15957848e-07 2.51017966e+02 8.02746967e+02
4.16388879e-07 1.72874517e+02 8.24470784e+02
4.16819909e-07 3.18929240e+02 9.14519781e+02
4.17250939e-07 4.13174884e+02 9.07563962e+02
4.17681970e-07 3.31245182e+02 8.65415493e+02
4.18113000e-07 2.42243763e+02 8.62582507e+02
4.18544030e-07 1.17687747e+02 7.82839824e+02
4.18975061e-07 2.67258550e+02 8.40588054e+02
4.19406091e-07 2.28588458e+02 7.82779163e+02
4.19837121e-07 4.28699999e+02 8.57005798e+02
4.20268152e-07 4.36941266e+02 8.42886140e+02
4.20699182e-07 2.98018069e+02 8.03333667e+02
4.21130212e-07 1.72260376e+02 7.52042669e+02
4.21561242e-07 2.31409265e+02 7.75759398e+02
4.21992273e-07 3.12704574e+02 7.83911718e+02
4.22423303e-07 2.33877028e+02 7.58075779e+02
4.22854333e-07 2.94810302e+02 7.63491108e+02
4.23285364e-07 3.23880285e+02 8.07011147e+02
4.23716394e-07 2.85423319e+02 7.91082404e+02
4.24147424e-07 3.40297881e+02 8.10271499e+02
4.24578455e-07 2.85588285e+02 8.25237476e+02
4.25009485e-07 3.33016552e+02 8.68468177e+02
4.25440515e-07 3.74449479e+02 8.92224488e+02
4.25871545e-07 4.73204741e+02 9.34814579e+02
4.26302576e-07 4.03026745e+02 8.95142823e+02
4.26733606e-07 4.40159932e+02 9.24212985e+02
4.27164636e-07 4.93664805e+02 9.33173975e+02
4.27595667e-07 3.12067006e+02 8.56275744e+02
4.28026697e-07 4.47657561e+02 9.25471645e+02
4.28457727e-07 2.55331231e+02 8.79097388e+02
4.28888758e-07 2.93934411e+02 8.54715637e+02
4.29319788e-07 4.14961965e+02 8.98722462e+02
4.29750818e-07 3.96923300e+02 9.04012719e+02
4.30181848e-07 3.93601395e+02 8.78110177e+02
4.30612879e-07 3.45153827e+02 8.56332977e+02
4.31043909e-07 3.24427813e+02 8.87400445e+02
4.31474939e-07 3.21627985e+02 9.20443705e+02
4.31905970e-07 3.39942569e+02 9.40716154e+02
4.32337000e-07 3.05865618e+02 9.06040378e+02
4.32768030e-07 2.63138743e+02 8.76653097e+02
4.33199061e-07 2.91359044e+02 8.75534361e+02
4.33630091e-07 3.29493280e+02 8.91628726e+02
4.34061121e-07 3.24008897e+02 8.97562816e+02
4.34492152e-07 4.48680153e+02 9.67975110e+02
4.34923182e-07 4.13992428e+02 9.73871250e+02
4.35354212e-07 3.98577351e+02 9.88921136e+02
4.35785242e-07 4.36871036e+02 1.00142252e+03
4.36216273e-07 4.02873093e+02 9.78075595e+02
4.36647303e-07 3.78754463e+02 9.68026907e+02
4.37078333e-07 2.70590552e+02 9.26436989e+02
4.37509364e-07 3.28472877e+02 9.72214469e+02
4.37940394e-07 3.83889959e+02 1.00747736e+03
4.38371424e-07 3.04801325e+02 9.27217571e+02
4.38802455e-07 2.99384807e+02 9.20546202e+02
4.39233485e-07 4.72874802e+02 1.02973614e+03
4.39664515e-07 3.64137027e+02 9.67379715e+02
4.40095545e-07 3.67694749e+02 1.03418662e+03
4.40526576e-07 4.05111254e+02 1.10067573e+03
4.40957606e-07 4.88710469e+02 1.17864487e+03
4.41388636e-07 4.64768748e+02 1.16939573e+03
4.41819667e-07 4.88687386e+02 1.12627886e+03
4.42250697e-07 4.04249524e+02 1.13151749e+03
4.42681727e-07 2.05993173e+02 1.05678660e+03
4.43112758e-07 2.63195611e+02 1.03414923e+03
4.43543788e-07 2.77656476e+02 1.01345861e+03
4.43974818e-07 2.55434545e+02 9.98703391e+02
4.44405848e-07 4.33860736e+02 1.07250080e+03
4.44836879e-07 4.55214536e+02 1.08366734e+03
4.45267909e-07 6.08971343e+02 1.12124445e+03
4.45698939e-07 5.50657838e+02 1.08750862e+03
4.46129970e-07 5.63309324e+02 1.09567034e+03
4.46561000e-07 3.35509605e+02 1.01991349e+03
4.46992030e-07 3.93727619e+02 1.04919958e+03
4.47423061e-07 2.48915744e+02 9.75979633e+02
4.47854091e-07 2.35480290e+02 1.00306741e+03
4.48285121e-07 3.66703879e+02 1.07713575e+03
4.48716152e-07 5.15564281e+02 1.13107465e+03
4.49147182e-07 5.65474116e+02 1.13867822e+03
4.49578212e-07 8.35589797e+02 1.31131024e+03
4.50009242e-07 7.91544171e+02 1.30379500e+03
4.50440273e-07 6.68061511e+02 1.21292645e+03
4.50871303e-07 5.80429569e+02 1.22305094e+03
4.51302333e-07 7.08153054e+02 1.27167397e+03
4.51733364e-07 7.57011179e+02 1.27756455e+03
4.52164394e-07 8.55750160e+02 1.35247218e+03
4.52595424e-07 6.29295770e+02 1.25468021e+03
4.53026455e-07 7.56968288e+02 1.35339007e+03
4.53457485e-07 8.81527591e+02 1.36950913e+03
4.53888515e-07 7.96891388e+02 1.37447408e+03
4.54319545e-07 7.51880284e+02 1.35931525e+03
4.54750576e-07 8.18978451e+02 1.39726761e+03
4.55181606e-07 1.04519414e+03 1.46748832e+03
4.55612636e-07 8.51484715e+02 1.36460453e+03
4.56043667e-07 7.32690442e+02 1.32788103e+03
4.56474697e-07 7.95589875e+02 1.36348965e+03
4.56905727e-07 9.13272457e+02 1.43386567e+03
4.57336758e-07 6.26645998e+02 1.26092506e+03
4.57767788e-07 7.50664294e+02 1.37706916e+03
4.58198818e-07 8.04185413e+02 1.38538910e+03
4.58629848e-07 7.24776373e+02 1.35278833e+03
4.59060879e-07 7.23042186e+02 1.31681391e+03
4.59491909e-07 8.64753759e+02 1.37960380e+03
4.59922939e-07 8.99551781e+02 1.40264969e+03
4.60353970e-07 7.05496836e+02 1.97831325e+03
4.60785000e-07 1.09935514e+03 2.32921395e+03
4.61216030e-07 8.07596915e+02 2.14707922e+03
4.61647061e-07 7.56798028e+02 2.09804473e+03
4.62078091e-07 6.50335241e+02 1.99606617e+03
4.62509121e-07 8.10442223e+02 2.12509349e+03
4.62940152e-07 7.87856567e+02 1.39031763e+03
4.63371182e-07 1.05359656e+03 1.47749871e+03
4.63802212e-07 9.11918187e+02 1.41986357e+03
4.64233242e-07 9.63330520e+02 1.44309215e+03
4.64664273e-07 1.08594404e+03 1.50537970e+03
4.65095303e-07 1.04102942e+03 1.47701856e+03
4.65526333e-07 8.66984120e+02 1.44797018e+03
4.65957364e-07 9.63211581e+02 1.55271137e+03
4.66388394e-07 9.01984721e+02 1.48954296e+03
4.66819424e-07 1.13588402e+03 1.57413177e+03
4.67250455e-07 8.89467014e+02 1.49451550e+03
4.67681485e-07 9.84690732e+02 1.56292438e+03
4.68112515e-07 1.04371354e+03 1.54535427e+03
4.68543545e-07 1.10761599e+03 1.57594960e+03
4.68974576e-07 1.06917828e+03 1.59367594e+03
4.69405606e-07 8.98567233e+02 1.50985430e+03
4.69836636e-07 9.71618695e+02 1.53032581e+03
4.70267667e-07 9.43278026e+02 1.50755113e+03
4.70698697e-07 1.05164288e+03 1.54533735e+03
4.71129727e-07 9.47421161e+02 1.53621685e+03
4.71560758e-07 1.02386854e+03 1.57020523e+03
4.71991788e-07 1.12694745e+03 1.66875962e+03
4.72422818e-07 1.10411572e+03 1.62640996e+03
4.72853848e-07 1.15697450e+03 1.62920922e+03
4.73284879e-07 9.94154327e+02 1.54537895e+03
4.73715909e-07 1.10113527e+03 1.58557940e+03
4.74146939e-07 1.03540840e+03 1.58471497e+03
4.74577970e-07 1.18945171e+03 1.67110910e+03
4.75009000e-07 1.17532141e+03 1.66125077e+03
4.75440030e-07 1.14391095e+03 1.64515048e+03
4.75871061e-07 1.08036584e+03 1.60690009e+03
4.76302091e-07 1.08448024e+03 1.62223202e+03
4.76733121e-07 1.05361185e+03 1.61030183e+03
4.77164152e-07 1.18138277e+03 1.70489944e+03
4.77595182e-07 1.22825739e+03 1.71692569e+03
4.78026212e-07 1.10552148e+03 1.66728803e+03
4.78457242e-07 1.14136894e+03 1.69117509e+03
4.78888273e-07 1.23475353e+03 1.70584351e+03
4.79319303e-07 1.28745023e+03 1.76424793e+03
4.79750333e-07 1.32485286e+03 1.77287974e+03
4.80181364e-07 1.15470620e+03 1.70602958e+03
4.80612394e-07 1.20738379e+03 1.73255691e+03
4.81043424e-07 1.33574630e+03 1.78174394e+03
4.81474455e-07 1.19510943e+03 1.79094263e+03
4.81905485e-07 1.02156193e+03 1.77569682e+03
4.82336515e-07 1.17596021e+03 1.85050446e+03
4.82767545e-07 1.32105839e+03 1.88398204e+03
4.83198576e-07 1.37252720e+03 1.92980636e+03
4.83629606e-07 1.23835529e+03 1.88028491e+03
4.84060636e-07 1.31792520e+03 1.89011546e+03
4.84491667e-07 1.20763524e+03 1.83457197e+03
4.84922697e-07 8.79887146e+02 1.70735902e+03
4.85353727e-07 1.08400906e+03 1.71370755e+03
4.85784758e-07 9.52753678e+02 1.63317955e+03
4.86215788e-07 1.26809232e+03 1.75023915e+03
4.86646818e-07 1.35822669e+03 1.78895925e+03
4.87077848e-07 1.18578878e+03 1.75436258e+03
4.87508879e-07 1.24096867e+03 1.78642068e+03
4.87939909e-07 1.29204888e+03 1.83060340e+03
4.88370939e-07 1.31187070e+03 1.87948720e+03
4.88801970e-07 1.18233293e+03 1.83568361e+03
4.89233000e-07 1.32486415e+03 1.87443465e+03
4.89664030e-07 1.50146966e+03 1.94758630e+03
4.90095061e-07 1.49049556e+03 1.95289600e+03
4.90526091e-07 1.53999073e+03 1.96620772e+03
4.90957121e-07 1.51064600e+03 1.98962584e+03
4.91388152e-07 1.30502480e+03 1.86224274e+03
4.91819182e-07 1.28937926e+03 1.81971413e+03
4.92250212e-07 1.31984830e+03 1.86252666e+03
4.92681242e-07 1.39910687e+03 1.88126537e+03
4.93112273e-07 1.39195604e+03 1.90690085e+03
4.93543303e-07 1.56011561e+03 1.97255562e+03
4.93974333e-07 1.45234809e+03 1.95215551e+03
4.94405364e-07 1.16869577e+03 1.85365614e+03
4.94836394e-07 1.23667426e+03 1.90032105e+03
4.95267424e-07 1.38845295e+03 1.94348043e+03
4.95698455e-07 1.69572284e+03 2.06664911e+03
4.96129485e-07 1.68842223e+03 2.10582294e+03
4.96560515e-07 1.54826873e+03 2.07334524e+03
4.96991545e-07 1.43595567e+03 2.03647210e+03
4.97422576e-07 1.47685863e+03 2.08080752e+03
4.97853606e-07 1.81170653e+03 2.16370382e+03
4.98284636e-07 1.53897850e+03 2.00321696e+03
4.98715667e-07 1.59691462e+03 2.05453396e+03
4.99146697e-07 1.59034734e+03 2.08296741e+03
4.99577727e-07 1.56850449e+03 2.12024966e+03
5.00008758e-07 1.57361495e+03 2.07666411e+03
5.00439788e-07 1.69297086e+03 2.10092850e+03
5.00870818e-07 1.80102092e+03 2.17946341e+03
5.01301848e-07 1.76059486e+03 2.20520930e+03
5.01732879e-07 1.61310616e+03 2.07357573e+03
5.02163909e-07 1.54999161e+03 2.06084797e+03
5.02594939e-07 1.62999488e+03 2.08606548e+03
5.03025970e-07 1.61669301e+03 2.07481493e+03
5.03457000e-07 1.78329423e+03 2.16546370e+03
5.03888030e-07 1.75259073e+03 2.13154848e+03
5.04319061e-07 2.01670295e+03 2.23838120e+03
5.04750091e-07 1.84034730e+03 2.18388919e+03
5.05181121e-07 1.78357330e+03 2.14095726e+03
5.05612152e-07 1.86346806e+03 2.21753259e+03
5.06043182e-07 1.94882999e+03 2.25268446e+03
5.06474212e-07 1.87666908e+03 2.22277837e+03
5.06905242e-07 1.82191083e+03 2.20235349e+03
5.07336273e-07 1.87364181e+03 2.22995065e+03
5.07767303e-07 2.09579464e+03 2.32441694e+03
5.08198333e-07 2.00393902e+03 2.23446803e+03
5.08629364e-07 1.76692408e+03 2.18940537e+03
5.09060394e-07 2.10712794e+03 2.34072353e+03
5.09491424e-07 2.17864261e+03 2.39410446e+03
5.09922455e-07 2.22288941e+03 2.42170579e+03
5.10353485e-07 2.09179171e+03 2.33248124e+03
5.10784515e-07 1.97037885e+03 2.27412206e+03
5.11215545e-07 2.06596008e+03 2.36394806e+03
5.11646576e-07 2.07928777e+03 2.36538865e+03
5.12077606e-07 2.03859212e+03 2.40370451e+03
5.12508636e-07 2.17545429e+03 2.40538084e+03
5.12939667e-07 1.87008717e+03 2.32919025e+03
5.13370697e-07 2.02284850e+03 2.39756803e+03
5.13801727e-07 2.41566546e+03 2.61386291e+03
5.14232758e-07 2.54871875e+03 2.67590186e+03
5.14663788e-07 2.27643084e+03 2.56563575e+03
5.15094818e-07 2.06579708e+03 2.46289527e+03
5.15525848e-07 2.49528447e+03 2.67363005e+03
5.15956879e-07 2.23698401e+03 2.50999338e+03
5.16387909e-07 2.04087277e+03 2.39798857e+03
5.16818939e-07 2.17396245e+03 2.40564632e+03
5.17249970e-07 1.89151089e+03 2.28632788e+03
5.17681000e-07 2.20041328e+03 2.44917280e+03
5.18112030e-07 2.29851405e+03 2.51220469e+03
5.18543061e-07 2.11712087e+03 2.44318344e+03
5.18974091e-07 2.29588682e+03 2.59639761e+03
5.19405121e-07 2.42710506e+03 2.86188871e+03
5.19836152e-07 2.46512648e+03 3.20276424e+03
5.20267182e-07 2.58141353e+03 3.25879786e+03
5.20698212e-07 2.34832938e+03 2.78987160e+03
5.21129242e-07 2.46225032e+03 2.70622587e+03
5.21560273e-07 2.45452196e+03 2.67136752e+03
5.21991303e-07 2.55438530e+03 2.77514947e+03
5.22422333e-07 2.50720723e+03 2.79741475e+03
5.22853364e-07 2.41377141e+03 2.71590539e+03
5.23284394e-07 2.25910935e+03 2.64130232e+03
5.23715424e-07 2.39248549e+03 2.74351169e+03
5.24146455e-07 2.46818180e+03 2.76868368e+03
5.24577485e-07 2.60407494e+03 2.80122315e+03
5.25008515e-07 2.51648119e+03 2.77866401e+03
5.25439545e-07 2.53558311e+03 2.81460751e+03
5.25870576e-07 2.33748242e+03 2.73972732e+03
5.26301606e-07 2.53115099e+03 2.70631921e+03
5.26732636e-07 2.45951456e+03 2.57578395e+03
5.27163667e-07 2.33934111e+03 2.62757334e+03
5.27594697e-07 2.23419360e+03 2.68286084e+03
5.28025727e-07 2.30583550e+03 2.74059319e+03
5.28456758e-07 2.57784776e+03 2.78564117e+03
5.28887788e-07 2.51558562e+03 2.80457764e+03
5.29318818e-07 2.30812001e+03 2.74675595e+03
5.29749848e-07 2.22694217e+03 2.72254908e+03
5.30180879e-07 2.15489160e+03 2.75691648e+03
5.30611909e-07 2.50050332e+03 2.83915660e+03
5.31042939e-07 2.43346305e+03 2.84123087e+03
5.31473970e-07 2.50420781e+03 2.84943703e+03
5.31905000e-07 2.45381764e+03 2.85302205e+03
5.32336030e-07 2.59915375e+03 2.92672557e+03
5.32767061e-07 2.76497880e+03 2.99643155e+03
5.33198091e-07 2.65228370e+03 3.00613745e+03
5.33629121e-07 2.53482319e+03 2.93249164e+03
5.34060152e-07 2.68250389e+03 2.94736291e+03
5.34491182e-07 2.73450869e+03 2.95879214e+03
5.34922212e-07 2.49664082e+03 2.91109464e+03
5.35353242e-07 2.58536172e+03 2.97618759e+03
5.35784273e-07 2.76549970e+03 2.96008900e+03
5.36215303e-07 2.73858474e+03 2.97788744e+03
5.36646333e-07 2.79599238e+03 2.94846698e+03
5.37077364e-07 2.63617409e+03 2.89175895e+03
5.37508394e-07 2.74636768e+03 2.95885078e+03
5.37939424e-07 3.03792188e+03 3.11913217e+03
5.38370455e-07 2.90208912e+03 3.02451484e+03
5.38801485e-07 3.01186939e+03 3.05303018e+03
5.39232515e-07 2.70082410e+03 2.96687264e+03
5.39663545e-07 2.88124991e+03 3.00091046e+03
5.40094576e-07 2.88153856e+03 2.94496769e+03
5.40525606e-07 2.66088799e+03 2.91948383e+03
5.40956636e-07 2.72457977e+03 2.91970905e+03
5.41387667e-07 2.85650101e+03 3.04493466e+03
5.41818697e-07 2.64733984e+03 2.91703945e+03
5.42249727e-07 2.80117588e+03 2.97210931e+03
5.42680758e-07 2.58645724e+03 2.94049914e+03
5.43111788e-07 2.77944502e+03 2.99632467e+03
5.43542818e-07 2.89390390e+03 3.04012032e+03
5.43973848e-07 2.63650121e+03 3.01114285e+03
5.44404879e-07 2.91740330e+03 3.10546338e+03
5.44835909e-07 2.76706232e+03 3.07466366e+03
5.45266939e-07 2.90636526e+03 3.07215470e+03
5.45697970e-07 2.63047965e+03 3.06801197e+03
5.46129000e-07 2.80152791e+03 3.16847575e+03
5.46560030e-07 2.82628852e+03 3.14993864e+03
5.46991061e-07 2.58096825e+03 3.02841480e+03
5.47422091e-07 2.56369311e+03 2.99059983e+03
5.47853121e-07 2.56989145e+03 3.01558207e+03
5.48284152e-07 2.31843428e+03 2.97724184e+03
5.48715182e-07 2.16683244e+03 2.93623195e+03
5.49146212e-07 2.19834265e+03 2.91676727e+03
5.49577242e-07 2.43851825e+03 2.97218787e+03
5.50008273e-07 2.92503011e+03 3.24534836e+03
5.50439303e-07 2.78141152e+03 3.18386656e+03
5.50870333e-07 2.47822128e+03 3.05497446e+03
5.51301364e-07 2.72352079e+03 3.15540403e+03
5.51732394e-07 2.90245074e+03 3.30138262e+03
5.52163424e-07 3.25321450e+03 3.42157148e+03
5.52594455e-07 3.47330136e+03 3.49038129e+03
5.53025485e-07 3.14218652e+03 3.36633396e+03
5.53456515e-07 3.27413717e+03 3.41227330e+03
5.53887545e-07 2.93795939e+03 3.35454021e+03
5.54318576e-07 2.74791250e+03 3.36195993e+03
5.54749606e-07 2.94653910e+03 3.49492530e+03
5.55180636e-07 2.95465772e+03 3.38154401e+03
5.55611667e-07 3.10923984e+03 3.37574698e+03
5.56042697e-07 2.84879566e+03 3.38052243e+03
5.56473727e-07 2.30590501e+03 3.34980474e+03
5.56904758e-07 3.71819652e+03 5.17670678e+03
5.57335788e-07 2.44273103e+03 1.75946507e+04
5.57766818e-07 1.69262835e+03 3.59844967e+04
5.58197848e-07 3.44273861e+03 2.62061283e+04
5.58628879e-07 4.56073276e+03 8.35471223e+03
5.59059909e-07 4.14696111e+03 4.21445665e+03
5.59490939e-07 3.49224250e+03 3.68955585e+03
5.59921970e-07 3.13411546e+03 3.57634320e+03
5.60353000e-07 3.25478372e+03 3.73244692e+03
5.60784030e-07 3.47012613e+03 3.81826934e+03
5.61215061e-07 2.68450995e+03 3.40866222e+03
5.61646091e-07 2.83405380e+03 3.38205195e+03
5.62077121e-07 3.20734859e+03 3.61828570e+03
5.62508152e-07 3.14657664e+03 3.62159085e+03
5.62939182e-07 3.00925453e+03 3.52130883e+03
5.63370212e-07 3.25148173e+03 3.49592390e+03
5.63801242e-07 3.55415117e+03 3.70855752e+03
5.64232273e-07 3.40741378e+03 3.70468366e+03
5.64663303e-07 3.10005646e+03 3.57322017e+03
5.65094333e-07 2.79771603e+03 3.45149961e+03
5.65525364e-07 3.12787859e+03 3.47063083e+03
5.65956394e-07 3.15180313e+03 3.46848781e+03
5.66387424e-07 2.90212703e+03 3.44390147e+03
5.66818455e-07 3.55397730e+03 3.75084134e+03
5.67249485e-07 3.50456570e+03 3.76008775e+03
5.67680515e-07 3.16098034e+03 3.58304399e+03
5.68111545e-07 3.08993570e+03 3.61317674e+03
5.68542576e-07 2.96669978e+03 3.58265008e+03
5.68973606e-07 3.24859860e+03 3.63133380e+03
5.69404636e-07 2.98800630e+03 3.64016528e+03
5.69835667e-07 3.11881707e+03 3.66858481e+03
5.70266697e-07 3.70480203e+03 3.90327498e+03
5.70697727e-07 3.14547411e+03 3.66431837e+03
5.71128758e-07 3.06539793e+03 3.61960572e+03
5.71559788e-07 3.49671389e+03 3.82231046e+03
5.71990818e-07 3.49935591e+03 3.82578456e+03
5.72421848e-07 3.10649493e+03 3.66929188e+03
5.72852879e-07 3.34483978e+03 3.82775710e+03
5.73283909e-07 3.24582033e+03 3.71181163e+03
5.73714939e-07 3.33930771e+03 3.73448386e+03
5.74145970e-07 3.17523867e+03 3.67292291e+03
5.74577000e-07 3.02203446e+03 3.57576205e+03
5.75008030e-07 3.22432922e+03 3.69864829e+03
5.75439061e-07 3.03901007e+03 3.60942501e+03
5.75870091e-07 3.23488825e+03 3.70424494e+03
5.76301121e-07 3.52473792e+03 3.87999437e+03
5.76732152e-07 3.18296310e+03 3.73587174e+03
5.77163182e-07 3.06870116e+03 3.67641563e+03
5.77594212e-07 3.05680377e+03 3.69350785e+03
5.78025242e-07 3.20868426e+03 3.66395324e+03
5.78456273e-07 3.00138598e+03 3.63271531e+03
5.78887303e-07 3.64204963e+03 3.92798510e+03
5.79318333e-07 3.28263591e+03 3.82758351e+03
5.79749364e-07 3.28259423e+03 3.81829308e+03
5.80180394e-07 3.03721435e+03 3.69605553e+03
5.80611424e-07 3.16327783e+03 3.72326272e+03
5.81042455e-07 3.52958650e+03 3.86399018e+03
5.81473485e-07 3.82714268e+03 4.04078325e+03
5.81904515e-07 3.18567902e+03 3.81236152e+03
5.82335545e-07 2.70021019e+03 3.59813813e+03
5.82766576e-07 2.79434538e+03 3.64079081e+03
5.83197606e-07 2.83043395e+03 3.66264020e+03
5.83628636e-07 2.96061850e+03 3.71489175e+03
5.84059667e-07 3.04115618e+03 3.75368046e+03
5.84490697e-07 3.00306309e+03 3.74579178e+03
5.84921727e-07 3.17530789e+03 3.80483423e+03
5.85352758e-07 3.31184697e+03 3.89654356e+03
5.85783788e-07 3.14935269e+03 3.89772822e+03
5.86214818e-07 3.23059952e+03 4.19490037e+03
5.86645848e-07 3.58186010e+03 4.87465299e+03
5.87076879e-07 3.26532991e+03 4.74297270e+03
5.87507909e-07 3.27118052e+03 4.38226077e+03
5.87938939e-07 3.32980987e+03 5.97289444e+03
5.88369970e-07 3.04042226e+03 6.83418860e+03
5.88801000e-07 3.03458848e+03 9.94294144e+03
5.89232030e-07 3.42611677e+03 8.82998561e+03
5.89663061e-07 3.31284171e+03 7.57134133e+03
5.90094091e-07 3.69640021e+03 5.74775476e+03
5.90525121e-07 3.81472787e+03 4.72144613e+03
5.90956152e-07 3.55658849e+03 4.54823607e+03
5.91387182e-07 3.29309014e+03 4.70197388e+03
5.91818212e-07 3.40111590e+03 4.70765501e+03
5.92249242e-07 3.62405894e+03 4.59523016e+03
5.92680273e-07 3.66684060e+03 4.73046939e+03
5.93111303e-07 3.80293838e+03 4.99572775e+03
5.93542333e-07 3.02859525e+03 4.64150782e+03
5.93973364e-07 2.87290015e+03 4.24488270e+03
5.94404394e-07 3.34417647e+03 4.28295471e+03
5.94835424e-07 3.13926145e+03 4.47945174e+03
5.95266455e-07 3.60412799e+03 4.94627242e+03
5.95697485e-07 3.93031229e+03 4.92373657e+03
5.96128515e-07 4.20037553e+03 4.68947777e+03
5.96559545e-07 4.49947998e+03 4.73850254e+03
5.96990576e-07 3.85446680e+03 4.62642336e+03
5.97421606e-07 3.49795237e+03 4.68897781e+03
5.97852636e-07 3.75048465e+03 4.71207277e+03
5.98283667e-07 4.04600255e+03 4.57090601e+03
5.98714697e-07 4.08463564e+03 4.49442691e+03
5.99145727e-07 4.01374155e+03 4.47691954e+03
5.99576758e-07 3.68805319e+03 4.35662496e+03
6.00007788e-07 3.80578666e+03 4.49716838e+03
6.00438818e-07 3.79564821e+03 4.57968062e+03
6.00869848e-07 3.65102690e+03 4.36608497e+03
6.01300879e-07 4.23730472e+03 4.49309940e+03
6.01731909e-07 4.25411704e+03 4.46361692e+03
6.02162939e-07 3.73533872e+03 4.18834775e+03
6.02593970e-07 3.92806424e+03 4.33218760e+03
6.03025000e-07 4.03729864e+03 4.41439115e+03
6.03456030e-07 4.39001516e+03 4.61315601e+03
6.03887061e-07 4.60587003e+03 4.66705766e+03
6.04318091e-07 4.20989071e+03 4.39841038e+03
6.04749121e-07 3.94063204e+03 4.28025668e+03
6.05180152e-07 3.89517390e+03 4.31272760e+03
6.05611182e-07 3.97875226e+03 4.26206830e+03
6.06042212e-07 4.24458184e+03 4.39890940e+03
6.06473242e-07 4.29333712e+03 4.50311898e+03
6.06904273e-07 4.26109870e+03 4.44776314e+03
6.07335303e-07 4.13978652e+03 4.35077079e+03
6.07766333e-07 3.89298152e+03 4.26768435e+03
6.08197364e-07 4.11589581e+03 4.33758988e+03
6.08628394e-07 3.98954917e+03 4.24673669e+03
6.09059424e-07 4.14709006e+03 4.33158186e+03
6.09490455e-07 4.25551758e+03 4.43039905e+03
6.09921485e-07 3.96848547e+03 4.30827801e+03
6.10352515e-07 4.10121583e+03 4.42690425e+03
6.10783545e-07 4.07861146e+03 4.38600020e+03
6.11214576e-07 4.25893654e+03 4.44833593e+03
6.11645606e-07 4.83458809e+03 4.61857879e+03
6.12076636e-07 4.26901086e+03 4.37579926e+03
6.12507667e-07 4.02496969e+03 4.26053474e+03
6.12938697e-07 4.20357899e+03 4.33910609e+03
6.13369727e-07 4.37100923e+03 4.61966989e+03
6.13800758e-07 4.59140016e+03 4.93344582e+03
6.14231788e-07 4.18771510e+03 4.85784119e+03
6.14662818e-07 4.02143223e+03 4.66336974e+03
6.15093848e-07 4.39888309e+03 4.73786348e+03
6.15524879e-07 4.69117716e+03 4.88433216e+03
6.15955909e-07 4.70165885e+03 4.87373656e+03
6.16386939e-07 4.19405001e+03 4.53045238e+03
6.16817970e-07 3.95888225e+03 4.62570859e+03
6.17249000e-07 4.44518854e+03 5.05046514e+03
6.17680030e-07 4.64037949e+03 4.91927604e+03
6.18111061e-07 4.56724058e+03 4.66043992e+03
6.18542091e-07 4.45492094e+03 4.59521409e+03
6.18973121e-07 4.40973721e+03 4.55475743e+03
6.19404152e-07 4.16037860e+03 4.49419736e+03
6.19835182e-07 4.38366481e+03 4.71739688e+03
6.20266212e-07 4.35197361e+03 4.93108755e+03
6.20697242e-07 4.53787608e+03 4.98457020e+03
6.21128273e-07 4.30810802e+03 4.67710847e+03
6.21559303e-07 4.29894538e+03 4.74071968e+03
6.21990333e-07 4.51680665e+03 5.04137190e+03
6.22421364e-07 4.63051545e+03 5.16123897e+03
6.22852394e-07 4.80397264e+03 5.22825801e+03
6.23283424e-07 4.14394360e+03 5.83307502e+03
6.23714455e-07 4.81151909e+03 6.99425515e+03
6.24145485e-07 4.93393205e+03 6.61551635e+03
6.24576515e-07 4.35024026e+03 5.44525142e+03
6.25007545e-07 4.59584922e+03 5.21644670e+03
6.25438576e-07 4.81584473e+03 5.82210554e+03
6.25869606e-07 4.63633202e+03 6.52049695e+03
6.26300636e-07 4.79563300e+03 6.33590155e+03
6.26731667e-07 4.24346808e+03 5.52824912e+03
6.27162697e-07 4.92901998e+03 5.34821833e+03
6.27593727e-07 4.45817127e+03 4.94578133e+03
6.28024758e-07 4.19985996e+03 4.93722489e+03
6.28455788e-07 4.43996489e+03 5.60563309e+03
6.28886818e-07 4.50719579e+03 6.13524934e+03
6.29317848e-07 4.53851637e+03 8.91866793e+03
6.29748879e-07 3.27981061e+03 1.84908095e+04
6.30179909e-07 3.81407321e+03 2.47685200e+04
6.30610939e-07 4.26678185e+03 1.59788160e+04
6.31041970e-07 4.65213152e+03 7.36229345e+03
6.31473000e-07 4.91328582e+03 5.34396320e+03
6.31904030e-07 4.29800552e+03 5.11771381e+03
6.32335061e-07 4.67691526e+03 5.56103920e+03
6.32766091e-07 4.97433062e+03 6.22575483e+03
6.33197121e-07 4.45703912e+03 6.06655813e+03
6.33628152e-07 5.06290895e+03 5.47098085e+03
6.34059182e-07 4.61296926e+03 4.92117671e+03
6.34490212e-07 4.84882029e+03 5.12702711e+03
6.34921242e-07 4.70205081e+03 5.30876409e+03
6.35352273e-07 4.80559016e+03 5.86132617e+03
6.35783303e-07 4.91069941e+03 7.76816195e+03
6.36214333e-07 5.11188327e+03 1.11425598e+04
6.36645364e-07 4.83538358e+03 1.09458601e+04
6.37076394e-07 4.99415953e+03 7.22745611e+03
6.37507424e-07 4.76199706e+03 5.21696693e+03
6.37938455e-07 4.80719353e+03 5.20806636e+03
6.38369485e-07 5.07210255e+03 5.52337765e+03
6.38800515e-07 5.06864262e+03 5.48840517e+03
6.39231545e-07 4.86677092e+03 5.10294026e+03
6.39662576e-07 4.94102622e+03 4.92092410e+03
6.40093606e-07 4.87234161e+03 4.89257877e+03
6.40524636e-07 4.91657911e+03 4.88576407e+03
6.40955667e-07 4.65865511e+03 4.80090231e+03
6.41386697e-07 5.44749859e+03 5.29487016e+03
6.41817727e-07 5.24357501e+03 5.34878175e+03
6.42248758e-07 5.24890414e+03 5.27458282e+03
6.42679788e-07 5.50515449e+03 5.22825470e+03
6.43110818e-07 4.80253497e+03 4.86706734e+03
6.43541848e-07 4.71125241e+03 4.79640379e+03
6.43972879e-07 4.56438548e+03 4.76173255e+03
6.44403909e-07 5.05882187e+03 4.97531395e+03
6.44834939e-07 5.62923818e+03 5.36169026e+03
6.45265970e-07 5.40163793e+03 5.30248323e+03
6.45697000e-07 5.14950080e+03 5.47642299e+03
6.46128030e-07 5.53561293e+03 6.19961412e+03
6.46559061e-07 4.87062747e+03 6.71126804e+03
6.46990091e-07 4.88634773e+03 1.31278070e+04
6.47421121e-07 5.40565363e+03 2.10264814e+04
6.47852152e-07 4.91983263e+03 8.99880503e+03
6.48283182e-07 4.75767012e+03 4.67073227e+03
6.48714212e-07 5.24633267e+03 5.03064782e+03
6.49145242e-07 4.90739898e+03 5.28105985e+03
6.49576273e-07 5.21532364e+03 6.61921214e+03
6.50007303e-07 5.29791206e+03 7.50892259e+03
6.50438333e-07 5.13402560e+03 6.90721939e+03
6.50869364e-07 5.40525338e+03 5.99123652e+03
6.51300394e-07 5.14330155e+03 5.33738856e+03
6.51731424e-07 4.90444220e+03 5.22875514e+03
6.52162455e-07 4.97800717e+03 5.52968257e+03
6.52593485e-07 5.17417128e+03 6.01605804e+03
6.53024515e-07 5.62119875e+03 6.76448311e+03
6.53455545e-07 5.91130525e+03 7.13092760e+03
6.53886576e-07 5.84682543e+03 6.61258838e+03
6.54317606e-07 5.70587784e+03 6.20178597e+03
6.54748636e-07 5.90031637e+03 6.63326430e+03
6.55179667e-07 5.29937556e+03 7.09039627e+03
6.55610697e-07 5.79017085e+03 7.34881519e+03
6.56041727e-07 5.88278226e+03 6.41252530e+03
6.56472758e-07 5.89422464e+03 6.01719743e+03
6.56903788e-07 5.88146664e+03 6.21418160e+03
6.57334818e-07 5.27491369e+03 6.45179202e+03
6.57765848e-07 5.47707113e+03 7.01643695e+03
6.58196879e-07 5.73876629e+03 6.63126394e+03
6.58627909e-07 5.98909597e+03 5.89642387e+03
6.59058939e-07 6.11418219e+03 5.85681813e+03
6.59489970e-07 5.54724143e+03 5.85584388e+03
6.59921000e-07 5.53033278e+03 6.07815436e+03
6.60352030e-07 5.81747861e+03 6.38687800e+03
6.60783061e-07 5.44732145e+03 6.08023680e+03
6.61214091e-07 5.41382586e+03 5.56475831e+03
6.61645121e-07 5.36863446e+03 5.27570851e+03
6.62076152e-07 5.36719944e+03 5.30861925e+03
6.62507182e-07 5.40394900e+03 5.60481824e+03
6.62938212e-07 5.85423749e+03 5.94621486e+03
6.63369242e-07 5.41358796e+03 5.79293987e+03
6.63800273e-07 4.80389144e+03 5.47769520e+03
6.64231303e-07 4.87307848e+03 5.21477939e+03
6.64662333e-07 4.81523411e+03 5.03958472e+03
6.65093364e-07 5.07715157e+03 5.24112189e+03
6.65524394e-07 5.52101610e+03 5.44886499e+03
6.65955424e-07 5.63491329e+03 5.62557001e+03
6.66386455e-07 5.40622223e+03 5.54085562e+03
6.66817485e-07 5.28922365e+03 5.48077757e+03
6.67248515e-07 5.70592222e+03 5.59404415e+03
6.67679545e-07 6.04353937e+03 5.68076872e+03
6.68110576e-07 5.97756667e+03 5.65332735e+03
6.68541606e-07 5.32872318e+03 8.28661118e+03
6.68972636e-07 5.52003332e+03 8.44486770e+03
6.69403667e-07 5.56771889e+03 8.70641657e+03
6.69834697e-07 5.56027359e+03 8.67696446e+03
6.70265727e-07 5.47737768e+03 5.52903638e+03
6.70696758e-07 5.30365818e+03 5.44926353e+03
6.71127788e-07 5.71832593e+03 5.58610156e+03
6.71558818e-07 5.79930086e+03 5.63833014e+03
6.71989848e-07 6.02558131e+03 5.73286538e+03
6.72420879e-07 5.54033312e+03 5.49582370e+03
6.72851909e-07 5.72471500e+03 5.53974998e+03
6.73282939e-07 5.98334689e+03 5.78475635e+03
6.73713970e-07 6.14802050e+03 5.81121420e+03
6.74145000e-07 6.25317049e+03 5.88026754e+03
6.74576030e-07 6.00541360e+03 5.82276385e+03
6.75007061e-07 5.77678622e+03 5.57910264e+03
6.75438091e-07 5.68549328e+03 5.46534408e+03
6.75869121e-07 5.34322105e+03 5.38154740e+03
6.76300152e-07 5.35228569e+03 5.36818127e+03
6.76731182e-07 4.70830872e+03 5.14204225e+03
6.77162212e-07 5.13378868e+03 5.29656963e+03
6.77593242e-07 5.50156537e+03 5.40186900e+03
6.78024273e-07 4.90878467e+03 5.29164453e+03
6.78455303e-07 5.44061281e+03 5.49253721e+03
6.78886333e-07 5.50635121e+03 5.55530495e+03
6.79317364e-07 5.50873565e+03 5.49612901e+03
6.79748394e-07 5.54883457e+03 5.45334712e+03
6.80179424e-07 6.13065911e+03 8.71140051e+03
6.80610455e-07 5.52657647e+03 8.22138358e+03
6.81041485e-07 6.10290962e+03 8.69230918e+03
6.81472515e-07 6.28541675e+03 8.66639598e+03
6.81903545e-07 6.21432102e+03 6.05614157e+03
6.82334576e-07 5.83182263e+03 7.23745944e+03
6.82765606e-07 5.80605260e+03 9.95800333e+03
6.83196636e-07 5.45388055e+03 1.12620589e+04
6.83627667e-07 6.30283015e+03 1.03928495e+04
6.84058697e-07 5.89619208e+03 7.85192058e+03
6.84489727e-07 5.84464208e+03 6.52197708e+03
6.84920758e-07 6.19104335e+03 6.16575265e+03
6.85351788e-07 5.76862774e+03 5.96410919e+03
6.85782818e-07 5.09668267e+03 7.26963209e+03
6.86213848e-07 5.53305254e+03 1.01749800e+04
6.86644879e-07 4.43698936e+03 1.01644321e+04
6.87075909e-07 5.30958572e+03 7.59185826e+03
6.87506939e-07 4.56262071e+03 5.39518642e+03
6.87937970e-07 4.42902004e+03 5.56631203e+03
6.88369000e-07 5.20246744e+03 6.25096980e+03
6.88800030e-07 5.11169398e+03 6.54462561e+03
6.89231061e-07 4.98800754e+03 6.37076117e+03
6.89662091e-07 4.90602059e+03 6.03964738e+03
6.90093121e-07 5.73650490e+03 6.38406068e+03
6.90524152e-07 4.92370283e+03 6.01207172e+03
6.90955182e-07 5.58178570e+03 6.83748370e+03
6.91386212e-07 5.07658587e+03 7.25933091e+03
6.91817242e-07 5.42871102e+03 7.64619154e+03
6.92248273e-07 5.27907277e+03 8.16994921e+03
6.92679303e-07 5.75966191e+03 7.91418397e+03
6.93110333e-07 5.77284115e+03 6.47344929e+03
6.93541364e-07 4.92950974e+03 6.04099544e+03
6.93972394e-07 5.52127611e+03 6.93792453e+03
6.94403424e-07 5.36142444e+03 7.62405015e+03
6.94834455e-07 5.92462799e+03 8.66333894e+03
6.95265485e-07 6.06694452e+03 8.09089422e+03
6.95696515e-07 5.87722108e+03 6.44873770e+03
6.96127545e-07 5.20479481e+03 5.72807146e+03
6.96558576e-07 5.86577321e+03 6.46989839e+03
6.96989606e-07 6.42566474e+03 7.41360011e+03
6.97420636e-07 5.83648479e+03 7.91390646e+03
6.97851667e-07 5.79895243e+03 8.10267974e+03
6.98282697e-07 5.77686835e+03 7.31615539e+03
6.98713727e-07 5.45162905e+03 6.11815406e+03
6.99144758e-07 5.66000208e+03 5.66556217e+03
6.99575788e-07 5.20370451e+03 5.60097024e+03
7.00006818e-07 5.17988849e+03 5.95047267e+03
7.00437848e-07 5.82265824e+03 6.55431190e+03
7.00868879e-07 5.35342934e+03 6.58098610e+03
7.01299909e-07 5.20282914e+03 6.37859606e+03
7.01730939e-07 5.36164712e+03 5.85200963e+03
7.02161970e-07 5.09133494e+03 5.19922117e+03
7.02593000e-07 5.48283220e+03 5.45451326e+03
7.03024030e-07 5.49810762e+03 5.56500515e+03
7.03455061e-07 5.85469357e+03 5.79828660e+03
7.03886091e-07 5.37720861e+03 5.88055895e+03
7.04317121e-07 5.38207593e+03 6.19667750e+03
7.04748152e-07 5.22697031e+03 6.52955629e+03
7.05179182e-07 5.13476384e+03 6.30794843e+03
7.05610212e-07 5.99326452e+03 6.24641875e+03
7.06041242e-07 5.54371442e+03 5.84648080e+03
7.06472273e-07 5.41535414e+03 5.83031581e+03
7.06903303e-07 5.41322386e+03 5.89814973e+03
7.07334333e-07 5.76290275e+03 6.06555717e+03
7.07765364e-07 5.35315787e+03 5.93506866e+03
7.08196394e-07 5.13116978e+03 5.93560502e+03
7.08627424e-07 5.46207869e+03 6.12371960e+03
7.09058455e-07 6.02759970e+03 6.22523055e+03
7.09489485e-07 6.14870527e+03 6.12427336e+03
7.09920515e-07 5.81037432e+03 5.91055909e+03
7.10351545e-07 5.30068484e+03 5.65586006e+03
7.10782576e-07 5.65727314e+03 5.84035539e+03
7.11213606e-07 5.45007845e+03 5.73402037e+03
7.11644636e-07 5.52916446e+03 5.67910267e+03
7.12075667e-07 5.56022090e+03 5.76370182e+03
7.12506697e-07 5.69199820e+03 5.96197504e+03
7.12937727e-07 5.53101196e+03 5.97301884e+03
7.13368758e-07 5.15085391e+03 5.89036523e+03
7.13799788e-07 5.45901260e+03 5.99923723e+03
7.14230818e-07 5.96231681e+03 6.31920654e+03
7.14661848e-07 6.00061789e+03 6.39242126e+03
7.15092879e-07 5.73806328e+03 6.11248318e+03
7.15523909e-07 5.73610713e+03 5.93767937e+03
7.15954939e-07 5.51691853e+03 5.90588455e+03
7.16385970e-07 5.10077784e+03 5.65472850e+03
7.16817000e-07 4.79408581e+03 5.34345283e+03
7.17248030e-07 4.56719897e+03 5.15465735e+03
7.17679061e-07 5.00549049e+03 5.32915605e+03
7.18110091e-07 4.69824511e+03 5.28264759e+03
7.18541121e-07 4.27198815e+03 4.95952545e+03
7.18972152e-07 4.18103125e+03 4.72963901e+03
7.19403182e-07 4.39434342e+03 4.80714108e+03
7.19834212e-07 3.98765818e+03 4.66995448e+03
7.20265242e-07 4.07263570e+03 4.70877167e+03
7.20696273e-07 4.18616700e+03 4.79435696e+03
7.21127303e-07 4.67107441e+03 5.19984383e+03
7.21558333e-07 4.86866801e+03 5.31500644e+03
7.21989364e-07 4.32747226e+03 5.19036557e+03
7.22420394e-07 4.60595392e+03 5.32791407e+03
7.22851424e-07 4.98409611e+03 5.83125486e+03
7.23282455e-07 4.19685449e+03 6.93613529e+03
7.23713485e-07 4.27739306e+03 1.10469723e+04
7.24144515e-07 5.08182273e+03 1.57278916e+04
7.24575545e-07 5.31668315e+03 1.55243309e+04
7.25006576e-07 5.63034450e+03 1.10696407e+04
7.25437606e-07 5.63143672e+03 7.60561036e+03
7.25868636e-07 4.96064279e+03 6.28680945e+03
7.26299667e-07 4.79085501e+03 5.75787249e+03
7.26730697e-07 4.56261077e+03 6.48982807e+03
7.27161727e-07 4.12121502e+03 9.49787813e+03
7.27592758e-07 5.12853884e+03 1.37374200e+04
7.28023788e-07 5.29366680e+03 1.43992752e+04
7.28454818e-07 5.07915761e+03 1.13070149e+04
7.28885848e-07 4.93846701e+03 8.93835001e+03
7.29316879e-07 5.45043828e+03 7.36841638e+03
7.29747909e-07 4.20680841e+03 6.98124309e+03
7.30178939e-07 4.56521518e+03 7.69132554e+03
7.30609970e-07 4.88394698e+03 8.31147563e+03
7.31041000e-07 5.07992430e+03 9.74576913e+03
7.31472030e-07 4.61576914e+03 1.24014855e+04
7.31903061e-07 4.97685193e+03 1.29551409e+04
7.32334091e-07 5.93301411e+03 1.00567622e+04
7.32765121e-07 5.28252417e+03 9.24222768e+03
7.33196152e-07 4.62411135e+03 1.02104839e+04
7.33627182e-07 5.91428249e+03 1.24851739e+04
7.34058212e-07 4.97625053e+03 1.53163788e+04
7.34489242e-07 4.90505770e+03 1.38952843e+04
7.34920273e-07 6.59987742e+03 9.05215279e+03
7.35351303e-07 5.20047768e+03 7.66207284e+03
7.35782333e-07 4.59176465e+03 9.06664814e+03
7.36213364e-07 5.95835541e+03 1.08733667e+04
7.36644394e-07 6.48372575e+03 1.18788065e+04
7.37075424e-07 5.73274603e+03 1.24239253e+04
7.37506455e-07 7.15150917e+03 1.04126893e+04
7.37937485e-07 6.58030476e+03 7.25483731e+03
7.38368515e-07 5.80029710e+03 6.73672459e+03
7.38799545e-07 6.10402595e+03 8.00014237e+03
7.39230576e-07 6.56911575e+03 9.65308749e+03
7.39661606e-07 6.43966264e+03 1.08660250e+04
7.40092636e-07 6.62169948e+03 1.18457778e+04
7.40523667e-07 6.62028793e+03 1.11676878e+04
7.40954697e-07 6.55701904e+03 8.03928164e+03
7.41385727e-07 6.25601546e+03 6.74353486e+03
7.41816758e-07 5.89104253e+03 6.64515890e+03
7.42247788e-07 6.41338807e+03 7.04305393e+03
7.42678818e-07 6.33255225e+03 7.71978030e+03
7.43109848e-07 6.31447155e+03 8.62832310e+03
7.43540879e-07 6.54662379e+03 9.47851755e+03
7.43971909e-07 6.14843638e+03 9.33627109e+03
7.44402939e-07 6.25190465e+03 8.11870691e+03
7.44833970e-07 6.46274643e+03 6.82600321e+03
7.45265000e-07 5.43896810e+03 9.89271899e+03
7.45696030e-07 5.37905122e+03 1.05823282e+04
7.46127061e-07 5.88545306e+03 1.23615971e+04
7.46558091e-07 6.34280310e+03 9.46671002e+03
7.46989121e-07 4.89044906e+03 1.01454870e+04
7.47420152e-07 5.72774197e+03 1.14422772e+04
7.47851182e-07 5.84934350e+03 1.15095393e+04
7.48282212e-07 6.87618154e+03 1.16909841e+04
7.48713242e-07 6.71498749e+03 1.03107227e+04
7.49144273e-07 5.70132367e+03 8.11023053e+03
7.49575303e-07 5.49780768e+03 7.49876952e+03
7.50006333e-07 5.59783471e+03 6.92353497e+03
7.50437364e-07 6.26239085e+03 6.93144708e+03
7.50868394e-07 5.49693350e+03 6.58763121e+03
7.51299424e-07 4.96687557e+03 7.00693374e+03
7.51730455e-07 5.47291607e+03 9.58673947e+03
7.52161485e-07 6.01343190e+03 1.40700455e+04
7.52592515e-07 6.41631073e+03 1.61305339e+04
7.53023545e-07 7.26935435e+03 1.32863967e+04
7.53454576e-07 7.43477043e+03 9.90077987e+03
7.53885606e-07 6.86558714e+03 8.39359193e+03
7.54316636e-07 6.46155703e+03 7.84983853e+03
7.54747667e-07 6.33979501e+03 7.37449305e+03
7.55178697e-07 5.68317710e+03 7.47218601e+03
7.55609727e-07 5.64573330e+03 8.38295572e+03
7.56040758e-07 5.90600120e+03 8.87471312e+03
7.56471788e-07 6.41949579e+03 9.52775153e+03
7.56902818e-07 5.64620138e+03 1.14868341e+04
7.57333848e-07 5.88533350e+03 1.29007300e+04
7.57764879e-07 7.10030399e+03 1.08454187e+04
7.58195909e-07 6.50793405e+03 8.73345338e+03
7.58626939e-07 6.38171563e+03 9.15488172e+03
7.59057970e-07 5.58816236e+03 8.21939509e+03
7.59489000e-07 4.38383984e+03 6.60204832e+03
7.59920030e-07 2.79983176e+03 5.63145468e+03
7.60351061e-07 1.74593033e+03 4.34963830e+03
7.60782091e-07 7.84676064e+02 3.25454338e+03
7.61213121e-07 1.82975640e+03 4.46868748e+03
7.61644152e-07 2.68772068e+03 6.01314147e+03
7.62075182e-07 3.96979986e+03 7.43002163e+03
7.62506212e-07 3.61877673e+03 6.85456514e+03
7.62937242e-07 2.74528349e+03 6.18610967e+03
7.63368273e-07 3.17472334e+03 5.79511824e+03
7.63799303e-07 2.62350269e+03 4.76128345e+03
7.64230333e-07 2.86998511e+03 4.85351560e+03
7.64661364e-07 3.72350862e+03 5.58342309e+03
7.65092394e-07 3.42003953e+03 6.12477199e+03
7.65523424e-07 4.34314060e+03 7.21515262e+03
7.65954455e-07 3.99434793e+03 7.61928896e+03
7.66385485e-07 5.37161919e+03 8.50838546e+03
7.66816515e-07 5.53395908e+03 7.65236006e+03
7.67247545e-07 5.36144729e+03 6.57004235e+03
7.67678576e-07 5.34882320e+03 6.81334556e+03
7.68109606e-07 5.86705349e+03 7.33108548e+03
7.68540636e-07 5.06012587e+03 7.43175919e+03
7.68971667e-07 5.21212769e+03 7.83835084e+03
7.69402697e-07 5.96133840e+03 8.40936545e+03
7.69833727e-07 5.65169979e+03 8.37670574e+03
7.70264758e-07 5.33755396e+03 9.01037450e+03
7.70695788e-07 5.06165119e+03 1.23459180e+04
7.71126818e-07 5.72777397e+03 2.02576923e+04
7.71557848e-07 8.29203765e+03 2.79192631e+04
7.71988879e-07 7.80106538e+03 2.29853513e+04
7.72419909e-07 7.32356581e+03 1.47371193e+04
7.72850939e-07 6.85575772e+03 1.13657636e+04
7.73281970e-07 6.90146836e+03 9.66086359e+03
7.73713000e-07 6.55773363e+03 9.05734295e+03
7.74144030e-07 5.90597854e+03 1.06746741e+04
7.74575061e-07 5.74510914e+03 1.50310095e+04
7.75006091e-07 5.35612634e+03 2.18887506e+04
7.75437121e-07 8.16002620e+03 2.31373906e+04
7.75868152e-07 8.71127135e+03 1.64638158e+04
7.76299182e-07 6.83289921e+03 1.34136463e+04
7.76730212e-07 6.50038716e+03 1.18117844e+04
7.77161242e-07 5.45903024e+03 1.26495915e+04
7.77592273e-07 6.18918158e+03 1.48011164e+04
7.78023303e-07 7.74258209e+03 1.41928463e+04
7.78454333e-07 5.86654037e+03 1.24667860e+04
7.78885364e-07 6.23141048e+03 1.41222115e+04
7.79316394e-07 6.39054803e+03 2.45469142e+04
7.79747424e-07 8.77726345e+03 2.70802716e+04
7.80178455e-07 7.79225094e+03 1.80906367e+04
7.80609485e-07 5.10180108e+03 1.57027175e+04
7.81040515e-07 5.26217620e+03 1.32867353e+04
7.81471545e-07 6.49131716e+03 1.48938828e+04
7.81902576e-07 6.81357533e+03 1.86210191e+04
7.82333606e-07 7.06100170e+03 2.13078306e+04
7.82764636e-07 9.44720994e+03 1.54072012e+04
7.83195667e-07 6.93356876e+03 9.53218305e+03
7.83626697e-07 5.67488585e+03 9.91696420e+03
7.84057727e-07 5.55489618e+03 1.25497928e+04
7.84488758e-07 6.06516938e+03 1.55092220e+04
7.84919788e-07 6.28689232e+03 2.02041576e+04
7.85350818e-07 7.18789692e+03 2.71194881e+04
7.85781848e-07 9.70042182e+03 2.71868932e+04
7.86212879e-07 8.17460421e+03 2.08193125e+04
7.86643909e-07 6.79668731e+03 1.82820247e+04
7.87074939e-07 7.34537896e+03 1.94462744e+04
7.87505970e-07 7.19267561e+03 1.75028545e+04
7.87937000e-07 6.15675431e+03 1.54115581e+04
7.88368030e-07 6.55359611e+03 1.64600654e+04
7.88799061e-07 7.54507303e+03 1.66349049e+04
7.89230091e-07 7.01822142e+03 1.55494093e+04
7.89661121e-07 7.06006923e+03 1.14272935e+04
7.90092152e-07 6.04221411e+03 9.34938929e+03
7.90523182e-07 5.33679335e+03 1.26343254e+04
7.90954212e-07 4.64864699e+03 2.01803374e+04
7.91385242e-07 5.78781608e+03 3.08153503e+04
7.91816273e-07 9.44237208e+03 3.03807481e+04
7.92247303e-07 7.31725696e+03 2.10126164e+04
7.92678333e-07 8.18387181e+03 1.62256400e+04
7.93109364e-07 5.73387786e+03 1.41099329e+04
7.93540394e-07 6.34756806e+03 1.28505462e+04
7.93971424e-07 6.14190371e+03 1.00385898e+04
7.94402455e-07 6.35094911e+03 1.09816031e+04
7.94833485e-07 5.72890512e+03 1.25437549e+04
7.95264515e-07 6.99648017e+03 1.33323974e+04
7.95695545e-07 6.57033297e+03 1.32797186e+04
7.96126576e-07 4.58964282e+03 1.66874101e+04
7.96557606e-07 6.40477926e+03 2.33552265e+04
7.96988636e-07 8.98411615e+03 2.00316645e+04
7.97419667e-07 6.29224769e+03 1.32707721e+04
7.97850697e-07 5.46888928e+03 1.48983747e+04
7.98281727e-07 6.30207714e+03 1.61336183e+04
7.98712758e-07 6.44856353e+03 1.66210918e+04
7.99143788e-07 4.06086588e+03 2.07875129e+04
7.99574818e-07 2.83329713e+04 2.45912590e+04
8.00005848e-07 1.22162646e+04 2.41215975e+04
8.00436879e-07 3.50208746e+03 1.15790542e+04
