1.75670000e-01
3.64723111e-07 2.69050107e+02 2.30621655e+02
3.65154117e-07 5.82176117e+02 6.27053899e+02
3.65585123e-07 1.10675218e+02 4.89747111e+02
3.66447135e-07 3.38952056e+02 4.10940862e+02
3.66878141e-07 1.47142631e+02 4.35459883e+02
3.67309147e-07 1.42718912e+01 4.16124361e+02
3.67740152e-07 4.31117936e+01 3.94688129e+02
3.68171158e-07 3.15051605e+01 4.22674866e+02
3.68602164e-07 8.62376788e+01 4.19216140e+02
3.69033170e-07 8.41381018e+01 4.98521925e+02
3.69464176e-07 6.63173683e+01 4.79293028e+02
3.69895182e-07 1.25713712e+02 4.87867728e+02
3.70326188e-07 6.80054363e+01 4.66971926e+02
3.70757194e-07 6.88943450e+01 4.55421267e+02
3.71188199e-07 1.15507483e+02 4.66635798e+02
3.71619205e-07 1.74075445e+02 5.06361084e+02
3.72050211e-07 2.57287309e+02 4.88109122e+02
3.72481217e-07 5.72624250e+01 4.60549661e+02
3.72912223e-07 7.79949479e+01 4.98973756e+02
3.73343229e-07 6.23895647e+01 5.44899562e+02
3.73774235e-07 2.10899603e+02 6.59516682e+02
3.74205240e-07 1.24881300e+02 5.82922195e+02
3.74636246e-07 2.03309941e+02 5.99199055e+02
3.75067252e-07 1.06377370e+02 5.26280123e+02
3.75498258e-07 1.20721837e+02 5.43651904e+02
3.75929264e-07 8.76641537e+01 5.08304997e+02
3.76360270e-07 1.71551610e+02 5.53549143e+02
3.76791276e-07 2.54259029e+02 5.94683951e+02
3.77222282e-07 1.24393622e+02 5.22891768e+02
3.77653287e-07 1.32674489e+02 5.79609619e+02
3.78084293e-07 1.89289578e+02 5.56022497e+02
3.78515299e-07 1.24144520e+02 5.44996580e+02
3.78946305e-07 1.27039519e+02 6.15593609e+02
3.79377311e-07 3.21767919e+02 6.26502981e+02
3.79808317e-07 2.15000225e+02 6.24706229e+02
3.80239323e-07 1.70337237e+02 5.65286914e+02
3.80670328e-07 1.55672633e+02 5.75171821e+02
3.81101334e-07 1.22941086e+02 6.02853476e+02
3.81532340e-07 1.17538409e+02 5.75983299e+02
3.81963346e-07 1.63053960e+02 5.78483070e+02
3.82394352e-07 2.43552008e+02 6.40565722e+02
3.82825358e-07 1.85662950e+02 6.93778880e+02
3.83256364e-07 3.58127171e+02 7.48107910e+02
3.83687370e-07 2.52342924e+02 6.94993195e+02
3.84118375e-07 3.09571043e+02 7.23326577e+02
3.84549381e-07 2.92010758e+02 7.10185620e+02
3.84980387e-07 2.92462298e+02 7.07973193e+02
3.85411393e-07 1.81052245e+02 6.25311877e+02
3.85842399e-07 3.74407520e+02 6.76926266e+02
3.86273405e-07 2.32076025e+02 6.74942164e+02
3.86704411e-07 3.76608009e+02 6.96073106e+02
3.87135416e-07 2.06486633e+02 5.73159347e+02
3.87566422e-07 2.35749923e+02 6.02702526e+02
3.87997428e-07 4.03029494e+02 6.77824930e+02
3.88428434e-07 2.40446171e+02 6.34696616e+02
3.88859440e-07 4.20445459e+02 7.25220702e+02
3.89290446e-07 2.49742500e+02 6.53171120e+02
3.89721452e-07 3.40257031e+02 7.20798219e+02
3.90152457e-07 2.06277169e+02 6.86140685e+02
3.90583463e-07 2.81022809e+02 7.49241685e+02
3.91014469e-07 5.30048272e+02 9.12433696e+02
3.91445475e-07 2.23464432e+02 7.88462135e+02
3.91876481e-07 3.74144288e+02 7.63688721e+02
3.92307487e-07 3.70617245e+02 7.44424018e+02
3.92738493e-07 3.34941677e+02 6.93427600e+02
3.93169499e-07 2.89304289e+02 6.42350288e+02
3.93600504e-07 3.10150850e+02 6.67400604e+02
3.94031510e-07 3.09172089e+02 7.15628070e+02
3.94462516e-07 3.14507911e+02 7.72097367e+02
3.94893522e-07 2.90288560e+02 7.66951941e+02
3.95324528e-07 3.34209335e+02 7.69889792e+02
3.95755534e-07 4.15248429e+02 7.67886756e+02
3.96186540e-07 4.48642892e+02 7.39204387e+02
3.96617545e-07 2.94582766e+02 6.54952270e+02
3.97048551e-07 3.07670718e+02 6.74013767e+02
3.97479557e-07 3.44334391e+02 7.71469370e+02
3.97910563e-07 3.60654070e+02 8.55780786e+02
3.98341569e-07 3.50941410e+02 8.42601162e+02
3.98772575e-07 3.45235670e+02 8.63215694e+02
3.99203581e-07 2.50321459e+02 8.09669159e+02
3.99634587e-07 5.89267513e+02 9.17694220e+02
4.00065592e-07 6.33237900e+02 9.81322245e+02
4.00496598e-07 6.81194114e+02 1.00344321e+03
4.00927604e-07 3.98310775e+02 9.91338741e+02
4.01358610e-07 4.07716611e+02 9.67374028e+02
4.01789616e-07 4.06087694e+02 9.36967285e+02
4.02220622e-07 3.76548521e+02 9.54424686e+02
4.02651628e-07 3.09687810e+02 8.94823254e+02
4.03082633e-07 4.52591277e+02 9.29048968e+02
4.03513639e-07 6.02319053e+02 1.05010806e+03
4.03944645e-07 4.29527296e+02 1.00088176e+03
4.04375651e-07 4.95622125e+02 1.03673081e+03
4.04806657e-07 3.96571843e+02 9.90849819e+02
4.05237663e-07 5.53548366e+02 1.04305290e+03
4.05668669e-07 3.88744542e+02 1.02130804e+03
4.06099674e-07 3.50361818e+02 1.00530647e+03
4.06530680e-07 4.05112336e+02 1.04064400e+03
4.06961686e-07 4.97904517e+02 1.15118979e+03
4.07392692e-07 5.54726725e+02 1.10810549e+03
4.07823698e-07 4.31026473e+02 1.05651519e+03
4.08254704e-07 3.99313312e+02 1.02764171e+03
4.08685710e-07 3.56325235e+02 9.95499982e+02
4.09116716e-07 4.19668439e+02 1.05372458e+03
4.09547721e-07 2.56306977e+02 9.31940152e+02
4.09978727e-07 5.26587336e+02 1.03307081e+03
4.10409733e-07 4.86440811e+02 1.01151216e+03
4.10840739e-07 2.76487065e+02 9.23853119e+02
4.11271745e-07 3.80707109e+02 1.02744533e+03
4.11702751e-07 4.98178611e+02 1.06717955e+03
4.12133757e-07 4.94970258e+02 1.06106896e+03
4.12564762e-07 5.08313868e+02 1.05853926e+03
4.12995768e-07 4.03555184e+02 1.05635776e+03
4.13426774e-07 4.82455502e+02 1.11722847e+03
4.13857780e-07 5.49445277e+02 1.11644647e+03
4.14288786e-07 4.50447677e+02 1.09834392e+03
4.14719792e-07 4.69814761e+02 1.09423846e+03
4.15150798e-07 5.22058412e+02 1.13277643e+03
4.15581804e-07 6.19918628e+02 1.21063028e+03
4.16012809e-07 6.75660786e+02 1.25609433e+03
4.16443815e-07 7.16749074e+02 1.35085643e+03
4.16874821e-07 6.99649125e+02 1.35216794e+03
4.17305827e-07 4.93139523e+02 1.18881542e+03
4.17736833e-07 4.70484768e+02 1.14425077e+03
4.18167839e-07 6.54878556e+02 1.23405309e+03
4.18598845e-07 7.76297215e+02 1.26479357e+03
4.19029850e-07 4.34013643e+02 1.11150142e+03
4.19460856e-07 4.76001739e+02 1.08552924e+03
4.19891862e-07 5.54981395e+02 1.06380753e+03
4.20322868e-07 4.76378002e+02 1.08286823e+03
4.20753874e-07 5.74846357e+02 1.13846008e+03
4.21184880e-07 3.87965736e+02 1.08420877e+03
4.21615886e-07 5.23684156e+02 1.14293951e+03
4.22046891e-07 4.67189306e+02 1.09543265e+03
4.22477897e-07 5.81526665e+02 1.12421816e+03
4.22908903e-07 7.84093482e+02 1.22788723e+03
4.23339909e-07 5.63325472e+02 1.16581330e+03
4.23770915e-07 5.74565222e+02 1.13776866e+03
4.24201921e-07 4.79631395e+02 1.14181727e+03
4.24632927e-07 5.92800254e+02 1.19669729e+03
4.25063933e-07 7.51882635e+02 1.33353990e+03
4.25494938e-07 7.53473160e+02 1.26160341e+03
4.25925944e-07 7.22774711e+02 1.30187495e+03
4.26356950e-07 8.37826025e+02 1.37970209e+03
4.26787956e-07 6.64455991e+02 1.25229974e+03
4.27218962e-07 4.76187627e+02 1.19475171e+03
4.27649968e-07 6.46153232e+02 1.24597606e+03
4.28080974e-07 8.15513345e+02 1.34931498e+03
4.28511979e-07 9.05857353e+02 1.37244625e+03
4.28942985e-07 7.99245845e+02 1.35059350e+03
4.29373991e-07 7.84280476e+02 1.29681094e+03
4.29804997e-07 8.07958545e+02 1.27665201e+03
4.30236003e-07 8.34493397e+02 1.28664806e+03
4.30667009e-07 8.02561768e+02 1.24609355e+03
4.31098015e-07 8.01336867e+02 1.29848530e+03
4.31529021e-07 1.04195002e+03 1.47533325e+03
4.31960026e-07 9.07178714e+02 1.43439692e+03
4.32391032e-07 8.36905068e+02 1.37939661e+03
4.32822038e-07 8.17558245e+02 1.34815814e+03
4.33253044e-07 9.15340314e+02 1.38362944e+03
4.33684050e-07 8.17891082e+02 1.29462235e+03
4.34115056e-07 8.46570241e+02 1.35014115e+03
4.34546062e-07 8.76643382e+02 1.41474667e+03
4.34977067e-07 9.55714248e+02 1.44487399e+03
4.35408073e-07 7.71846121e+02 1.42795275e+03
4.35839079e-07 7.77794731e+02 1.48287127e+03
4.36270085e-07 9.37904569e+02 1.49951751e+03
4.36701091e-07 8.93509524e+02 1.48383783e+03
4.37132097e-07 9.04131087e+02 1.49739886e+03
4.37563103e-07 8.14928668e+02 1.44701557e+03
4.37994109e-07 9.45758803e+02 1.49435936e+03
4.38425114e-07 9.02386690e+02 1.42981026e+03
4.38856120e-07 7.28436915e+02 1.42659469e+03
4.39287126e-07 8.44064988e+02 1.49659363e+03
4.39718132e-07 8.90517964e+02 1.52192553e+03
4.40149138e-07 9.62025775e+02 1.61381893e+03
4.40580144e-07 1.19935086e+03 1.74014907e+03
4.41011150e-07 9.57622325e+02 1.68215539e+03
4.41442155e-07 9.95862601e+02 1.73728772e+03
4.41873161e-07 9.38163546e+02 1.69855937e+03
4.42304167e-07 1.15880220e+03 1.78220877e+03
4.42735173e-07 1.10797226e+03 1.75350827e+03
4.43166179e-07 1.19513041e+03 1.79485394e+03
4.43597185e-07 1.08243698e+03 1.67023847e+03
4.44028191e-07 1.22679575e+03 1.81236807e+03
4.44459196e-07 1.37998989e+03 1.87479391e+03
4.44890202e-07 1.26241608e+03 1.72436220e+03
4.45321208e-07 1.07452842e+03 1.67705285e+03
4.45752214e-07 1.26236927e+03 1.72857385e+03
4.46183220e-07 6.78430453e+02 1.49915542e+03
4.46614226e-07 1.29244664e+03 1.72165862e+03
4.47045232e-07 7.26156324e+02 1.53755879e+03
4.47476238e-07 1.18940882e+03 1.71609573e+03
4.47907243e-07 1.48929680e+03 1.85644046e+03
4.48338249e-07 1.41611141e+03 1.85605386e+03
4.48769255e-07 1.38636667e+03 1.81158500e+03
4.49200261e-07 9.83027798e+02 1.73665752e+03
4.49631267e-07 1.43560597e+03 1.87138633e+03
4.50062273e-07 1.11969262e+03 1.75616140e+03
4.50493279e-07 7.67502214e+02 1.68062366e+03
4.50924284e-07 6.41602050e+02 1.61071354e+03
4.51355290e-07 9.85960498e+02 1.76706789e+03
4.51786296e-07 9.78239655e+02 1.76367694e+03
4.52217302e-07 1.28939291e+03 1.89342647e+03
4.52648308e-07 1.42408645e+03 2.01546451e+03
4.53079314e-07 1.41241667e+03 1.98723045e+03
4.53510320e-07 1.50704918e+03 2.06398482e+03
4.53941326e-07 1.40301930e+03 2.04306486e+03
4.54372331e-07 1.23186900e+03 2.01880338e+03
4.54803337e-07 1.25585283e+03 1.98803226e+03
4.55234343e-07 1.17111326e+03 1.95492695e+03
4.55665349e-07 1.50519980e+03 2.00865628e+03
4.56096355e-07 1.44170229e+03 2.04133870e+03
4.56527361e-07 1.07260108e+03 1.87885429e+03
4.56958367e-07 9.39065451e+02 1.80598466e+03
4.57389372e-07 1.35727770e+03 2.01277149e+03
4.57820378e-07 1.54233347e+03 2.09200935e+03
4.58251384e-07 1.42439287e+03 2.03540398e+03
4.58682390e-07 1.61077144e+03 2.09140069e+03
4.59113396e-07 1.77004258e+03 2.12239340e+03
4.59544402e-07 1.79595650e+03 2.17244736e+03
4.59975408e-07 1.60458821e+03 2.08869769e+03
4.60406413e-07 1.71205909e+03 2.16777638e+03
4.60837419e-07 1.64148403e+03 2.17940447e+03
4.61268425e-07 1.43846148e+03 2.11749564e+03
4.61699431e-07 9.19365818e+02 1.87049820e+03
4.62130437e-07 7.54800337e+02 1.80941256e+03
4.62561443e-07 8.14664067e+02 1.85821187e+03
4.62992449e-07 1.20833574e+03 1.93654128e+03
4.63423455e-07 1.37005229e+03 2.07814239e+03
4.63854460e-07 1.73263034e+03 2.19331433e+03
4.64285466e-07 1.79771804e+03 2.21576655e+03
4.64716472e-07 1.84807434e+03 2.28678636e+03
4.65147478e-07 1.76327437e+03 2.20970965e+03
4.65578484e-07 1.65739700e+03 2.26422836e+03
4.66009490e-07 1.35394253e+03 2.14601078e+03
4.66440496e-07 8.78051388e+02 1.92306451e+03
4.66871501e-07 1.01858899e+03 1.97677709e+03
4.67302507e-07 1.29852340e+03 2.22467679e+03
4.67733513e-07 1.68385201e+03 2.37360714e+03
4.68164519e-07 2.14321493e+03 2.49760378e+03
4.68595525e-07 2.29462164e+03 2.52674742e+03
4.69026531e-07 2.09234206e+03 2.47468144e+03
4.69457537e-07 2.22551596e+03 2.52722215e+03
4.69888543e-07 2.45484312e+03 2.56068059e+03
4.70319548e-07 2.16070320e+03 2.43610099e+03
4.70750554e-07 2.35884397e+03 2.54942647e+03
4.71181560e-07 2.46345108e+03 2.59542657e+03
4.71612566e-07 2.44910402e+03 2.59292821e+03
4.72043572e-07 2.77145583e+03 2.72298755e+03
4.72474578e-07 2.53840866e+03 2.63748340e+03
4.72905584e-07 2.84466279e+03 2.74279325e+03
4.73336589e-07 2.81868581e+03 2.68816031e+03
4.73767595e-07 2.88736853e+03 2.73996100e+03
4.74198601e-07 2.37396706e+03 2.60966194e+03
4.74629607e-07 2.59967693e+03 2.64805486e+03
4.75060613e-07 2.61823550e+03 2.68110953e+03
4.75491619e-07 2.75998682e+03 2.66584012e+03
4.75922625e-07 2.72475680e+03 2.69016049e+03
4.76353630e-07 2.79819094e+03 2.69687563e+03
4.76784636e-07 2.91111300e+03 2.80156298e+03
4.77215642e-07 2.66770025e+03 2.74025387e+03
4.77646648e-07 2.43294620e+03 2.68867668e+03
4.78077654e-07 2.53845614e+03 2.78301328e+03
4.78508660e-07 2.79788562e+03 2.79839991e+03
4.78939666e-07 2.84884376e+03 2.82305635e+03
4.79370672e-07 2.81284330e+03 2.83532127e+03
4.79801677e-07 2.73068961e+03 2.81525344e+03
4.80232683e-07 3.05551670e+03 2.99859256e+03
4.80663689e-07 2.33010652e+03 2.63844148e+03
4.81094695e-07 2.88415778e+03 2.90763238e+03
4.81525701e-07 2.35211458e+03 2.74123714e+03
4.81956707e-07 2.23479506e+03 2.81380275e+03
4.82387713e-07 2.45339705e+03 2.90371048e+03
4.82818718e-07 2.50585744e+03 2.86232296e+03
4.83249724e-07 2.61799212e+03 2.96431129e+03
4.83680730e-07 2.79498374e+03 3.09054965e+03
4.84111736e-07 2.96666912e+03 3.11825318e+03
4.84542742e-07 2.89232153e+03 3.03777324e+03
4.84973748e-07 2.69224442e+03 2.92229011e+03
4.85404754e-07 2.95067209e+03 2.89497868e+03
4.85835760e-07 2.80901283e+03 2.80314673e+03
4.86266765e-07 2.83352108e+03 2.87380273e+03
4.86697771e-07 2.82676765e+03 2.89895150e+03
4.87128777e-07 2.65975007e+03 2.84043725e+03
4.87559783e-07 3.01058803e+03 3.04801941e+03
4.87990789e-07 2.68551147e+03 2.93250387e+03
4.88421795e-07 3.01069378e+03 2.97736891e+03
4.88852801e-07 3.00707793e+03 3.04368418e+03
4.89283806e-07 3.32390468e+03 3.22970575e+03
4.89714812e-07 3.21938830e+03 3.13649036e+03
4.90145818e-07 3.16171408e+03 3.16505779e+03
4.90576824e-07 2.82753705e+03 3.02903575e+03
4.91007830e-07 2.72608048e+03 2.90793489e+03
4.91438836e-07 2.95545923e+03 3.03402757e+03
4.91869842e-07 3.17596199e+03 3.10004100e+03
4.92300848e-07 3.19410645e+03 3.12123421e+03
4.92731853e-07 3.09008360e+03 3.14172646e+03
4.93162859e-07 3.11248299e+03 3.12474565e+03
4.93593865e-07 3.00926083e+03 3.12800311e+03
4.94024871e-07 3.32030551e+03 3.28916733e+03
4.94455877e-07 3.54773893e+03 3.35464912e+03
4.94886883e-07 3.64676404e+03 3.45922061e+03
4.95317889e-07 3.57031768e+03 3.39787801e+03
4.95748894e-07 3.57954696e+03 3.38256188e+03
4.96179900e-07 3.73322879e+03 3.51510710e+03
4.96610906e-07 3.63276334e+03 3.49539976e+03
4.97041912e-07 3.16947322e+03 3.31221268e+03
4.97472918e-07 3.44212007e+03 3.41310499e+03
4.97903924e-07 3.82299798e+03 3.54527782e+03
4.98334930e-07 3.36870735e+03 3.36570417e+03
4.98765935e-07 3.77679634e+03 3.57323034e+03
4.99196941e-07 3.80107286e+03 3.51780200e+03
4.99627947e-07 3.61864127e+03 3.53339104e+03
5.00058953e-07 3.72138495e+03 3.53421059e+03
5.00489959e-07 3.77579295e+03 3.53902080e+03
5.00920965e-07 3.63212311e+03 3.45121227e+03
5.01351971e-07 3.18874372e+03 3.24987212e+03
5.01782977e-07 3.43938393e+03 3.36767518e+03
5.02213982e-07 3.89437410e+03 3.52801940e+03
5.02644988e-07 3.70990412e+03 3.52508142e+03
5.03075994e-07 3.89099580e+03 3.60840198e+03
5.03507000e-07 3.91283173e+03 3.58833275e+03
5.03938006e-07 3.47704634e+03 3.42089287e+03
5.04369012e-07 3.45313524e+03 3.43665814e+03
5.04800018e-07 3.42676718e+03 3.40144196e+03
5.05231023e-07 3.53499006e+03 3.41605618e+03
5.05662029e-07 3.32274238e+03 3.29694096e+03
5.06093035e-07 2.99039049e+03 3.25709034e+03
5.06524041e-07 3.35887063e+03 3.46404665e+03
5.06955047e-07 3.36812623e+03 3.42924088e+03
5.07386053e-07 3.90127691e+03 3.60443797e+03
5.07817059e-07 4.64040982e+03 3.86270400e+03
5.08248065e-07 4.31310098e+03 3.74753131e+03
5.08679070e-07 4.26374702e+03 3.80504994e+03
5.09110076e-07 4.44296904e+03 3.90188953e+03
5.09541082e-07 4.02973266e+03 3.66742484e+03
5.09972088e-07 3.42870360e+03 3.45517082e+03
5.10403094e-07 3.68824787e+03 3.59635286e+03
5.10834100e-07 3.90491997e+03 3.70461003e+03
5.11265106e-07 3.90406370e+03 3.67833735e+03
5.11696111e-07 3.85570242e+03 3.73010684e+03
5.12127117e-07 4.29965981e+03 3.91066646e+03
5.12558123e-07 4.65285384e+03 3.96718434e+03
5.12989129e-07 4.55721909e+03 4.02029961e+03
5.13420135e-07 4.67734194e+03 4.06538336e+03
5.13851141e-07 4.89256005e+03 4.14668667e+03
5.14282147e-07 4.66028031e+03 4.12032089e+03
5.14713152e-07 4.34653407e+03 4.00305183e+03
5.15144158e-07 4.06406844e+03 3.90683173e+03
5.15575164e-07 3.79636576e+03 3.80375320e+03
5.16006170e-07 4.22900853e+03 3.93602052e+03
5.16437176e-07 4.37543669e+03 3.92524376e+03
5.16868182e-07 4.65045147e+03 3.89380738e+03
5.17299188e-07 4.68917665e+03 3.97548497e+03
5.17730194e-07 4.55507695e+03 4.00887809e+03
5.18161199e-07 4.79030941e+03 4.09236984e+03
5.18592205e-07 4.81183601e+03 4.11160581e+03
5.19023211e-07 4.63732584e+03 4.29010422e+03
5.19454217e-07 4.54404344e+03 4.82810448e+03
5.19885223e-07 4.83522847e+03 5.21880076e+03
5.20316229e-07 5.01246837e+03 4.89685831e+03
5.20747235e-07 5.22441030e+03 4.46579884e+03
5.21178240e-07 4.81147080e+03 4.23674688e+03
5.21609246e-07 4.89534685e+03 4.34371694e+03
5.22040252e-07 5.43200113e+03 4.58377663e+03
5.22471258e-07 5.17309589e+03 4.52802185e+03
5.22902264e-07 5.38766182e+03 4.54438759e+03
5.23333270e-07 5.11307711e+03 4.52280578e+03
5.23764276e-07 5.12231803e+03 4.55618403e+03
5.24195282e-07 5.00091414e+03 4.46237065e+03
5.24626287e-07 4.95019121e+03 4.37844128e+03
5.25057293e-07 5.29581761e+03 4.60923777e+03
5.25488299e-07 4.87656242e+03 4.49395810e+03
5.25919305e-07 5.12057872e+03 4.52606736e+03
5.26350311e-07 6.02629380e+03 4.68180742e+03
5.26781317e-07 5.83416041e+03 4.62146005e+03
5.27212323e-07 5.38642755e+03 4.55222325e+03
5.27643328e-07 5.34625063e+03 4.65756057e+03
5.28074334e-07 5.43516305e+03 4.58501282e+03
5.28505340e-07 5.46621915e+03 4.62884794e+03
5.28936346e-07 5.67095490e+03 4.73563392e+03
5.29367352e-07 5.78321043e+03 4.75897401e+03
5.29798358e-07 6.11915607e+03 4.95049383e+03
5.30229364e-07 6.50560063e+03 5.09333778e+03
5.30660370e-07 6.14555522e+03 5.00958980e+03
5.31091375e-07 5.79012289e+03 4.81800677e+03
5.31522381e-07 6.27064162e+03 5.04987251e+03
5.31953387e-07 5.91699875e+03 4.93354409e+03
5.32384393e-07 5.07655214e+03 4.56236133e+03
5.32815399e-07 5.81862786e+03 4.84993797e+03
5.33246405e-07 6.01617898e+03 5.01775568e+03
5.33677411e-07 5.80303997e+03 4.81663361e+03
5.34108416e-07 6.24611522e+03 4.98177994e+03
5.34539422e-07 5.76381452e+03 4.89141397e+03
5.34970428e-07 5.79007501e+03 5.03377913e+03
5.35401434e-07 6.10201195e+03 5.14617087e+03
5.35832440e-07 6.42081465e+03 5.26817828e+03
5.36263446e-07 5.80244529e+03 4.98053321e+03
5.36694452e-07 6.39321305e+03 5.15295808e+03
5.37125457e-07 6.08511840e+03 4.99923562e+03
5.37556463e-07 6.87145385e+03 5.35452845e+03
5.37987469e-07 6.46181423e+03 5.15822276e+03
5.38418475e-07 5.98300172e+03 4.99089705e+03
5.38849481e-07 6.05710934e+03 4.90986407e+03
5.39280487e-07 6.02490417e+03 5.00181236e+03
5.39711493e-07 5.87951948e+03 4.83864166e+03
5.40142499e-07 5.86871508e+03 4.79355066e+03
5.40573504e-07 6.46198903e+03 5.04761577e+03
5.41004510e-07 6.59883874e+03 5.11841757e+03
5.41435516e-07 6.07268109e+03 4.88273468e+03
5.41866522e-07 6.18371611e+03 4.98334639e+03
5.42297528e-07 6.60376051e+03 5.14008011e+03
5.42728534e-07 6.35758626e+03 5.03261704e+03
5.43159540e-07 6.48152173e+03 5.20389492e+03
5.43590545e-07 6.49609738e+03 5.18005709e+03
5.44021551e-07 7.05888875e+03 5.32873746e+03
5.44452557e-07 6.23173619e+03 5.08282152e+03
5.44883563e-07 6.21009075e+03 5.13332171e+03
5.45314569e-07 6.72610226e+03 5.28428138e+03
5.45745575e-07 6.72358236e+03 5.42371226e+03
5.46176581e-07 6.55922562e+03 5.46659235e+03
5.46607587e-07 6.57540711e+03 5.35501310e+03
5.47038592e-07 6.09874684e+03 5.17211828e+03
5.47469598e-07 6.61834300e+03 5.28650946e+03
5.47900604e-07 6.60212587e+03 5.27261874e+03
5.48331610e-07 6.45910273e+03 5.32247391e+03
5.48762616e-07 6.23182542e+03 5.19951215e+03
5.49193622e-07 6.49308274e+03 5.34972702e+03
5.49624628e-07 6.70174856e+03 5.34196759e+03
5.50055633e-07 6.34113354e+03 5.31447467e+03
5.50486639e-07 7.60346700e+03 5.79848567e+03
5.50917645e-07 7.19494665e+03 5.60208468e+03
5.51348651e-07 6.35202380e+03 5.40054018e+03
5.51779657e-07 6.39042707e+03 5.36743275e+03
5.52210663e-07 6.82631995e+03 5.52859540e+03
5.52641669e-07 6.80515946e+03 5.47539025e+03
5.53072674e-07 6.46021736e+03 5.41182183e+03
5.53503680e-07 6.99675811e+03 5.57715921e+03
5.53934686e-07 7.01043070e+03 5.90723568e+03
5.54365692e-07 7.36451165e+03 6.12970794e+03
5.54796698e-07 7.17758061e+03 6.04424117e+03
5.55227704e-07 7.54391007e+03 5.84002105e+03
5.55658710e-07 7.18250698e+03 5.81485695e+03
5.56089716e-07 6.83581427e+03 5.90686440e+03
5.56520721e-07 7.13232867e+03 6.22599928e+03
5.56951727e-07 5.82520723e+03 1.30960547e+04
5.57382733e-07 3.63850154e+03 3.58729792e+04
5.57813739e-07 1.09585541e+04 4.44390767e+04
5.58244745e-07 9.43192175e+03 2.09406386e+04
5.58675751e-07 8.67998877e+03 8.71551106e+03
5.59106757e-07 7.72731987e+03 6.39007119e+03
5.59537762e-07 7.26207590e+03 5.93815194e+03
5.59968768e-07 7.17130770e+03 6.10236306e+03
5.60399774e-07 7.44749162e+03 6.24637722e+03
5.60830780e-07 7.57407450e+03 6.20336059e+03
5.61261786e-07 7.91434545e+03 6.11183366e+03
5.61692792e-07 8.01398128e+03 6.30900275e+03
5.62123798e-07 7.87489998e+03 6.48133464e+03
5.62554804e-07 7.91407543e+03 6.31731096e+03
5.62985809e-07 7.14960046e+03 5.91965676e+03
5.63416815e-07 7.56053637e+03 6.02227452e+03
5.63847821e-07 7.63297062e+03 6.14435278e+03
5.64278827e-07 7.65178970e+03 6.20851815e+03
5.64709833e-07 7.31427167e+03 5.96823770e+03
5.65140839e-07 7.28510660e+03 5.88555649e+03
5.65571845e-07 7.48520292e+03 6.03778953e+03
5.66002850e-07 7.77984678e+03 6.07426370e+03
5.66433856e-07 7.64959802e+03 6.14613278e+03
5.66864862e-07 7.39437335e+03 6.06015848e+03
5.67295868e-07 7.30669654e+03 6.08348413e+03
5.67726874e-07 7.54797326e+03 6.25881182e+03
5.68157880e-07 7.58595159e+03 6.22062702e+03
5.68588886e-07 6.95693918e+03 6.03864855e+03
5.69019891e-07 6.99190778e+03 6.04253835e+03
5.69450897e-07 7.39031821e+03 6.27300078e+03
5.69881903e-07 7.37039947e+03 6.24894797e+03
5.70312909e-07 7.43993596e+03 6.27762923e+03
5.70743915e-07 6.74950974e+03 5.92579294e+03
5.71174921e-07 7.11858506e+03 5.82359457e+03
5.71605927e-07 5.62478829e+03 5.46592590e+03
5.72036933e-07 6.11075786e+03 5.68377860e+03
5.72467938e-07 7.03772113e+03 5.99890646e+03
5.72898944e-07 7.20802183e+03 6.04233344e+03
5.73329950e-07 6.98280372e+03 5.99454869e+03
5.73760956e-07 7.04805416e+03 6.08465715e+03
5.74191962e-07 6.78454733e+03 5.93499752e+03
5.74622968e-07 7.19671076e+03 6.04942610e+03
5.75053974e-07 7.13885452e+03 6.03105081e+03
5.75484979e-07 7.25330238e+03 6.07669863e+03
5.75915985e-07 7.22065235e+03 6.05866569e+03
5.76346991e-07 8.07164956e+03 6.36135549e+03
5.76777997e-07 8.16379748e+03 6.47933995e+03
5.77209003e-07 7.98075361e+03 6.43611792e+03
5.77640009e-07 7.89804640e+03 6.46753997e+03
5.78071015e-07 7.71086232e+03 6.27999683e+03
5.78502021e-07 7.80661596e+03 6.25161171e+03
5.78933026e-07 7.97073056e+03 6.35385468e+03
5.79364032e-07 8.08045830e+03 6.46661751e+03
5.79795038e-07 8.04347468e+03 6.55492179e+03
5.80226044e-07 7.80586442e+03 6.32248673e+03
5.80657050e-07 8.47186977e+03 6.60199744e+03
5.81088056e-07 7.67664580e+03 6.40996659e+03
5.81519062e-07 8.50888813e+03 6.67404275e+03
5.81950067e-07 7.97382312e+03 6.57344880e+03
5.82381073e-07 8.10925357e+03 6.68066759e+03
5.82812079e-07 7.86924716e+03 6.50707625e+03
5.83243085e-07 8.44942679e+03 6.67142407e+03
5.83674091e-07 8.25499741e+03 6.63649240e+03
5.84105097e-07 8.45754891e+03 6.77558314e+03
5.84536103e-07 8.22914513e+03 6.67175591e+03
5.84967109e-07 8.21412429e+03 6.60200753e+03
5.85398114e-07 8.38545071e+03 6.68307456e+03
5.85829120e-07 7.90845371e+03 6.84218613e+03
5.86260126e-07 7.49541660e+03 7.51900409e+03
5.86691132e-07 8.57935152e+03 8.56559083e+03
5.87122138e-07 8.00230014e+03 7.91217852e+03
5.87553144e-07 8.44033656e+03 7.24965373e+03
5.87984150e-07 7.71789523e+03 7.43100128e+03
5.88415155e-07 7.20056523e+03 1.03727308e+04
5.88846161e-07 8.06530380e+03 1.48310430e+04
5.89277167e-07 8.45689364e+03 1.50079412e+04
5.89708173e-07 8.13690957e+03 1.15095968e+04
5.90139179e-07 7.44959140e+03 8.14907737e+03
5.90570185e-07 8.14216480e+03 7.78971745e+03
5.91001191e-07 7.97946788e+03 7.69310136e+03
5.91432196e-07 8.17981420e+03 8.20985737e+03
5.91863202e-07 8.77448409e+03 8.17795502e+03
5.92294208e-07 7.89713950e+03 7.56212548e+03
5.92725214e-07 7.52405849e+03 7.71544214e+03
5.93156220e-07 8.90835689e+03 8.61801629e+03
5.93587226e-07 8.54862067e+03 8.04266839e+03
5.94018232e-07 8.66680782e+03 7.58276264e+03
5.94449238e-07 8.26101560e+03 7.65528804e+03
5.94880243e-07 8.52417937e+03 8.24536659e+03
5.95311249e-07 8.84530231e+03 8.55615764e+03
5.95742255e-07 8.33237592e+03 7.47047355e+03
5.96173261e-07 8.58956141e+03 7.30709354e+03
5.96604267e-07 8.50903453e+03 7.36817327e+03
5.97035273e-07 8.14731859e+03 7.48330075e+03
5.97466279e-07 7.58412632e+03 7.55204644e+03
5.97897284e-07 8.59371711e+03 7.68122593e+03
5.98328290e-07 8.83458058e+03 7.39819731e+03
5.98759296e-07 8.68959221e+03 7.12683223e+03
5.99190302e-07 8.98636367e+03 7.26194260e+03
5.99621308e-07 7.52422042e+03 7.02309992e+03
6.00052314e-07 8.10521813e+03 7.34705493e+03
6.00483320e-07 8.55468569e+03 7.37631347e+03
6.00914326e-07 8.99779261e+03 7.22853056e+03
6.01345331e-07 8.65722753e+03 6.92827137e+03
6.01776337e-07 8.61328671e+03 6.88614438e+03
6.02207343e-07 7.83551754e+03 6.71382037e+03
6.02638349e-07 8.16077364e+03 7.01046578e+03
6.03069355e-07 8.20358444e+03 7.12034463e+03
6.03500361e-07 8.52683162e+03 7.04747841e+03
6.03931367e-07 8.37810887e+03 6.86210309e+03
6.04362372e-07 7.95210125e+03 6.77179440e+03
6.04793378e-07 8.17618670e+03 6.73333622e+03
6.05224384e-07 8.98504241e+03 7.12739751e+03
6.05655390e-07 8.88102308e+03 7.03001607e+03
6.06086396e-07 8.95285234e+03 7.08609380e+03
6.06517402e-07 9.20020108e+03 7.25395155e+03
6.06948408e-07 7.60339289e+03 6.59130095e+03
6.07379413e-07 7.44678544e+03 6.49730742e+03
6.07810419e-07 7.42754888e+03 6.44000423e+03
6.08241425e-07 7.57324994e+03 6.45213199e+03
6.08672431e-07 8.09945976e+03 6.63912989e+03
6.09103437e-07 7.18180916e+03 6.40942289e+03
6.09534443e-07 8.01164460e+03 6.68513876e+03
6.09965449e-07 8.22906017e+03 6.83143007e+03
6.10396455e-07 8.29550488e+03 6.88428525e+03
6.10827460e-07 7.83989505e+03 6.62754959e+03
6.11258466e-07 8.49594102e+03 6.83143540e+03
6.11689472e-07 8.49091122e+03 6.75568300e+03
6.12120478e-07 8.22237552e+03 6.66383750e+03
6.12551484e-07 8.08551451e+03 6.54594197e+03
6.12982490e-07 8.75567280e+03 6.97946838e+03
6.13413496e-07 9.02045283e+03 7.43909641e+03
6.13844501e-07 8.52222803e+03 7.41043995e+03
6.14275507e-07 8.90914751e+03 7.56455977e+03
6.14706513e-07 8.89437672e+03 7.41853036e+03
6.15137519e-07 9.18710275e+03 7.18072450e+03
6.15568525e-07 8.97732160e+03 6.90913888e+03
6.15999531e-07 8.83438491e+03 6.90779790e+03
6.16430537e-07 8.78296537e+03 7.09525260e+03
6.16861543e-07 8.60786012e+03 7.48381960e+03
6.17292548e-07 9.15717123e+03 7.74684943e+03
6.17723554e-07 9.16347843e+03 7.34176954e+03
6.18154560e-07 9.18025602e+03 7.20803248e+03
6.18585566e-07 8.76996956e+03 7.04898341e+03
6.19016572e-07 7.24934571e+03 6.59782332e+03
6.19447578e-07 8.37843516e+03 7.14251544e+03
6.19878584e-07 8.99194312e+03 7.44383886e+03
6.20309589e-07 8.88538733e+03 7.54877260e+03
6.20740595e-07 9.43814358e+03 7.44850837e+03
6.21171601e-07 9.40899618e+03 7.41042048e+03
6.21602607e-07 9.56138433e+03 7.69464882e+03
6.22033613e-07 9.78274603e+03 8.04424690e+03
6.22464619e-07 9.70035412e+03 7.73844204e+03
6.22895625e-07 9.82980033e+03 8.65421843e+03
6.23326630e-07 9.69292486e+03 1.07313973e+04
6.23757636e-07 9.98020221e+03 1.08029553e+04
6.24188642e-07 1.05480645e+04 9.66176339e+03
6.24619648e-07 1.07035189e+04 8.49328253e+03
6.25050654e-07 1.04198726e+04 8.47807723e+03
6.25481660e-07 9.00488621e+03 9.47325579e+03
6.25912666e-07 8.98730121e+03 9.70515194e+03
6.26343672e-07 9.56139646e+03 9.19898156e+03
6.26774677e-07 9.43945983e+03 8.31808417e+03
6.27205683e-07 9.09714889e+03 7.89146409e+03
6.27636689e-07 9.64288916e+03 7.75725949e+03
6.28067695e-07 7.96151773e+03 7.75947755e+03
6.28498701e-07 9.73682205e+03 9.25156141e+03
6.28929707e-07 9.30002193e+03 1.00569532e+04
6.29360713e-07 4.71607912e+03 1.98158517e+04
6.29791718e-07 9.65694115e+03 4.26460767e+04
6.30222724e-07 1.13436563e+04 3.79621340e+04
6.30653730e-07 1.01145052e+04 1.72151642e+04
6.31084736e-07 1.08539067e+04 9.81937103e+03
6.31515742e-07 9.78780246e+03 8.05684405e+03
6.31946748e-07 1.00728423e+04 8.55287778e+03
6.32377754e-07 1.00983101e+04 9.34102321e+03
6.32808760e-07 1.08775494e+04 1.04543892e+04
6.33239765e-07 1.04409460e+04 9.41616972e+03
6.33670771e-07 1.05264158e+04 8.19978482e+03
6.34101777e-07 9.68888799e+03 7.67163119e+03
6.34532783e-07 9.53174635e+03 8.16937342e+03
6.34963789e-07 9.09289829e+03 8.58817561e+03
6.35394795e-07 8.59767268e+03 9.68433629e+03
6.35825801e-07 9.25157631e+03 1.51856643e+04
6.36256806e-07 1.07112319e+04 2.09063362e+04
6.36687812e-07 1.13472496e+04 1.55832666e+04
6.37118818e-07 1.09538664e+04 9.51307365e+03
6.37549824e-07 1.01086442e+04 8.12949645e+03
6.37980830e-07 9.92552572e+03 8.34081677e+03
6.38411836e-07 9.88107694e+03 8.68916368e+03
6.38842842e-07 9.55346461e+03 8.19596268e+03
6.39273848e-07 1.05179891e+04 7.86567308e+03
6.39704853e-07 1.10346562e+04 7.99299353e+03
6.40135859e-07 1.01711269e+04 7.66422956e+03
6.40566865e-07 1.03620382e+04 7.68089496e+03
6.40997871e-07 1.06807109e+04 7.96331693e+03
6.41428877e-07 1.08113708e+04 8.33673372e+03
6.41859883e-07 1.11566306e+04 8.43297491e+03
6.42290889e-07 1.08166554e+04 8.21252954e+03
6.42721894e-07 1.11560085e+04 8.12482741e+03
6.43152900e-07 1.10381459e+04 8.02002049e+03
6.43583906e-07 1.06693776e+04 7.83341802e+03
6.44014912e-07 1.05274764e+04 7.86753297e+03
6.44445918e-07 1.05004881e+04 7.90246598e+03
6.44876924e-07 1.07960940e+04 8.24877621e+03
6.45307930e-07 1.12806217e+04 8.67159925e+03
6.45738935e-07 9.81262559e+03 8.47621846e+03
6.46169941e-07 1.03514822e+04 1.01165344e+04
6.46600947e-07 1.10130668e+04 1.13527851e+04
6.47031953e-07 1.06389963e+04 1.05839666e+04
6.47462959e-07 1.07171819e+04 9.25965357e+03
6.47893965e-07 1.10055588e+04 8.61247338e+03
6.48324971e-07 1.12773880e+04 8.11866652e+03
6.48755977e-07 1.09573754e+04 8.05106949e+03
6.49186982e-07 1.17064615e+04 9.42178325e+03
6.49617988e-07 1.07838644e+04 1.13155750e+04
6.50048994e-07 1.07568458e+04 1.12532876e+04
6.50480000e-07 1.11343146e+04 9.88655435e+03
6.50911006e-07 1.20587814e+04 9.18501486e+03
6.51342012e-07 1.10686755e+04 8.47807938e+03
6.51773018e-07 1.12196700e+04 8.70420510e+03
6.52204023e-07 1.14960377e+04 9.16832037e+03
6.52635029e-07 1.14261354e+04 9.70761322e+03
6.53066035e-07 1.09010023e+04 1.05653238e+04
6.53497041e-07 1.17126114e+04 1.04337109e+04
6.53928047e-07 1.18271087e+04 9.71350537e+03
6.54359053e-07 1.02796756e+04 9.33356122e+03
6.54790059e-07 1.10947782e+04 1.03737547e+04
6.55221065e-07 1.06972820e+04 1.11444455e+04
6.55652070e-07 1.07828483e+04 1.01821556e+04
6.56083076e-07 1.10256055e+04 9.59713092e+03
6.56514082e-07 1.13307867e+04 9.64901793e+03
6.56945088e-07 1.06560918e+04 9.60530858e+03
6.57376094e-07 1.01057762e+04 1.03375618e+04
6.57807100e-07 1.06759660e+04 1.03506992e+04
6.58238106e-07 1.19744583e+04 9.38301656e+03
6.58669111e-07 1.17732930e+04 8.60548042e+03
6.59100117e-07 1.15458299e+04 8.73079733e+03
6.59531123e-07 1.16020253e+04 9.08273827e+03
6.59962129e-07 1.12880257e+04 9.51526311e+03
6.60393135e-07 1.12433653e+04 9.60842355e+03
6.60824141e-07 1.07344294e+04 8.59625736e+03
6.61255147e-07 1.19255068e+04 8.55143644e+03
6.61686152e-07 1.21966352e+04 8.65989038e+03
6.62117158e-07 1.18587465e+04 8.54871617e+03
6.62548164e-07 1.11179066e+04 8.52975325e+03
6.62979170e-07 1.18027118e+04 9.01973573e+03
6.63410176e-07 1.11938377e+04 9.02418738e+03
6.63841182e-07 1.15476275e+04 8.60963887e+03
6.64272188e-07 1.14761604e+04 8.10605685e+03
6.64703194e-07 1.15493067e+04 8.18577980e+03
6.65134199e-07 1.18802433e+04 8.33374089e+03
6.65565205e-07 1.12666991e+04 8.22086424e+03
6.65996211e-07 1.11659892e+04 8.33943834e+03
6.66427217e-07 1.15938318e+04 8.63013347e+03
6.66858223e-07 1.18516221e+04 8.64566178e+03
6.67289229e-07 1.15985881e+04 8.27567780e+03
6.67720235e-07 1.16796001e+04 8.12588317e+03
6.68151240e-07 1.20751915e+04 8.40561399e+03
6.68582246e-07 1.28472951e+04 8.66497416e+03
6.69013252e-07 1.19934846e+04 8.45877817e+03
6.69444258e-07 1.12063959e+04 8.24281557e+03
6.69875264e-07 1.04908563e+04 7.99036651e+03
6.70306270e-07 1.09180467e+04 8.25927613e+03
6.70737276e-07 1.17248390e+04 8.36873693e+03
6.71168282e-07 1.14089613e+04 8.22885520e+03
6.71599287e-07 1.20481271e+04 8.50182787e+03
6.72030293e-07 1.20740138e+04 8.59261870e+03
6.72461299e-07 1.20446077e+04 8.29314091e+03
6.72892305e-07 1.17237594e+04 8.33750636e+03
6.73323311e-07 1.17623311e+04 8.25440472e+03
6.73754317e-07 1.14754803e+04 8.28334607e+03
6.74185323e-07 1.19549046e+04 8.63234398e+03
6.74616328e-07 1.14618337e+04 8.44280597e+03
6.75047334e-07 1.14838536e+04 8.12754980e+03
6.75478340e-07 1.13601200e+04 8.08361307e+03
6.75909346e-07 1.14482917e+04 8.06278849e+03
6.76340352e-07 1.16869346e+04 8.17538533e+03
6.76771358e-07 1.23621237e+04 8.44776714e+03
6.77202364e-07 1.23855253e+04 8.44530582e+03
6.77633370e-07 1.15028834e+04 8.25663450e+03
6.78064375e-07 1.13243573e+04 8.13598012e+03
6.78495381e-07 1.25413353e+04 8.56716470e+03
6.78926387e-07 1.25291656e+04 8.63355920e+03
6.79357393e-07 1.19659178e+04 8.35793897e+03
6.79788399e-07 1.14607396e+04 8.15309998e+03
6.80219405e-07 1.14936779e+04 8.14881216e+03
6.80650411e-07 1.16714590e+04 8.23793594e+03
6.81081416e-07 1.13263904e+04 8.20419528e+03
6.81512422e-07 1.15310733e+04 8.23094676e+03
6.81943428e-07 1.18486833e+04 9.09569248e+03
6.82374434e-07 1.14938650e+04 1.24530072e+04
6.82805440e-07 1.04626764e+04 1.64543274e+04
6.83236446e-07 1.06129060e+04 1.62801763e+04
6.83667452e-07 1.27741194e+04 1.33978954e+04
6.84098457e-07 1.28215817e+04 1.07374797e+04
6.84529463e-07 1.19250575e+04 9.06047067e+03
6.84960469e-07 1.14142837e+04 8.32839243e+03
6.85391475e-07 1.14491447e+04 8.88884817e+03
6.85822481e-07 1.11755411e+04 1.27409244e+04
6.86253487e-07 9.41333222e+03 1.57831381e+04
6.86684493e-07 8.94684296e+03 1.19864046e+04
6.87115499e-07 9.22920723e+03 8.14751589e+03
6.87546504e-07 9.43875910e+03 7.61587753e+03
6.87977510e-07 9.99471119e+03 8.45927967e+03
6.88408516e-07 9.84904762e+03 9.11371576e+03
6.88839522e-07 9.70726061e+03 9.16287838e+03
6.89270528e-07 9.63186012e+03 8.58423330e+03
6.89701534e-07 9.37469461e+03 8.18944881e+03
6.90132540e-07 9.48347787e+03 8.16742459e+03
6.90563545e-07 1.04898105e+04 9.00669967e+03
6.90994551e-07 1.05919803e+04 1.04714142e+04
6.91425557e-07 1.07920517e+04 1.06846991e+04
6.91856563e-07 9.45032872e+03 1.11628697e+04
6.92287569e-07 9.47333476e+03 1.17315950e+04
6.92718575e-07 1.06327678e+04 9.66879811e+03
6.93149581e-07 9.59794921e+03 8.21478978e+03
6.93580587e-07 9.38761202e+03 9.50700056e+03
6.94011592e-07 1.05835217e+04 1.11330904e+04
6.94442598e-07 1.05222674e+04 1.26332536e+04
6.94873604e-07 9.40269098e+03 1.32849275e+04
6.95304610e-07 1.11056241e+04 1.05090513e+04
6.95735616e-07 1.15991254e+04 8.66317784e+03
6.96166622e-07 1.15566325e+04 8.84059041e+03
6.96597628e-07 1.14510285e+04 9.85233339e+03
6.97028633e-07 1.19426017e+04 1.08375198e+04
6.97459639e-07 1.00992569e+04 1.15187047e+04
6.97890645e-07 1.01419397e+04 1.12233212e+04
6.98321651e-07 1.11920540e+04 9.38413996e+03
6.98752657e-07 1.08645083e+04 8.16856132e+03
6.99183663e-07 1.08654781e+04 7.90737279e+03
6.99614669e-07 1.06625314e+04 8.36264671e+03
7.00045674e-07 1.06626487e+04 8.94119038e+03
7.00476680e-07 1.12180193e+04 9.70902184e+03
7.00907686e-07 1.17330031e+04 1.02065480e+04
7.01338692e-07 1.23977910e+04 9.57065710e+03
7.01769698e-07 1.12773093e+04 8.16454302e+03
7.02200704e-07 1.08351638e+04 7.71807127e+03
7.02631710e-07 1.13134279e+04 7.98360695e+03
7.03062716e-07 1.09433677e+04 7.86850829e+03
7.03493721e-07 1.13912857e+04 8.18148638e+03
7.03924727e-07 1.20168923e+04 8.93584659e+03
7.04355733e-07 1.14122746e+04 9.52501740e+03
7.04786739e-07 1.03622356e+04 9.49399578e+03
7.05217745e-07 1.11704716e+04 8.93380080e+03
7.05648751e-07 1.13782821e+04 8.44156325e+03
7.06079757e-07 1.11363745e+04 8.32675703e+03
7.06510762e-07 1.08822988e+04 8.51791860e+03
7.06941768e-07 1.07670677e+04 8.35806263e+03
7.07372774e-07 1.08218874e+04 8.28338805e+03
7.07803780e-07 1.05042480e+04 8.34143996e+03
7.08234786e-07 1.05760357e+04 8.52208769e+03
7.08665792e-07 1.10000686e+04 8.63948836e+03
7.09096798e-07 1.07541096e+04 8.28285479e+03
7.09527804e-07 1.07529182e+04 7.88516081e+03
7.09958809e-07 1.10503954e+04 7.80735658e+03
7.10389815e-07 1.17700083e+04 8.07694626e+03
7.10820821e-07 1.14561472e+04 7.92677635e+03
7.11251827e-07 1.08950266e+04 7.62251582e+03
7.11682833e-07 1.05377697e+04 7.43184523e+03
7.12113839e-07 1.05948368e+04 7.57650351e+03
7.12544845e-07 1.07128953e+04 7.86678407e+03
7.12975850e-07 1.09769312e+04 8.23096583e+03
7.13406856e-07 1.06513803e+04 7.88200606e+03
7.13837862e-07 1.09958403e+04 8.20431128e+03
7.14268868e-07 1.05820565e+04 8.57116595e+03
7.14699874e-07 1.09709685e+04 8.50265372e+03
7.15130880e-07 1.05101767e+04 7.85621994e+03
7.15561886e-07 1.05526428e+04 7.88810376e+03
7.15992891e-07 1.11563942e+04 8.12661691e+03
7.16423897e-07 1.03118756e+04 7.77043906e+03
7.16854903e-07 9.95194783e+03 7.76009376e+03
7.17285909e-07 9.82698363e+03 7.66414213e+03
7.17716915e-07 9.07420912e+03 7.45672507e+03
7.18147921e-07 9.50837220e+03 7.30090074e+03
7.18578927e-07 8.95916069e+03 6.84386784e+03
7.19009933e-07 8.71629930e+03 6.69976544e+03
7.19440938e-07 8.57027850e+03 6.68806542e+03
7.19871944e-07 8.88627603e+03 6.71966727e+03
7.20302950e-07 8.60426503e+03 6.72496902e+03
7.20733956e-07 8.77548523e+03 6.75853998e+03
7.21164962e-07 9.59320622e+03 6.95577016e+03
7.21595968e-07 9.46145302e+03 7.03734594e+03
7.22026974e-07 8.91636190e+03 7.10319225e+03
7.22457979e-07 9.27113185e+03 7.26141430e+03
7.22888985e-07 9.12518313e+03 7.87166995e+03
7.23319991e-07 7.99746826e+03 1.17219607e+04
7.23750997e-07 6.50959326e+03 2.08016695e+04
7.24182003e-07 8.25796218e+03 2.63304025e+04
7.24613009e-07 1.08603090e+04 2.06137127e+04
7.25044015e-07 9.35430063e+03 1.29514402e+04
7.25475021e-07 8.90039151e+03 9.91550337e+03
7.25906026e-07 8.68449986e+03 7.85412300e+03
7.26337032e-07 8.96636245e+03 7.83506765e+03
7.26768038e-07 8.46839334e+03 1.04483581e+04
7.27199044e-07 6.34021550e+03 1.82102924e+04
7.27630050e-07 7.06134726e+03 2.30038162e+04
7.28061056e-07 8.70585426e+03 1.86666910e+04
7.28492062e-07 1.13913457e+04 1.50705152e+04
7.28923067e-07 1.11615756e+04 1.14375570e+04
7.29354073e-07 8.56979288e+03 9.83310504e+03
7.29785079e-07 9.11224625e+03 1.09565537e+04
7.30216085e-07 8.93176207e+03 1.16550531e+04
7.30647091e-07 9.39142072e+03 1.15784949e+04
7.31078097e-07 7.26061626e+03 1.53504998e+04
7.31509103e-07 9.40255448e+03 2.10901160e+04
7.31940109e-07 1.24428859e+04 1.69146155e+04
7.32371114e-07 8.91453406e+03 1.25227821e+04
7.32802120e-07 1.02804904e+04 1.49192209e+04
7.33233126e-07 9.43573477e+03 1.43489172e+04
7.33664132e-07 6.80319191e+03 1.99217058e+04
7.34095138e-07 9.44983250e+03 2.44977880e+04
7.34526144e-07 1.09099441e+04 1.58447411e+04
7.34957150e-07 1.07866723e+04 1.05896294e+04
7.35388155e-07 8.43637942e+03 1.20575995e+04
7.35819161e-07 1.03453900e+04 1.49320141e+04
7.36250167e-07 8.49968736e+03 1.56746245e+04
7.36681173e-07 8.54440793e+03 2.09991492e+04
7.37112179e-07 1.09029803e+04 1.94949104e+04
7.37543185e-07 1.10174688e+04 1.15229651e+04
7.37974191e-07 1.14316449e+04 9.29896413e+03
7.38405196e-07 1.04485637e+04 9.79786495e+03
7.38836202e-07 9.08786584e+03 1.19011692e+04
7.39267208e-07 1.07672748e+04 1.42092427e+04
7.39698214e-07 9.49766414e+03 1.58369064e+04
7.40129220e-07 9.06909436e+03 1.73932062e+04
7.40560226e-07 1.06239181e+04 1.32257200e+04
7.40991232e-07 1.07975264e+04 9.61656329e+03
7.41422238e-07 1.04899029e+04 9.11697652e+03
7.41853243e-07 1.09721026e+04 9.23125528e+03
7.42284249e-07 9.79889627e+03 9.50243980e+03
7.42715255e-07 1.08060484e+04 1.14154542e+04
7.43146261e-07 1.02067919e+04 1.24963456e+04
7.43577267e-07 9.99966871e+03 1.38372124e+04
7.44008273e-07 1.12882107e+04 1.31308187e+04
7.44439279e-07 1.10999032e+04 9.74729412e+03
7.44870284e-07 1.09145028e+04 8.77068459e+03
7.45301290e-07 1.09005401e+04 8.99813148e+03
7.45732296e-07 9.96855967e+03 9.50184347e+03
7.46163302e-07 9.98226643e+03 1.11564027e+04
7.46594308e-07 1.04062236e+04 1.33704564e+04
7.47025314e-07 1.07247886e+04 1.48871115e+04
7.47456320e-07 1.05467682e+04 1.57016288e+04
7.47887326e-07 9.93482043e+03 1.60629348e+04
7.48318331e-07 1.10214306e+04 1.46189123e+04
7.48749337e-07 1.14351637e+04 1.18083472e+04
7.49180343e-07 1.07997782e+04 1.06284028e+04
7.49611349e-07 1.05546639e+04 9.77965214e+03
7.50042355e-07 1.05162366e+04 9.08982529e+03
7.50473361e-07 1.06854320e+04 8.69686049e+03
7.50904367e-07 1.01921888e+04 8.66124242e+03
7.51335372e-07 1.08501742e+04 1.00631452e+04
7.51766378e-07 9.30056757e+03 1.40758364e+04
7.52197384e-07 9.17442219e+03 1.96503396e+04
7.52628390e-07 1.06800426e+04 1.86334478e+04
7.53059396e-07 1.16641660e+04 1.38472562e+04
7.53490402e-07 1.09261162e+04 1.07087545e+04
7.53921408e-07 1.15157410e+04 1.02914025e+04
7.54352413e-07 1.01135469e+04 9.17747053e+03
7.54783419e-07 9.92874611e+03 8.91123327e+03
7.55214425e-07 9.69813015e+03 9.94843406e+03
7.55645431e-07 9.97987028e+03 1.07050015e+04
7.56076437e-07 9.99438789e+03 1.02350219e+04
7.56507443e-07 9.92268472e+03 1.20212159e+04
7.56938449e-07 1.05476664e+04 1.64843696e+04
7.57369455e-07 1.20891455e+04 1.54619184e+04
7.57800460e-07 1.11511398e+04 1.10618402e+04
7.58231466e-07 9.63344038e+03 1.08526216e+04
7.58662472e-07 1.00802402e+04 1.11454230e+04
7.59093478e-07 7.67038951e+03 8.40566516e+03
7.59524484e-07 4.86057565e+03 6.64816218e+03
7.59955490e-07 1.67131956e+03 4.48804949e+03
7.60386496e-07 2.01115337e+03 3.51893843e+03
7.60817501e-07 2.38606092e+03 3.75038346e+03
7.61248507e-07 4.20150544e+03 6.00040967e+03
7.61679513e-07 5.14514002e+03 7.89474238e+03
7.62110519e-07 4.48925792e+03 7.32853737e+03
7.62541525e-07 3.93634745e+03 6.70395963e+03
7.62972531e-07 3.99989921e+03 6.31783463e+03
7.63403537e-07 4.12050350e+03 5.32191027e+03
7.63834543e-07 4.73054073e+03 5.25451491e+03
7.64265548e-07 7.55710321e+03 6.33664566e+03
7.64696554e-07 7.73582578e+03 6.86810696e+03
7.65127560e-07 8.14238163e+03 8.11884548e+03
7.65558566e-07 6.37991906e+03 8.15447657e+03
7.65989572e-07 7.25232312e+03 9.64415298e+03
7.66420578e-07 8.03036132e+03 9.47560772e+03
7.66851584e-07 8.41964963e+03 7.89407518e+03
7.67282589e-07 9.18094238e+03 7.85751255e+03
7.67713595e-07 9.74750000e+03 8.37059334e+03
7.68144601e-07 1.01917324e+04 9.12473949e+03
7.68575607e-07 9.72648320e+03 9.80163112e+03
7.69006613e-07 9.91062560e+03 9.95496100e+03
7.69437619e-07 9.82860024e+03 1.02031162e+04
7.69868625e-07 1.06786045e+04 1.06075536e+04
7.70299630e-07 9.09658932e+03 1.04444979e+04
7.70730636e-07 7.41382571e+03 1.88417918e+04
7.71161642e-07 9.17589000e+03 3.71818772e+04
7.71592648e-07 1.05943468e+04 3.83736669e+04
7.72023654e-07 9.41647248e+03 2.43284125e+04
7.72454660e-07 1.15806009e+04 1.69992951e+04
7.72885666e-07 3.34989023e+04 1.22356474e+04
7.73316672e-07 1.01885734e+04 1.10515754e+04
7.73747677e-07 1.02954777e+04 1.05167558e+04
7.74178683e-07 9.26754070e+03 1.28410875e+04
7.74609689e-07 9.38444877e+03 2.58576417e+04
7.75040695e-07 9.77337115e+03 3.24726021e+04
7.75471701e-07 9.46920263e+03 2.37275825e+04
7.75902707e-07 1.29728073e+04 1.99215933e+04
7.76333713e-07 1.03539235e+04 1.38593780e+04
7.76764718e-07 1.00642682e+04 1.20483864e+04
7.77195724e-07 9.49221599e+03 1.38791693e+04
7.77626730e-07 9.23574722e+03 1.51928489e+04
7.78057736e-07 1.02625061e+04 1.44845544e+04
7.78488742e-07 1.05585402e+04 1.40954446e+04
7.78919748e-07 9.10519011e+03 2.11720224e+04
7.79350754e-07 9.74184546e+03 2.55989998e+04
7.79781760e-07 8.82230362e+03 1.68098205e+04
7.80212765e-07 9.25005750e+03 1.31130266e+04
7.80643771e-07 1.06384167e+04 1.72972503e+04
7.81074777e-07 1.04757293e+04 1.62148918e+04
7.81505783e-07 7.78169050e+03 1.91793624e+04
7.81936789e-07 9.71888140e+03 3.04268149e+04
7.82367795e-07 1.06433497e+04 2.48597946e+04
7.82798801e-07 8.81027508e+03 1.24791881e+04
7.83229806e-07 1.04791647e+04 1.09872283e+04
7.83660812e-07 9.17976095e+03 1.41293149e+04
7.84091818e-07 1.01656736e+04 1.70430717e+04
7.84522824e-07 7.03837673e+03 1.90537161e+04
7.84953830e-07 8.59204638e+03 3.31525228e+04
7.85384836e-07 1.10990830e+04 4.08964403e+04
7.85815842e-07 1.16053577e+04 3.07978320e+04
7.86246848e-07 1.14784018e+04 2.39113843e+04
7.86677853e-07 9.29205144e+03 2.38058924e+04
7.87108859e-07 1.24026769e+04 2.48301822e+04
7.87539865e-07 8.08870069e+03 1.96901223e+04
7.87970871e-07 9.15337401e+03 2.00981739e+04
7.88401877e-07 7.77133768e+03 2.10595413e+04
7.88832883e-07 1.03767491e+04 2.40017732e+04
7.89263889e-07 1.07789553e+04 1.84067457e+04
7.89694894e-07 1.20742065e+04 1.24228766e+04
7.90125900e-07 9.43109590e+03 1.02920244e+04
7.90556906e-07 7.77116406e+03 1.59558804e+04
7.90987912e-07 7.29157097e+03 3.41306217e+04
7.91418918e-07 1.02020262e+04 4.43543080e+04
7.91849924e-07 6.68438588e+03 3.23637651e+04
7.92280930e-07 1.01341817e+04 2.40949841e+04
7.92711935e-07 9.14059003e+03 2.00077079e+04
7.93142941e-07 1.11478370e+04 2.00998960e+04
7.93573947e-07 1.08691676e+04 1.43271003e+04
7.94004953e-07 9.25705847e+03 1.13994902e+04
7.94435959e-07 7.42858922e+03 1.37632519e+04
7.94866965e-07 9.30322743e+03 1.64501522e+04
7.95297971e-07 9.54024329e+03 1.26130647e+04
7.95728977e-07 8.74866035e+03 1.53750856e+04
7.96159982e-07 9.27196481e+03 2.80303352e+04
7.96590988e-07 1.03184698e+04 2.82144282e+04
7.97021994e-07 9.42618268e+03 1.78985041e+04
7.97453000e-07 9.16345649e+03 1.87602977e+04
