1.21910000e-01
3.63518000e-07 3.07642292e+02 1.28788820e+03
3.63949055e-07 4.27985466e+02 1.31135956e+03
3.64380109e-07 3.13954629e+02 1.21332563e+03
3.64811164e-07 3.61139011e+02 1.13683308e+03
3.65242219e-07 4.07823652e+02 1.12197848e+03
3.65673274e-07 3.31994200e+02 1.13554133e+03
3.66104328e-07 9.76065316e+01 9.62161505e+02
3.66535383e-07 3.03452155e+02 1.05371890e+03
3.66966438e-07 2.98902934e+02 1.07212639e+03
3.67397493e-07 3.09673960e+02 1.05973408e+03
3.67828547e-07 8.43942799e+01 8.13634202e+02
3.68259602e-07 2.51728851e+02 9.63635243e+02
3.68690657e-07 2.44561435e+02 1.02785359e+03
3.69121712e-07 4.48545842e+02 1.05061989e+03
3.69552766e-07 4.48262255e+02 1.19835541e+03
3.69983821e-07 3.89153242e+02 1.24449799e+03
3.70414876e-07 4.86114052e+02 1.36246741e+03
3.70845931e-07 3.88177496e+02 1.26471070e+03
3.71276985e-07 4.30177053e+02 1.30417139e+03
3.71708040e-07 3.99004124e+02 1.14308500e+03
3.72139095e-07 3.35749049e+02 1.08285166e+03
3.72570150e-07 3.32014484e+02 1.15621497e+03
3.73001204e-07 4.07214095e+02 1.29441289e+03
3.73432259e-07 5.45451063e+02 1.56441733e+03
3.73863314e-07 5.84694318e+02 1.70176678e+03
3.74294369e-07 4.58317286e+02 1.50308279e+03
3.74725423e-07 5.77135583e+02 1.51694941e+03
3.75156478e-07 4.87236388e+02 1.39395177e+03
3.75587533e-07 4.13276519e+02 1.24255142e+03
3.76018587e-07 4.26095414e+02 1.19845604e+03
3.76449642e-07 4.57660034e+02 1.16341032e+03
3.76880697e-07 3.45638276e+02 1.12553160e+03
3.77311752e-07 2.46343982e+02 1.14211872e+03
3.77742806e-07 4.20164592e+02 1.26664464e+03
3.78173861e-07 5.17093179e+02 1.29390229e+03
3.78604916e-07 5.26540526e+02 1.30088686e+03
3.79035971e-07 5.89410962e+02 1.36382931e+03
3.79467025e-07 4.01029458e+02 1.23257781e+03
3.79898080e-07 3.92230050e+02 1.13133669e+03
3.80329135e-07 5.42141831e+02 1.26843779e+03
3.80760190e-07 3.81738862e+02 1.22675546e+03
3.81191244e-07 5.99432088e+02 1.34845828e+03
3.81622299e-07 7.26582118e+02 1.48248380e+03
3.82053354e-07 5.82935236e+02 1.41963608e+03
3.82484409e-07 4.51154077e+02 1.39825906e+03
3.82915463e-07 5.72298936e+02 1.61245377e+03
3.83346518e-07 5.82671274e+02 1.60545726e+03
3.83777573e-07 6.50189042e+02 1.60277171e+03
3.84208628e-07 7.20398224e+02 1.65187357e+03
3.84639682e-07 7.08015775e+02 1.57499630e+03
3.85070737e-07 5.24556433e+02 1.34659871e+03
3.85501792e-07 4.44418984e+02 1.28618436e+03
3.85932847e-07 5.11789498e+02 1.34411788e+03
3.86363901e-07 5.21182319e+02 1.28191208e+03
3.86794956e-07 5.33777350e+02 1.23809403e+03
3.87226011e-07 5.59756209e+02 1.26929151e+03
3.87657065e-07 5.11499396e+02 1.16097926e+03
3.88088120e-07 4.89563461e+02 1.08810901e+03
3.88519175e-07 4.05898641e+02 1.07397129e+03
3.88950230e-07 5.17141282e+02 1.22431493e+03
3.89381284e-07 5.95298149e+02 1.27100706e+03
3.89812339e-07 5.34860103e+02 1.30291561e+03
3.90243394e-07 7.21909757e+02 1.55525447e+03
3.90674449e-07 7.49848291e+02 1.64146393e+03
3.91105503e-07 6.83541314e+02 1.60535585e+03
3.91536558e-07 6.87776279e+02 1.50710228e+03
3.91967613e-07 6.00489380e+02 1.40569716e+03
3.92398668e-07 6.12490374e+02 1.32557013e+03
3.92829722e-07 5.47409648e+02 1.24250140e+03
3.93260777e-07 5.23533278e+02 1.23928411e+03
3.93691832e-07 7.18701378e+02 1.44675873e+03
3.94122887e-07 6.12680320e+02 1.56579792e+03
3.94553941e-07 6.16538584e+02 1.55663881e+03
3.94984996e-07 6.86799301e+02 1.56454965e+03
3.95416051e-07 6.87761083e+02 1.46548543e+03
3.95847106e-07 5.14603351e+02 1.29736864e+03
3.96278160e-07 5.62423638e+02 1.21982350e+03
3.96709215e-07 6.43598742e+02 1.27668151e+03
3.97140270e-07 5.85395533e+02 1.31418404e+03
3.97571325e-07 6.45423625e+02 1.43198682e+03
3.98002379e-07 8.20839477e+02 1.54592705e+03
3.98433434e-07 8.10606811e+02 1.50806654e+03
3.98864489e-07 6.60697621e+02 1.40874622e+03
3.99295543e-07 6.53360757e+02 1.38852888e+03
3.99726598e-07 6.63315090e+02 1.40823344e+03
4.00157653e-07 7.18210255e+02 1.47316870e+03
4.00588708e-07 7.38711056e+02 1.57690914e+03
4.01019762e-07 7.27552449e+02 1.62170863e+03
4.01450817e-07 6.68757043e+02 1.60386094e+03
4.01881872e-07 7.80120992e+02 1.59272074e+03
4.02312927e-07 7.30710429e+02 1.51992050e+03
4.02743981e-07 7.64918526e+02 1.52502116e+03
4.03175036e-07 7.95339793e+02 1.58994740e+03
4.03606091e-07 9.56626000e+02 1.69220808e+03
4.04037146e-07 8.27303201e+02 1.68286840e+03
4.04468200e-07 8.39913453e+02 1.74109780e+03
4.04899255e-07 7.47727460e+02 1.63916373e+03
4.05330310e-07 8.06038552e+02 1.63174697e+03
4.05761365e-07 6.08467751e+02 1.56238936e+03
4.06192419e-07 9.80838111e+02 1.94851967e+03
4.06623474e-07 7.69180637e+02 1.78968382e+03
4.07054529e-07 9.06443078e+02 1.84368078e+03
4.07485584e-07 9.08606508e+02 1.82718592e+03
4.07916638e-07 9.36881717e+02 1.79514918e+03
4.08347693e-07 9.11283281e+02 1.73011128e+03
4.08778748e-07 8.72500858e+02 1.63222073e+03
4.09209803e-07 8.85881206e+02 1.63288831e+03
4.09640857e-07 9.29496125e+02 1.65537327e+03
4.10071912e-07 9.35159001e+02 1.55233890e+03
4.10502967e-07 8.88652258e+02 1.49986387e+03
4.10934022e-07 7.44732792e+02 1.47365975e+03
4.11365076e-07 7.27840282e+02 1.50554096e+03
4.11796131e-07 8.55261787e+02 1.59901124e+03
4.12227186e-07 9.11182530e+02 1.64806902e+03
4.12658240e-07 9.36046855e+02 1.70082678e+03
4.13089295e-07 7.67539978e+02 1.64335559e+03
4.13520350e-07 8.53627375e+02 1.67486627e+03
4.13951405e-07 9.84259104e+02 1.65631705e+03
4.14382459e-07 9.35583264e+02 1.60749344e+03
4.14813514e-07 8.81990006e+02 1.62113671e+03
4.15244569e-07 8.98914089e+02 1.67323109e+03
4.15675624e-07 8.16933071e+02 1.74410507e+03
4.16106678e-07 8.96978104e+02 1.87172235e+03
4.16537733e-07 1.02933587e+03 2.01727895e+03
4.16968788e-07 9.84435309e+02 2.04530973e+03
4.17399843e-07 1.22420276e+03 2.06275045e+03
4.17830897e-07 1.66540320e+03 2.17669824e+03
4.18261952e-07 1.78598759e+03 2.18124725e+03
4.18693007e-07 1.42174247e+03 1.94644392e+03
4.19124062e-07 1.09434552e+03 1.74423330e+03
4.19555116e-07 1.06444809e+03 1.69769769e+03
4.19986171e-07 1.05895526e+03 1.67577703e+03
4.20417226e-07 9.02328272e+02 1.60883918e+03
4.20848281e-07 8.96652712e+02 1.62254797e+03
4.21279335e-07 9.63436180e+02 1.65647758e+03
4.21710390e-07 1.18166113e+03 1.73722444e+03
4.22141445e-07 1.04570693e+03 1.60908403e+03
4.22572500e-07 1.00527623e+03 1.56832702e+03
4.23003554e-07 9.93257661e+02 1.59086524e+03
4.23434609e-07 1.01879175e+03 1.60790482e+03
4.23865664e-07 1.32084075e+03 1.75357020e+03
4.24296718e-07 1.29654725e+03 1.80665047e+03
4.24727773e-07 1.14508295e+03 1.79258147e+03
4.25158828e-07 1.28829390e+03 1.89654053e+03
4.25589883e-07 1.16310489e+03 1.84914391e+03
4.26020937e-07 1.02760557e+03 1.78035202e+03
4.26451992e-07 1.20722908e+03 1.87261031e+03
4.26883047e-07 1.42282029e+03 1.95988989e+03
4.27314102e-07 1.22192633e+03 1.84411576e+03
4.27745156e-07 1.38237904e+03 1.89840076e+03
4.28176211e-07 1.56443423e+03 1.96797347e+03
4.28607266e-07 1.66122768e+03 2.05249888e+03
4.29038321e-07 1.31571948e+03 1.89906182e+03
4.29469375e-07 1.27891839e+03 1.90138734e+03
4.29900430e-07 9.56001373e+02 1.72230781e+03
4.30331485e-07 1.08377029e+03 1.78650657e+03
4.30762540e-07 1.23179752e+03 1.96050520e+03
4.31193594e-07 1.36570914e+03 2.13846325e+03
4.31624649e-07 1.64487516e+03 2.22308387e+03
4.32055704e-07 1.37599924e+03 2.06260305e+03
4.32486759e-07 1.65127349e+03 2.11163993e+03
4.32917813e-07 1.55427359e+03 2.01347235e+03
4.33348868e-07 1.47806105e+03 1.99781157e+03
4.33779923e-07 1.58890559e+03 1.98423981e+03
4.34210978e-07 1.64654572e+03 2.07847733e+03
4.34642032e-07 1.57128194e+03 2.03645636e+03
4.35073087e-07 1.63674304e+03 2.09730657e+03
4.35504142e-07 1.40005253e+03 1.98849369e+03
4.35935196e-07 1.47644115e+03 2.07538579e+03
4.36366251e-07 1.20076488e+03 1.90965286e+03
4.36797306e-07 1.29537538e+03 1.93026332e+03
4.37228361e-07 1.50949882e+03 2.04733729e+03
4.37659415e-07 1.54915959e+03 2.11458523e+03
4.38090470e-07 1.77273844e+03 2.25938643e+03
4.38521525e-07 1.69317970e+03 2.13815814e+03
4.38952580e-07 1.76391057e+03 2.16454348e+03
4.39383634e-07 1.88840805e+03 2.28644264e+03
4.39814689e-07 1.71510012e+03 2.25856621e+03
4.40245744e-07 1.67025977e+03 2.36675087e+03
4.40676799e-07 1.65288578e+03 2.48514967e+03
4.41107853e-07 1.62653837e+03 2.50689000e+03
4.41538908e-07 1.50791719e+03 2.46342123e+03
4.41969963e-07 1.70708067e+03 2.51420919e+03
4.42401018e-07 1.90946286e+03 2.54664771e+03
4.42832072e-07 1.90384743e+03 2.49211186e+03
4.43263127e-07 1.94581157e+03 2.50806238e+03
4.43694182e-07 1.89041874e+03 2.44040440e+03
4.44125237e-07 1.82496763e+03 2.40634713e+03
4.44556291e-07 1.63205052e+03 2.28251975e+03
4.44987346e-07 1.28895585e+03 2.10302196e+03
4.45418401e-07 1.37690946e+03 2.07525203e+03
4.45849456e-07 1.55872391e+03 2.10449245e+03
4.46280510e-07 1.66200640e+03 2.17869598e+03
4.46711565e-07 1.76004081e+03 2.22506109e+03
4.47142620e-07 1.84085089e+03 2.29884473e+03
4.47573674e-07 1.92352976e+03 2.34231204e+03
4.48004729e-07 2.10192490e+03 2.42984778e+03
4.48435784e-07 2.12767691e+03 2.47373527e+03
4.48866839e-07 2.11141476e+03 2.46054739e+03
4.49297893e-07 2.05405774e+03 2.45908146e+03
4.49728948e-07 1.98491682e+03 2.43145981e+03
4.50160003e-07 2.16010301e+03 2.51650740e+03
4.50591058e-07 2.38375048e+03 2.62121632e+03
4.51022112e-07 2.47728488e+03 2.66180045e+03
4.51453167e-07 2.31223401e+03 2.63267057e+03
4.51884222e-07 1.97943356e+03 2.51298517e+03
4.52315277e-07 2.07612326e+03 2.64407990e+03
4.52746331e-07 2.38558770e+03 2.85281626e+03
4.53177386e-07 2.41702915e+03 2.97343567e+03
4.53608441e-07 2.46011973e+03 2.92876579e+03
4.54039496e-07 2.61340834e+03 3.03008742e+03
4.54470550e-07 2.30871023e+03 2.94674121e+03
4.54901605e-07 2.27626154e+03 2.82509797e+03
4.55332660e-07 2.38206146e+03 2.85625133e+03
4.55763715e-07 2.27363198e+03 2.76365423e+03
4.56194769e-07 2.32963905e+03 2.74902480e+03
4.56625824e-07 2.37406054e+03 2.72926017e+03
4.57056879e-07 2.40257135e+03 2.73459735e+03
4.57487934e-07 2.46235226e+03 2.88878827e+03
4.57918988e-07 2.51750156e+03 2.97215262e+03
4.58350043e-07 2.38667608e+03 2.93767072e+03
4.58781098e-07 2.25446763e+03 2.79288977e+03
4.59212152e-07 2.28693888e+03 2.77190195e+03
4.59643207e-07 2.11520365e+03 2.66406286e+03
4.60074262e-07 1.82366139e+03 2.52536781e+03
4.60505317e-07 2.06113672e+03 2.63750698e+03
4.60936371e-07 2.20376833e+03 2.70835990e+03
4.61367426e-07 2.30963755e+03 2.69051135e+03
4.61798481e-07 2.37681634e+03 2.79450636e+03
4.62229536e-07 2.55645779e+03 2.84688031e+03
4.62660590e-07 2.37218226e+03 2.79118373e+03
4.63091645e-07 2.56782529e+03 2.80676693e+03
4.63522700e-07 2.46559060e+03 2.80316428e+03
4.63953755e-07 2.42066267e+03 2.73130556e+03
4.64384809e-07 2.56626075e+03 2.82998253e+03
4.64815864e-07 2.54092674e+03 2.80372888e+03
4.65246919e-07 2.62348732e+03 2.91556024e+03
4.65677974e-07 2.69538141e+03 3.05575314e+03
4.66109028e-07 2.62460822e+03 3.03460331e+03
4.66540083e-07 2.63188852e+03 3.05069802e+03
4.66971138e-07 2.76896094e+03 3.08237322e+03
4.67402193e-07 2.69317725e+03 3.08791910e+03
4.67833247e-07 2.65282406e+03 3.12969253e+03
4.68264302e-07 2.31547660e+03 3.01269644e+03
4.68695357e-07 2.77258370e+03 3.12487207e+03
4.69126412e-07 2.39239481e+03 2.93567600e+03
4.69557466e-07 2.86760395e+03 3.15181852e+03
4.69988521e-07 2.73498677e+03 3.02992568e+03
4.70419576e-07 2.78581225e+03 3.08003269e+03
4.70850630e-07 2.87819238e+03 3.15730510e+03
4.71281685e-07 2.64984666e+03 3.06216606e+03
4.71712740e-07 2.91945045e+03 3.17234679e+03
4.72143795e-07 2.90652481e+03 3.14685564e+03
4.72574849e-07 2.85897870e+03 3.08178113e+03
4.73005904e-07 2.84388043e+03 3.05063213e+03
4.73436959e-07 2.90866690e+03 3.09252312e+03
4.73868014e-07 2.69839962e+03 3.04930882e+03
4.74299068e-07 2.75144519e+03 3.02112325e+03
4.74730123e-07 2.88335309e+03 3.10292204e+03
4.75161178e-07 3.05522979e+03 3.15958237e+03
4.75592233e-07 2.80917596e+03 3.09534365e+03
4.76023287e-07 2.66803325e+03 2.95442901e+03
4.76454342e-07 2.67131052e+03 3.00204326e+03
4.76885397e-07 2.67684329e+03 3.02227742e+03
4.77316452e-07 3.04791584e+03 3.11585932e+03
4.77747506e-07 3.03340800e+03 3.20396962e+03
4.78178561e-07 3.12996873e+03 3.19206143e+03
4.78609616e-07 2.67669470e+03 3.07255022e+03
4.79040671e-07 2.88993813e+03 3.15892789e+03
4.79471725e-07 2.81038512e+03 3.16452751e+03
4.79902780e-07 2.83437649e+03 3.15413411e+03
4.80333835e-07 2.67861600e+03 3.09720475e+03
4.80764890e-07 2.89996236e+03 3.22053715e+03
4.81195944e-07 2.94891869e+03 3.36972389e+03
4.81626999e-07 2.87968185e+03 3.41140016e+03
4.82058054e-07 2.89859118e+03 3.54460910e+03
4.82489109e-07 2.70914598e+03 3.51012374e+03
4.82920163e-07 2.74304518e+03 3.55063291e+03
4.83351218e-07 3.07799975e+03 3.67723957e+03
4.83782273e-07 2.87858752e+03 3.56755548e+03
4.84213327e-07 2.76260867e+03 3.46687783e+03
4.84644382e-07 2.79556965e+03 3.46478821e+03
4.85075437e-07 2.87881162e+03 3.39036854e+03
4.85506492e-07 2.75281514e+03 3.23300129e+03
4.85937546e-07 2.58904854e+03 3.12690923e+03
4.86368601e-07 2.97279001e+03 3.32277524e+03
4.86799656e-07 3.20612093e+03 3.34678248e+03
4.87230711e-07 2.89433481e+03 3.29604571e+03
4.87661765e-07 2.76368053e+03 3.34150149e+03
4.88092820e-07 2.83176687e+03 3.47313521e+03
4.88523875e-07 2.81545361e+03 3.44084246e+03
4.88954930e-07 2.97060033e+03 3.47436549e+03
4.89385984e-07 2.99702715e+03 3.44844033e+03
4.89817039e-07 2.93668672e+03 3.45743166e+03
4.90248094e-07 2.98865211e+03 3.46078209e+03
4.90679149e-07 3.17365989e+03 3.46736192e+03
4.91110203e-07 3.20684201e+03 3.51992871e+03
4.91541258e-07 3.07636364e+03 3.37329296e+03
4.91972313e-07 2.91778284e+03 3.32304373e+03
4.92403368e-07 3.34240501e+03 3.54355171e+03
4.92834422e-07 3.25245796e+03 3.54524496e+03
4.93265477e-07 3.10828200e+03 3.45471703e+03
4.93696532e-07 3.23392929e+03 3.51360490e+03
4.94127587e-07 3.13156460e+03 3.48978273e+03
4.94558641e-07 3.25239125e+03 3.56026382e+03
4.94989696e-07 3.47816757e+03 3.67040264e+03
4.95420751e-07 3.44887188e+03 3.65809332e+03
4.95851805e-07 3.05515159e+03 3.51798105e+03
4.96282860e-07 3.18550593e+03 3.60372522e+03
4.96713915e-07 3.38469944e+03 3.72876351e+03
4.97144970e-07 3.45457908e+03 3.76513256e+03
4.97576024e-07 3.66247282e+03 3.84390393e+03
4.98007079e-07 3.83095710e+03 3.90633199e+03
4.98438134e-07 3.79166731e+03 3.85263487e+03
4.98869189e-07 3.60211470e+03 3.83773380e+03
4.99300243e-07 3.57152033e+03 3.84846316e+03
4.99731298e-07 3.50093003e+03 3.86079100e+03
5.00162353e-07 3.64762014e+03 3.90936968e+03
5.00593408e-07 3.63975863e+03 3.91049849e+03
5.01024462e-07 3.74358903e+03 3.98770128e+03
5.01455517e-07 3.78798070e+03 3.98495227e+03
5.01886572e-07 3.61435151e+03 3.89122798e+03
5.02317627e-07 3.47905554e+03 3.79232195e+03
5.02748681e-07 3.43026549e+03 3.78053050e+03
5.03179736e-07 3.71161521e+03 3.83296625e+03
5.03610791e-07 3.86080101e+03 3.90334616e+03
5.04041846e-07 3.97628992e+03 3.98643065e+03
5.04472900e-07 3.65057395e+03 3.92327673e+03
5.04903955e-07 3.71919507e+03 3.84986097e+03
5.05335010e-07 3.87291343e+03 3.96879526e+03
5.05766065e-07 4.08884573e+03 4.04097365e+03
5.06197119e-07 3.86897786e+03 3.98123625e+03
5.06628174e-07 3.70322491e+03 3.92547929e+03
5.07059229e-07 3.78482407e+03 3.88304620e+03
5.07490283e-07 3.82103381e+03 3.91171108e+03
5.07921338e-07 3.67708126e+03 3.84674259e+03
5.08352393e-07 3.72435658e+03 3.85352665e+03
5.08783448e-07 4.07586627e+03 4.03554596e+03
5.09214502e-07 3.99923812e+03 4.07158973e+03
5.09645557e-07 4.01058303e+03 4.03053348e+03
5.10076612e-07 3.88560124e+03 3.98720712e+03
5.10507667e-07 3.90966645e+03 3.96080119e+03
5.10938721e-07 3.79271024e+03 4.00551037e+03
5.11369776e-07 4.18319738e+03 4.07097735e+03
5.11800831e-07 4.19823691e+03 4.15880707e+03
5.12231886e-07 4.52089600e+03 4.29698398e+03
5.12662940e-07 4.55951354e+03 4.34145020e+03
5.13093995e-07 4.66930345e+03 4.47303700e+03
5.13525050e-07 4.40342720e+03 4.51295492e+03
5.13956105e-07 4.23696057e+03 4.49547663e+03
5.14387159e-07 4.19547314e+03 4.46373485e+03
5.14818214e-07 4.30835725e+03 4.44380465e+03
5.15249269e-07 4.23944126e+03 4.42937159e+03
5.15680324e-07 4.10467271e+03 4.37244138e+03
5.16111378e-07 3.97151712e+03 4.35831483e+03
5.16542433e-07 4.35636157e+03 4.41309012e+03
5.16973488e-07 4.34105418e+03 4.30483668e+03
5.17404543e-07 4.36894823e+03 4.31935574e+03
5.17835597e-07 4.41192552e+03 4.32699682e+03
5.18266652e-07 4.21945111e+03 4.26431729e+03
5.18697707e-07 4.48849704e+03 4.41252068e+03
5.19128761e-07 4.80960426e+03 4.73056028e+03
5.19559816e-07 4.83933871e+03 5.07439982e+03
5.19990871e-07 4.33845698e+03 4.90544280e+03
5.20421926e-07 4.17789433e+03 4.49918941e+03
5.20852980e-07 4.39526765e+03 4.47943989e+03
5.21284035e-07 4.26312728e+03 4.37856023e+03
5.21715090e-07 4.40881628e+03 4.51403692e+03
5.22146145e-07 4.75874832e+03 4.71954239e+03
5.22577199e-07 4.70837380e+03 4.71421979e+03
5.23008254e-07 4.29205546e+03 4.46463093e+03
5.23439309e-07 4.33348832e+03 4.48965915e+03
5.23870364e-07 4.25425433e+03 4.43816670e+03
5.24301418e-07 4.36286291e+03 4.46705196e+03
5.24732473e-07 4.66116862e+03 4.55558333e+03
5.25163528e-07 4.74649810e+03 4.63341005e+03
5.25594583e-07 4.83652453e+03 4.67505011e+03
5.26025637e-07 4.52429343e+03 4.43411332e+03
5.26456692e-07 4.64401587e+03 4.42725041e+03
5.26887747e-07 4.63504841e+03 4.45478727e+03
5.27318802e-07 4.89555388e+03 4.71048856e+03
5.27749856e-07 4.44327684e+03 4.55840769e+03
5.28180911e-07 4.57322713e+03 4.59660673e+03
5.28611966e-07 4.62636994e+03 4.54447538e+03
5.29043021e-07 4.72229945e+03 4.69099757e+03
5.29474075e-07 4.70838299e+03 4.69481672e+03
5.29905130e-07 4.43210352e+03 4.61687575e+03
5.30336185e-07 4.78073654e+03 4.79613978e+03
5.30767239e-07 4.66932416e+03 4.75291068e+03
5.31198294e-07 4.97418026e+03 4.96842052e+03
5.31629349e-07 4.98131395e+03 4.97100744e+03
5.32060404e-07 4.67463795e+03 4.88227115e+03
5.32491458e-07 4.66467199e+03 4.89830707e+03
5.32922513e-07 4.85828399e+03 4.97508128e+03
5.33353568e-07 4.96011246e+03 5.01171823e+03
5.33784623e-07 5.12975881e+03 5.02889388e+03
5.34215677e-07 4.85247237e+03 4.90146828e+03
5.34646732e-07 4.50942309e+03 4.77435712e+03
5.35077787e-07 5.28227574e+03 5.08788822e+03
5.35508842e-07 4.99471381e+03 4.89355414e+03
5.35939896e-07 4.94377183e+03 4.86997327e+03
5.36370951e-07 4.86927810e+03 4.84187572e+03
5.36802006e-07 4.51971240e+03 4.81167564e+03
5.37233061e-07 4.66102653e+03 4.85423773e+03
5.37664115e-07 5.09310292e+03 4.95447885e+03
5.38095170e-07 5.16308108e+03 4.92400412e+03
5.38526225e-07 4.75525049e+03 4.83320055e+03
5.38957280e-07 4.88524471e+03 4.85346102e+03
5.39388334e-07 4.76222603e+03 4.72680149e+03
5.39819389e-07 4.93929887e+03 4.78492663e+03
5.40250444e-07 5.04415918e+03 4.74101481e+03
5.40681499e-07 4.66400103e+03 4.75156072e+03
5.41112553e-07 4.64280019e+03 4.74575148e+03
5.41543608e-07 4.82923878e+03 4.77765618e+03
5.41974663e-07 5.11542726e+03 4.87242589e+03
5.42405717e-07 4.88918089e+03 4.77195481e+03
5.42836772e-07 4.73089302e+03 4.73603802e+03
5.43267827e-07 4.63230385e+03 4.76529126e+03
5.43698882e-07 4.73702626e+03 4.81532203e+03
5.44129936e-07 5.00118422e+03 4.90761040e+03
5.44560991e-07 4.73192368e+03 4.78578861e+03
5.44992046e-07 5.55425553e+03 5.16855488e+03
5.45423101e-07 6.38999028e+03 5.57131511e+03
5.45854155e-07 5.84917694e+03 5.39490018e+03
5.46285210e-07 5.17038205e+03 5.05406683e+03
5.46716265e-07 4.58336385e+03 4.87829399e+03
5.47147320e-07 4.63186261e+03 4.82116072e+03
5.47578374e-07 4.64215494e+03 4.87300411e+03
5.48009429e-07 4.90351653e+03 4.95794148e+03
5.48440484e-07 4.80510664e+03 5.03260585e+03
5.48871539e-07 5.08146901e+03 5.05485685e+03
5.49302593e-07 5.29930963e+03 5.11180150e+03
5.49733648e-07 5.27046769e+03 5.20334171e+03
5.50164703e-07 5.16337013e+03 5.27933111e+03
5.50595758e-07 5.05264168e+03 5.24472725e+03
5.51026812e-07 5.18705028e+03 5.22902433e+03
5.51457867e-07 5.16215105e+03 5.28284180e+03
5.51888922e-07 5.02200459e+03 5.25652178e+03
5.52319977e-07 5.20624053e+03 5.21970502e+03
5.52751031e-07 5.15767893e+03 5.16957250e+03
5.53182086e-07 5.37139558e+03 5.30635965e+03
5.53613141e-07 5.39604833e+03 5.41904985e+03
5.54044196e-07 5.44637620e+03 5.51778340e+03
5.54475250e-07 5.33123660e+03 5.53318484e+03
5.54906305e-07 5.31658960e+03 5.53629717e+03
5.55337360e-07 5.53884635e+03 5.57411415e+03
5.55768414e-07 5.69708326e+03 8.18863240e+03
5.56199469e-07 5.40610395e+03 8.04442440e+03
5.56630524e-07 6.34565966e+03 1.79449214e+04
5.57061579e-07 2.74515820e+04 8.19993051e+04
5.57492633e-07 2.19326239e+04 2.17951048e+05
5.57923688e-07 7.74082565e+03 1.21907150e+05
5.58354743e-07 1.17667284e+04 4.37912310e+04
5.58785798e-07 8.49814354e+03 1.11737124e+04
5.59216852e-07 5.88838694e+03 5.92823577e+03
5.59647907e-07 5.27209689e+03 5.66303285e+03
5.60078962e-07 5.61603022e+03 5.74572028e+03
5.60510017e-07 5.56058717e+03 5.77808023e+03
5.60941071e-07 5.33225121e+03 5.60269552e+03
5.61372126e-07 5.71363863e+03 5.68458486e+03
5.61803181e-07 5.79778343e+03 5.75182702e+03
5.62234236e-07 5.92102572e+03 5.77354369e+03
5.62665290e-07 5.27463445e+03 5.42221002e+03
5.63096345e-07 5.08958018e+03 5.34019410e+03
5.63527400e-07 5.51855292e+03 5.57838223e+03
5.63958455e-07 5.38032996e+03 5.54865103e+03
5.64389509e-07 5.27736241e+03 5.46647375e+03
5.64820564e-07 5.50174258e+03 5.50012774e+03
5.65251619e-07 5.49137397e+03 5.46370942e+03
5.65682674e-07 4.97371138e+03 5.24082076e+03
5.66113728e-07 5.61065378e+03 5.54270400e+03
5.66544783e-07 5.38156193e+03 5.45169282e+03
5.66975838e-07 5.24847704e+03 5.42106546e+03
5.67406892e-07 5.93993583e+03 5.76414421e+03
5.67837947e-07 5.29311996e+03 5.58297609e+03
5.68269002e-07 5.72310760e+03 5.75037582e+03
5.68700057e-07 5.54868661e+03 5.68983073e+03
5.69131111e-07 5.48408797e+03 5.69936616e+03
5.69562166e-07 5.34010960e+03 5.73389303e+03
5.69993221e-07 5.25160972e+03 5.69283150e+03
5.70424276e-07 5.65125860e+03 5.83957570e+03
5.70855330e-07 5.19257960e+03 5.66857958e+03
5.71286385e-07 5.42972208e+03 5.72039502e+03
5.71717440e-07 6.03540558e+03 5.91927994e+03
5.72148495e-07 5.88115870e+03 5.96145538e+03
5.72579549e-07 5.49959044e+03 5.77521113e+03
5.73010604e-07 5.52914122e+03 5.75992827e+03
5.73441659e-07 5.61166078e+03 5.72053530e+03
5.73872714e-07 5.44955073e+03 5.61806463e+03
5.74303768e-07 5.84828214e+03 5.78889461e+03
5.74734823e-07 5.68823445e+03 5.71576920e+03
5.75165878e-07 5.45384103e+03 5.61940709e+03
5.75596933e-07 5.77066449e+03 5.79090099e+03
5.76027987e-07 5.86941251e+03 5.90134581e+03
5.76459042e-07 5.26172511e+03 5.75142983e+03
5.76890097e-07 5.41744802e+03 5.76140421e+03
5.77321152e-07 5.50476901e+03 5.76131119e+03
5.77752206e-07 5.48630962e+03 5.74662348e+03
5.78183261e-07 5.82265051e+03 5.83054270e+03
5.78614316e-07 5.82954566e+03 5.85545696e+03
5.79045370e-07 5.40145329e+03 5.76741454e+03
5.79476425e-07 5.49536787e+03 5.71390211e+03
5.79907480e-07 5.01514803e+03 5.53370941e+03
5.80338535e-07 5.43784828e+03 5.73197807e+03
5.80769589e-07 5.27290150e+03 5.62516653e+03
5.81200644e-07 5.31681813e+03 5.70560445e+03
5.81631699e-07 5.60355358e+03 5.83065931e+03
5.82062754e-07 5.25765329e+03 5.68661631e+03
5.82493808e-07 5.78929016e+03 5.87271740e+03
5.82924863e-07 5.65498255e+03 5.86160243e+03
5.83355918e-07 5.77227374e+03 5.87392465e+03
5.83786973e-07 5.61180442e+03 5.78624486e+03
5.84218027e-07 5.83720117e+03 5.92773198e+03
5.84649082e-07 6.18181195e+03 6.11990814e+03
5.85080137e-07 6.12397074e+03 6.00826962e+03
5.85511192e-07 6.31831423e+03 6.13063114e+03
5.85942246e-07 6.39811512e+03 6.36063623e+03
5.86373301e-07 5.74798683e+03 6.55368465e+03
5.86804356e-07 6.00214974e+03 6.78348453e+03
5.87235411e-07 5.97434109e+03 6.44873087e+03
5.87666465e-07 5.83972054e+03 6.12111184e+03
5.88097520e-07 6.79002829e+03 7.38301707e+03
5.88528575e-07 7.19969322e+03 1.10497193e+04
5.88959630e-07 7.04009622e+03 1.41299073e+04
5.89390684e-07 6.84993646e+03 1.31889088e+04
5.89821739e-07 6.12562516e+03 9.55315957e+03
5.90252794e-07 5.67935117e+03 7.07505760e+03
5.90683848e-07 5.44842003e+03 6.36250534e+03
5.91114903e-07 5.33083315e+03 6.37619600e+03
5.91545958e-07 5.61111273e+03 6.55492823e+03
5.91977013e-07 5.51967059e+03 6.36928622e+03
5.92408067e-07 6.31830124e+03 6.68526367e+03
5.92839122e-07 6.66120593e+03 7.04216828e+03
5.93270177e-07 6.37343428e+03 7.00928160e+03
5.93701232e-07 6.17756996e+03 6.65312048e+03
5.94132286e-07 6.06638576e+03 6.44676047e+03
5.94563341e-07 6.26064745e+03 6.59386485e+03
5.94994396e-07 6.16156618e+03 6.80777856e+03
5.95425451e-07 6.34691102e+03 6.87669075e+03
5.95856505e-07 6.35231095e+03 6.61528347e+03
5.96287560e-07 6.19573963e+03 6.49610845e+03
5.96718615e-07 6.51065605e+03 6.65239056e+03
5.97149670e-07 6.58739748e+03 6.83719606e+03
5.97580724e-07 6.50196569e+03 6.87999022e+03
5.98011779e-07 6.35112757e+03 6.68485207e+03
5.98442834e-07 6.14735196e+03 6.47763700e+03
5.98873889e-07 6.21647628e+03 6.30563164e+03
5.99304943e-07 6.47721175e+03 6.42449718e+03
5.99735998e-07 6.24159870e+03 6.46021210e+03
6.00167053e-07 6.00319935e+03 6.37361109e+03
6.00598108e-07 6.38131373e+03 6.41216249e+03
6.01029162e-07 6.54525893e+03 6.38571962e+03
6.01460217e-07 6.56068882e+03 6.34993921e+03
6.01891272e-07 6.28197496e+03 6.27652744e+03
6.02322326e-07 6.53090074e+03 6.35023020e+03
6.02753381e-07 6.53239160e+03 6.37601060e+03
6.03184436e-07 6.26173254e+03 6.36304234e+03
6.03615491e-07 6.24527152e+03 6.31019242e+03
6.04046545e-07 6.48878552e+03 6.32293612e+03
6.04477600e-07 6.18145375e+03 6.20758554e+03
6.04908655e-07 6.02260715e+03 6.10146987e+03
6.05339710e-07 6.30367939e+03 6.21801025e+03
6.05770764e-07 6.69177190e+03 6.40786978e+03
6.06201819e-07 6.35319997e+03 6.32616974e+03
6.06632874e-07 6.20685440e+03 6.23299506e+03
6.07063929e-07 6.66228818e+03 6.37749880e+03
6.07494983e-07 6.53579625e+03 6.28186066e+03
6.07926038e-07 6.35814920e+03 6.17377759e+03
6.08357093e-07 6.56532280e+03 6.22535442e+03
6.08788148e-07 6.20149066e+03 6.07627043e+03
6.09219202e-07 6.07557866e+03 6.08873708e+03
6.09650257e-07 6.54342457e+03 6.28191587e+03
6.10081312e-07 6.38095528e+03 6.21068088e+03
6.10512367e-07 6.04129993e+03 6.14897488e+03
6.10943421e-07 6.47853364e+03 6.25785356e+03
6.11374476e-07 6.50912362e+03 6.17572084e+03
6.11805531e-07 6.34448568e+03 6.17482687e+03
6.12236586e-07 6.45024615e+03 6.25582255e+03
6.12667640e-07 6.66498224e+03 6.31662492e+03
6.13098695e-07 6.39966469e+03 6.26394906e+03
6.13529750e-07 6.72221081e+03 6.49841734e+03
6.13960804e-07 6.58496454e+03 6.58787110e+03
6.14391859e-07 6.30399857e+03 6.43502051e+03
6.14822914e-07 6.20394191e+03 6.34634062e+03
6.15253969e-07 6.41515116e+03 6.37760778e+03
6.15685023e-07 6.89401786e+03 6.58829939e+03
6.16116078e-07 6.50736381e+03 6.41066345e+03
6.16547133e-07 6.15728675e+03 6.27808131e+03
6.16978188e-07 6.63035177e+03 6.58409565e+03
6.17409242e-07 6.49362551e+03 6.47280882e+03
6.17840297e-07 6.60090016e+03 6.33989869e+03
6.18271352e-07 6.41436312e+03 6.21089737e+03
6.18702407e-07 6.35797384e+03 6.27688156e+03
6.19133461e-07 7.06583536e+03 6.56904214e+03
6.19564516e-07 6.99207599e+03 6.51253580e+03
6.19995571e-07 6.57786499e+03 6.48889516e+03
6.20426626e-07 6.68291422e+03 6.52365712e+03
6.20857680e-07 6.50996096e+03 6.33528963e+03
6.21288735e-07 6.63128027e+03 6.35456470e+03
6.21719790e-07 6.85007006e+03 6.65562034e+03
6.22150845e-07 7.07918590e+03 6.75010174e+03
6.22581899e-07 7.40464186e+03 6.92623055e+03
6.23012954e-07 7.45849885e+03 7.58995191e+03
6.23444009e-07 7.56969475e+03 8.44424762e+03
6.23875064e-07 7.34503345e+03 8.11521760e+03
6.24306118e-07 6.86561974e+03 7.25104114e+03
6.24737173e-07 7.12739980e+03 6.83916146e+03
6.25168228e-07 7.02196326e+03 7.08089231e+03
6.25599283e-07 7.18220949e+03 7.82100456e+03
6.26030337e-07 7.38437961e+03 7.90593330e+03
6.26461392e-07 7.09261452e+03 7.35165947e+03
6.26892447e-07 6.49309360e+03 6.74782340e+03
6.27323501e-07 6.46786557e+03 6.50297521e+03
6.27754556e-07 6.77434246e+03 6.57522082e+03
6.28185611e-07 7.04581669e+03 7.14244458e+03
6.28616666e-07 6.84873136e+03 7.55581835e+03
6.29047720e-07 8.87490070e+03 9.33983653e+03
6.29478775e-07 1.06309320e+04 1.83469621e+04
6.29909830e-07 7.59551939e+03 2.59954599e+04
6.30340885e-07 7.76559875e+03 1.94061670e+04
6.30771939e-07 7.18321473e+03 1.01697127e+04
6.31202994e-07 7.22101138e+03 7.21807302e+03
6.31634049e-07 6.90928764e+03 6.75370098e+03
6.32065104e-07 6.61092170e+03 6.94605970e+03
6.32496158e-07 7.12651768e+03 7.56486501e+03
6.32927213e-07 7.04794879e+03 7.73453816e+03
6.33358268e-07 7.32242034e+03 7.23969772e+03
6.33789323e-07 7.32522526e+03 6.85741116e+03
6.34220377e-07 6.89307825e+03 6.70278155e+03
6.34651432e-07 6.61534921e+03 6.80582478e+03
6.35082487e-07 6.83846880e+03 7.15172142e+03
6.35513542e-07 7.91413219e+03 8.60232206e+03
6.35944596e-07 7.13671841e+03 1.16348811e+04
6.36375651e-07 6.68652379e+03 1.28241139e+04
6.36806706e-07 7.51923158e+03 9.62178288e+03
6.37237761e-07 7.46761896e+03 7.30495059e+03
6.37668815e-07 7.36440031e+03 6.97919028e+03
6.38099870e-07 7.04609057e+03 6.98646206e+03
6.38530925e-07 6.72276886e+03 6.99685083e+03
6.38961979e-07 7.15281353e+03 7.02556066e+03
6.39393034e-07 7.03658755e+03 6.67541192e+03
6.39824089e-07 6.82405837e+03 6.50121217e+03
6.40255144e-07 7.06801296e+03 6.52087656e+03
6.40686198e-07 7.37520811e+03 6.68619507e+03
6.41117253e-07 6.72652416e+03 6.61551593e+03
6.41548308e-07 7.38750403e+03 6.94679732e+03
6.41979363e-07 7.50303148e+03 6.94717620e+03
6.42410417e-07 7.46569296e+03 6.84225536e+03
6.42841472e-07 7.38593159e+03 6.80586367e+03
6.43272527e-07 7.50161191e+03 6.68545098e+03
6.43703582e-07 7.37705094e+03 6.67153418e+03
6.44134636e-07 7.49404496e+03 6.77415236e+03
6.44565691e-07 7.66276004e+03 6.97030243e+03
6.44996746e-07 7.76436317e+03 7.05932590e+03
6.45427801e-07 7.64672120e+03 7.11718306e+03
6.45858855e-07 7.39733490e+03 7.39279371e+03
6.46289910e-07 7.36164301e+03 7.90616198e+03
6.46720965e-07 7.44685419e+03 8.04765598e+03
6.47152020e-07 7.92639617e+03 7.87064657e+03
6.47583074e-07 7.41011261e+03 7.15230051e+03
6.48014129e-07 7.05267433e+03 6.72572835e+03
6.48445184e-07 7.28388732e+03 6.66793786e+03
6.48876239e-07 7.80878700e+03 6.88482516e+03
6.49307293e-07 7.84900209e+03 7.72189767e+03
6.49738348e-07 7.01446639e+03 8.24282018e+03
6.50169403e-07 7.42317730e+03 8.13831777e+03
6.50600457e-07 7.73441400e+03 7.56130301e+03
6.51031512e-07 7.29408144e+03 6.85766221e+03
6.51462567e-07 7.32691519e+03 6.89165468e+03
6.51893622e-07 7.18439269e+03 6.96987349e+03
6.52324676e-07 7.57288715e+03 7.25084435e+03
6.52755731e-07 8.41758429e+03 7.94788832e+03
6.53186786e-07 7.90195046e+03 8.13241702e+03
6.53617841e-07 7.77673656e+03 7.74180447e+03
6.54048895e-07 7.65006021e+03 7.52311786e+03
6.54479950e-07 8.27644331e+03 7.82913965e+03
6.54911005e-07 7.80991088e+03 8.07035634e+03
6.55342060e-07 8.85978113e+03 8.72387827e+03
6.55773114e-07 7.65765433e+03 7.74320793e+03
6.56204169e-07 7.78275307e+03 7.54576849e+03
6.56635224e-07 7.89139628e+03 7.62436346e+03
6.57066279e-07 8.20957181e+03 7.89114097e+03
6.57497333e-07 8.33407164e+03 8.34557491e+03
6.57928388e-07 7.74376900e+03 7.80466597e+03
6.58359443e-07 7.96903559e+03 7.32770918e+03
6.58790498e-07 8.05972001e+03 7.08589145e+03
6.59221552e-07 7.72303124e+03 7.26829137e+03
6.59652607e-07 7.77473817e+03 7.43997698e+03
6.60083662e-07 7.66731236e+03 7.45468190e+03
6.60514717e-07 7.32380077e+03 7.25257158e+03
6.60945771e-07 7.24475550e+03 6.89434284e+03
6.61376826e-07 7.69889037e+03 6.83380630e+03
6.61807881e-07 7.51346722e+03 6.72839221e+03
6.62238935e-07 7.87747269e+03 6.97938882e+03
6.62669990e-07 7.41222542e+03 6.95984008e+03
6.63101045e-07 7.52685703e+03 7.15174212e+03
6.63532100e-07 8.35023724e+03 7.38629267e+03
6.63963154e-07 7.80502015e+03 6.96873500e+03
6.64394209e-07 7.86546044e+03 6.95474680e+03
6.64825264e-07 7.72385451e+03 6.93829426e+03
6.65256319e-07 8.42096829e+03 7.17473387e+03
6.65687373e-07 8.07391985e+03 7.12895640e+03
6.66118428e-07 7.69225721e+03 7.00694369e+03
6.66549483e-07 8.31562151e+03 7.31039095e+03
6.66980538e-07 7.66946429e+03 6.96142366e+03
6.67411592e-07 7.96506582e+03 7.01481979e+03
6.67842647e-07 8.08196027e+03 6.96494261e+03
6.68273702e-07 8.02669192e+03 6.98530246e+03
6.68704757e-07 7.57714514e+03 6.91465396e+03
6.69135811e-07 7.94019979e+03 6.97373473e+03
6.69566866e-07 8.54370350e+03 7.35922423e+03
6.69997921e-07 7.74957402e+03 7.08138003e+03
6.70428976e-07 7.66457908e+03 6.96353862e+03
6.70860030e-07 7.04551606e+03 6.69260678e+03
6.71291085e-07 7.83682411e+03 7.03609696e+03
6.71722140e-07 7.91935432e+03 7.05549554e+03
6.72153195e-07 7.50449919e+03 6.84034402e+03
6.72584249e-07 8.04484413e+03 6.99567290e+03
6.73015304e-07 8.23914879e+03 7.13803534e+03
6.73446359e-07 7.68260089e+03 6.89326290e+03
6.73877413e-07 7.44757043e+03 6.91791035e+03
6.74308468e-07 7.89898517e+03 7.18971454e+03
6.74739523e-07 8.00837549e+03 7.09426719e+03
6.75170578e-07 7.92560268e+03 7.01335925e+03
6.75601632e-07 7.75832427e+03 6.83659284e+03
6.76032687e-07 7.67057098e+03 6.84491554e+03
6.76463742e-07 6.98295427e+03 6.62677565e+03
6.76894797e-07 8.11607886e+03 6.96928035e+03
6.77325851e-07 7.86109066e+03 6.88606328e+03
6.77756906e-07 8.36353642e+03 7.14212346e+03
6.78187961e-07 7.96545378e+03 6.90206027e+03
6.78619016e-07 7.32937557e+03 6.73246033e+03
6.79050070e-07 7.89093975e+03 6.82064096e+03
6.79481125e-07 8.09152286e+03 6.85052606e+03
6.79912180e-07 8.10542282e+03 6.92425326e+03
6.80343235e-07 8.20132713e+03 6.95115751e+03
6.80774289e-07 7.92879100e+03 6.80244461e+03
6.81205344e-07 8.00121401e+03 6.79243381e+03
6.81636399e-07 7.90207785e+03 6.80607969e+03
6.82067454e-07 7.91876976e+03 7.39631226e+03
6.82498508e-07 8.62334929e+03 9.65952485e+03
6.82929563e-07 8.52401519e+03 1.10812884e+04
6.83360618e-07 8.61116617e+03 1.06411885e+04
6.83791673e-07 7.86533950e+03 8.58062893e+03
6.84222727e-07 8.06142564e+03 7.67043112e+03
6.84653782e-07 7.79170033e+03 7.11486983e+03
6.85084837e-07 8.20866283e+03 7.22299228e+03
6.85515891e-07 8.67668337e+03 7.95867747e+03
6.85946946e-07 8.47654671e+03 1.01904040e+04
6.86378001e-07 6.62708906e+03 1.03975081e+04
6.86809056e-07 6.34517316e+03 7.65603395e+03
6.87240110e-07 7.03424704e+03 6.56663051e+03
6.87671165e-07 6.63025153e+03 6.54725785e+03
6.88102220e-07 6.45198476e+03 6.97294890e+03
6.88533275e-07 6.73820688e+03 7.16152063e+03
6.88964329e-07 6.36709772e+03 6.92679466e+03
6.89395384e-07 6.64988909e+03 6.74326273e+03
6.89826439e-07 6.71208654e+03 6.96143602e+03
6.90257494e-07 6.73166583e+03 6.91557013e+03
6.90688548e-07 7.39772992e+03 7.32366002e+03
6.91119603e-07 6.83484926e+03 7.61520411e+03
6.91550658e-07 7.01170736e+03 7.63059146e+03
6.91981713e-07 7.27630910e+03 8.42530666e+03
6.92412767e-07 7.02613457e+03 8.35939760e+03
6.92843822e-07 7.52713314e+03 7.22941031e+03
6.93274877e-07 7.50115108e+03 6.93562751e+03
6.93705932e-07 6.72061244e+03 7.47133955e+03
6.94136986e-07 7.76747591e+03 8.07010434e+03
6.94568041e-07 7.19912566e+03 8.82604114e+03
6.94999096e-07 7.13286975e+03 8.70809988e+03
6.95430151e-07 7.86632169e+03 7.70883326e+03
6.95861205e-07 7.95575123e+03 7.24828713e+03
6.96292260e-07 8.31738107e+03 7.64241668e+03
6.96723315e-07 7.55134914e+03 7.71860304e+03
6.97154370e-07 7.76707277e+03 8.17951700e+03
6.97585424e-07 7.05111349e+03 8.49306802e+03
6.98016479e-07 7.11567275e+03 8.11364653e+03
6.98447534e-07 7.44295315e+03 7.24368735e+03
6.98878588e-07 6.97384463e+03 6.74866114e+03
6.99309643e-07 6.82461232e+03 6.64753251e+03
6.99740698e-07 6.94396170e+03 6.82943114e+03
7.00171753e-07 7.01310595e+03 7.07310884e+03
7.00602807e-07 6.36457090e+03 7.05074330e+03
7.01033862e-07 6.60592559e+03 7.18511930e+03
7.01464917e-07 7.22925829e+03 6.86962070e+03
7.01895972e-07 6.93164240e+03 6.42087411e+03
7.02327026e-07 6.18004553e+03 6.21943423e+03
7.02758081e-07 6.59638447e+03 6.33766195e+03
7.03189136e-07 7.07848773e+03 6.55104677e+03
7.03620191e-07 7.03569836e+03 6.61075100e+03
7.04051245e-07 7.60154205e+03 7.32350862e+03
7.04482300e-07 7.23487485e+03 7.89918226e+03
7.04913355e-07 6.87542495e+03 7.87725859e+03
7.05344410e-07 7.56557528e+03 7.42538063e+03
7.05775464e-07 6.91906929e+03 6.83602058e+03
7.06206519e-07 7.30211570e+03 7.07695110e+03
7.06637574e-07 7.99554802e+03 7.48715205e+03
7.07068629e-07 7.69062968e+03 7.41374407e+03
7.07499683e-07 7.81708388e+03 7.41518906e+03
7.07930738e-07 7.35355828e+03 7.32178779e+03
7.08361793e-07 7.11213268e+03 7.27231484e+03
7.08792848e-07 7.31920711e+03 7.47049569e+03
7.09223902e-07 7.71923882e+03 7.33300999e+03
7.09654957e-07 7.65042099e+03 7.05759605e+03
7.10086012e-07 7.71885759e+03 6.89213465e+03
7.10517066e-07 7.43938787e+03 6.87000445e+03
7.10948121e-07 7.58659306e+03 6.93279307e+03
7.11379176e-07 7.93059509e+03 6.97331462e+03
7.11810231e-07 7.35304586e+03 6.80290451e+03
7.12241285e-07 7.01796009e+03 6.71949048e+03
7.12672340e-07 7.37464734e+03 6.98733755e+03
7.13103395e-07 7.32830175e+03 6.98301295e+03
7.13534450e-07 6.97168986e+03 6.86061205e+03
7.13965504e-07 7.16369076e+03 7.22655817e+03
7.14396559e-07 7.14542880e+03 7.46968734e+03
7.14827614e-07 7.49374135e+03 7.32728661e+03
7.15258669e-07 7.24415897e+03 6.86928545e+03
7.15689723e-07 6.58711832e+03 6.67891617e+03
7.16120778e-07 6.44606461e+03 6.68617931e+03
7.16551833e-07 5.99972695e+03 6.29410369e+03
7.16982888e-07 5.90460640e+03 6.08686177e+03
7.17413942e-07 5.68887126e+03 6.02660879e+03
7.17844997e-07 5.19186330e+03 5.72158892e+03
7.18276052e-07 5.31803736e+03 5.53689420e+03
7.18707107e-07 5.76893797e+03 5.51231741e+03
7.19138161e-07 5.25432809e+03 5.31068357e+03
7.19569216e-07 5.14731137e+03 5.29369173e+03
7.20000271e-07 5.48496500e+03 5.40984167e+03
7.20431326e-07 5.75465917e+03 5.56860367e+03
7.20862380e-07 6.11863639e+03 5.77220801e+03
7.21293435e-07 5.69230734e+03 5.74598287e+03
7.21724490e-07 6.10631869e+03 6.11563121e+03
7.22155544e-07 5.85938426e+03 6.25646695e+03
7.22586599e-07 5.64803302e+03 6.10522942e+03
7.23017654e-07 6.40437897e+03 6.65213539e+03
7.23448709e-07 6.58020632e+03 9.56520742e+03
7.23879763e-07 6.21210279e+03 1.38871626e+04
7.24310818e-07 6.45806405e+03 1.48582461e+04
7.24741873e-07 6.57522836e+03 1.13381834e+04
7.25172928e-07 5.92108070e+03 8.04213600e+03
7.25603982e-07 5.60312813e+03 6.88661873e+03
7.26035037e-07 5.86950821e+03 6.52826934e+03
7.26466092e-07 6.12575112e+03 6.80656986e+03
7.26897147e-07 6.42225284e+03 9.04910995e+03
7.27328201e-07 6.01025519e+03 1.28955728e+04
7.27759256e-07 6.38658984e+03 1.35566358e+04
7.28190311e-07 6.52298971e+03 1.14526511e+04
7.28621366e-07 6.78321042e+03 9.54184363e+03
7.29052420e-07 6.32952189e+03 7.61835001e+03
7.29483475e-07 6.21230384e+03 7.69548744e+03
7.29914530e-07 6.11937736e+03 8.09784896e+03
7.30345585e-07 6.31170841e+03 8.32661928e+03
7.30776639e-07 6.49939278e+03 8.56139318e+03
7.31207694e-07 6.44775411e+03 1.16806276e+04
7.31638749e-07 7.09961801e+03 1.29136997e+04
7.32069804e-07 6.84994845e+03 9.45878227e+03
7.32500858e-07 8.11553327e+03 9.89633339e+03
7.32931913e-07 7.75085846e+03 1.02897654e+04
7.33362968e-07 7.93167667e+03 1.07732679e+04
7.33794022e-07 8.07761348e+03 1.48300308e+04
7.34225077e-07 7.90348334e+03 1.41901866e+04
7.34656132e-07 9.45149637e+03 1.01220776e+04
7.35087187e-07 9.54195080e+03 9.45970063e+03
7.35518241e-07 8.78088339e+03 1.03934205e+04
7.35949296e-07 1.59370412e+04 1.39051886e+04
7.36380351e-07 2.01977460e+04 1.68785008e+04
7.36811406e-07 1.49895386e+04 1.66670600e+04
7.37242460e-07 7.94717780e+03 1.11613441e+04
7.37673515e-07 8.43922560e+03 8.43924830e+03
7.38104570e-07 1.04159589e+04 8.85896195e+03
7.38535625e-07 1.29634284e+04 1.05913715e+04
7.38966679e-07 1.10619514e+04 1.11117514e+04
7.39397734e-07 8.96976280e+03 1.08267193e+04
7.39828789e-07 7.56553497e+03 1.14024280e+04
7.40259844e-07 8.33735401e+03 1.18400380e+04
7.40690898e-07 6.95962194e+03 8.50761568e+03
7.41121953e-07 8.30954625e+03 8.09315430e+03
7.41553008e-07 7.71967976e+03 7.66175289e+03
7.41984063e-07 7.82035162e+03 7.71420302e+03
7.42415117e-07 7.42327499e+03 8.11419136e+03
7.42846172e-07 8.56925762e+03 9.33449084e+03
7.43277227e-07 7.25660414e+03 9.28689114e+03
7.43708282e-07 7.90497121e+03 1.02132662e+04
7.44139336e-07 7.55782278e+03 8.96659614e+03
7.44570391e-07 7.73096360e+03 7.91288417e+03
7.45001446e-07 7.88523336e+03 7.77330254e+03
7.45432500e-07 7.51012093e+03 7.60241994e+03
7.45863555e-07 7.52571713e+03 8.12525776e+03
7.46294610e-07 8.32721153e+03 9.21250721e+03
7.46725665e-07 8.35312376e+03 1.00422834e+04
7.47156719e-07 8.16010400e+03 1.07694285e+04
7.47587774e-07 7.57159329e+03 1.09266459e+04
7.48018829e-07 8.39021628e+03 1.13350833e+04
7.48449884e-07 7.91281277e+03 1.00243095e+04
7.48880938e-07 8.45916070e+03 9.01204715e+03
7.49311993e-07 8.46023666e+03 8.69705534e+03
7.49743048e-07 7.50653825e+03 8.14137258e+03
7.50174103e-07 7.47279633e+03 8.01050507e+03
7.50605157e-07 8.32753156e+03 8.26053859e+03
7.51036212e-07 7.49092919e+03 7.98934566e+03
7.51467267e-07 7.90839845e+03 9.12793049e+03
7.51898322e-07 8.10865366e+03 1.15393526e+04
7.52329376e-07 8.31665098e+03 1.37519267e+04
7.52760431e-07 9.91192118e+03 1.24775275e+04
7.53191486e-07 1.07139527e+04 1.07350902e+04
7.53622541e-07 1.16395393e+04 1.02603140e+04
7.54053595e-07 9.34414301e+03 8.94102600e+03
7.54484650e-07 9.13163902e+03 8.59940480e+03
7.54915705e-07 9.47879150e+03 8.91374496e+03
7.55346760e-07 9.85150719e+03 9.66800866e+03
7.55777814e-07 8.87914595e+03 9.15143869e+03
7.56208869e-07 8.12162322e+03 8.77712202e+03
7.56639924e-07 7.83334282e+03 1.02439087e+04
7.57070978e-07 7.31667836e+03 1.17627048e+04
7.57502033e-07 8.10627791e+03 9.97892857e+03
7.57933088e-07 7.44265739e+03 8.32770456e+03
7.58364143e-07 6.98311517e+03 8.66031619e+03
7.58795197e-07 7.40507045e+03 8.47255759e+03
7.59226252e-07 6.20822980e+03 6.92361152e+03
7.59657307e-07 3.65984455e+03 5.77712224e+03
7.60088362e-07 2.69353669e+03 4.69449185e+03
7.60519416e-07 1.73990748e+03 3.84506560e+03
7.60950471e-07 3.11433935e+03 4.84626648e+03
7.61381526e-07 3.59849804e+03 6.02959545e+03
7.61812581e-07 4.67402380e+03 7.15123069e+03
7.62243635e-07 4.58871101e+03 6.93570950e+03
7.62674690e-07 4.93209282e+03 7.03553654e+03
7.63105745e-07 4.04802338e+03 6.41739995e+03
7.63536800e-07 4.49179360e+03 6.06709712e+03
7.63967854e-07 4.48809040e+03 5.90069290e+03
7.64398909e-07 5.00878675e+03 6.28343965e+03
7.64829964e-07 4.33555555e+03 6.27462657e+03
7.65261019e-07 5.44455454e+03 7.20062716e+03
7.65692073e-07 6.65620843e+03 7.82041323e+03
7.66123128e-07 6.05869409e+03 7.90036487e+03
7.66554183e-07 6.31816662e+03 7.39954175e+03
7.66985238e-07 6.19377257e+03 7.09982328e+03
7.67416292e-07 6.67372748e+03 7.12458036e+03
7.67847347e-07 6.31188646e+03 7.28140513e+03
7.68278402e-07 7.56889550e+03 8.22713867e+03
7.68709457e-07 7.25118794e+03 8.69130995e+03
7.69140511e-07 7.50312354e+03 8.51723564e+03
7.69571566e-07 8.88690137e+03 9.38984242e+03
7.70002621e-07 7.74610088e+03 8.85325918e+03
7.70433675e-07 7.42074724e+03 9.18388236e+03
7.70864730e-07 7.10199094e+03 1.57879622e+04
7.71295785e-07 8.87237197e+03 2.48329151e+04
7.71726840e-07 9.62066750e+03 2.12841433e+04
7.72157894e-07 9.75490483e+03 1.50262655e+04
7.72588949e-07 1.01591810e+04 1.25022292e+04
7.73020004e-07 7.27024193e+03 9.47451129e+03
7.73451059e-07 7.95724791e+03 9.27107824e+03
7.73882113e-07 7.75481215e+03 8.75619083e+03
7.74313168e-07 7.62887551e+03 1.11660652e+04
7.74744223e-07 8.79406353e+03 2.02979116e+04
7.75175278e-07 8.01636947e+03 1.97751853e+04
7.75606332e-07 9.13294040e+03 1.49523327e+04
7.76037387e-07 8.71376042e+03 1.28893753e+04
7.76468442e-07 8.14681652e+03 1.00975192e+04
7.76899497e-07 7.23178780e+03 9.99568214e+03
7.77330551e-07 8.23115635e+03 1.18190403e+04
7.77761606e-07 7.75522810e+03 1.15831902e+04
7.78192661e-07 7.42719808e+03 1.05987517e+04
7.78623716e-07 7.92320883e+03 1.11786312e+04
7.79054770e-07 7.39197183e+03 1.68276155e+04
7.79485825e-07 7.69944800e+03 1.66091130e+04
7.79916880e-07 8.95681540e+03 1.13346002e+04
7.80347935e-07 9.43687180e+03 1.17741337e+04
7.80778989e-07 8.18202313e+03 1.28824567e+04
7.81210044e-07 9.11488089e+03 1.20596818e+04
7.81641099e-07 6.55496517e+03 1.52150137e+04
7.82072153e-07 8.02721977e+03 2.02189471e+04
7.82503208e-07 9.10798752e+03 1.43792928e+04
7.82934263e-07 9.75344229e+03 1.01253569e+04
7.83365318e-07 8.32306497e+03 9.59389253e+03
7.83796372e-07 7.86736192e+03 1.13259927e+04
7.84227427e-07 7.08569669e+03 1.11806541e+04
7.84658482e-07 7.95906778e+03 1.40109730e+04
7.85089537e-07 8.04436712e+03 2.05758950e+04
7.85520591e-07 9.12720897e+03 2.03702657e+04
7.85951646e-07 8.86859504e+03 1.57586098e+04
7.86382701e-07 8.67434637e+03 1.36227431e+04
7.86813756e-07 8.46079068e+03 1.48313425e+04
7.87244810e-07 8.16174495e+03 1.34502477e+04
7.87675865e-07 8.45277215e+03 1.34257723e+04
7.88106920e-07 8.12460967e+03 1.34986596e+04
7.88537975e-07 8.19965294e+03 1.50902457e+04
7.88969029e-07 9.00542481e+03 1.57560421e+04
7.89400084e-07 7.89125417e+03 1.16875691e+04
7.89831139e-07 7.19493114e+03 8.64014161e+03
7.90262194e-07 7.46269981e+03 8.81935276e+03
7.90693248e-07 8.30090474e+03 1.35629879e+04
7.91124303e-07 8.07598018e+03 2.20551129e+04
7.91555358e-07 9.93826631e+03 2.27002396e+04
7.91986413e-07 1.06413495e+04 2.82450942e+04
7.92417467e-07 9.42684313e+03 2.24732973e+04
