1.49710000e-01
3.64081000e-07 3.36389944e+01 2.68981074e+02
3.64512055e-07 1.02757229e+02 3.69250874e+02
3.64943109e-07 7.08028024e+01 6.93199561e+02
3.65805219e-07 1.67659570e+00 2.82334074e+02
3.67098383e-07 8.43065274e+00 1.98893114e+02
3.67529438e-07 1.83373567e+02 2.67766492e+03
3.67960493e-07 1.64427918e+01 1.83255461e+02
3.68391547e-07 3.68676524e+01 2.24813154e+02
3.68822602e-07 5.35290007e+01 2.48605342e+02
3.69253657e-07 2.22542597e+01 1.87607836e+02
3.69684712e-07 1.69667318e+00 2.02863179e+02
3.70115766e-07 1.11769392e+02 4.80186690e+02
3.70977876e-07 4.77613957e+01 3.16035278e+02
3.71408931e-07 2.09832329e+01 2.27947200e+02
3.71839985e-07 2.83406480e+01 2.40377574e+02
3.72271040e-07 2.59561946e+01 2.70599474e+02
3.72702095e-07 9.64533951e+00 2.20659410e+02
3.73564204e-07 6.63237490e+01 2.73924505e+02
3.74857369e-07 8.42203455e+01 3.24308209e+02
3.75288423e-07 5.19638625e+01 2.58961498e+02
3.77443697e-07 8.06285172e+01 2.14169202e+02
3.77874752e-07 9.07111823e+01 2.70419527e+02
3.78305806e-07 4.96784511e+00 2.35814054e+02
3.79167916e-07 2.68237023e+01 2.29725864e+02
3.79598971e-07 1.11356114e+01 2.21489295e+02
3.80030025e-07 7.07920509e+01 2.85088670e+02
3.80461080e-07 4.60507592e+01 2.35814238e+02
3.80892135e-07 1.68614185e+01 2.24582060e+02
3.81323190e-07 3.43767892e+00 2.56531882e+02
3.82185299e-07 8.58254564e+01 3.03068110e+02
3.82616354e-07 2.94704439e+01 2.56115445e+02
3.83047409e-07 2.93069144e+01 2.81287742e+02
3.83478463e-07 3.59260215e+01 2.89561579e+02
3.83909518e-07 1.82535526e+01 2.64321979e+02
3.84340573e-07 9.92556931e+01 3.14448251e+02
3.84771628e-07 7.05166909e+01 2.98676102e+02
3.85202682e-07 2.10604203e+01 2.97346562e+02
3.85633737e-07 2.28624351e+01 2.80593312e+02
3.86064792e-07 9.84960152e+01 2.86496590e+02
3.86495847e-07 2.02411688e+01 2.41658365e+02
3.86926901e-07 4.18192054e+01 2.46527251e+02
3.87357956e-07 5.94398976e+01 2.39565643e+02
3.87789011e-07 6.30457975e+01 2.55008500e+02
3.88651120e-07 5.03919322e+01 2.46367429e+02
3.89082175e-07 6.80512916e+01 2.53341511e+02
3.89513230e-07 5.48823741e+01 2.58082775e+02
3.89944284e-07 3.03456474e+01 2.70740956e+02
3.90375339e-07 4.54558020e+01 3.15756123e+02
3.90806394e-07 6.32657459e+01 3.35878464e+02
3.91237449e-07 5.73332100e+01 3.36211430e+02
3.91668503e-07 1.24134602e+01 3.12445633e+02
3.92099558e-07 2.23156009e+01 2.98863055e+02
3.92530613e-07 2.76024455e+01 2.71560404e+02
3.92961668e-07 7.53380180e+01 2.87397113e+02
3.93392722e-07 7.04007719e+01 2.41212720e+02
3.93823777e-07 5.99881138e+01 3.00591541e+02
3.94254832e-07 2.75865480e+01 3.08288012e+02
3.94685887e-07 2.24673578e+01 3.06948702e+02
3.95116941e-07 9.24331730e+01 3.38223869e+02
3.95547996e-07 5.89430707e+01 3.31467140e+02
3.95979051e-07 5.84223654e+01 3.02822806e+02
3.96410106e-07 1.28559233e+02 2.72937606e+02
3.96841160e-07 2.32561770e+02 2.79014573e+02
3.97272215e-07 7.79974872e+01 2.76569705e+02
3.98134325e-07 1.12890359e+00 3.14152897e+02
3.98565379e-07 3.05634243e+01 3.45203953e+02
3.99427489e-07 2.35390010e+00 3.36691234e+02
4.00289598e-07 8.62257726e+01 3.73908219e+02
4.00720653e-07 9.20225517e+01 4.18054914e+02
4.01151708e-07 3.39960089e+01 4.04646359e+02
4.01582762e-07 1.30217240e+02 4.51897197e+02
4.02013817e-07 9.12451971e+01 4.09266047e+02
4.02444872e-07 8.43393935e+01 4.17184457e+02
4.02875927e-07 1.93087464e+02 4.40750351e+02
4.03306981e-07 1.27447673e+01 3.61568790e+02
4.03738036e-07 3.30539666e+01 4.01624596e+02
4.04169091e-07 8.12901406e+01 4.31680667e+02
4.04600146e-07 1.07437727e+02 4.42016056e+02
4.05031200e-07 1.64874549e+02 4.46476777e+02
4.05462255e-07 1.48723412e+02 4.47303060e+02
4.06324365e-07 1.27791192e+01 4.35820648e+02
4.06755419e-07 1.31223302e+02 4.74412653e+02
4.07186474e-07 6.00831372e-01 4.41478470e+02
4.07617529e-07 3.17651243e+01 4.61077474e+02
4.08048584e-07 1.26768292e+02 4.59252826e+02
4.08479638e-07 1.07161607e+02 4.49335217e+02
4.08910693e-07 1.24033988e+02 4.54263713e+02
4.09341748e-07 6.06838268e+01 4.33252747e+02
4.09772803e-07 5.44329714e+01 4.00456161e+02
4.10203857e-07 1.03727782e+02 4.07892206e+02
4.10634912e-07 1.30566352e+02 4.21364752e+02
4.11065967e-07 8.21736999e+01 4.10760434e+02
4.11497022e-07 1.41363097e+02 4.58334936e+02
4.11928076e-07 4.03091555e+01 4.22577859e+02
4.12359131e-07 9.12706360e+01 4.42143446e+02
4.13652295e-07 1.51126101e+02 4.91015793e+02
4.14083350e-07 1.90506609e+02 4.67295991e+02
4.14514405e-07 1.45580992e+02 4.50773695e+02
4.14945459e-07 1.66175758e+02 4.77486251e+02
4.15376514e-07 9.27453594e+01 4.71681229e+02
4.15807569e-07 6.01770878e+01 4.85408669e+02
4.16238624e-07 6.43742726e+01 4.97038474e+02
4.16669678e-07 1.03096466e+02 5.46225567e+02
4.17100733e-07 1.68436628e+02 5.44153567e+02
4.17531788e-07 1.18427247e+02 5.37552982e+02
4.17962843e-07 1.40381145e+02 5.28342800e+02
4.18393897e-07 2.15753528e+02 5.40528288e+02
4.18824952e-07 1.35885299e+02 5.04072791e+02
4.19256007e-07 1.72735681e+02 5.19104661e+02
4.19687062e-07 1.84381434e+02 5.10541072e+02
4.20118116e-07 2.36976688e+02 5.07963645e+02
4.20549171e-07 1.02094414e+02 4.84814382e+02
4.20980226e-07 4.02597385e+01 4.93098036e+02
4.21411281e-07 1.67361903e+02 5.26083588e+02
4.21842335e-07 2.78170648e+02 5.28511479e+02
4.22273390e-07 2.46432363e+02 5.14093301e+02
4.22704445e-07 1.79805005e+02 5.08048609e+02
4.23135500e-07 2.58368554e+02 5.47646562e+02
4.23566554e-07 2.13196712e+02 5.14266767e+02
4.23997609e-07 2.52072721e+02 5.33118550e+02
4.24428664e-07 2.57599080e+02 5.60397592e+02
4.24859718e-07 3.14149884e+02 5.63097279e+02
4.25290773e-07 1.95328093e+02 5.48091476e+02
4.25721828e-07 2.23756737e+02 5.58724979e+02
4.26152883e-07 1.05133114e+02 5.06759415e+02
4.26583937e-07 1.87108056e+02 5.49814455e+02
4.27014992e-07 2.83083916e+02 5.52734118e+02
4.27446047e-07 1.18100049e+02 5.36007544e+02
4.27877102e-07 2.94135784e+02 5.90656665e+02
4.28308156e-07 6.49156291e+02 6.94411488e+02
4.28739211e-07 4.83696881e+02 6.33521714e+02
4.29170266e-07 2.75100886e+02 5.73349057e+02
4.29601321e-07 2.68857590e+02 5.99981301e+02
4.30032375e-07 1.91719915e+02 5.39087455e+02
4.30463430e-07 1.81497114e+02 5.18237172e+02
4.30894485e-07 2.23502664e+02 5.70735928e+02
4.31325540e-07 9.83353777e+01 5.44494803e+02
4.31756594e-07 3.05479822e+02 6.50063411e+02
4.32187649e-07 2.41364718e+02 6.27213580e+02
4.32618704e-07 2.49505752e+02 5.98743456e+02
4.33049759e-07 2.36329039e+02 6.21923974e+02
4.33480813e-07 2.53835749e+02 6.09134252e+02
4.33911868e-07 3.10095106e+02 6.15564671e+02
4.34342923e-07 3.95038387e+02 6.63399576e+02
4.34773978e-07 3.33478363e+02 6.43155258e+02
4.35205032e-07 2.26820899e+02 6.19026883e+02
4.35636087e-07 1.80413354e+02 6.27328020e+02
4.36067142e-07 1.97651787e+02 6.67653390e+02
4.36498196e-07 2.49466970e+02 6.72629308e+02
4.36929251e-07 1.93059729e+02 6.30727062e+02
4.37360306e-07 3.39547287e+02 6.71817125e+02
4.37791361e-07 3.16975134e+02 6.67773744e+02
4.38222415e-07 3.23808731e+02 6.49388475e+02
4.38653470e-07 2.81045329e+02 6.25557111e+02
4.39084525e-07 3.52424490e+02 6.72328614e+02
4.39515580e-07 2.65674256e+02 6.48048436e+02
4.39946634e-07 1.41156840e+02 6.31204241e+02
4.40377689e-07 2.73200948e+02 7.01075125e+02
4.40808744e-07 1.94993872e+02 7.03642948e+02
4.41239799e-07 2.99692466e+02 7.62958351e+02
4.41670853e-07 2.64238666e+02 7.56375305e+02
4.42101908e-07 3.70000676e+02 7.79021290e+02
4.42532963e-07 4.42853280e+02 7.89978859e+02
4.42964018e-07 3.85557491e+02 7.80944750e+02
4.43395072e-07 3.20347045e+02 7.41634667e+02
4.43826127e-07 3.05256054e+02 7.45278931e+02
4.44257182e-07 4.07471652e+02 7.36157088e+02
4.44688237e-07 4.32346933e+02 7.68737315e+02
4.45119291e-07 4.18506298e+02 7.34865968e+02
4.45550346e-07 4.11602466e+02 7.49243745e+02
4.45981401e-07 2.51390910e+02 6.83934581e+02
4.46412456e-07 2.43389879e+02 6.88633292e+02
4.46843510e-07 3.30846246e+02 7.44542615e+02
4.47274565e-07 2.98990071e+02 7.43598198e+02
4.47705620e-07 4.23010200e+02 7.39976339e+02
4.48136674e-07 4.23587889e+02 7.76569962e+02
4.48567729e-07 4.64797668e+02 7.85230928e+02
4.48998784e-07 4.16088483e+02 7.72287362e+02
4.49429839e-07 4.48014455e+02 7.88083842e+02
4.49860893e-07 3.89038676e+02 7.88542566e+02
4.50291948e-07 4.44772974e+02 8.16414450e+02
4.50723003e-07 4.99609546e+02 8.37852492e+02
4.51154058e-07 3.89711291e+02 8.19970372e+02
4.51585112e-07 4.46080726e+02 8.05333815e+02
4.52016167e-07 4.19818725e+02 8.20488711e+02
4.52447222e-07 3.48591746e+02 8.41022369e+02
4.52878277e-07 4.37481947e+02 8.58309324e+02
4.53309331e-07 6.08697816e+02 9.04881416e+02
4.53740386e-07 4.74598642e+02 8.96896904e+02
4.54171441e-07 4.78942029e+02 9.01431911e+02
4.54602496e-07 5.11133546e+02 8.97527558e+02
4.55033550e-07 4.95902359e+02 8.96077868e+02
4.55464605e-07 3.67906203e+02 8.69686474e+02
4.55895660e-07 2.69003014e+02 8.36290814e+02
4.56326715e-07 3.11129422e+02 8.48073838e+02
4.56757769e-07 3.18820205e+02 8.66196984e+02
4.57188824e-07 3.71337050e+02 8.80878706e+02
4.57619879e-07 5.21282842e+02 9.14515063e+02
4.58050934e-07 5.21250434e+02 9.29451140e+02
4.58481988e-07 5.96830035e+02 9.69117093e+02
4.58913043e-07 5.22411768e+02 9.39723362e+02
4.59344098e-07 5.28480959e+02 9.33317126e+02
4.59775152e-07 5.14231398e+02 9.37555273e+02
4.60206207e-07 5.65375971e+02 9.37265099e+02
4.60637262e-07 6.47445842e+02 9.52199954e+02
4.61068317e-07 7.02885182e+02 9.76911828e+02
4.61499371e-07 6.72248744e+02 1.00130915e+03
4.61930426e-07 5.46177975e+02 9.58253122e+02
4.62361481e-07 5.95253348e+02 9.77700088e+02
4.62792536e-07 5.38430770e+02 9.59539624e+02
4.63223590e-07 6.36813725e+02 9.78787883e+02
4.63654645e-07 7.07807382e+02 9.83655871e+02
4.65378864e-07 6.36174282e+02 1.07077788e+03
4.65809919e-07 6.79545235e+02 1.05547852e+03
4.66240974e-07 6.16458575e+02 1.01481484e+03
4.66672028e-07 7.60968817e+02 1.05248264e+03
4.67103083e-07 7.25864545e+02 1.03408084e+03
4.67534138e-07 6.40105684e+02 1.08179131e+03
4.67965193e-07 7.68426505e+02 1.08833328e+03
4.68396247e-07 6.59650088e+02 1.04177484e+03
4.68827302e-07 5.88629737e+02 1.04167917e+03
4.69258357e-07 6.63922989e+02 1.08351974e+03
4.69689412e-07 6.92797462e+02 1.09322619e+03
4.70120466e-07 7.73339601e+02 1.05656493e+03
4.70551521e-07 6.68753432e+02 1.03044266e+03
4.70982576e-07 6.34165554e+02 1.05349665e+03
4.71413630e-07 5.68035010e+02 1.08046801e+03
4.71844685e-07 5.85957585e+02 1.04548424e+03
4.72275740e-07 6.02932991e+02 1.04267618e+03
4.72706795e-07 6.48281772e+02 1.07910943e+03
4.73137849e-07 6.67237616e+02 1.07379197e+03
4.73568904e-07 7.72429649e+02 1.11143674e+03
4.73999959e-07 7.24520665e+02 1.07124099e+03
4.74431014e-07 8.52167410e+02 1.13377589e+03
4.74862068e-07 7.92407695e+02 1.12987089e+03
4.75293123e-07 7.51063533e+02 1.10943730e+03
4.75724178e-07 9.05386061e+02 1.23594289e+03
4.76155233e-07 6.06798806e+02 1.14695713e+03
4.76586287e-07 6.90782031e+02 1.19065905e+03
4.77017342e-07 9.19972605e+02 1.14979097e+03
4.77448397e-07 6.54412733e+02 1.10929958e+03
4.77879452e-07 8.71290256e+02 1.16112455e+03
4.78310506e-07 9.14423309e+02 1.18409439e+03
4.78741561e-07 8.23012021e+02 1.16349685e+03
4.79172616e-07 8.95665753e+02 1.19016292e+03
4.79603671e-07 8.88938531e+02 1.17931217e+03
4.80034725e-07 8.62968676e+02 1.17524214e+03
4.80465780e-07 9.24837543e+02 1.21512815e+03
4.80896835e-07 1.00315884e+03 1.21063184e+03
4.81327890e-07 1.08541061e+03 1.20826747e+03
4.81758944e-07 1.08332742e+03 1.25854868e+03
4.82189999e-07 7.54072579e+02 1.24186371e+03
4.82621054e-07 7.95947115e+02 1.26371766e+03
4.83052109e-07 7.29617084e+02 1.24257495e+03
4.83483163e-07 9.61078760e+02 1.28767559e+03
4.83914218e-07 8.77907865e+02 1.28136355e+03
4.84345273e-07 9.16169624e+02 1.26675110e+03
4.84776327e-07 8.88690373e+02 1.25053067e+03
4.85207382e-07 8.82783483e+02 1.20763567e+03
4.85638437e-07 8.14415595e+02 1.15360440e+03
4.86069492e-07 7.12551368e+02 1.16883319e+03
4.86500546e-07 8.48355873e+02 1.15582174e+03
4.86931601e-07 9.55063329e+02 1.18962016e+03
4.87362656e-07 9.88548610e+02 1.22028634e+03
4.87793711e-07 8.49501915e+02 1.20290089e+03
4.88224765e-07 7.15866551e+02 1.21208639e+03
4.88655820e-07 8.16005816e+02 1.19179836e+03
4.89086875e-07 9.42447047e+02 1.27178328e+03
4.89517930e-07 9.50906327e+02 1.26897589e+03
4.89948984e-07 9.43943225e+02 1.30088001e+03
4.90380039e-07 8.45075497e+02 1.27952860e+03
4.90811094e-07 9.07389642e+02 1.29071621e+03
4.91242149e-07 8.28343751e+02 1.23229157e+03
4.91673203e-07 8.36260082e+02 1.22158564e+03
4.92104258e-07 8.73704561e+02 1.23530192e+03
4.92535313e-07 8.76030048e+02 1.26133592e+03
4.92966368e-07 9.83982392e+02 1.32041548e+03
4.93397422e-07 1.02158323e+03 1.32950087e+03
4.93828477e-07 9.56016149e+02 1.31218068e+03
4.94259532e-07 7.06260224e+02 1.26086721e+03
4.94690587e-07 7.70489863e+02 1.27005669e+03
4.95121641e-07 6.93824387e+02 1.26807678e+03
4.95552696e-07 8.95327742e+02 1.32312500e+03
4.95983751e-07 9.70911011e+02 1.34764012e+03
4.96414805e-07 9.89532303e+02 1.36881924e+03
4.96845860e-07 9.54305097e+02 1.35251779e+03
4.97276915e-07 1.02066322e+03 1.41286253e+03
4.97707970e-07 8.42753186e+02 1.36664237e+03
4.98139024e-07 7.85629872e+02 1.28611827e+03
4.98570079e-07 1.05249777e+03 1.36894793e+03
4.99001134e-07 9.34278711e+02 1.36920954e+03
4.99432189e-07 7.96297826e+02 1.32079632e+03
4.99863243e-07 9.41386223e+02 1.38607644e+03
5.00294298e-07 9.26468533e+02 1.38123626e+03
5.00725353e-07 8.54980119e+02 1.33655851e+03
5.01156408e-07 1.03278780e+03 1.43418420e+03
5.01587462e-07 1.00159476e+03 1.36441127e+03
5.02018517e-07 1.27116099e+03 1.42394379e+03
5.02449572e-07 1.23032530e+03 1.45743503e+03
5.02880627e-07 9.71155507e+02 1.42010004e+03
5.03311681e-07 1.05245885e+03 1.43135272e+03
5.03742736e-07 9.62225264e+02 1.39353700e+03
5.04173791e-07 9.21948917e+02 1.35269563e+03
5.04604846e-07 1.10547087e+03 1.43506337e+03
5.05035900e-07 9.74502134e+02 1.39698905e+03
5.05466955e-07 1.23361319e+03 1.46873453e+03
5.05898010e-07 1.03240925e+03 1.46003576e+03
5.06329065e-07 1.21736305e+03 1.47605570e+03
5.06760119e-07 1.10968489e+03 1.43833450e+03
5.07191174e-07 1.25500178e+03 1.49437984e+03
5.07622229e-07 9.86598166e+02 1.42111445e+03
5.08053283e-07 1.25931333e+03 1.51622534e+03
5.08484338e-07 1.27917837e+03 1.50019452e+03
5.08915393e-07 1.12672678e+03 1.48432948e+03
5.09346448e-07 1.23354329e+03 1.50534562e+03
5.09777502e-07 1.35258432e+03 1.53617416e+03
5.10208557e-07 1.24667863e+03 1.52937620e+03
5.10639612e-07 1.24801882e+03 1.52685953e+03
5.11070667e-07 1.27777037e+03 1.51284467e+03
5.11501721e-07 1.35757043e+03 1.59238911e+03
5.11932776e-07 1.06904309e+03 1.52560997e+03
5.12363831e-07 1.28262895e+03 1.56329261e+03
5.12794886e-07 1.17598818e+03 1.53390227e+03
5.13225940e-07 1.43396362e+03 1.62348288e+03
5.13656995e-07 1.48911431e+03 1.67286538e+03
5.14088050e-07 1.31534809e+03 1.65604822e+03
5.14519105e-07 1.29642804e+03 1.62165489e+03
5.14950159e-07 1.25657477e+03 1.59724190e+03
5.15381214e-07 1.38166337e+03 1.65209181e+03
5.15812269e-07 1.33684030e+03 1.63986359e+03
5.16243324e-07 1.52220410e+03 1.67075533e+03
5.16674378e-07 1.23661909e+03 1.55697502e+03
5.17105433e-07 1.48628575e+03 1.54833276e+03
5.17536488e-07 1.61336826e+03 1.62393077e+03
5.17967543e-07 1.28616775e+03 1.57902002e+03
5.18398597e-07 1.36402780e+03 1.57490567e+03
5.18829652e-07 1.54382746e+03 1.69054646e+03
5.19260707e-07 1.36194033e+03 1.66436494e+03
5.19691761e-07 1.46791811e+03 1.84652288e+03
5.20122816e-07 1.18416018e+03 1.82268040e+03
5.20553871e-07 1.29759083e+03 1.71025776e+03
5.20984926e-07 1.32870845e+03 1.65746248e+03
5.21415980e-07 1.41821305e+03 1.67426940e+03
5.21847035e-07 1.43951597e+03 1.69181974e+03
5.22278090e-07 1.52964995e+03 1.76094962e+03
5.22709145e-07 1.45966160e+03 1.71190360e+03
5.23140199e-07 1.40117633e+03 1.69670187e+03
5.23571254e-07 1.39544804e+03 1.71799299e+03
5.24002309e-07 1.48616715e+03 1.75109801e+03
5.24433364e-07 1.46834619e+03 1.76184032e+03
5.24864418e-07 1.56190378e+03 1.74417017e+03
5.25295473e-07 1.59966566e+03 1.78601814e+03
5.25726528e-07 1.54097418e+03 1.80620781e+03
5.26157583e-07 1.55188932e+03 1.76473244e+03
5.26588637e-07 1.41058661e+03 1.67974843e+03
5.27019692e-07 1.46327465e+03 1.68158287e+03
5.27450747e-07 1.41657091e+03 1.71615701e+03
5.27881802e-07 1.48445295e+03 1.77397913e+03
5.28312856e-07 1.32736459e+03 1.68632840e+03
5.28743911e-07 1.60430575e+03 1.84782900e+03
5.29174966e-07 1.43697488e+03 1.79483216e+03
5.29606021e-07 1.64777270e+03 1.85001535e+03
5.30037075e-07 1.35631375e+03 1.74432401e+03
5.30468130e-07 1.35246306e+03 1.80431739e+03
5.30899185e-07 1.50275670e+03 1.80987927e+03
5.31330239e-07 1.50751323e+03 1.81165867e+03
5.31761294e-07 1.42109911e+03 1.82088550e+03
5.32192349e-07 1.43580547e+03 1.83069909e+03
5.32623404e-07 1.45383506e+03 1.77291431e+03
5.33054458e-07 1.59697978e+03 1.90862844e+03
5.33485513e-07 1.64561738e+03 1.94872113e+03
5.33916568e-07 1.61437315e+03 1.86857549e+03
5.34347623e-07 1.39081075e+03 1.80628658e+03
5.34778677e-07 1.69995195e+03 1.87972359e+03
5.35209732e-07 1.37987856e+03 1.82295530e+03
5.35640787e-07 1.40906821e+03 1.81702803e+03
5.36071842e-07 1.51402337e+03 1.83035425e+03
5.36502896e-07 1.53473497e+03 1.83974942e+03
5.36933951e-07 1.38039153e+03 1.78811741e+03
5.37365006e-07 1.58277807e+03 1.85593265e+03
5.37796061e-07 1.63212806e+03 1.87988254e+03
5.38227115e-07 1.40689240e+03 1.79310179e+03
5.38658170e-07 1.40761788e+03 1.78460880e+03
5.39089225e-07 1.49850051e+03 1.82850686e+03
5.39520280e-07 1.64833533e+03 1.84305706e+03
5.39951334e-07 1.81202220e+03 1.87287840e+03
5.40382389e-07 1.59068346e+03 1.82160060e+03
5.40813444e-07 1.57020654e+03 1.80471963e+03
5.41244499e-07 1.60791718e+03 1.86025750e+03
5.41675553e-07 1.48515510e+03 1.81971595e+03
5.42106608e-07 1.54100964e+03 1.83312945e+03
5.42537663e-07 1.74932595e+03 1.94903204e+03
5.42968717e-07 1.62837844e+03 1.88374354e+03
5.43399772e-07 1.66014259e+03 1.92329525e+03
5.43830827e-07 1.44977838e+03 1.86961055e+03
5.44261882e-07 1.77857379e+03 1.98946778e+03
5.44692936e-07 1.58757052e+03 1.87786468e+03
5.45123991e-07 1.68124612e+03 1.97927672e+03
5.45555046e-07 1.73374529e+03 1.98880499e+03
5.45986101e-07 1.83693108e+03 2.03615334e+03
5.46417155e-07 1.74007557e+03 2.02583306e+03
5.46848210e-07 1.54475081e+03 1.99229755e+03
5.47279265e-07 1.49972463e+03 1.92118835e+03
5.47710320e-07 2.02369298e+03 2.02702779e+03
5.48141374e-07 1.60928673e+03 1.94094310e+03
5.48572429e-07 1.66246219e+03 1.95678132e+03
5.49003484e-07 1.72699808e+03 2.01225525e+03
5.49434539e-07 2.06919520e+03 2.15361589e+03
5.49865593e-07 1.57474981e+03 2.04692703e+03
5.50296648e-07 1.57272884e+03 2.01617541e+03
5.50727703e-07 1.70284041e+03 2.05627013e+03
5.51158758e-07 1.66116548e+03 2.03139430e+03
5.51589812e-07 1.61872464e+03 2.02766387e+03
5.52020867e-07 1.76533837e+03 2.13096758e+03
5.52451922e-07 1.86052653e+03 2.10635066e+03
5.52882977e-07 1.77924260e+03 2.06949688e+03
5.53314031e-07 1.86716516e+03 2.10490556e+03
5.53745086e-07 1.82123118e+03 2.14130560e+03
5.54176141e-07 1.71806992e+03 2.18782315e+03
5.54607196e-07 1.68495482e+03 2.16721432e+03
5.55038250e-07 1.86479920e+03 2.18366738e+03
5.55469305e-07 1.76868154e+03 2.12779518e+03
5.55900360e-07 1.91235707e+03 2.22216047e+03
5.56331414e-07 1.85793650e+03 2.24300742e+03
5.56762469e-07 1.51682462e+03 2.39621109e+03
5.58055633e-07 1.21940434e+03 1.94582154e+04
5.58486688e-07 2.40677567e+03 6.62089095e+03
5.58917743e-07 2.58346794e+03 2.43655795e+03
5.59348798e-07 1.42739043e+03 2.09745821e+03
5.59779852e-07 1.57373534e+03 2.13729252e+03
5.60210907e-07 1.57220924e+03 2.19385558e+03
5.60641962e-07 1.85430018e+03 2.26607031e+03
5.61073017e-07 1.72441596e+03 2.19630188e+03
5.61504071e-07 1.78769655e+03 2.15655782e+03
5.61935126e-07 1.86131081e+03 2.23150474e+03
5.62366181e-07 1.76321154e+03 2.22489378e+03
5.62797236e-07 1.48602983e+03 2.14134666e+03
5.63228290e-07 1.64338139e+03 2.13484660e+03
5.63659345e-07 1.92787968e+03 2.25974756e+03
5.64090400e-07 1.87345307e+03 2.21473937e+03
5.64521455e-07 1.78452526e+03 2.20651976e+03
5.64952509e-07 1.80848888e+03 2.23726205e+03
5.65383564e-07 1.63052261e+03 2.16956437e+03
5.65814619e-07 1.75062130e+03 2.14789645e+03
5.66245674e-07 1.79477765e+03 2.20668005e+03
5.66676728e-07 1.73113958e+03 2.22513592e+03
5.67107783e-07 1.76071062e+03 2.26773366e+03
5.67538838e-07 1.95940470e+03 2.30613012e+03
5.67969892e-07 1.94882104e+03 2.30622632e+03
5.68400947e-07 1.67734906e+03 2.28541442e+03
5.68832002e-07 1.82597896e+03 2.27767939e+03
5.69263057e-07 1.75906919e+03 2.28234203e+03
5.69694111e-07 1.86786906e+03 2.33687410e+03
5.70125166e-07 1.79411395e+03 2.27475254e+03
5.70556221e-07 1.72459833e+03 2.23802699e+03
5.70987276e-07 1.73754524e+03 2.23662668e+03
5.71418330e-07 1.85441741e+03 2.27957922e+03
5.71849385e-07 1.68196008e+03 2.23610729e+03
5.72280440e-07 1.84202118e+03 2.32816276e+03
5.72711495e-07 1.86343923e+03 2.30720909e+03
5.73142549e-07 1.91729793e+03 2.34703085e+03
5.73573604e-07 1.86576099e+03 2.27729285e+03
5.74004659e-07 1.94431501e+03 2.31149379e+03
5.74435714e-07 1.95153170e+03 2.28470752e+03
5.74866768e-07 1.98071661e+03 2.30723569e+03
5.75297823e-07 2.20806662e+03 2.36799220e+03
5.75728878e-07 2.36514808e+03 2.44428461e+03
5.76159933e-07 1.81215781e+03 2.28571769e+03
5.76590987e-07 1.63391026e+03 2.26824621e+03
5.77022042e-07 1.83557052e+03 2.37549785e+03
5.77453097e-07 1.81411937e+03 2.30934085e+03
5.77884152e-07 1.75231856e+03 2.26746674e+03
5.78315206e-07 2.12273245e+03 2.35790753e+03
5.78746261e-07 1.84370694e+03 2.31751329e+03
5.79177316e-07 1.65042381e+03 2.26741117e+03
5.79608370e-07 1.79615408e+03 2.30785861e+03
5.80039425e-07 1.73186079e+03 2.33065934e+03
5.80470480e-07 2.08356601e+03 2.42145526e+03
5.80901535e-07 2.05613530e+03 2.45355896e+03
5.81332589e-07 1.97915124e+03 2.36474422e+03
5.81763644e-07 1.98663181e+03 2.39058792e+03
5.82194699e-07 1.97585717e+03 2.37927687e+03
5.82625754e-07 1.99481006e+03 2.39215841e+03
5.83056808e-07 1.95359798e+03 2.40302230e+03
5.83487863e-07 1.96254793e+03 2.43117218e+03
5.83918918e-07 2.06790078e+03 2.41172615e+03
5.84349973e-07 1.98965198e+03 2.44198962e+03
5.84781027e-07 2.23827438e+03 2.50471171e+03
5.85212082e-07 2.04299568e+03 2.45883979e+03
5.85643137e-07 2.18702776e+03 2.49603547e+03
5.86074192e-07 2.19615674e+03 2.54295594e+03
5.86505246e-07 1.84126228e+03 2.72826363e+03
5.86936301e-07 1.86977845e+03 2.82250013e+03
5.87367356e-07 2.06446338e+03 2.66603047e+03
5.87798411e-07 2.20658995e+03 2.58952790e+03
5.88229465e-07 1.57013981e+03 2.60226978e+03
5.88660520e-07 1.20994307e+03 3.79177300e+03
5.89091575e-07 1.03896705e+03 5.33618227e+03
5.89522630e-07 1.39639394e+03 5.05026163e+03
5.89953684e-07 1.96169779e+03 3.73262599e+03
5.90384739e-07 1.93470435e+03 2.78727368e+03
5.90815794e-07 1.51371764e+03 2.47973676e+03
5.91246848e-07 1.74473682e+03 2.62713406e+03
5.91677903e-07 1.54233876e+03 2.65856403e+03
5.92108958e-07 1.77647848e+03 2.58817082e+03
5.92540013e-07 1.85558845e+03 2.55354449e+03
5.92971067e-07 1.63311348e+03 2.63843321e+03
5.93402122e-07 1.59969652e+03 2.74355160e+03
5.93833177e-07 1.56648072e+03 2.56840442e+03
5.94264232e-07 1.34537553e+03 2.38586930e+03
5.94695286e-07 1.65235488e+03 2.47171524e+03
5.95126341e-07 1.68948879e+03 2.72539966e+03
5.95557396e-07 1.68162592e+03 2.74910717e+03
5.95988451e-07 1.83423649e+03 2.59479199e+03
5.96419505e-07 1.80248516e+03 2.41134922e+03
5.96850560e-07 1.66404737e+03 2.46145304e+03
5.97281615e-07 1.79145314e+03 2.57939366e+03
5.97712670e-07 2.06254629e+03 2.72820334e+03
5.98143724e-07 2.22062220e+03 2.70314782e+03
5.98574779e-07 1.76559308e+03 2.48780335e+03
5.99005834e-07 1.78122887e+03 2.46428443e+03
5.99436889e-07 1.88790848e+03 2.53472106e+03
5.99867943e-07 1.84386179e+03 2.55594167e+03
6.00298998e-07 2.07018783e+03 2.68111279e+03
6.00730053e-07 2.20902776e+03 2.62235103e+03
6.01161108e-07 2.21121971e+03 2.58214409e+03
6.01592162e-07 2.31941110e+03 2.54161506e+03
6.02023217e-07 1.81446663e+03 2.41908508e+03
6.02454272e-07 1.88815123e+03 2.43639876e+03
6.02885326e-07 2.21138603e+03 2.58242665e+03
6.03316381e-07 2.20742056e+03 2.62851673e+03
6.03747436e-07 1.99905050e+03 2.53600651e+03
6.04178491e-07 2.10617402e+03 2.47274018e+03
6.04609545e-07 2.20329134e+03 2.50456982e+03
6.05040600e-07 1.90851535e+03 2.40613973e+03
6.05471655e-07 1.87114358e+03 2.38614738e+03
6.05902710e-07 1.78250336e+03 2.43963145e+03
6.06333764e-07 1.90297354e+03 2.39655065e+03
6.06764819e-07 1.96516674e+03 2.48765457e+03
6.07195874e-07 2.07849563e+03 2.46567681e+03
6.07626929e-07 2.07652241e+03 2.51169419e+03
6.08057983e-07 2.18804682e+03 2.46891119e+03
6.08489038e-07 2.15480749e+03 2.42629661e+03
6.08920093e-07 1.84282853e+03 2.36792738e+03
6.09351148e-07 2.23845293e+03 2.47810413e+03
6.09782202e-07 2.52193089e+03 2.60123354e+03
6.10213257e-07 2.61100596e+03 2.66734787e+03
6.10644312e-07 2.78050491e+03 2.66252376e+03
6.11075367e-07 2.48259165e+03 2.60647600e+03
6.11506421e-07 2.05259201e+03 2.45282516e+03
6.11937476e-07 2.05233729e+03 2.40635807e+03
6.12368531e-07 1.96021765e+03 2.38730667e+03
6.12799586e-07 2.04763891e+03 2.42090767e+03
6.13230640e-07 2.23704296e+03 2.49661144e+03
6.13661695e-07 2.12402894e+03 2.57076933e+03
6.14092750e-07 2.54472674e+03 2.80906772e+03
6.14523804e-07 2.51458878e+03 2.74333047e+03
6.14954859e-07 2.24294232e+03 2.58170414e+03
6.15385914e-07 2.52999500e+03 2.62488511e+03
6.15816969e-07 2.21994916e+03 2.53859362e+03
6.16248023e-07 2.46949767e+03 2.57935654e+03
6.16679078e-07 2.31185480e+03 2.59068591e+03
6.17110133e-07 2.05083403e+03 2.73045429e+03
6.17541188e-07 2.29715448e+03 2.68830680e+03
6.17972242e-07 2.24849910e+03 2.59331884e+03
6.18403297e-07 2.27687080e+03 2.54910768e+03
6.18834352e-07 2.39007617e+03 2.56602890e+03
6.19265407e-07 2.46180815e+03 2.65903942e+03
6.19696461e-07 2.32167925e+03 2.56585858e+03
6.20127516e-07 1.83169069e+03 2.53181953e+03
6.20558571e-07 2.27150501e+03 2.63444699e+03
6.20989626e-07 1.92471047e+03 2.49689379e+03
6.21420680e-07 2.17251098e+03 2.50465184e+03
6.21851735e-07 2.28234062e+03 2.70443948e+03
6.22282790e-07 2.70959126e+03 2.81073390e+03
6.22713845e-07 2.31235170e+03 2.67667915e+03
6.23144899e-07 2.26061154e+03 2.91281057e+03
6.23575954e-07 2.27038112e+03 3.46071272e+03
6.24007009e-07 2.58019581e+03 3.45216806e+03
6.24438064e-07 2.06882726e+03 2.88098357e+03
6.24869118e-07 2.46277270e+03 2.76402843e+03
6.25300173e-07 2.24943128e+03 2.72551643e+03
6.25731228e-07 2.40605534e+03 3.30445054e+03
6.26162283e-07 2.46209120e+03 3.32157402e+03
6.26593337e-07 2.16792011e+03 2.96743643e+03
6.27024392e-07 1.79184230e+03 2.64151579e+03
6.27455447e-07 2.13243296e+03 2.63774160e+03
6.27886501e-07 1.58702851e+03 2.43943540e+03
6.28317556e-07 2.13415758e+03 2.76853392e+03
6.28748611e-07 2.03053044e+03 3.09439912e+03
6.29179666e-07 2.27616588e+03 3.25588267e+03
6.30041775e-07 2.21109129e+03 1.10719097e+04
6.30472830e-07 2.76012187e+03 8.04209871e+03
6.30903885e-07 2.65688815e+03 3.92773978e+03
6.31334939e-07 2.28123544e+03 2.74697120e+03
6.31765994e-07 2.29049806e+03 2.66123801e+03
6.32197049e-07 2.36842766e+03 2.80138816e+03
6.32628104e-07 2.14690640e+03 3.00810087e+03
6.33059158e-07 2.21206412e+03 3.18124791e+03
6.33490213e-07 2.21061721e+03 2.83661980e+03
6.33921268e-07 2.59548137e+03 2.67446681e+03
6.34352323e-07 2.27270758e+03 2.62368419e+03
6.34783377e-07 2.44942582e+03 2.71712843e+03
6.35214432e-07 2.34310278e+03 2.85672070e+03
6.35645487e-07 1.98973963e+03 3.12384914e+03
6.36076542e-07 1.84861724e+03 4.42680434e+03
6.36507596e-07 2.04695705e+03 5.21988503e+03
6.36938651e-07 2.32519592e+03 3.67850467e+03
6.37369706e-07 2.54832502e+03 2.69860565e+03
6.37800761e-07 2.84482919e+03 2.76027374e+03
6.38231815e-07 2.47716550e+03 2.80058039e+03
6.38662870e-07 2.51567949e+03 2.81925244e+03
6.39093925e-07 2.50737675e+03 2.73963605e+03
6.39524979e-07 2.32352869e+03 2.52674793e+03
6.39956034e-07 2.47962407e+03 2.56863309e+03
6.40387089e-07 2.24380218e+03 2.48162835e+03
6.40818144e-07 2.13399909e+03 2.47107508e+03
6.41249198e-07 2.52003635e+03 2.57716748e+03
6.41680253e-07 2.57751379e+03 2.63296737e+03
6.42111308e-07 2.58014996e+03 2.67661243e+03
6.42542363e-07 2.43725497e+03 2.52963352e+03
6.42973417e-07 2.40247085e+03 2.52576838e+03
6.43404472e-07 2.09425082e+03 2.48050027e+03
6.43835527e-07 2.30419643e+03 2.51964325e+03
6.44266582e-07 2.47542770e+03 2.51435322e+03
6.44697636e-07 2.18194339e+03 2.51862198e+03
6.45128691e-07 2.23992708e+03 2.55751554e+03
6.45559746e-07 2.41042306e+03 2.61170386e+03
6.45990801e-07 2.25575916e+03 2.74149624e+03
6.46421855e-07 2.17681320e+03 3.03115073e+03
6.49008184e-07 2.13161901e+03 2.12682883e+03
6.49439239e-07 2.38468106e+03 2.97564981e+03
6.49870293e-07 2.45017513e+03 3.52244703e+03
6.50301348e-07 2.44822496e+03 3.51324204e+03
6.50732403e-07 2.64660088e+03 3.02917953e+03
6.51163457e-07 2.54324523e+03 2.69924708e+03
6.51594512e-07 2.28025746e+03 2.60948653e+03
6.52025567e-07 2.37319090e+03 2.71509791e+03
6.52456622e-07 2.52420371e+03 2.84137060e+03
6.52887676e-07 2.62220466e+03 3.11660113e+03
6.53318731e-07 2.24914941e+03 3.36557644e+03
6.53749786e-07 2.52106015e+03 3.19766667e+03
6.54180841e-07 2.70457567e+03 2.97432022e+03
6.54611895e-07 2.32433101e+03 2.97852695e+03
6.55042950e-07 2.14883273e+03 3.15733455e+03
6.55474005e-07 2.20668046e+03 3.37030573e+03
6.55905060e-07 2.37951429e+03 3.00685128e+03
6.56336114e-07 2.62062617e+03 2.84860754e+03
6.56767169e-07 2.46632615e+03 2.80840001e+03
6.57198224e-07 2.62974274e+03 3.00718795e+03
6.57629279e-07 2.55803483e+03 3.26302429e+03
6.58060333e-07 2.60828432e+03 3.21495454e+03
6.58491388e-07 2.48296080e+03 2.78962129e+03
6.58922443e-07 2.36981061e+03 2.62508630e+03
6.59353498e-07 2.52029053e+03 2.72465069e+03
6.59784552e-07 2.50105481e+03 2.82902258e+03
6.60215607e-07 2.75954436e+03 3.02376152e+03
6.60646662e-07 2.48405574e+03 2.88930678e+03
6.61077717e-07 2.57645736e+03 2.64124760e+03
6.61508771e-07 2.64445324e+03 2.60925507e+03
6.61939826e-07 2.68142451e+03 2.67596618e+03
6.62370881e-07 2.68384435e+03 2.67698130e+03
6.62801935e-07 2.70723265e+03 2.76105421e+03
6.63232990e-07 2.70119632e+03 2.84757263e+03
6.63664045e-07 2.69629047e+03 2.78062626e+03
6.64095100e-07 2.77103427e+03 2.73917317e+03
6.64526154e-07 2.51875522e+03 2.61079596e+03
6.64957209e-07 2.35176669e+03 2.54137194e+03
6.65388264e-07 2.46482855e+03 2.56830223e+03
6.65819319e-07 2.95962545e+03 2.76071933e+03
6.66250373e-07 2.66329785e+03 2.67640809e+03
6.66681428e-07 2.49616292e+03 2.70715859e+03
6.67112483e-07 2.81183164e+03 2.72131356e+03
6.67543538e-07 3.02168354e+03 2.72439696e+03
6.67974592e-07 2.74211917e+03 2.67460197e+03
6.68405647e-07 2.54465258e+03 2.57659437e+03
6.68836702e-07 2.76848551e+03 2.63424543e+03
6.69267757e-07 2.57404937e+03 2.61172159e+03
6.69698811e-07 2.47670584e+03 2.61679553e+03
6.70129866e-07 2.74736657e+03 2.67107893e+03
6.70560921e-07 2.62190028e+03 2.63938041e+03
6.70991976e-07 2.32606656e+03 2.60749503e+03
6.71423030e-07 2.79617371e+03 2.72443175e+03
6.71854085e-07 2.46542660e+03 2.60317903e+03
6.72285140e-07 2.67127351e+03 2.61204981e+03
6.72716195e-07 2.32932869e+03 2.54355106e+03
6.73147249e-07 2.49752085e+03 2.59506854e+03
6.73578304e-07 2.54716456e+03 2.60550425e+03
6.74009359e-07 2.89824690e+03 2.72837159e+03
6.74440413e-07 2.49010761e+03 2.56020493e+03
6.74871468e-07 2.89754654e+03 2.62454621e+03
6.75302523e-07 2.68121894e+03 2.59386610e+03
6.75733578e-07 2.91870271e+03 2.62734348e+03
6.76164632e-07 2.72085728e+03 2.62917315e+03
6.76595687e-07 2.29081558e+03 2.42550620e+03
6.77026742e-07 2.37209218e+03 2.47594171e+03
6.77457797e-07 2.12094984e+03 2.43793465e+03
6.77888851e-07 2.55516644e+03 2.54767280e+03
6.78319906e-07 2.72137193e+03 2.60032068e+03
6.78750961e-07 2.36928367e+03 2.44871981e+03
6.79182016e-07 2.74296923e+03 2.59722052e+03
6.79613070e-07 2.48884968e+03 2.49804285e+03
6.80044125e-07 2.75856804e+03 2.64776140e+03
6.80475180e-07 2.47819617e+03 2.50465469e+03
6.80906235e-07 2.63942584e+03 2.55270801e+03
6.81337289e-07 2.69897584e+03 2.57948667e+03
6.81768344e-07 2.89762235e+03 2.61770107e+03
6.82199399e-07 2.32444325e+03 2.78046781e+03
6.82630454e-07 2.66292789e+03 3.86788425e+03
6.83061508e-07 2.52430890e+03 4.72744305e+03
6.83492563e-07 2.61369544e+03 4.44540573e+03
6.83923618e-07 2.39432543e+03 3.41604683e+03
6.84354673e-07 2.24168548e+03 2.86552480e+03
6.84785727e-07 2.66616418e+03 2.68335366e+03
6.85216782e-07 2.66523728e+03 2.68431210e+03
6.85647837e-07 1.92245624e+03 2.69804303e+03
6.86078891e-07 2.70574905e+03 4.27168508e+03
6.86509946e-07 2.75647170e+03 4.97457374e+03
6.86941001e-07 1.84604159e+03 3.12682163e+03
6.87372056e-07 2.11495153e+03 2.37911905e+03
6.87803110e-07 2.13622658e+03 2.45162887e+03
6.88234165e-07 2.49221435e+03 2.80253167e+03
6.88665220e-07 2.30380625e+03 2.90499943e+03
6.89096275e-07 2.40197663e+03 2.81886936e+03
6.89527329e-07 2.14135311e+03 2.61158826e+03
6.89958384e-07 2.31899569e+03 2.78710689e+03
6.90389439e-07 2.54707715e+03 2.81131199e+03
6.90820494e-07 2.05312118e+03 2.77618659e+03
6.91251548e-07 2.23868002e+03 3.08288319e+03
6.91682603e-07 2.00464425e+03 3.04226653e+03
6.92113658e-07 2.42925020e+03 3.48813611e+03
6.92544713e-07 2.63012029e+03 3.47640482e+03
6.92975767e-07 2.24547040e+03 2.73458703e+03
6.93406822e-07 2.48197052e+03 2.55302206e+03
6.93837877e-07 2.18017297e+03 2.85078647e+03
6.94268932e-07 2.36188308e+03 3.03775944e+03
6.94699986e-07 2.12332111e+03 3.39265683e+03
6.95131041e-07 2.39063284e+03 3.48355898e+03
6.95562096e-07 2.39171542e+03 2.76842255e+03
6.95993151e-07 2.44329311e+03 2.55900414e+03
6.96424205e-07 2.30124995e+03 2.68738910e+03
6.96855260e-07 2.61289098e+03 2.94644216e+03
6.97286315e-07 2.69170701e+03 3.16575062e+03
6.97717370e-07 2.81726529e+03 3.46112443e+03
6.98148424e-07 2.43397632e+03 3.19693003e+03
6.98579479e-07 2.46143688e+03 2.62166081e+03
6.99010534e-07 2.31528945e+03 2.44243347e+03
6.99441588e-07 2.23438339e+03 2.39717904e+03
6.99872643e-07 2.17392618e+03 2.50732150e+03
7.00303698e-07 2.23654881e+03 2.61950772e+03
7.00734753e-07 2.41805979e+03 2.71433265e+03
7.01165807e-07 2.43955315e+03 2.76187356e+03
7.01596862e-07 2.37042561e+03 2.51275426e+03
7.02027917e-07 2.55955019e+03 2.39575643e+03
7.02458972e-07 2.41525359e+03 2.34544198e+03
7.02890026e-07 2.32076375e+03 2.43502011e+03
7.03321081e-07 2.58817603e+03 2.48999821e+03
7.03752136e-07 2.77207509e+03 2.58048532e+03
7.04183191e-07 2.39990359e+03 2.61616873e+03
7.04614245e-07 2.38358821e+03 2.87215712e+03
7.05045300e-07 2.54170946e+03 2.88103492e+03
7.05476355e-07 2.60091480e+03 2.65951104e+03
7.05907410e-07 2.44269975e+03 2.57366202e+03
7.06338464e-07 2.39554582e+03 2.60238700e+03
7.06769519e-07 2.34233797e+03 2.61813924e+03
7.07200574e-07 2.29312607e+03 2.58276486e+03
7.07631629e-07 2.15166266e+03 2.53532280e+03
7.08062683e-07 2.35459873e+03 2.60392769e+03
7.08493738e-07 2.52745076e+03 2.70041427e+03
7.08924793e-07 2.39179083e+03 2.65307234e+03
7.09355848e-07 2.19989142e+03 2.51878609e+03
7.09786902e-07 2.29448209e+03 2.44469781e+03
7.10217957e-07 2.32881825e+03 2.47146875e+03
7.10649012e-07 2.34037279e+03 2.48205961e+03
7.11080066e-07 2.90088507e+03 2.57010454e+03
7.11511121e-07 2.25063380e+03 2.44301312e+03
7.11942176e-07 1.99754715e+03 2.33585272e+03
7.12373231e-07 2.56574834e+03 2.52733947e+03
7.12804285e-07 2.60152686e+03 2.54671301e+03
7.13235340e-07 2.36134117e+03 2.48303876e+03
7.13666395e-07 2.37775408e+03 2.50715955e+03
7.14097450e-07 2.44522716e+03 2.58100782e+03
7.14528504e-07 2.30683646e+03 2.61647226e+03
7.14959559e-07 2.46285454e+03 2.53334542e+03
7.15390614e-07 2.53684491e+03 2.49478612e+03
7.15821669e-07 2.09497927e+03 2.41358647e+03
7.16252723e-07 1.98650738e+03 2.30945966e+03
7.16683778e-07 2.18105545e+03 2.33078708e+03
7.17114833e-07 2.01522142e+03 2.13026099e+03
7.17545888e-07 1.74564813e+03 2.05811394e+03
7.17976942e-07 1.91955175e+03 2.04342513e+03
7.18407997e-07 1.80495950e+03 1.91757270e+03
7.18839052e-07 1.38221865e+03 1.75002670e+03
7.19270107e-07 1.67817305e+03 1.84399024e+03
7.19701161e-07 1.77266805e+03 1.82293080e+03
7.20132216e-07 1.73890954e+03 1.83044916e+03
7.20563271e-07 1.71194326e+03 1.83158230e+03
7.20994326e-07 1.77406751e+03 2.01942298e+03
7.21425380e-07 1.90532469e+03 2.12264732e+03
7.21856435e-07 2.07067725e+03 2.14852734e+03
7.22287490e-07 2.18440943e+03 2.22376123e+03
7.22718544e-07 1.63871583e+03 2.11602721e+03
7.23149599e-07 1.68747290e+03 2.39300345e+03
7.23580654e-07 1.32157010e+03 3.59483587e+03
7.24011709e-07 1.62490338e+03 5.46470035e+03
7.24442763e-07 1.51086782e+03 5.73447912e+03
7.24873818e-07 1.78276731e+03 4.05356650e+03
7.25304873e-07 1.43687431e+03 2.67452230e+03
7.25735928e-07 1.45618427e+03 2.20009208e+03
7.26166982e-07 1.71257908e+03 2.16898872e+03
7.26598037e-07 1.12466706e+03 2.26450224e+03
7.27029092e-07 1.43026192e+03 3.14772909e+03
7.27460147e-07 1.61106820e+03 4.72475041e+03
7.27891201e-07 1.89063079e+03 5.21680147e+03
7.28322256e-07 1.20816901e+03 4.00724791e+03
7.28753311e-07 1.69058599e+03 3.32804250e+03
7.29184366e-07 1.65438125e+03 2.60557374e+03
7.29615420e-07 1.82145624e+03 2.60055050e+03
7.30046475e-07 1.85251560e+03 2.80543514e+03
7.30477530e-07 1.60840115e+03 2.92546453e+03
7.30908585e-07 1.51989203e+03 3.13426671e+03
7.31339639e-07 1.69343017e+03 4.39046957e+03
7.31770694e-07 2.27659001e+03 5.10122541e+03
7.32201749e-07 1.45960258e+03 3.49685357e+03
7.32632804e-07 2.15969874e+03 3.24145540e+03
7.33063858e-07 1.76898559e+03 3.73724893e+03
7.33494913e-07 1.11378889e+03 3.81598717e+03
7.33925968e-07 2.62212273e+03 5.64025953e+03
7.34357022e-07 1.83386947e+03 5.34127220e+03
7.34788077e-07 1.09286057e+03 2.98801111e+03
7.35219132e-07 1.64488341e+03 2.73106037e+03
7.35650187e-07 1.89702854e+03 3.28411282e+03
7.36081241e-07 1.72647240e+03 3.59966586e+03
7.36512296e-07 1.39859713e+03 3.66262949e+03
7.36943351e-07 2.21389865e+03 4.50931399e+03
7.37374406e-07 2.02900931e+03 3.58918508e+03
7.37805460e-07 2.08724564e+03 2.48711142e+03
7.38236515e-07 2.25378665e+03 2.42313417e+03
7.38667570e-07 1.70961569e+03 2.58738020e+03
7.39098625e-07 1.68013168e+03 3.04695682e+03
7.39529679e-07 1.93457509e+03 3.44087544e+03
7.39960734e-07 1.90440158e+03 3.82599378e+03
7.40391789e-07 1.87598830e+03 3.76939078e+03
7.40822844e-07 1.73500271e+03 2.72911666e+03
7.41253898e-07 1.86605252e+03 2.33370833e+03
7.41684953e-07 1.74022180e+03 2.22822504e+03
7.42116008e-07 1.75682647e+03 2.29147471e+03
7.42547063e-07 2.04475313e+03 2.50986499e+03
7.42978117e-07 1.89315152e+03 2.82865237e+03
7.43409172e-07 2.30716797e+03 3.11087579e+03
7.43840227e-07 2.54658540e+03 3.37937660e+03
7.44271282e-07 2.28189389e+03 2.87209759e+03
7.44702336e-07 2.31293782e+03 2.42315939e+03
7.45133391e-07 2.27988408e+03 2.36532152e+03
7.45564446e-07 2.12270074e+03 2.38234366e+03
7.45995500e-07 2.32568208e+03 2.67859750e+03
7.46426555e-07 1.67046696e+03 2.94005173e+03
7.46857610e-07 2.07767812e+03 3.36229298e+03
7.47288665e-07 2.21199376e+03 3.70381738e+03
7.47719719e-07 1.65496664e+03 3.72159858e+03
7.48150774e-07 2.28914973e+03 3.90706638e+03
7.48581829e-07 2.40342677e+03 3.46780305e+03
7.49012884e-07 2.19456661e+03 2.87097961e+03
7.49443938e-07 2.17475652e+03 2.61171706e+03
7.49874993e-07 2.06693791e+03 2.42436234e+03
7.50306048e-07 1.99893182e+03 2.31812570e+03
7.50737103e-07 1.96362614e+03 2.37788077e+03
7.51168157e-07 1.90424555e+03 2.49799111e+03
7.51599212e-07 1.98349346e+03 3.13227509e+03
7.52030267e-07 2.50923221e+03 4.46807336e+03
7.52461322e-07 2.90273863e+03 5.45145143e+03
7.52892376e-07 2.12331485e+03 4.55464340e+03
7.53323431e-07 2.81154230e+03 3.40811384e+03
7.53754486e-07 5.25664406e+03 3.51791087e+03
7.54185541e-07 6.06920553e+03 3.68928877e+03
7.54616595e-07 3.82414663e+03 2.93992910e+03
7.55047650e-07 2.52917688e+03 2.62142009e+03
7.55478705e-07 2.37783117e+03 2.81361342e+03
7.55909760e-07 2.65048074e+03 3.12230505e+03
7.56340814e-07 3.40348137e+03 3.37064911e+03
7.56771869e-07 3.11273622e+03 3.81071356e+03
7.57202924e-07 2.34344502e+03 4.26698665e+03
7.57633978e-07 1.85615533e+03 3.47469073e+03
7.58065033e-07 2.23101628e+03 2.75665654e+03
7.58496088e-07 2.42004715e+03 2.86443839e+03
7.58927143e-07 1.96065137e+03 2.64573194e+03
7.59358197e-07 1.66266228e+03 2.16855449e+03
7.59789252e-07 1.06261976e+03 1.81850889e+03
7.60220307e-07 7.56006143e+02 1.52289868e+03
7.60651362e-07 7.71250714e+02 1.25897831e+03
7.61082416e-07 8.20035522e+02 1.45713325e+03
7.61513471e-07 1.15989808e+03 2.00226939e+03
7.61944526e-07 1.26691774e+03 2.32529200e+03
7.62375581e-07 9.93122491e+02 2.13731773e+03
7.62806635e-07 1.04638664e+03 2.08838454e+03
7.63237690e-07 1.06941778e+03 1.97290964e+03
7.63668745e-07 1.23616615e+03 1.71425834e+03
7.64099800e-07 1.08959686e+03 1.59677256e+03
7.64530854e-07 1.36348633e+03 1.78069527e+03
7.64961909e-07 1.41875816e+03 2.00583493e+03
7.65392964e-07 1.54573613e+03 2.23380532e+03
7.65824019e-07 1.78297879e+03 2.42364395e+03
7.66255073e-07 1.73811118e+03 2.57731235e+03
7.66686128e-07 1.72366001e+03 2.40492299e+03
7.67117183e-07 1.70114236e+03 2.15484709e+03
7.67548238e-07 1.97880125e+03 2.23169522e+03
7.67979292e-07 2.25622033e+03 2.38347046e+03
7.68410347e-07 2.43033015e+03 2.56046345e+03
7.68841402e-07 2.27058548e+03 2.62501536e+03
7.69272457e-07 1.83133638e+03 2.72080063e+03
7.69703511e-07 2.07279905e+03 2.90574689e+03
7.70134566e-07 1.80709922e+03 3.18127853e+03
7.70565621e-07 1.39567576e+03 3.77715794e+03
7.70996675e-07 1.95362940e+03 5.97358105e+03
7.71427730e-07 2.60217371e+03 8.49491782e+03
7.71858785e-07 2.25618988e+03 7.45780421e+03
7.72289840e-07 1.93285376e+03 4.82933159e+03
7.72720894e-07 2.07848545e+03 3.71390273e+03
7.73151949e-07 2.15491363e+03 3.15313788e+03
7.73583004e-07 2.43841548e+03 3.15265375e+03
7.74014059e-07 1.64778654e+03 3.41197432e+03
7.74445113e-07 1.32461502e+03 4.22418820e+03
7.74876168e-07 2.37544641e+03 6.78611290e+03
7.75307223e-07 1.70918903e+03 7.07673129e+03
7.75738278e-07 1.36017016e+03 4.93742774e+03
7.76169332e-07 1.33199367e+03 3.92577539e+03
7.76600387e-07 1.52128549e+03 3.31528533e+03
7.77031442e-07 2.06909340e+03 3.45916150e+03
7.77462497e-07 1.80420459e+03 3.84549838e+03
7.77893551e-07 1.39898446e+03 3.97205639e+03
7.78324606e-07 1.60423613e+03 3.88650057e+03
7.78755661e-07 1.70550356e+03 3.95780298e+03
7.79186716e-07 2.23650276e+03 5.30051553e+03
7.79617770e-07 1.71464341e+03 5.69042212e+03
7.80048825e-07 1.29321156e+03 3.88470600e+03
7.80479880e-07 1.60908671e+03 3.37234501e+03
7.80910935e-07 1.80104760e+03 4.25494097e+03
7.81341989e-07 1.48779880e+03 4.28519369e+03
7.81773044e-07 1.90954344e+03 5.09917882e+03
7.82204099e-07 2.28761248e+03 6.47157619e+03
7.82635153e-07 1.77241461e+03 4.76683285e+03
7.83066208e-07 1.39604087e+03 2.85416482e+03
7.83497263e-07 1.86274525e+03 2.96014663e+03
7.83928318e-07 2.02613472e+03 3.83452762e+03
7.84359372e-07 1.73844761e+03 4.56807769e+03
7.84790427e-07 1.40214864e+03 5.24279728e+03
7.85221482e-07 1.67028335e+03 7.14756333e+03
7.85652537e-07 1.42011432e+03 7.34920456e+03
7.86083591e-07 1.28128581e+03 5.82138551e+03
7.86514646e-07 1.28471869e+03 4.86285369e+03
7.86945701e-07 1.58401416e+03 5.31038341e+03
7.87376756e-07 1.85906945e+03 4.94217851e+03
7.87807810e-07 1.53061099e+03 4.30120938e+03
7.88238865e-07 1.70393645e+03 4.31534884e+03
7.88669920e-07 1.65567228e+03 4.37943781e+03
7.89100975e-07 1.57582629e+03 4.54339105e+03
7.89532029e-07 1.49624575e+03 3.72090465e+03
7.89963084e-07 1.49383499e+03 3.04082372e+03
7.90394139e-07 1.11348131e+03 3.42768581e+03
7.90825194e-07 1.34475738e+03 5.06091200e+03
7.91256248e-07 1.57335046e+03 8.13028321e+03
7.91687303e-07 1.98585777e+03 8.61885312e+03
7.92118358e-07 1.73447280e+03 6.12851425e+03
7.92549413e-07 1.63824616e+03 4.29115483e+03
7.92980467e-07 1.73985795e+03 3.90876184e+03
7.93411522e-07 1.89552358e+03 3.75804961e+03
7.93842577e-07 1.93746756e+03 2.97452053e+03
7.94273631e-07 1.66849420e+03 2.72818677e+03
7.94704686e-07 1.53582420e+03 3.50082142e+03
7.95135741e-07 1.64477356e+03 3.95722353e+03
7.95566796e-07 1.35627320e+03 3.48536009e+03
7.95997850e-07 9.00576518e+02 4.13744521e+03
7.96428905e-07 1.64589312e+03 6.39293951e+03
7.96859960e-07 1.97777302e+03 4.44180845e+03
7.97722069e-07 3.83075982e+02 2.57147359e-02
